func_func1, target_parameter
7.234688081128965318e+07,6.937160000000003627e-04
1.560083954710614383e+08,6.923140000000000804e-04
1.575521863601562738e+09,6.899580000000000643e-04
4.130470033866750336e+10,6.855720000000008283e-04
4.228187493574057519e+07,6.822180000000009278e-04
1.090907377058164219e+14,6.772850000000007770e-04
3.269271253900931168e+10,6.750330000000009890e-04
2.583110272226263809e+10,6.689060000000010119e-04
4.787234412966536713e+10,6.622390000000008808e-04
1.672978162821982117e+11,6.543690000000003480e-04
7.944454450564555009e+04,7.132910000000003371e-04
1.421393224519881187e+05,7.205540000000007451e-04
2.030655371530545652e+08,7.181120000000005676e-04
2.791145450640122872e+05,7.155180000000003820e-04
2.149528898326525930e+06,7.160190000000006810e-04
1.125378421229633968e+06,7.155830000000007549e-04
2.220636893097259570e+06,7.166689999999999649e-04
3.799966993833343033e+06,7.169910000000012402e-04
6.119601303075826727e+06,7.173900000000004752e-04
7.765399906759913079e+06,7.236000000000010002e-04
3.759424204218798783e+06,7.449820000000006949e-04
2.885874486942281947e+05,7.479020000000011345e-04
2.112227138202040270e+07,7.458270000000010976e-04
2.055101724153441610e+06,7.461430000000010858e-04
6.339242508675896376e+07,7.462830000000004712e-04
4.265380683675544336e+06,7.461100000000006746e-04
3.319849896379728243e+07,7.465770000000007635e-04
9.377200677241029916e+05,7.473830000000008774e-04
8.984684256918427944e+08,7.496000000000011985e-04
4.196221428330175579e+06,7.451070000000008199e-04
6.775400180998160504e+05,2.472620000000002628e-04
2.349366575702649061e+04,2.552120000000001579e-04
1.649400835195909895e+05,2.555810000000001132e-04
1.710685260524693294e+05,2.526770000000002508e-04
7.124183822074675700e+05,2.464020000000001118e-04
2.390877855133165140e+06,2.437630000000002748e-04
1.014583576953537704e+05,2.491240000000000902e-04
1.632496404187644832e+06,2.425190000000001492e-04
7.499521705081866821e+05,2.403400000000005890e-04
1.931746017462402117e+06,2.396350000000004932e-04
7.690779077974285033e-03,5.440330000000004069e-04
2.187685227478811806e-02,5.371349999999999996e-04
2.585937367495186670e-02,5.314250000000004083e-04
2.309425375487758059e-01,5.252250000000007997e-04
5.061432233461909957e-01,5.190330000000007750e-04
7.315489975236906250e-01,5.130280000000005504e-04
1.095008127786776031e+00,5.064790000000007593e-04
1.533376783582337755e+00,5.014420000000008142e-04
3.526768864374964618e+00,4.968569999999999627e-04
6.594537302290279790e+00,4.939540000000007666e-04
8.882443853589880689e+01,5.369760000000005319e-04
5.714084798183161240e+01,5.292480000000007170e-04
3.739287337524897481e+01,5.202220000000007394e-04
1.829737923306956020e+02,5.123330000000004495e-04
2.492553189527847053e+02,5.065290000000002455e-04
6.877506090811849617e+02,5.026530000000007997e-04
1.412508900041935703e+03,4.998170000000004901e-04
4.016448431053923287e+03,4.977130000000001050e-04
5.131945907540192820e+03,4.965790000000008982e-04
1.994219858925568042e+04,4.959590000000002434e-04
6.957019961081284485e-04,1.077220000000000335e-05
2.377021662252315531e-08,9.503240000000012032e-06
5.711709660386007524e-04,1.077900000000001996e-05
4.297431186754451307e-03,1.204810000000000752e-05
1.066513059908226133e-02,1.413260000000001102e-05
3.943141646594670001e-03,1.441970000000003407e-05
2.283017047162043053e-02,1.550030000000002505e-05
1.610739763298837599e-02,1.546190000000001539e-05
8.272209188018454784e-02,1.571100000000000594e-05
8.231545762038885994e-02,1.660770000000000364e-05
8.648877190900470038e-03,5.898520000000006267e-04
6.466640649338916899e-03,6.019010000000006057e-04
2.509223929311302920e-03,6.125310000000007936e-04
7.780818005270369320e-02,5.952070000000009168e-04
1.044713890294047577e-02,6.032790000000009438e-04
4.153578543241489424e-02,6.035440000000007795e-04
8.708683508728755351e-02,5.967010000000008045e-04
1.479601830075268076e-01,5.883450000000007511e-04
4.762323211742902074e-01,5.949990000000007859e-04
6.678867734796238402e-03,4.844100000000005476e-04
1.690532824822514046e-01,4.869540000000004880e-04
3.236492654682862624e-01,4.786190000000009278e-04
1.651501651464178100e-01,4.752690000000006024e-04
1.008213349821788185e+01,4.689790000000003899e-04
9.473231117107118460e-02,4.647700000000009593e-04
2.528541237203876690e+00,4.549090000000005195e-04
2.921975526280963464e+01,4.490730000000002996e-04
1.959784474654063580e+00,4.462890000000007003e-04
1.380998088335245022e+01,4.415940000000005022e-04
1.216235035669728909e-05,4.945230000000006183e-04
7.399608128773392858e-06,4.968660000000002129e-04
2.256298455960603373e-03,4.873420000000005799e-04
7.521105869852594619e-03,4.930660000000005542e-04
2.881209972090081851e-04,4.984140000000005172e-04
1.334984850233390851e-03,4.886200000000008072e-04
1.160389851453524912e-02,4.937240000000005062e-04
1.925094479702933042e-02,4.935550000000007726e-04
3.034823315179026038e-01,4.821680000000007544e-04
2.389714518472552598e+08,1.216719999999999559e-04
7.609832502363682985e+08,8.888590000000023939e-05
3.543269299083662415e+10,8.380320000000025501e-05
2.591640157365265198e+11,3.116670000000004161e-05
2.382244858404801941e+10,3.302849999999999726e-05
8.710443973629301453e+10,4.011660000000004210e-05
6.390733786721781158e+10,4.468719999999999458e-05
2.544909783812286377e+10,4.940020000000002213e-05
9.454477012060253906e+11,5.195830000000002056e-05
3.174611715078383636e+10,5.587910000000003899e-05
4.687887056579655543e+00,4.298340000000004657e-04
8.106796240078356419e+00,4.232460000000004942e-04
2.814896221793073749e+00,4.307530000000006783e-04
1.061175150517594545e+02,4.220430000000004178e-04
2.444471770630953777e+00,4.203720000000003994e-04
1.736712407113309453e+01,4.191850000000005207e-04
6.408177622676035412e+00,4.210710000000011054e-04
3.521437686149958779e+01,4.186920000000005104e-04
2.664044237107705015e+01,4.221540000000007561e-04
2.455614732079525879e+02,4.164440000000006769e-04
2.563638775693099573e+07,4.106930000000001690e-04
7.367531101122712716e+05,4.190200000000006333e-04
6.844709298957190514e+08,4.165830000000006429e-04
3.426693222313423641e+06,4.215630000000006664e-04
8.173722351368266391e+05,4.206050000000004360e-04
3.272000431050322019e+06,4.207730000000003707e-04
3.290526273188293353e+07,4.183580000000005098e-04
2.377790201300847158e+07,4.170590000000004398e-04
4.345352446844580583e+06,4.164960000000004115e-04
1.718602301205111668e+07,4.127240000000004889e-04
5.060251635769086676e+01,2.275790000000000245e-04
2.594549437292629364e+02,2.454000000000001644e-04
7.828640649462275292e+01,2.532730000000001482e-04
2.012873101901432449e+01,2.617140000000002932e-04
1.062841697892934860e+02,2.400649999999999995e-04
8.257344573904073570e+01,2.417790000000007221e-04
4.268558620527448255e+01,2.427629999999999524e-04
7.313456318922902710e+01,2.346730000000001027e-04
1.121948508615107443e+02,2.370110000000005400e-04
2.200165497396277487e+02,2.282450000000001838e-04
4.939374196168635451e-06,6.525630000000006434e-04
1.627008578355012336e+00,6.242730000000009261e-04
8.337422564804931824e+01,6.444710000000006267e-04
9.002431389565613529e+01,6.587350000000003532e-04
2.027659650539670366e+01,6.625030000000011344e-04
9.252827093183327634e+01,6.617200000000007321e-04
3.931244461333295859e-01,6.471290000000006273e-04
1.803018079132770346e+00,6.326890000000010570e-04
9.516744342037218019e+01,6.368490000000004208e-04
1.053302082837389833e+02,6.359230000000009111e-04
5.777856759443816514e+01,2.446539999999999110e-04
1.973931731742583509e+02,2.472860000000003155e-04
7.165042418138572202e+02,2.514560000000005415e-04
6.138185325533604697e+01,2.533980000000002732e-04
2.031117887885000357e+02,2.420640000000005745e-04
2.306470537290618381e+02,2.417120000000000195e-04
4.260836996216916305e+03,2.340319999999999304e-04
4.952542803198111443e+01,2.338880000000003194e-04
5.634195514229232593e+00,2.265310000000005184e-04
1.684815447361427232e+02,2.232250000000006419e-04
1.468532706187720693e-01,5.955970000000005522e-04
5.186923447462696984e-02,6.102020000000002269e-04
3.097636049139036382e-02,6.102030000000006763e-04
1.007852954368229290e-02,6.308369999999999776e-04
8.434634355218808821e+01,6.083750000000007338e-04
1.388277948134199580e+00,6.148560000000007552e-04
1.467506421980710911e+02,6.232540000000009279e-04
3.322676978662414626e+01,6.112120000000000834e-04
1.214580610184375473e+03,6.068960000000007569e-04
2.060102786194383917e+00,5.996610000000007898e-04
8.366061526190908537e-02,6.057560000000008051e-04
7.815702950969329876e+00,6.204050000000009557e-04
3.322580664990761790e+01,6.354440000000009586e-04
6.890579481599850169e+02,6.214490000000008054e-04
3.919991261306108299e+03,6.110160000000010088e-04
8.193757034349243895e+02,5.921460000000007507e-04
2.489456414762574177e+00,6.054770000000007490e-04
2.645178207137079962e-01,6.307400000000009440e-04
1.834086703486440317e+00,6.102330000000003897e-04
3.524370025095321379e-01,6.174530000000006628e-04
3.308553274712229264e-01,6.277440000000009341e-04
1.997025787956569820e+00,6.137940000000006221e-04
1.886227338678115317e-01,6.153120000000009962e-04
1.161097069447346364e+00,6.022400000000008476e-04
1.625227951780020275e-01,6.015400000000007763e-04
9.578729003074050452e-02,5.923580000000004024e-04
1.080777738350728080e-02,2.062510000000002044e-04
4.594824077702896374e-04,2.207710000000001670e-04
2.625415604758093730e-03,2.329960000000002066e-04
1.974558889410301440e-03,2.256919999999999662e-04
1.996246333644827596e-05,2.310030000000000243e-04
2.300925226424636348e-06,2.357390000000001633e-04
9.284392528653498400e-04,2.444230000000000686e-04
3.120383775620964520e-05,2.323510000000003780e-04
9.145777427488161842e-08,2.308290000000002120e-04
6.211734402463999597e-07,2.377020000000007406e-04
3.396924916946282387e+09,8.146180000000008935e-04
1.146352223352945900e+10,8.353660000000006887e-04
9.959877253782647848e+08,8.547180000000013803e-04
2.936770316503806591e+09,8.921670000000011093e-04
2.114139970689319134e+09,9.178580000000006707e-04
6.541085501573563367e+07,9.325490000000015911e-04
1.038869553255228139e+07,9.429800000000013562e-04
1.006578684496167142e+02,9.500250000000007170e-04
4.175189619772442029e+02,9.530400000000015682e-04
5.379637714346184657e+04,9.553530000000013409e-04
4.815052199099706486e+06,9.232080000000012074e-04
2.269174972511081491e+06,9.335600000000002707e-04
8.197255323613780551e+06,9.416380000000010428e-04
6.023041717370743863e+06,9.482540000000000456e-04
2.976861405436876230e+06,9.547420000000012615e-04
4.883673163410264999e+06,9.589200000000005835e-04
4.055027716979105491e+06,9.623010000000008007e-04
3.831732032931153663e+06,9.655300000000014435e-04
6.953907485946323723e+06,9.679440000000012886e-04
2.258626842892904766e+06,9.702600000000014338e-04
2.193677196941401809e+07,9.565810000000006183e-04
1.228048432503505237e+07,9.637160000000008541e-04
4.615869244467749155e+00,9.684000000000013127e-04
2.984490289820593389e+01,9.702670000000016524e-04
1.373968819482831805e+02,9.715900000000013415e-04
1.393350852186284227e-03,9.727680000000013495e-04
1.324446895436499119e+08,9.733530000000014532e-04
2.049998709215024412e+08,9.765260000000015395e-04
4.152761577142476290e+07,9.802580000000009949e-04
9.443641595845556259e+07,9.831860000000009099e-04
5.880793756263766065e-04,6.872870000000009432e-04
5.674331297184290185e-05,6.796780000000002915e-04
2.761622817314410630e-03,6.639250000000006475e-04
2.392141050687635051e-03,6.678220000000008576e-04
4.431944658041144305e-03,6.643060000000007917e-04
2.306269186694375094e+04,6.900190000000006995e-04
4.751432782307745656e+05,6.889030000000011256e-04
6.225976944606494362e+04,6.885010000000009759e-04
3.540204769644102780e+05,6.860380000000010099e-04
3.177579348454634892e+05,6.817850000000007238e-04
3.180610473040634533e+05,6.746800000000007435e-04
1.612051550109244324e+07,6.704890000000007831e-04
4.090580400816087145e+06,6.625090000000009036e-04
5.655221654696138576e+06,6.578270000000003680e-04
4.374470359267338179e+06,6.484450000000008566e-04
3.701340739188376855e-06,6.974770000000006000e-04
2.670265313384284633e-02,6.840710000000011556e-04
2.771078931577389861e-05,6.901520000000001915e-04
1.090380561715023574e-05,6.938340000000005944e-04
2.953545575156500246e-03,6.812620000000002953e-04
1.060236813448664538e-03,6.852260000000000425e-04
7.587990323591438987e-04,6.878250000000010658e-04
4.099229224761534451e-02,6.756740000000012155e-04
3.495753605581536187e-04,6.790950000000006530e-04
1.233007386978107051e-03,6.697470000000009180e-04
