# [Parameters]
# Name = 'firc'
# ShotNo = 163385
# Date = '11/20/2020 20:20'
# 
# DimNo = 1
# DimName = 'Time'
# DimSize = 1311
# DimUnit = 's'
# 
# ValNo = 2
# ValName = 'nL(3669)', 'nL(3759)'
# ValUnit = 'e19m-2', 'e19m-2'
# [Comments]
#  
# [data]
  1.00000E-001, -4.2113E-003, -4.1913E-003
  1.10000E-001, -4.2113E-003, -4.1913E-003
  1.20000E-001, -4.2113E-003, -4.1913E-003
  1.30000E-001,  4.8649E-003,  4.9202E-003
  1.40000E-001,  4.8649E-003,  4.9202E-003
  1.50000E-001,  4.8649E-003,  4.9202E-003
  1.60000E-001,  4.8649E-003,  4.9202E-003
  1.70000E-001,  4.8649E-003,  4.9202E-003
  1.80000E-001,  4.8649E-003,  4.9202E-003
  1.90000E-001, -4.2113E-003,  4.9202E-003
  2.00000E-001, -1.3287E-002, -4.1913E-003
  2.10000E-001, -4.2113E-003, -4.1913E-003
  2.20000E-001, -4.2113E-003, -4.1913E-003
  2.30000E-001,  4.8649E-003, -4.1913E-003
  2.40000E-001,  4.8649E-003, -4.1913E-003
  2.50000E-001,  4.8649E-003,  4.9202E-003
  2.60000E-001, -1.3287E-002, -4.1913E-003
  2.70000E-001,  4.8649E-003,  4.9202E-003
  2.80000E-001,  4.8649E-003,  1.4033E-002
  2.90000E-001,  4.8649E-003, -4.1913E-003
  3.00000E-001,  4.8649E-003,  4.9202E-003
  3.10000E-001,  4.8649E-003,  4.9202E-003
  3.20000E-001, -4.2113E-003,  4.9202E-003
  3.30000E-001, -4.2113E-003,  4.9202E-003
  3.40000E-001, -4.2113E-003, -4.1913E-003
  3.50000E-001, -4.2113E-003, -4.1913E-003
  3.60000E-001,  4.8649E-003,  4.9202E-003
  3.70000E-001,  4.8649E-003,  4.9202E-003
  3.80000E-001,  4.8649E-003,  4.9202E-003
  3.90000E-001,  4.8649E-003,  4.9202E-003
  4.00000E-001,  4.8649E-003,  4.9202E-003
  4.10000E-001,  4.8649E-003,  1.4033E-002
  4.20000E-001,  4.8649E-003,  4.9202E-003
  4.30000E-001,  4.8649E-003, -4.1913E-003
  4.40000E-001, -4.2113E-003, -1.3304E-002
  4.50000E-001, -4.2113E-003, -4.1913E-003
  4.60000E-001, -4.2113E-003,  4.9202E-003
  4.70000E-001,  4.8649E-003,  4.9202E-003
  4.80000E-001,  4.8649E-003, -4.1913E-003
  4.90000E-001,  4.8649E-003,  4.9202E-003
  5.00000E-001,  4.8649E-003,  4.9202E-003
  5.10000E-001,  4.8649E-003,  4.9202E-003
  5.20000E-001,  4.8649E-003,  4.9202E-003
  5.30000E-001,  4.8649E-003,  4.9202E-003
  5.40000E-001, -1.3287E-002, -4.1913E-003
  5.50000E-001, -1.3287E-002, -4.1913E-003
  5.60000E-001, -1.3287E-002, -4.1913E-003
  5.70000E-001,  4.8649E-003, -4.1913E-003
  5.80000E-001,  4.8649E-003,  4.9202E-003
  5.90000E-001, -4.2113E-003,  4.9202E-003
  6.00000E-001,  4.8649E-003,  4.9202E-003
  6.10000E-001,  4.8649E-003,  4.9202E-003
  6.20000E-001,  1.3940E-002,  1.4033E-002
  6.30000E-001,  1.3940E-002,  4.9202E-003
  6.40000E-001,  4.8649E-003, -4.1913E-003
  6.50000E-001, -4.2113E-003, -4.1913E-003
  6.60000E-001, -4.2113E-003, -4.1913E-003
  6.70000E-001, -4.2113E-003,  4.9202E-003
  6.80000E-001,  4.8649E-003, -4.1913E-003
  6.90000E-001,  4.8649E-003, -4.1913E-003
  7.00000E-001, -4.2113E-003,  4.9202E-003
  7.10000E-001,  4.8649E-003,  4.9202E-003
  7.20000E-001,  4.8649E-003,  4.9202E-003
  7.30000E-001,  4.8649E-003,  4.9202E-003
  7.40000E-001,  4.8649E-003,  4.9202E-003
  7.50000E-001,  4.8649E-003,  4.9202E-003
  7.60000E-001,  4.8649E-003,  4.9202E-003
  7.70000E-001,  4.8649E-003,  4.9202E-003
  7.80000E-001,  4.8649E-003,  4.9202E-003
  7.90000E-001, -4.2113E-003, -4.1913E-003
  8.00000E-001, -4.2113E-003, -4.1913E-003
  8.10000E-001, -4.2113E-003, -4.1913E-003
  8.20000E-001,  4.8649E-003,  4.9202E-003
  8.30000E-001,  4.8649E-003,  4.9202E-003
  8.40000E-001,  4.8649E-003,  4.9202E-003
  8.50000E-001, -4.2113E-003,  4.9202E-003
  8.60000E-001, -4.2113E-003, -4.1913E-003
  8.70000E-001,  4.8649E-003,  4.9202E-003
  8.80000E-001, -4.2113E-003,  4.9202E-003
  8.90000E-001,  4.8649E-003,  4.9202E-003
  9.00000E-001, -4.2113E-003, -1.3304E-002
  9.10000E-001, -4.2113E-003, -4.1913E-003
  9.20000E-001, -4.2113E-003, -4.1913E-003
  9.30000E-001, -4.2113E-003,  4.9202E-003
  9.40000E-001, -4.2113E-003,  4.9202E-003
  9.50000E-001,  4.8649E-003,  1.4033E-002
  9.60000E-001,  4.8649E-003,  1.4033E-002
  9.70000E-001,  1.3940E-002,  1.4033E-002
  9.80000E-001,  4.8649E-003,  4.9202E-003
  9.90000E-001,  4.8649E-003,  4.9202E-003
  1.00000E+000, -4.2113E-003,  4.9202E-003
  1.01000E+000, -4.2113E-003,  4.9202E-003
  1.02000E+000, -4.2113E-003,  4.9202E-003
  1.03000E+000,  4.8649E-003,  4.9202E-003
  1.04000E+000, -4.2113E-003, -4.1913E-003
  1.05000E+000,  4.8649E-003,  4.9202E-003
  1.06000E+000,  4.8649E-003,  4.9202E-003
  1.07000E+000,  4.8649E-003,  1.4033E-002
  1.08000E+000,  4.8649E-003,  4.9202E-003
  1.09000E+000, -4.2113E-003,  4.9202E-003
  1.10000E+000, -4.2113E-003,  4.9202E-003
  1.11000E+000,  4.8649E-003, -4.1913E-003
  1.12000E+000, -4.2113E-003,  4.9202E-003
  1.13000E+000, -4.2113E-003, -4.1913E-003
  1.14000E+000, -4.2113E-003, -4.1913E-003
  1.15000E+000, -1.3287E-002, -4.1913E-003
  1.16000E+000, -4.2113E-003, -4.1913E-003
  1.17000E+000,  1.3940E-002,  4.9202E-003
  1.18000E+000,  4.8649E-003,  4.9202E-003
  1.19000E+000,  1.3940E-002,  4.9202E-003
  1.20000E+000,  4.8649E-003,  4.9202E-003
  1.21000E+000, -4.2113E-003,  4.9202E-003
  1.22000E+000,  4.8649E-003,  4.9202E-003
  1.23000E+000,  4.8649E-003,  4.9202E-003
  1.24000E+000,  4.8649E-003,  4.9202E-003
  1.25000E+000, -4.2113E-003, -4.1913E-003
  1.26000E+000, -4.2113E-003, -4.1913E-003
  1.27000E+000, -1.3287E-002, -4.1913E-003
  1.28000E+000, -4.2113E-003,  4.9202E-003
  1.29000E+000,  4.8649E-003,  4.9202E-003
  1.30000E+000,  4.8649E-003,  4.9202E-003
  1.31000E+000,  4.8649E-003,  4.9202E-003
  1.32000E+000,  4.8649E-003,  1.4033E-002
  1.33000E+000,  4.8649E-003,  4.9202E-003
  1.34000E+000,  4.8649E-003,  4.9202E-003
  1.35000E+000, -4.2113E-003, -4.1913E-003
  1.36000E+000, -4.2113E-003, -1.3304E-002
  1.37000E+000, -4.2113E-003, -4.1913E-003
  1.38000E+000, -4.2113E-003, -4.1913E-003
  1.39000E+000, -4.2113E-003,  4.9202E-003
  1.40000E+000,  4.8649E-003,  4.9202E-003
  1.41000E+000, -4.2113E-003,  1.4033E-002
  1.42000E+000,  4.8649E-003,  4.9202E-003
  1.43000E+000,  4.8649E-003,  1.4033E-002
  1.44000E+000,  4.8649E-003,  4.9202E-003
  1.45000E+000, -4.2113E-003,  4.9202E-003
  1.46000E+000, -4.2113E-003,  4.9202E-003
  1.47000E+000, -4.2113E-003, -4.1913E-003
  1.48000E+000, -4.2113E-003,  4.9202E-003
  1.49000E+000, -4.2113E-003,  1.4033E-002
  1.50000E+000,  4.8649E-003,  4.9202E-003
  1.51000E+000,  4.8649E-003,  4.9202E-003
  1.52000E+000,  4.8649E-003,  1.4033E-002
  1.53000E+000,  4.8649E-003,  1.4033E-002
  1.54000E+000,  1.3940E-002,  1.4033E-002
  1.55000E+000,  4.8649E-003,  1.4033E-002
  1.56000E+000, -4.2113E-003,  4.9202E-003
  1.57000E+000, -4.2113E-003,  4.9202E-003
  1.58000E+000, -4.2113E-003,  4.9202E-003
  1.59000E+000, -4.2113E-003, -4.1913E-003
  1.60000E+000, -4.2113E-003, -4.1913E-003
  1.61000E+000, -4.2113E-003, -4.1913E-003
  1.62000E+000, -4.2113E-003,  4.9202E-003
  1.63000E+000, -4.2113E-003, -4.1913E-003
  1.64000E+000,  1.3940E-002,  4.9202E-003
  1.65000E+000,  4.8649E-003,  4.9202E-003
  1.66000E+000,  4.8649E-003,  1.4033E-002
  1.67000E+000,  4.8649E-003,  4.9202E-003
  1.68000E+000,  4.8649E-003,  4.9202E-003
  1.69000E+000, -4.2113E-003, -4.1913E-003
  1.70000E+000, -4.2113E-003,  4.9202E-003
  1.71000E+000, -1.3287E-002, -4.1913E-003
  1.72000E+000, -4.2113E-003,  4.9202E-003
  1.73000E+000, -4.2113E-003,  4.9202E-003
  1.74000E+000,  4.8649E-003,  4.9202E-003
  1.75000E+000,  1.3940E-002,  1.4033E-002
  1.76000E+000,  1.3940E-002,  4.9202E-003
  1.77000E+000,  1.3940E-002,  1.4033E-002
  1.78000E+000,  1.3940E-002,  4.9202E-003
  1.79000E+000, -4.2113E-003,  4.9202E-003
  1.80000E+000,  4.8649E-003,  4.9202E-003
  1.81000E+000, -4.2113E-003, -4.1913E-003
  1.82000E+000, -4.2113E-003,  4.9202E-003
  1.83000E+000, -4.2113E-003,  4.9202E-003
  1.84000E+000, -4.2113E-003,  4.9202E-003
  1.85000E+000,  4.8649E-003,  4.9202E-003
  1.86000E+000,  4.8649E-003,  4.9202E-003
  1.87000E+000,  4.8649E-003,  1.4033E-002
  1.88000E+000,  4.8649E-003,  4.9202E-003
  1.89000E+000, -4.2113E-003,  4.9202E-003
  1.90000E+000, -4.2113E-003,  4.9202E-003
  1.91000E+000,  4.8649E-003,  4.9202E-003
  1.92000E+000,  4.8649E-003, -4.1913E-003
  1.93000E+000,  4.8649E-003, -4.1913E-003
  1.94000E+000, -4.2113E-003, -4.1913E-003
  1.95000E+000, -4.2113E-003,  4.9202E-003
  1.96000E+000, -4.2113E-003, -4.1913E-003
  1.97000E+000,  4.8649E-003,  4.9202E-003
  1.98000E+000,  4.8649E-003,  4.9202E-003
  1.99000E+000,  1.3940E-002,  4.9202E-003
  2.00000E+000,  1.3940E-002,  1.4033E-002
  2.01000E+000,  4.8649E-003,  4.9202E-003
  2.02000E+000,  4.8649E-003,  4.9202E-003
  2.03000E+000,  4.8649E-003,  4.9202E-003
  2.04000E+000, -4.2113E-003,  4.9202E-003
  2.05000E+000, -4.2113E-003, -4.1913E-003
  2.06000E+000, -4.2113E-003, -4.1913E-003
  2.07000E+000,  4.8649E-003,  4.9202E-003
  2.08000E+000,  4.8649E-003,  4.9202E-003
  2.09000E+000, -4.2113E-003,  4.9202E-003
  2.10000E+000,  4.8649E-003,  4.9202E-003
  2.11000E+000, -4.2113E-003,  4.9202E-003
  2.12000E+000,  1.3940E-002,  1.4033E-002
  2.13000E+000,  1.3940E-002,  4.9202E-003
  2.14000E+000,  4.8649E-003,  4.9202E-003
  2.15000E+000, -4.2113E-003, -1.3304E-002
  2.16000E+000, -1.3287E-002, -4.1913E-003
  2.17000E+000, -1.3287E-002, -4.1913E-003
  2.18000E+000,  4.8649E-003, -4.1913E-003
  2.19000E+000, -4.2113E-003, -4.1913E-003
  2.20000E+000,  4.8649E-003,  1.4033E-002
  2.21000E+000,  4.8649E-003,  4.9202E-003
  2.22000E+000,  4.8649E-003,  1.4033E-002
  2.23000E+000,  4.8649E-003,  4.9202E-003
  2.24000E+000,  4.8649E-003,  4.9202E-003
  2.25000E+000,  4.8649E-003,  4.9202E-003
  2.26000E+000,  4.8649E-003, -4.1913E-003
  2.27000E+000, -4.2113E-003, -4.1913E-003
  2.28000E+000,  4.8649E-003,  4.9202E-003
  2.29000E+000, -4.2113E-003, -4.1913E-003
  2.30000E+000, -4.2113E-003,  4.9202E-003
  2.31000E+000,  4.8649E-003,  4.9202E-003
  2.32000E+000,  4.8649E-003,  4.9202E-003
  2.33000E+000,  4.8649E-003,  1.4033E-002
  2.34000E+000,  1.3940E-002,  4.9202E-003
  2.35000E+000,  1.3940E-002,  4.9202E-003
  2.36000E+000,  4.8649E-003,  4.9202E-003
  2.37000E+000, -4.2113E-003,  4.9202E-003
  2.38000E+000, -4.2113E-003, -4.1913E-003
  2.39000E+000, -4.2113E-003, -4.1913E-003
  2.40000E+000,  4.8649E-003, -4.1913E-003
  2.41000E+000, -4.2113E-003, -4.1913E-003
  2.42000E+000,  4.8649E-003, -4.1913E-003
  2.43000E+000, -4.2113E-003, -4.1913E-003
  2.44000E+000,  4.8649E-003,  4.9202E-003
  2.45000E+000,  4.8649E-003,  1.4033E-002
  2.46000E+000,  1.3940E-002,  4.9202E-003
  2.47000E+000,  1.3940E-002,  4.9202E-003
  2.48000E+000,  4.8649E-003,  4.9202E-003
  2.49000E+000, -4.2113E-003, -4.1913E-003
  2.50000E+000,  4.8649E-003, -4.1913E-003
  2.51000E+000, -1.3287E-002, -4.1913E-003
  2.52000E+000,  4.8649E-003,  4.9202E-003
  2.53000E+000,  4.8649E-003,  4.9202E-003
  2.54000E+000,  4.8649E-003,  4.9202E-003
  2.55000E+000,  4.8649E-003,  4.9202E-003
  2.56000E+000,  4.8649E-003,  4.9202E-003
  2.57000E+000,  4.8649E-003,  4.9202E-003
  2.58000E+000,  4.8649E-003,  4.9202E-003
  2.59000E+000,  4.8649E-003,  4.9202E-003
  2.60000E+000,  4.8649E-003,  4.9202E-003
  2.61000E+000,  4.8649E-003, -4.1913E-003
  2.62000E+000,  4.8649E-003,  4.9202E-003
  2.63000E+000, -4.2113E-003, -4.1913E-003
  2.64000E+000, -4.2113E-003, -4.1913E-003
  2.65000E+000, -4.2113E-003,  4.9202E-003
  2.66000E+000,  4.8649E-003,  4.9202E-003
  2.67000E+000,  4.8649E-003,  1.4033E-002
  2.68000E+000,  1.3940E-002,  4.9202E-003
  2.69000E+000,  1.3940E-002,  4.9202E-003
  2.70000E+000,  4.8649E-003,  4.9202E-003
  2.71000E+000, -4.2113E-003, -4.1913E-003
  2.72000E+000, -4.2113E-003, -4.1913E-003
  2.73000E+000, -4.2113E-003, -4.1913E-003
  2.74000E+000,  4.8649E-003, -4.1913E-003
  2.75000E+000, -4.2113E-003, -4.1913E-003
  2.76000E+000, -4.2113E-003, -4.1913E-003
  2.77000E+000,  4.8649E-003,  4.9202E-003
  2.78000E+000,  4.8649E-003,  4.9202E-003
  2.79000E+000,  4.8649E-003,  1.4033E-002
  2.80000E+000,  4.8649E-003,  4.9202E-003
  2.81000E+000,  4.8649E-003,  4.9202E-003
  2.82000E+000,  4.8649E-003,  4.9202E-003
  2.83000E+000,  4.8649E-003,  4.9202E-003
  2.84000E+000, -4.2113E-003, -4.1913E-003
  2.85000E+000, -4.2113E-003, -4.1913E-003
  2.86000E+000,  4.8649E-003, -4.1913E-003
  2.87000E+000, -4.2113E-003,  4.9202E-003
  2.88000E+000,  4.8649E-003,  4.9202E-003
  2.89000E+000,  1.3940E-002,  4.9202E-003
  2.90000E+000,  4.8649E-003,  4.9202E-003
  2.91000E+000,  4.8649E-003,  4.9202E-003
  2.92000E+000,  4.8649E-003,  4.9202E-003
  2.93000E+000,  4.8649E-003,  4.9202E-003
  2.94000E+000,  4.8649E-003, -4.1913E-003
  2.95000E+000, -4.2113E-003, -4.1913E-003
  2.96000E+000,  4.8649E-003, -4.1913E-003
  2.97000E+000,  4.8649E-003,  4.9202E-003
  2.98000E+000,  4.8649E-003,  4.9202E-003
  2.99000E+000, -4.2113E-003, -4.1913E-003
  3.00000E+000,  4.8649E-003,  4.9202E-003
  3.01000E+000,  4.8649E-003,  4.9202E-003
  3.02000E+000,  1.3940E-002,  4.9202E-003
  3.03000E+000,  1.3940E-002,  4.9202E-003
  3.04000E+000,  1.3940E-002,  4.9202E-003
  3.05000E+000, -4.2113E-003,  4.9202E-003
  3.06000E+000, -4.2113E-003, -4.1913E-003
  3.07000E+000,  4.8649E-003, -4.1913E-003
  3.08000E+000,  4.8649E-003, -4.1913E-003
  3.09000E+000, -4.2113E-003, -1.3304E-002
  3.10000E+000,  4.8649E-003, -4.1913E-003
  3.11000E+000,  4.8649E-003, -4.1913E-003
  3.12000E+000, -4.2113E-003,  4.9202E-003
  3.13000E+000,  1.3940E-002, -4.1913E-003
  3.14000E+000,  1.3940E-002,  4.9202E-003
  3.15000E+000,  4.8649E-003,  4.9202E-003
  3.16000E+000,  1.3940E-002,  4.9202E-003
  3.17000E+000,  4.8649E-003, -4.1913E-003
  3.18000E+000,  4.8649E-003, -4.1913E-003
  3.19000E+000, -4.2113E-003, -4.1913E-003
  3.20000E+000,  4.8649E-003,  4.9202E-003
  3.21000E+000,  4.8649E-003,  4.9202E-003
  3.22000E+000,  1.3940E-002,  4.9202E-003
  3.23000E+000,  1.3940E-002,  4.9202E-003
  3.24000E+000,  4.8649E-003,  4.9202E-003
  3.25000E+000,  4.8649E-003,  4.9202E-003
  3.26000E+000, -4.2113E-003,  4.9202E-003
  3.27000E+000,  4.8649E-003,  4.9202E-003
  3.28000E+000,  4.8649E-003,  4.9202E-003
  3.29000E+000, -4.2113E-003,  4.9202E-003
  3.30000E+000,  4.8649E-003,  4.9202E-003
  3.31000E+000,  3.6789E-001,  3.6028E-001
  3.32000E+000,  4.8588E-001,  5.0607E-001
  3.33000E+000,  6.2201E-001,  6.2452E-001
  3.34000E+000,  7.3092E-001,  7.3387E-001
  3.35000E+000,  8.3983E-001,  8.3410E-001
  3.36000E+000,  9.2151E-001,  9.1610E-001
  3.37000E+000,  1.0123E+000,  1.0163E+000
  3.38000E+000,  1.0939E+000,  1.0983E+000
  3.39000E+000,  1.1756E+000,  1.1803E+000
  3.40000E+000,  1.2573E+000,  1.2624E+000
  3.41000E+000,  1.3390E+000,  1.3352E+000
  3.42000E+000,  1.4025E+000,  1.4081E+000
  3.43000E+000,  1.4842E+000,  1.4901E+000
  3.44000E+000,  1.5659E+000,  1.5630E+000
  3.45000E+000,  1.6476E+000,  1.6359E+000
  3.46000E+000,  1.7111E+000,  1.7088E+000
  3.47000E+000,  1.7928E+000,  1.7817E+000
  3.48000E+000,  1.8563E+000,  1.8546E+000
  3.49000E+000,  1.9198E+000,  1.9002E+000
  3.50000E+000,  1.9743E+000,  1.9549E+000
  3.51000E+000,  2.0560E+000,  2.0369E+000
  3.52000E+000,  2.1830E+000,  2.1735E+000
  3.53000E+000,  2.3282E+000,  2.3740E+000
  3.54000E+000,  2.4553E+000,  2.5562E+000
  3.55000E+000,  2.5461E+000,  2.6656E+000
  3.56000E+000,  2.6550E+000,  2.7749E+000
  3.57000E+000,  2.7548E+000,  2.8934E+000
  3.58000E+000,  2.8819E+000,  3.0027E+000
  3.59000E+000,  2.9635E+000,  3.1212E+000
  3.60000E+000,  3.0452E+000,  3.2123E+000
  3.61000E+000,  3.1541E+000,  3.2943E+000
  3.62000E+000,  3.2358E+000,  3.3763E+000
  3.63000E+000,  3.3084E+000,  3.4765E+000
  3.64000E+000,  3.3901E+000,  3.5312E+000
  3.65000E+000,  3.4627E+000,  3.5859E+000
  3.66000E+000,  3.5444E+000,  3.6588E+000
  3.67000E+000,  3.6079E+000,  3.7499E+000
  3.68000E+000,  3.6805E+000,  3.8046E+000
  3.69000E+000,  3.7168E+000,  3.8592E+000
  3.70000E+000,  3.7531E+000,  3.8683E+000
  3.71000E+000,  3.7622E+000,  3.8683E+000
  3.72000E+000,  3.8076E+000,  3.9048E+000
  3.73000E+000,  3.7985E+000,  3.9230E+000
  3.74000E+000,  3.8257E+000,  3.9139E+000
  3.75000E+000,  3.8439E+000,  3.9412E+000
  3.76000E+000,  3.8439E+000,  3.9412E+000
  3.77000E+000,  3.8711E+000,  3.9503E+000
  3.78000E+000,  3.8711E+000,  3.9686E+000
  3.79000E+000,  3.8893E+000,  3.9595E+000
  3.80000E+000,  3.8983E+000,  3.9777E+000
  3.81000E+000,  3.9074E+000,  3.9959E+000
  3.82000E+000,  3.9165E+000,  4.0141E+000
  3.83000E+000,  3.9256E+000,  4.0141E+000
  3.84000E+000,  3.9346E+000,  4.0415E+000
  3.85000E+000,  3.9437E+000,  4.0415E+000
  3.86000E+000,  3.9437E+000,  4.0415E+000
  3.87000E+000,  3.9528E+000,  4.0506E+000
  3.88000E+000,  3.9528E+000,  4.0506E+000
  3.89000E+000,  3.9709E+000,  4.0597E+000
  3.90000E+000,  3.9891E+000,  4.0870E+000
  3.91000E+000,  4.0072E+000,  4.0961E+000
  3.92000E+000,  4.0072E+000,  4.1052E+000
  3.93000E+000,  4.0254E+000,  4.1235E+000
  3.94000E+000,  4.0435E+000,  4.1508E+000
  3.95000E+000,  4.0617E+000,  4.1599E+000
  3.96000E+000,  4.0798E+000,  4.1781E+000
  3.97000E+000,  4.0889E+000,  4.1964E+000
  3.98000E+000,  4.0980E+000,  4.2055E+000
  3.99000E+000,  4.1161E+000,  4.2328E+000
  4.00000E+000,  4.1434E+000,  4.2419E+000
  4.01000E+000,  4.1615E+000,  4.2784E+000
  4.02000E+000,  4.1978E+000,  4.3057E+000
  4.03000E+000,  4.2250E+000,  4.3421E+000
  4.04000E+000,  4.2341E+000,  4.3604E+000
  4.05000E+000,  4.2704E+000,  4.3968E+000
  4.06000E+000,  4.2977E+000,  4.4333E+000
  4.07000E+000,  4.3340E+000,  4.4606E+000
  4.08000E+000,  4.3521E+000,  4.5244E+000
  4.09000E+000,  4.4066E+000,  4.5517E+000
  4.10000E+000,  4.4338E+000,  4.6337E+000
  4.11000E+000,  4.4882E+000,  4.6702E+000
  4.12000E+000,  4.5245E+000,  4.7340E+000
  4.13000E+000,  4.5699E+000,  4.7795E+000
  4.14000E+000,  4.6335E+000,  4.8980E+000
  4.15000E+000,  4.7333E+000,  4.9344E+000
  4.16000E+000,  4.7514E+000,  5.0346E+000
  4.17000E+000,  4.8240E+000,  5.1167E+000
  4.18000E+000,  4.8422E+000,  5.1440E+000
  4.19000E+000,  4.9239E+000,  5.1987E+000
  4.20000E+000,  4.9965E+000,  5.2807E+000
  4.21000E+000,  5.0146E+000,  5.2989E+000
  4.22000E+000,  5.0872E+000,  5.3900E+000
  4.23000E+000,  5.1417E+000,  5.4447E+000
  4.24000E+000,  5.1961E+000,  5.4994E+000
  4.25000E+000,  5.2324E+000,  5.5449E+000
  4.26000E+000,  5.3232E+000,  5.6543E+000
  4.27000E+000,  5.3958E+000,  5.7271E+000
  4.28000E+000,  5.4684E+000,  5.7636E+000
  4.29000E+000,  5.5592E+000,  5.7909E+000
  4.30000E+000,  5.6772E+000,  5.9003E+000
  4.31000E+000,  5.7498E+000,  5.9458E+000
  4.32000E+000,  5.8950E+000,  6.1098E+000
  4.33000E+000,  6.0130E+000,  6.2647E+000
  4.34000E+000,  6.1672E+000,  6.4014E+000
  4.35000E+000,  6.1945E+000,  6.4834E+000
  4.36000E+000,  6.3034E+000,  6.6201E+000
  4.37000E+000,  6.3215E+000,  6.6019E+000
  4.38000E+000,  6.4304E+000,  6.9572E+000
  4.39000E+000,  6.3669E+000,  6.7841E+000
  4.40000E+000,  6.4123E+000,  6.7477E+000
  4.41000E+000,  6.4486E+000,  6.8023E+000
  4.42000E+000,  6.4940E+000,  6.8661E+000
  4.43000E+000,  6.5938E+000,  7.0484E+000
  4.44000E+000,  6.6483E+000,  7.1121E+000
  4.45000E+000,  6.7027E+000,  6.9937E+000
  4.46000E+000,  6.8298E+000,  7.0848E+000
  4.47000E+000,  1.0660E+001,  7.5404E+000
  4.48000E+000,  9.5797E+000,  7.1121E+000
  4.49000E+000,  9.9790E+000,  7.3582E+000
  4.50000E+000,  1.0360E+001,  7.6953E+000
  4.51000E+000,  1.0551E+001,  7.9504E+000
  4.52000E+000,  1.0905E+001,  8.3787E+000
  4.53000E+000,  1.1449E+001,  8.8707E+000
  4.54000E+000,  1.1894E+001,  9.4083E+000
  4.55000E+000,  1.2293E+001,  9.8913E+000
  4.56000E+000,  1.2620E+001,  1.0210E+001
  4.57000E+000,  1.2883E+001,  1.0529E+001
  4.58000E+000,  1.3119E+001,  1.0775E+001
  4.59000E+000,  1.3174E+001,  1.0930E+001
  4.60000E+000,  1.3201E+001,  1.0976E+001
  4.61000E+000,  1.3437E+001,  1.1149E+001
  4.62000E+000,  1.3028E+001,  1.0875E+001
  4.63000E+000,  1.3092E+001,  1.0921E+001
  4.64000E+000,  1.3092E+001,  1.0994E+001
  4.65000E+000,  1.3419E+001,  1.1440E+001
  4.66000E+000,  1.3328E+001,  1.1058E+001
  4.67000E+000,  1.2929E+001,  1.0720E+001
  4.68000E+000,  1.3174E+001,  1.1358E+001
  4.69000E+000,  1.3101E+001,  1.1058E+001
  4.70000E+000,  1.2375E+001,  1.0347E+001
  4.71000E+000,  1.2611E+001,  1.0903E+001
  4.72000E+000,  1.2575E+001,  1.0739E+001
  4.73000E+000,  1.2357E+001,  1.0757E+001
  4.74000E+000,  1.2166E+001,  1.0365E+001
  4.75000E+000,  1.1821E+001,  9.9186E+000
  4.76000E+000,  1.1567E+001,  1.0001E+001
  4.77000E+000,  1.1413E+001,  9.7637E+000
  4.78000E+000,  1.1213E+001,  9.5814E+000
  4.79000E+000,  1.0932E+001,  9.0894E+000
  4.80000E+000,  1.0687E+001,  8.9254E+000
  4.81000E+000,  1.0451E+001,  8.6612E+000
  4.82000E+000,  1.0233E+001,  8.4425E+000
  4.83000E+000,  1.0024E+001,  8.2056E+000
  4.84000E+000,  9.9155E+000,  8.0871E+000
  4.85000E+000,  9.7884E+000,  7.9231E+000
  4.86000E+000,  9.6432E+000,  7.7317E+000
  4.87000E+000,  9.5525E+000,  7.6680E+000
  4.88000E+000,  9.4254E+000,  7.4948E+000
  4.89000E+000,  9.2711E+000,  7.3217E+000
  4.90000E+000,  9.1622E+000,  7.1759E+000
  4.91000E+000,  9.0170E+000,  7.0301E+000
  4.92000E+000,  8.8990E+000,  6.8843E+000
  4.93000E+000,  8.7901E+000,  6.7477E+000
  4.94000E+000,  8.6812E+000,  6.6474E+000
  4.95000E+000,  8.5995E+000,  6.5381E+000
  4.96000E+000,  8.5088E+000,  6.4288E+000
  4.97000E+000,  8.3999E+000,  6.3103E+000
  4.98000E+000,  8.3363E+000,  6.2192E+000
  4.99000E+000,  8.2456E+000,  6.1098E+000
  5.00000E+000,  8.2002E+000,  6.0461E+000
  5.01000E+000,  8.1457E+000,  5.9549E+000
  5.02000E+000,  8.1094E+000,  5.8820E+000
  5.03000E+000,  8.0913E+000,  5.8638E+000
  5.04000E+000,  8.0641E+000,  5.7818E+000
  5.05000E+000,  8.0459E+000,  5.7363E+000
  5.06000E+000,  8.0187E+000,  5.6816E+000
  5.07000E+000,  8.0278E+000,  5.6543E+000
  5.08000E+000,  8.0550E+000,  5.6725E+000
  5.09000E+000,  8.0913E+000,  5.6269E+000
  5.10000E+000,  8.1185E+000,  5.6725E+000
  5.11000E+000,  8.1457E+000,  5.7180E+000
  5.12000E+000,  8.2183E+000,  5.7089E+000
  5.13000E+000,  8.3091E+000,  5.8729E+000
  5.14000E+000,  8.3636E+000,  5.9823E+000
  5.15000E+000,  8.4180E+000,  6.0825E+000
  5.16000E+000,  8.5088E+000,  6.1463E+000
  5.17000E+000,  8.6449E+000,  6.2192E+000
  5.18000E+000,  8.7084E+000,  6.2010E+000
  5.19000E+000,  8.8355E+000,  6.3012E+000
  5.20000E+000,  9.0170E+000,  6.4652E+000
  5.21000E+000,  9.1441E+000,  6.6201E+000
  5.22000E+000,  9.3800E+000,  6.8297E+000
  5.23000E+000,  9.1078E+000,  6.4196E+000
  5.24000E+000,  9.4254E+000,  6.7477E+000
  5.25000E+000,  9.8066E+000,  7.1304E+000
  5.26000E+000,  1.0115E+001,  7.4675E+000
  5.27000E+000,  1.0397E+001,  7.7317E+000
  5.28000E+000,  1.0487E+001,  7.8866E+000
  5.29000E+000,  1.0714E+001,  8.0871E+000
  5.30000E+000,  1.0859E+001,  8.2693E+000
  5.31000E+000,  1.1150E+001,  8.4789E+000
  5.32000E+000,  1.1477E+001,  8.8069E+000
  5.33000E+000,  1.1658E+001,  8.9710E+000
  5.34000E+000,  1.2429E+001,  9.4174E+000
  5.35000E+000,  1.3156E+001,  1.0347E+001
  5.36000E+000,  1.4281E+001,  1.1367E+001
  5.37000E+000,  2.4509E+001,  1.2561E+001
  5.38000E+000,  4.9511E+000,  1.7053E+001
  5.39000E+000,  6.1854E+000,  2.3659E+001
  5.40000E+000,  1.1231E+001,  1.9823E+001
  5.41000E+000,  8.6086E+000,  1.6087E+001
  5.42000E+000,  8.1820E+000,  1.5577E+001
  5.43000E+000,  8.1367E+000,  1.5522E+001
  5.44000E+000,  8.1367E+000,  1.5513E+001
  5.45000E+000,  8.1367E+000,  1.5513E+001
  5.46000E+000,  8.1185E+000,  1.5504E+001
  5.47000E+000,  8.1185E+000,  1.5495E+001
  5.48000E+000,  8.1185E+000,  1.5504E+001
  5.49000E+000,  8.1185E+000,  1.5504E+001
  5.50000E+000,  8.1094E+000,  1.5495E+001
  5.51000E+000,  8.8627E+000,  1.6133E+001
  5.52000E+000,  9.4617E+000,  1.6616E+001
  5.53000E+000,  9.7158E+000,  1.6916E+001
  5.54000E+000,  9.8066E+000,  1.7199E+001
  5.55000E+000,  9.8066E+000,  1.7491E+001
  5.56000E+000,  1.0124E+001,  1.7955E+001
  5.57000E+000,  1.0614E+001,  1.8484E+001
  5.58000E+000,  1.1068E+001,  1.9040E+001
  5.59000E+000,  1.1295E+001,  1.9650E+001
  5.60000E+000,  1.0823E+001,  1.9823E+001
  5.61000E+000,  1.0342E+001,  2.0014E+001
  5.62000E+000,  1.0024E+001,  1.9459E+001
  5.63000E+000,  9.6251E+000,  1.8839E+001
  5.64000E+000,  9.4436E+000,  1.8383E+001
  5.65000E+000,  9.8247E+000,  1.8347E+001
  5.66000E+000,  1.0215E+001,  1.8639E+001
  5.67000E+000,  1.0387E+001,  1.8857E+001
  5.68000E+000,  1.0469E+001,  1.9049E+001
  5.69000E+000,  1.0995E+001,  1.9632E+001
  5.70000E+000,  1.1540E+001,  2.0516E+001
  5.71000E+000,  1.1204E+001,  2.0215E+001
  5.72000E+000,  1.0442E+001,  1.9386E+001
  5.73000E+000,  9.8338E+000,  1.8383E+001
  5.74000E+000,  9.3347E+000,  1.7664E+001
  5.75000E+000,  8.9716E+000,  1.7053E+001
  5.76000E+000,  8.7084E+000,  1.6434E+001
  5.77000E+000,  8.5723E+000,  1.6014E+001
  5.78000E+000,  8.2274E+000,  1.5632E+001
  5.79000E+000,  8.1457E+000,  1.5531E+001
  5.80000E+000,  8.1367E+000,  1.5522E+001
  5.81000E+000,  8.1276E+000,  1.5513E+001
  5.82000E+000,  8.1276E+000,  1.5504E+001
  5.83000E+000,  8.1185E+000,  1.5504E+001
  5.84000E+000,  8.1185E+000,  1.5504E+001
  5.85000E+000,  8.1185E+000,  1.5504E+001
  5.86000E+000,  8.1185E+000,  1.5504E+001
  5.87000E+000,  8.1276E+000,  1.5504E+001
  5.88000E+000,  8.1276E+000,  1.5504E+001
  5.89000E+000,  8.1185E+000,  1.5504E+001
  5.90000E+000,  8.1276E+000,  1.5513E+001
  5.91000E+000,  8.1276E+000,  1.5504E+001
  5.92000E+000,  8.1276E+000,  1.5504E+001
  5.93000E+000,  8.1185E+000,  1.5504E+001
  5.94000E+000,  8.1276E+000,  1.5504E+001
  5.95000E+000,  8.1185E+000,  1.5495E+001
  5.96000E+000,  8.1185E+000,  1.5495E+001
  5.97000E+000,  8.1185E+000,  1.5504E+001
  5.98000E+000,  8.1185E+000,  1.5495E+001
  5.99000E+000,  8.1185E+000,  1.5495E+001
  6.00000E+000,  8.1185E+000,  1.5504E+001
  6.01000E+000,  8.1276E+000,  1.5495E+001
  6.02000E+000,  8.1276E+000,  1.5504E+001
  6.03000E+000,  8.1185E+000,  1.5504E+001
  6.04000E+000,  8.1276E+000,  1.5504E+001
  6.05000E+000,  8.1276E+000,  1.5504E+001
  6.06000E+000,  8.1276E+000,  1.5513E+001
  6.07000E+000,  8.1185E+000,  1.5504E+001
  6.08000E+000,  8.1185E+000,  1.5495E+001
  6.09000E+000,  8.1185E+000,  1.5504E+001
  6.10000E+000,  8.1185E+000,  1.5504E+001
  6.11000E+000,  8.1185E+000,  1.5504E+001
  6.12000E+000,  8.1276E+000,  1.5513E+001
  6.13000E+000,  8.1276E+000,  1.5513E+001
  6.14000E+000,  8.1276E+000,  1.5504E+001
  6.15000E+000,  8.1367E+000,  1.5504E+001
  6.16000E+000,  8.1185E+000,  1.5504E+001
  6.17000E+000,  8.1185E+000,  1.5504E+001
  6.18000E+000,  8.1094E+000,  1.5495E+001
  6.19000E+000,  8.1276E+000,  1.5504E+001
  6.20000E+000,  8.1276E+000,  1.5504E+001
  6.21000E+000,  8.1276E+000,  1.5504E+001
  6.22000E+000,  8.1185E+000,  1.5504E+001
  6.23000E+000,  8.1185E+000,  1.5504E+001
  6.24000E+000,  8.1185E+000,  1.5504E+001
  6.25000E+000,  8.1276E+000,  1.5504E+001
  6.26000E+000,  8.1276E+000,  1.5504E+001
  6.27000E+000,  8.1276E+000,  1.5504E+001
  6.28000E+000,  8.1276E+000,  1.5504E+001
  6.29000E+000,  8.1185E+000,  1.5495E+001
  6.30000E+000,  8.1185E+000,  1.5504E+001
  6.31000E+000,  8.1185E+000,  1.5504E+001
  6.32000E+000,  8.1185E+000,  1.5504E+001
  6.33000E+000,  8.1276E+000,  1.5495E+001
  6.34000E+000,  8.1276E+000,  1.5495E+001
  6.35000E+000,  8.1276E+000,  1.5504E+001
  6.36000E+000,  8.1276E+000,  1.5513E+001
  6.37000E+000,  8.1276E+000,  1.5513E+001
  6.38000E+000,  8.1276E+000,  1.5504E+001
  6.39000E+000,  8.1276E+000,  1.5504E+001
  6.40000E+000,  8.1185E+000,  1.5504E+001
  6.41000E+000,  8.1276E+000,  1.5504E+001
  6.42000E+000,  8.1276E+000,  1.5495E+001
  6.43000E+000,  8.1094E+000,  1.5495E+001
  6.44000E+000,  8.1185E+000,  1.5504E+001
  6.45000E+000,  8.1185E+000,  1.5504E+001
  6.46000E+000,  8.1276E+000,  1.5504E+001
  6.47000E+000,  8.1367E+000,  1.5513E+001
  6.48000E+000,  8.1276E+000,  1.5504E+001
  6.49000E+000,  8.1367E+000,  1.5513E+001
  6.50000E+000,  8.1276E+000,  1.5504E+001
  6.51000E+000,  8.1276E+000,  1.5504E+001
  6.52000E+000,  8.1185E+000,  1.5504E+001
  6.53000E+000,  8.1185E+000,  1.5504E+001
  6.54000E+000,  8.1276E+000,  1.5504E+001
  6.55000E+000,  8.1276E+000,  1.5504E+001
  6.56000E+000,  8.1276E+000,  1.5504E+001
  6.57000E+000,  8.1276E+000,  1.5513E+001
  6.58000E+000,  8.1185E+000,  1.5504E+001
  6.59000E+000,  8.1276E+000,  1.5513E+001
  6.60000E+000,  8.1276E+000,  1.5504E+001
  6.61000E+000,  8.1367E+000,  1.5513E+001
  6.62000E+000,  8.1276E+000,  1.5513E+001
  6.63000E+000,  8.1276E+000,  1.5495E+001
  6.64000E+000,  8.1367E+000,  1.5504E+001
  6.65000E+000,  8.1276E+000,  1.5504E+001
  6.66000E+000,  8.1276E+000,  1.5513E+001
  6.67000E+000,  8.1185E+000,  1.5504E+001
  6.68000E+000,  8.1185E+000,  1.5504E+001
  6.69000E+000,  8.1276E+000,  1.5504E+001
  6.70000E+000,  8.1276E+000,  1.5513E+001
  6.71000E+000,  8.1276E+000,  1.5504E+001
  6.72000E+000,  8.1185E+000,  1.5513E+001
  6.73000E+000,  8.1367E+000,  1.5513E+001
  6.74000E+000,  8.1185E+000,  1.5504E+001
  6.75000E+000,  8.1276E+000,  1.5504E+001
  6.76000E+000,  8.1276E+000,  1.5504E+001
  6.77000E+000,  8.1185E+000,  1.5504E+001
  6.78000E+000,  8.1185E+000,  1.5504E+001
  6.79000E+000,  8.1185E+000,  1.5504E+001
  6.80000E+000,  8.1276E+000,  1.5495E+001
  6.81000E+000,  8.1185E+000,  1.5513E+001
  6.82000E+000,  8.1276E+000,  1.5504E+001
  6.83000E+000,  8.1276E+000,  1.5504E+001
  6.84000E+000,  8.1276E+000,  1.5513E+001
  6.85000E+000,  8.1276E+000,  1.5513E+001
  6.86000E+000,  8.1276E+000,  1.5513E+001
  6.87000E+000,  8.1185E+000,  1.5504E+001
  6.88000E+000,  8.1185E+000,  1.5495E+001
  6.89000E+000,  8.1185E+000,  1.5495E+001
  6.90000E+000,  8.1276E+000,  1.5504E+001
  6.91000E+000,  8.1276E+000,  1.5504E+001
  6.92000E+000,  8.1276E+000,  1.5513E+001
  6.93000E+000,  8.1276E+000,  1.5504E+001
  6.94000E+000,  8.1276E+000,  1.5513E+001
  6.95000E+000,  8.1276E+000,  1.5513E+001
  6.96000E+000,  8.1276E+000,  1.5513E+001
  6.97000E+000,  8.1367E+000,  1.5513E+001
  6.98000E+000,  8.1276E+000,  1.5504E+001
  6.99000E+000,  8.1276E+000,  1.5495E+001
  7.00000E+000,  8.1185E+000,  1.5504E+001
  7.01000E+000,  8.1276E+000,  1.5504E+001
  7.02000E+000,  8.1185E+000,  1.5504E+001
  7.03000E+000,  8.1276E+000,  1.5504E+001
  7.04000E+000,  8.1276E+000,  1.5504E+001
  7.05000E+000,  8.1276E+000,  1.5504E+001
  7.06000E+000,  8.1185E+000,  1.5504E+001
  7.07000E+000,  8.1276E+000,  1.5513E+001
  7.08000E+000,  8.1276E+000,  1.5513E+001
  7.09000E+000,  8.1276E+000,  1.5513E+001
  7.10000E+000,  8.1276E+000,  1.5504E+001
  7.11000E+000,  8.1276E+000,  1.5504E+001
  7.12000E+000,  8.1185E+000,  1.5504E+001
  7.13000E+000,  8.1094E+000,  1.5495E+001
  7.14000E+000,  8.1185E+000,  1.5504E+001
  7.15000E+000,  8.1185E+000,  1.5504E+001
  7.16000E+000,  8.1276E+000,  1.5504E+001
  7.17000E+000,  8.1276E+000,  1.5513E+001
  7.18000E+000,  8.1276E+000,  1.5513E+001
  7.19000E+000,  8.1276E+000,  1.5522E+001
  7.20000E+000,  8.1276E+000,  1.5513E+001
  7.21000E+000,  8.1276E+000,  1.5504E+001
  7.22000E+000,  8.1185E+000,  1.5504E+001
  7.23000E+000,  8.1276E+000,  1.5504E+001
  7.24000E+000,  8.1185E+000,  1.5495E+001
  7.25000E+000,  8.1276E+000,  1.5504E+001
  7.26000E+000,  8.1185E+000,  1.5504E+001
  7.27000E+000,  8.1276E+000,  1.5504E+001
  7.28000E+000,  8.1185E+000,  1.5495E+001
  7.29000E+000,  8.1276E+000,  1.5513E+001
  7.30000E+000,  8.1276E+000,  1.5504E+001
  7.31000E+000,  8.1367E+000,  1.5513E+001
  7.32000E+000,  8.1185E+000,  1.5504E+001
  7.33000E+000,  8.1185E+000,  1.5495E+001
  7.34000E+000,  8.1185E+000,  1.5513E+001
  7.35000E+000,  8.1185E+000,  1.5504E+001
  7.36000E+000,  8.1276E+000,  1.5504E+001
  7.37000E+000,  8.1276E+000,  1.5504E+001
  7.38000E+000,  8.1094E+000,  1.5495E+001
  7.39000E+000,  8.1185E+000,  1.5504E+001
  7.40000E+000,  8.1185E+000,  1.5504E+001
  7.41000E+000,  8.1276E+000,  1.5504E+001
  7.42000E+000,  8.1276E+000,  1.5504E+001
  7.43000E+000,  8.1276E+000,  1.5513E+001
  7.44000E+000,  8.1276E+000,  1.5504E+001
  7.45000E+000,  8.1276E+000,  1.5504E+001
  7.46000E+000,  8.1185E+000,  1.5504E+001
  7.47000E+000,  8.1185E+000,  1.5504E+001
  7.48000E+000,  8.1185E+000,  1.5504E+001
  7.49000E+000,  8.1276E+000,  1.5504E+001
  7.50000E+000,  8.1276E+000,  1.5504E+001
  7.51000E+000,  8.1276E+000,  1.5504E+001
  7.52000E+000,  8.1276E+000,  1.5513E+001
  7.53000E+000,  8.1276E+000,  1.5504E+001
  7.54000E+000,  8.1094E+000,  1.5504E+001
  7.55000E+000,  8.1276E+000,  1.5504E+001
  7.56000E+000,  8.1276E+000,  1.5504E+001
  7.57000E+000,  8.1185E+000,  1.5504E+001
  7.58000E+000,  8.1185E+000,  1.5495E+001
  7.59000E+000,  8.1094E+000,  1.5495E+001
  7.60000E+000,  8.1094E+000,  1.5495E+001
  7.61000E+000,  8.1094E+000,  1.5495E+001
  7.62000E+000,  8.1094E+000,  1.5495E+001
  7.63000E+000,  8.1185E+000,  1.5495E+001
  7.64000E+000,  8.1185E+000,  1.5495E+001
  7.65000E+000,  8.1185E+000,  1.5504E+001
  7.66000E+000,  8.1094E+000,  1.5504E+001
  7.67000E+000,  8.1185E+000,  1.5504E+001
  7.68000E+000,  8.1185E+000,  1.5495E+001
  7.69000E+000,  8.1094E+000,  1.5495E+001
  7.70000E+000,  8.1185E+000,  1.5495E+001
  7.71000E+000,  8.1094E+000,  1.5495E+001
  7.72000E+000,  8.1185E+000,  1.5495E+001
  7.73000E+000,  8.1094E+000,  1.5495E+001
  7.74000E+000,  8.1185E+000,  1.5495E+001
  7.75000E+000,  8.1185E+000,  1.5495E+001
  7.76000E+000,  8.1185E+000,  1.5504E+001
  7.77000E+000,  8.1185E+000,  1.5495E+001
  7.78000E+000,  8.1276E+000,  1.5504E+001
  7.79000E+000,  8.1276E+000,  1.5504E+001
  7.80000E+000,  8.1185E+000,  1.5495E+001
  7.81000E+000,  8.1185E+000,  1.5495E+001
  7.82000E+000,  8.1094E+000,  1.5486E+001
  7.83000E+000,  8.1185E+000,  1.5495E+001
  7.84000E+000,  8.1276E+000,  1.5495E+001
  7.85000E+000,  8.1185E+000,  1.5495E+001
  7.86000E+000,  8.1094E+000,  1.5495E+001
  7.87000E+000,  8.1094E+000,  1.5495E+001
  7.88000E+000,  8.1094E+000,  1.5495E+001
  7.89000E+000,  8.1185E+000,  1.5495E+001
  7.90000E+000,  8.1185E+000,  1.5504E+001
  7.91000E+000,  8.1094E+000,  1.5495E+001
  7.92000E+000,  8.1185E+000,  1.5495E+001
  7.93000E+000,  8.1094E+000,  1.5495E+001
  7.94000E+000,  8.1185E+000,  1.5486E+001
  7.95000E+000,  8.1094E+000,  1.5495E+001
  7.96000E+000,  8.1094E+000,  1.5495E+001
  7.97000E+000,  8.1094E+000,  1.5495E+001
  7.98000E+000,  8.1185E+000,  1.5495E+001
  7.99000E+000,  8.1276E+000,  1.5504E+001
  8.00000E+000,  8.1185E+000,  1.5495E+001
  8.01000E+000,  8.1185E+000,  1.5504E+001
  8.02000E+000,  8.1185E+000,  1.5504E+001
  8.03000E+000,  8.1185E+000,  1.5504E+001
  8.04000E+000,  8.1185E+000,  1.5504E+001
  8.05000E+000,  8.1185E+000,  1.5495E+001
  8.06000E+000,  8.1094E+000,  1.5495E+001
  8.07000E+000,  8.1185E+000,  1.5495E+001
  8.08000E+000,  8.1185E+000,  1.5495E+001
  8.09000E+000,  8.1185E+000,  1.5495E+001
  8.10000E+000,  8.1185E+000,  1.5504E+001
  8.11000E+000,  8.1185E+000,  1.5504E+001
  8.12000E+000,  8.1185E+000,  1.5504E+001
  8.13000E+000,  8.1276E+000,  1.5504E+001
  8.14000E+000,  8.1276E+000,  1.5504E+001
  8.15000E+000,  8.1185E+000,  1.5504E+001
  8.16000E+000,  8.1185E+000,  1.5495E+001
  8.17000E+000,  8.1094E+000,  1.5495E+001
  8.18000E+000,  8.1094E+000,  1.5486E+001
  8.19000E+000,  8.1185E+000,  1.5486E+001
  8.20000E+000,  8.1185E+000,  1.5495E+001
  8.21000E+000,  8.1094E+000,  1.5495E+001
  8.22000E+000,  8.1185E+000,  1.5495E+001
  8.23000E+000,  8.1094E+000,  1.5495E+001
  8.24000E+000,  8.1185E+000,  1.5495E+001
  8.25000E+000,  8.1185E+000,  1.5495E+001
  8.26000E+000,  8.1094E+000,  1.5495E+001
  8.27000E+000,  8.1094E+000,  1.5495E+001
  8.28000E+000,  8.1094E+000,  1.5486E+001
  8.29000E+000,  8.1185E+000,  1.5495E+001
  8.30000E+000,  8.1185E+000,  1.5504E+001
  8.31000E+000,  8.1276E+000,  1.5504E+001
  8.32000E+000,  8.1094E+000,  1.5486E+001
  8.33000E+000,  8.1094E+000,  1.5495E+001
  8.34000E+000,  8.1185E+000,  1.5495E+001
  8.35000E+000,  8.1185E+000,  1.5504E+001
  8.36000E+000,  8.1276E+000,  1.5504E+001
  8.37000E+000,  8.1185E+000,  1.5504E+001
  8.38000E+000,  8.1185E+000,  1.5504E+001
  8.39000E+000,  8.1185E+000,  1.5495E+001
  8.40000E+000,  8.1276E+000,  1.5495E+001
  8.41000E+000,  8.1094E+000,  1.5486E+001
  8.42000E+000,  8.1185E+000,  1.5495E+001
  8.43000E+000,  8.1004E+000,  1.5486E+001
  8.44000E+000,  8.1185E+000,  1.5495E+001
  8.45000E+000,  8.1185E+000,  1.5495E+001
  8.46000E+000,  8.1185E+000,  1.5495E+001
  8.47000E+000,  8.1094E+000,  1.5495E+001
  8.48000E+000,  8.1094E+000,  1.5486E+001
  8.49000E+000,  8.1185E+000,  1.5504E+001
  8.50000E+000,  8.1185E+000,  1.5495E+001
  8.51000E+000,  8.1185E+000,  1.5504E+001
  8.52000E+000,  8.1094E+000,  1.5495E+001
  8.53000E+000,  8.1094E+000,  1.5495E+001
  8.54000E+000,  8.1185E+000,  1.5495E+001
  8.55000E+000,  8.1185E+000,  1.5504E+001
  8.56000E+000,  8.1094E+000,  1.5495E+001
  8.57000E+000,  8.1094E+000,  1.5495E+001
  8.58000E+000,  8.1094E+000,  1.5495E+001
  8.59000E+000,  8.1185E+000,  1.5504E+001
  8.60000E+000,  8.1185E+000,  1.5504E+001
  8.61000E+000,  8.1185E+000,  1.5504E+001
  8.62000E+000,  8.1185E+000,  1.5504E+001
  8.63000E+000,  8.1094E+000,  1.5495E+001
  8.64000E+000,  8.1094E+000,  1.5495E+001
  8.65000E+000,  8.1094E+000,  1.5495E+001
  8.66000E+000,  8.1185E+000,  1.5495E+001
  8.67000E+000,  8.1094E+000,  1.5495E+001
  8.68000E+000,  8.1094E+000,  1.5504E+001
  8.69000E+000,  8.1094E+000,  1.5504E+001
  8.70000E+000,  8.1094E+000,  1.5504E+001
  8.71000E+000,  8.1185E+000,  1.5504E+001
  8.72000E+000,  8.1185E+000,  1.5504E+001
  8.73000E+000,  8.1094E+000,  1.5495E+001
  8.74000E+000,  8.1094E+000,  1.5495E+001
  8.75000E+000,  8.1094E+000,  1.5504E+001
  8.76000E+000,  8.1094E+000,  1.5495E+001
  8.77000E+000,  8.1004E+000,  1.5495E+001
  8.78000E+000,  8.1094E+000,  1.5486E+001
  8.79000E+000,  8.1094E+000,  1.5495E+001
  8.80000E+000,  8.1094E+000,  1.5495E+001
  8.81000E+000,  8.1185E+000,  1.5495E+001
  8.82000E+000,  8.1094E+000,  1.5504E+001
  8.83000E+000,  8.1094E+000,  1.5495E+001
  8.84000E+000,  8.1094E+000,  1.5495E+001
  8.85000E+000,  8.1094E+000,  1.5495E+001
  8.86000E+000,  8.1094E+000,  1.5495E+001
  8.87000E+000,  8.1094E+000,  1.5486E+001
  8.88000E+000,  8.1094E+000,  1.5495E+001
  8.89000E+000,  8.1094E+000,  1.5495E+001
  8.90000E+000,  8.1094E+000,  1.5495E+001
  8.91000E+000,  8.1094E+000,  1.5495E+001
  8.92000E+000,  8.1094E+000,  1.5495E+001
  8.93000E+000,  8.1094E+000,  1.5504E+001
  8.94000E+000,  8.1185E+000,  1.5495E+001
  8.95000E+000,  8.1185E+000,  1.5504E+001
  8.96000E+000,  8.1094E+000,  1.5504E+001
  8.97000E+000,  8.1094E+000,  1.5495E+001
  8.98000E+000,  8.1004E+000,  1.5495E+001
  8.99000E+000,  8.1094E+000,  1.5486E+001
  9.00000E+000,  8.1094E+000,  1.5495E+001
  9.01000E+000,  8.1094E+000,  1.5495E+001
  9.02000E+000,  8.1004E+000,  1.5495E+001
  9.03000E+000,  8.1004E+000,  1.5495E+001
  9.04000E+000,  8.1004E+000,  1.5495E+001
  9.05000E+000,  8.1185E+000,  1.5495E+001
  9.06000E+000,  8.1094E+000,  1.5495E+001
  9.07000E+000,  8.1094E+000,  1.5495E+001
  9.08000E+000,  8.1094E+000,  1.5495E+001
  9.09000E+000,  8.1094E+000,  1.5495E+001
  9.10000E+000,  8.1094E+000,  1.5495E+001
  9.11000E+000,  8.1094E+000,  1.5495E+001
  9.12000E+000,  8.1094E+000,  1.5495E+001
  9.13000E+000,  8.1094E+000,  1.5495E+001
  9.14000E+000,  8.1094E+000,  1.5495E+001
  9.15000E+000,  8.1185E+000,  1.5495E+001
  9.16000E+000,  8.1094E+000,  1.5495E+001
  9.17000E+000,  8.1094E+000,  1.5495E+001
  9.18000E+000,  8.1094E+000,  1.5504E+001
  9.19000E+000,  8.1094E+000,  1.5504E+001
  9.20000E+000,  8.1185E+000,  1.5495E+001
  9.21000E+000,  8.1185E+000,  1.5504E+001
  9.22000E+000,  8.1185E+000,  1.5495E+001
  9.23000E+000,  8.1094E+000,  1.5504E+001
  9.24000E+000,  8.1094E+000,  1.5495E+001
  9.25000E+000,  8.1094E+000,  1.5495E+001
  9.26000E+000,  8.1004E+000,  1.5495E+001
  9.27000E+000,  8.1004E+000,  1.5486E+001
  9.28000E+000,  8.1004E+000,  1.5495E+001
  9.29000E+000,  8.1094E+000,  1.5495E+001
  9.30000E+000,  8.1094E+000,  1.5495E+001
  9.31000E+000,  8.1094E+000,  1.5495E+001
  9.32000E+000,  8.1094E+000,  1.5495E+001
  9.33000E+000,  8.1094E+000,  1.5486E+001
  9.34000E+000,  8.1004E+000,  1.5486E+001
  9.35000E+000,  8.1004E+000,  1.5486E+001
  9.36000E+000,  8.1094E+000,  1.5495E+001
  9.37000E+000,  8.1004E+000,  1.5486E+001
  9.38000E+000,  8.1004E+000,  1.5486E+001
  9.39000E+000,  8.1004E+000,  1.5495E+001
  9.40000E+000,  8.1094E+000,  1.5495E+001
  9.41000E+000,  8.1185E+000,  1.5495E+001
  9.42000E+000,  8.1094E+000,  1.5495E+001
  9.43000E+000,  8.1094E+000,  1.5495E+001
  9.44000E+000,  8.1094E+000,  1.5495E+001
  9.45000E+000,  8.1185E+000,  1.5504E+001
  9.46000E+000,  8.1094E+000,  1.5495E+001
  9.47000E+000,  8.1185E+000,  1.5495E+001
  9.48000E+000,  8.1094E+000,  1.5486E+001
  9.49000E+000,  8.1094E+000,  1.5495E+001
  9.50000E+000,  8.1185E+000,  1.5495E+001
  9.51000E+000,  8.1185E+000,  1.5495E+001
  9.52000E+000,  8.1094E+000,  1.5504E+001
  9.53000E+000,  8.1094E+000,  1.5495E+001
  9.54000E+000,  8.1185E+000,  1.5504E+001
  9.55000E+000,  8.1185E+000,  1.5504E+001
  9.56000E+000,  8.1094E+000,  1.5495E+001
  9.57000E+000,  8.1094E+000,  1.5495E+001
  9.58000E+000,  8.1094E+000,  1.5486E+001
  9.59000E+000,  8.1004E+000,  1.5486E+001
  9.60000E+000,  8.1094E+000,  1.5486E+001
  9.61000E+000,  8.1094E+000,  1.5486E+001
  9.62000E+000,  8.1094E+000,  1.5486E+001
  9.63000E+000,  8.1004E+000,  1.5486E+001
  9.64000E+000,  8.1094E+000,  1.5495E+001
  9.65000E+000,  8.1094E+000,  1.5495E+001
  9.66000E+000,  8.1094E+000,  1.5495E+001
  9.67000E+000,  8.1094E+000,  1.5495E+001
  9.68000E+000,  8.1094E+000,  1.5486E+001
  9.69000E+000,  8.1094E+000,  1.5495E+001
  9.70000E+000,  8.1094E+000,  1.5495E+001
  9.71000E+000,  8.1094E+000,  1.5495E+001
  9.72000E+000,  8.1094E+000,  1.5495E+001
  9.73000E+000,  8.1094E+000,  1.5486E+001
  9.74000E+000,  8.1094E+000,  1.5495E+001
  9.75000E+000,  8.1185E+000,  1.5504E+001
  9.76000E+000,  8.1185E+000,  1.5495E+001
  9.77000E+000,  8.1185E+000,  1.5495E+001
  9.78000E+000,  8.1094E+000,  1.5495E+001
  9.79000E+000,  8.1185E+000,  1.5495E+001
  9.80000E+000,  8.1185E+000,  1.5495E+001
  9.81000E+000,  8.1094E+000,  1.5486E+001
  9.82000E+000,  8.1004E+000,  1.5486E+001
  9.83000E+000,  8.1004E+000,  1.5486E+001
  9.84000E+000,  8.1094E+000,  1.5486E+001
  9.85000E+000,  8.1094E+000,  1.5495E+001
  9.86000E+000,  8.1004E+000,  1.5486E+001
  9.87000E+000,  8.1004E+000,  1.5486E+001
  9.88000E+000,  8.1094E+000,  1.5486E+001
  9.89000E+000,  8.1094E+000,  1.5486E+001
  9.90000E+000,  8.1185E+000,  1.5495E+001
  9.91000E+000,  8.1094E+000,  1.5486E+001
  9.92000E+000,  8.1094E+000,  1.5495E+001
  9.93000E+000,  8.1004E+000,  1.5486E+001
  9.94000E+000,  8.1094E+000,  1.5486E+001
  9.95000E+000,  8.1004E+000,  1.5495E+001
  9.96000E+000,  8.1094E+000,  1.5486E+001
  9.97000E+000,  8.1004E+000,  1.5486E+001
  9.98000E+000,  8.1004E+000,  1.5486E+001
  9.99000E+000,  8.1094E+000,  1.5495E+001
  1.00000E+001,  8.1094E+000,  1.5504E+001
  1.00100E+001,  8.1094E+000,  1.5495E+001
  1.00200E+001,  8.1094E+000,  1.5504E+001
  1.00300E+001,  8.1094E+000,  1.5495E+001
  1.00400E+001,  8.1185E+000,  1.5495E+001
  1.00500E+001,  8.1185E+000,  1.5495E+001
  1.00600E+001,  8.1094E+000,  1.5495E+001
  1.00700E+001,  8.1094E+000,  1.5495E+001
  1.00800E+001,  8.1004E+000,  1.5486E+001
  1.00900E+001,  8.1094E+000,  1.5495E+001
  1.01000E+001,  8.1094E+000,  1.5486E+001
  1.01100E+001,  8.1094E+000,  1.5495E+001
  1.01200E+001,  8.1094E+000,  1.5495E+001
  1.01300E+001,  8.1094E+000,  1.5495E+001
  1.01400E+001,  8.1094E+000,  1.5495E+001
  1.01500E+001,  8.1094E+000,  1.5495E+001
  1.01600E+001,  8.1094E+000,  1.5495E+001
  1.01700E+001,  8.1004E+000,  1.5486E+001
  1.01800E+001,  8.1004E+000,  1.5486E+001
  1.01900E+001,  8.1004E+000,  1.5486E+001
  1.02000E+001,  8.1004E+000,  1.5486E+001
  1.02100E+001,  8.1004E+000,  1.5486E+001
  1.02200E+001,  8.1004E+000,  1.5486E+001
  1.02300E+001,  8.1094E+000,  1.5486E+001
  1.02400E+001,  8.1094E+000,  1.5495E+001
  1.02500E+001,  8.1094E+000,  1.5495E+001
  1.02600E+001,  8.1094E+000,  1.5495E+001
  1.02700E+001,  8.1094E+000,  1.5495E+001
  1.02800E+001,  8.1094E+000,  1.5495E+001
  1.02900E+001,  8.1094E+000,  1.5486E+001
  1.03000E+001,  8.1094E+000,  1.5495E+001
  1.03100E+001,  8.1094E+000,  1.5495E+001
  1.03200E+001,  8.1004E+000,  1.5486E+001
  1.03300E+001,  8.1004E+000,  1.5495E+001
  1.03400E+001,  8.1094E+000,  1.5495E+001
  1.03500E+001,  8.1094E+000,  1.5495E+001
  1.03600E+001,  8.1185E+000,  1.5495E+001
  1.03700E+001,  8.1094E+000,  1.5495E+001
  1.03800E+001,  8.1094E+000,  1.5486E+001
  1.03900E+001,  8.1185E+000,  1.5495E+001
  1.04000E+001,  8.1094E+000,  1.5495E+001
  1.04100E+001,  8.1094E+000,  1.5486E+001
  1.04200E+001,  8.1004E+000,  1.5486E+001
  1.04300E+001,  8.1004E+000,  1.5486E+001
  1.04400E+001,  8.1004E+000,  1.5486E+001
  1.04500E+001,  8.1094E+000,  1.5495E+001
  1.04600E+001,  8.1004E+000,  1.5495E+001
  1.04700E+001,  8.1004E+000,  1.5495E+001
  1.04800E+001,  8.1094E+000,  1.5495E+001
  1.04900E+001,  8.1094E+000,  1.5495E+001
  1.05000E+001,  8.1094E+000,  1.5486E+001
  1.05100E+001,  8.1094E+000,  1.5495E+001
  1.05200E+001,  8.1094E+000,  1.5486E+001
  1.05300E+001,  8.1004E+000,  1.5486E+001
  1.05400E+001,  8.1094E+000,  1.5495E+001
  1.05500E+001,  8.1185E+000,  1.5495E+001
  1.05600E+001,  8.1094E+000,  1.5495E+001
  1.05700E+001,  8.1004E+000,  1.5495E+001
  1.05800E+001,  8.1004E+000,  1.5495E+001
  1.05900E+001,  8.1094E+000,  1.5495E+001
  1.06000E+001,  8.1185E+000,  1.5495E+001
  1.06100E+001,  8.1094E+000,  1.5504E+001
  1.06200E+001,  8.1094E+000,  1.5495E+001
  1.06300E+001,  8.1094E+000,  1.5495E+001
  1.06400E+001,  8.1094E+000,  1.5495E+001
  1.06500E+001,  8.1094E+000,  1.5495E+001
  1.06600E+001,  8.1094E+000,  1.5495E+001
  1.06700E+001,  8.1094E+000,  1.5486E+001
  1.06800E+001,  8.1094E+000,  1.5495E+001
  1.06900E+001,  8.1094E+000,  1.5495E+001
  1.07000E+001,  8.1094E+000,  1.5495E+001
  1.07100E+001,  8.1094E+000,  1.5495E+001
  1.07200E+001,  8.1094E+000,  1.5495E+001
  1.07300E+001,  8.1094E+000,  1.5495E+001
  1.07400E+001,  8.1094E+000,  1.5486E+001
  1.07500E+001,  8.1004E+000,  1.5486E+001
  1.07600E+001,  8.1094E+000,  1.5486E+001
  1.07700E+001,  8.1004E+000,  1.5486E+001
  1.07800E+001,  8.1004E+000,  1.5486E+001
  1.07900E+001,  8.1004E+000,  1.5486E+001
  1.08000E+001,  8.1094E+000,  1.5486E+001
  1.08100E+001,  8.1094E+000,  1.5486E+001
  1.08200E+001,  8.1094E+000,  1.5495E+001
  1.08300E+001,  8.1094E+000,  1.5495E+001
  1.08400E+001,  8.1094E+000,  1.5495E+001
  1.08500E+001,  8.1004E+000,  1.5495E+001
  1.08600E+001,  8.1094E+000,  1.5495E+001
  1.08700E+001,  8.1094E+000,  1.5495E+001
  1.08800E+001,  8.1094E+000,  1.5495E+001
  1.08900E+001,  8.1094E+000,  1.5495E+001
  1.09000E+001,  8.1094E+000,  1.5486E+001
  1.09100E+001,  8.1094E+000,  1.5495E+001
  1.09200E+001,  8.1094E+000,  1.5495E+001
  1.09300E+001,  8.1094E+000,  1.5495E+001
  1.09400E+001,  8.1094E+000,  1.5495E+001
  1.09500E+001,  8.1185E+000,  1.5486E+001
  1.09600E+001,  8.1094E+000,  1.5495E+001
  1.09700E+001,  8.1094E+000,  1.5495E+001
  1.09800E+001,  8.1004E+000,  1.5486E+001
  1.09900E+001,  8.1004E+000,  1.5486E+001
  1.10000E+001,  8.1004E+000,  1.5486E+001
  1.10100E+001,  8.1004E+000,  1.5495E+001
  1.10200E+001,  8.1004E+000,  1.5486E+001
  1.10300E+001,  8.1004E+000,  1.5486E+001
  1.10400E+001,  8.1004E+000,  1.5486E+001
  1.10500E+001,  8.1094E+000,  1.5495E+001
  1.10600E+001,  8.1004E+000,  1.5486E+001
  1.10700E+001,  8.1004E+000,  1.5495E+001
  1.10800E+001,  8.1185E+000,  1.5495E+001
  1.10900E+001,  8.1094E+000,  1.5495E+001
  1.11000E+001,  8.1094E+000,  1.5495E+001
  1.11100E+001,  8.1094E+000,  1.5486E+001
  1.11200E+001,  8.1094E+000,  1.5495E+001
  1.11300E+001,  8.1004E+000,  1.5486E+001
  1.11400E+001,  8.1004E+000,  1.5486E+001
  1.11500E+001,  8.1094E+000,  1.5495E+001
  1.11600E+001,  8.1094E+000,  1.5504E+001
  1.11700E+001,  8.1185E+000,  1.5495E+001
  1.11800E+001,  8.1094E+000,  1.5495E+001
  1.11900E+001,  8.1094E+000,  1.5495E+001
  1.12000E+001,  8.1094E+000,  1.5495E+001
  1.12100E+001,  8.1094E+000,  1.5495E+001
  1.12200E+001,  8.1094E+000,  1.5495E+001
  1.12300E+001,  8.1094E+000,  1.5486E+001
  1.12400E+001,  8.1094E+000,  1.5486E+001
  1.12500E+001,  8.1004E+000,  1.5486E+001
  1.12600E+001,  8.1004E+000,  1.5486E+001
  1.12700E+001,  8.1004E+000,  1.5486E+001
  1.12800E+001,  8.1004E+000,  1.5486E+001
  1.12900E+001,  8.1094E+000,  1.5495E+001
  1.13000E+001,  8.1185E+000,  1.5486E+001
  1.13100E+001,  8.1094E+000,  1.5495E+001
  1.13200E+001,  8.1004E+000,  1.5486E+001
  1.13300E+001,  8.1004E+000,  1.5495E+001
  1.13400E+001,  8.1004E+000,  1.5486E+001
  1.13500E+001,  8.1004E+000,  1.5495E+001
  1.13600E+001,  8.1094E+000,  1.5486E+001
  1.13700E+001,  8.1004E+000,  1.5486E+001
  1.13800E+001,  8.1004E+000,  1.5486E+001
  1.13900E+001,  8.1094E+000,  1.5486E+001
  1.14000E+001,  8.1004E+000,  1.5486E+001
  1.14100E+001,  8.1094E+000,  1.5486E+001
  1.14200E+001,  8.1094E+000,  1.5495E+001
  1.14300E+001,  8.1094E+000,  1.5495E+001
  1.14400E+001,  8.1094E+000,  1.5495E+001
  1.14500E+001,  8.1185E+000,  1.5495E+001
  1.14600E+001,  8.1094E+000,  1.5495E+001
  1.14700E+001,  8.1094E+000,  1.5486E+001
  1.14800E+001,  8.1004E+000,  1.5486E+001
  1.14900E+001,  8.1094E+000,  1.5486E+001
  1.15000E+001,  8.1094E+000,  1.5495E+001
  1.15100E+001,  8.1004E+000,  1.5504E+001
  1.15200E+001,  8.1004E+000,  1.5486E+001
  1.15300E+001,  8.1094E+000,  1.5495E+001
  1.15400E+001,  8.1004E+000,  1.5486E+001
  1.15500E+001,  8.1185E+000,  1.5504E+001
  1.15600E+001,  8.1094E+000,  1.5495E+001
  1.15700E+001,  8.1094E+000,  1.5495E+001
  1.15800E+001,  8.1094E+000,  1.5486E+001
  1.15900E+001,  8.1004E+000,  1.5486E+001
  1.16000E+001,  8.1004E+000,  1.5486E+001
  1.16100E+001,  8.1004E+000,  1.5486E+001
  1.16200E+001,  8.0913E+000,  1.5486E+001
  1.16300E+001,  8.1004E+000,  1.5477E+001
  1.16400E+001,  8.1094E+000,  1.5495E+001
  1.16500E+001,  8.1185E+000,  1.5495E+001
  1.16600E+001,  8.1094E+000,  1.5495E+001
  1.16700E+001,  8.1094E+000,  1.5495E+001
  1.16800E+001,  8.1004E+000,  1.5486E+001
  1.16900E+001,  8.1094E+000,  1.5495E+001
  1.17000E+001,  8.1185E+000,  1.5495E+001
  1.17100E+001,  8.1185E+000,  1.5495E+001
  1.17200E+001,  8.1004E+000,  1.5486E+001
  1.17300E+001,  8.1004E+000,  1.5486E+001
  1.17400E+001,  8.1004E+000,  1.5486E+001
  1.17500E+001,  8.1185E+000,  1.5495E+001
  1.17600E+001,  8.1094E+000,  1.5495E+001
  1.17700E+001,  8.1185E+000,  1.5495E+001
  1.17800E+001,  8.1004E+000,  1.5495E+001
  1.17900E+001,  8.1094E+000,  1.5495E+001
  1.18000E+001,  8.1094E+000,  1.5495E+001
  1.18100E+001,  8.1094E+000,  1.5495E+001
  1.18200E+001,  8.1094E+000,  1.5486E+001
  1.18300E+001,  8.1004E+000,  1.5486E+001
  1.18400E+001,  8.1094E+000,  1.5486E+001
  1.18500E+001,  8.1094E+000,  1.5486E+001
  1.18600E+001,  8.1094E+000,  1.5486E+001
  1.18700E+001,  8.1094E+000,  1.5486E+001
  1.18800E+001,  8.1004E+000,  1.5486E+001
  1.18900E+001,  8.1094E+000,  1.5486E+001
  1.19000E+001,  8.1094E+000,  1.5486E+001
  1.19100E+001,  8.1185E+000,  1.5495E+001
  1.19200E+001,  8.1185E+000,  1.5495E+001
  1.19300E+001,  8.1094E+000,  1.5486E+001
  1.19400E+001,  8.1094E+000,  1.5486E+001
  1.19500E+001,  8.1004E+000,  1.5486E+001
  1.19600E+001,  8.1004E+000,  1.5486E+001
  1.19700E+001,  8.1094E+000,  1.5495E+001
  1.19800E+001,  8.1094E+000,  1.5486E+001
  1.19900E+001,  8.1094E+000,  1.5486E+001
  1.20000E+001,  8.1094E+000,  1.5486E+001
  1.20100E+001,  8.1094E+000,  1.5495E+001
  1.20200E+001,  8.1094E+000,  1.5495E+001
  1.20300E+001,  8.1185E+000,  1.5495E+001
  1.20400E+001,  8.1185E+000,  1.5495E+001
  1.20500E+001,  8.1094E+000,  1.5495E+001
  1.20600E+001,  8.1094E+000,  1.5495E+001
  1.20700E+001,  8.1094E+000,  1.5486E+001
  1.20800E+001,  8.1094E+000,  1.5486E+001
  1.20900E+001,  8.1094E+000,  1.5486E+001
  1.21000E+001,  8.1094E+000,  1.5486E+001
  1.21100E+001,  8.1094E+000,  1.5486E+001
  1.21200E+001,  8.1185E+000,  1.5495E+001
  1.21300E+001,  8.1094E+000,  1.5486E+001
  1.21400E+001,  8.1094E+000,  1.5495E+001
  1.21500E+001,  8.1094E+000,  1.5486E+001
  1.21600E+001,  8.1004E+000,  1.5495E+001
  1.21700E+001,  8.1004E+000,  1.5495E+001
  1.21800E+001,  8.1094E+000,  1.5486E+001
  1.21900E+001,  8.1004E+000,  1.5495E+001
  1.22000E+001,  8.1094E+000,  1.5495E+001
  1.22100E+001,  8.1094E+000,  1.5486E+001
  1.22200E+001,  8.1004E+000,  1.5486E+001
  1.22300E+001,  8.1004E+000,  1.5486E+001
  1.22400E+001,  8.1094E+000,  1.5495E+001
  1.22500E+001,  8.1094E+000,  1.5504E+001
  1.22600E+001,  8.1185E+000,  1.5495E+001
  1.22700E+001,  8.1185E+000,  1.5495E+001
  1.22800E+001,  8.1094E+000,  1.5486E+001
  1.22900E+001,  8.1094E+000,  1.5486E+001
  1.23000E+001,  8.1185E+000,  1.5486E+001
  1.23100E+001,  8.1004E+000,  1.5495E+001
  1.23200E+001,  8.1094E+000,  1.5486E+001
  1.23300E+001,  8.1094E+000,  1.5486E+001
  1.23400E+001,  8.1094E+000,  1.5495E+001
  1.23500E+001,  8.1185E+000,  1.5495E+001
  1.23600E+001,  8.1094E+000,  1.5495E+001
  1.23700E+001,  8.1185E+000,  1.5495E+001
  1.23800E+001,  8.1094E+000,  1.5486E+001
  1.23900E+001,  8.1185E+000,  1.5495E+001
  1.24000E+001,  8.1094E+000,  1.5495E+001
  1.24100E+001,  8.1094E+000,  1.5495E+001
  1.24200E+001,  8.1094E+000,  1.5486E+001
  1.24300E+001,  8.1004E+000,  1.5486E+001
  1.24400E+001,  8.1004E+000,  1.5486E+001
  1.24500E+001,  8.1094E+000,  1.5486E+001
  1.24600E+001,  8.1094E+000,  1.5486E+001
  1.24700E+001,  8.1185E+000,  1.5495E+001
  1.24800E+001,  8.1094E+000,  1.5486E+001
  1.24900E+001,  8.1185E+000,  1.5495E+001
  1.25000E+001,  8.1094E+000,  1.5495E+001
  1.25100E+001,  8.1094E+000,  1.5495E+001
  1.25200E+001,  8.1094E+000,  1.5495E+001
  1.25300E+001,  8.1094E+000,  1.5486E+001
  1.25400E+001,  8.1094E+000,  1.5495E+001
  1.25500E+001,  8.1094E+000,  1.5486E+001
  1.25600E+001,  8.1004E+000,  1.5495E+001
  1.25700E+001,  8.1094E+000,  1.5495E+001
  1.25800E+001,  8.1094E+000,  1.5486E+001
  1.25900E+001,  8.1185E+000,  1.5495E+001
  1.26000E+001,  8.1094E+000,  1.5495E+001
  1.26100E+001,  8.1094E+000,  1.5495E+001
  1.26200E+001,  8.1185E+000,  1.5495E+001
  1.26300E+001,  8.1094E+000,  1.5495E+001
  1.26400E+001,  8.1094E+000,  1.5495E+001
  1.26500E+001,  8.1094E+000,  1.5486E+001
  1.26600E+001,  8.1094E+000,  1.5495E+001
  1.26700E+001,  8.1004E+000,  1.5486E+001
  1.26800E+001,  8.1004E+000,  1.5486E+001
  1.26900E+001,  8.1094E+000,  1.5486E+001
  1.27000E+001,  8.1004E+000,  1.5495E+001
  1.27100E+001,  8.1094E+000,  1.5495E+001
  1.27200E+001,  8.1094E+000,  1.5495E+001
  1.27300E+001,  8.1094E+000,  1.5495E+001
  1.27400E+001,  8.1094E+000,  1.5495E+001
  1.27500E+001,  8.1094E+000,  1.5495E+001
  1.27600E+001,  8.1094E+000,  1.5495E+001
  1.27700E+001,  8.1094E+000,  1.5495E+001
  1.27800E+001,  8.1094E+000,  1.5486E+001
  1.27900E+001,  8.1004E+000,  1.5486E+001
  1.28000E+001,  8.1004E+000,  1.5495E+001
  1.28100E+001,  8.1094E+000,  1.5495E+001
  1.28200E+001,  8.1185E+000,  1.5495E+001
  1.28300E+001,  8.1094E+000,  1.5495E+001
  1.28400E+001,  8.1094E+000,  1.5495E+001
  1.28500E+001,  8.1094E+000,  1.5495E+001
  1.28600E+001,  8.1094E+000,  1.5495E+001
  1.28700E+001,  8.1094E+000,  1.5495E+001
  1.28800E+001,  8.1094E+000,  1.5486E+001
  1.28900E+001,  8.1094E+000,  1.5495E+001
  1.29000E+001,  8.1094E+000,  1.5486E+001
  1.29100E+001,  8.1094E+000,  1.5495E+001
  1.29200E+001,  8.1094E+000,  1.5486E+001
  1.29300E+001,  8.1094E+000,  1.5495E+001
  1.29400E+001,  8.1094E+000,  1.5495E+001
  1.29500E+001,  8.1094E+000,  1.5495E+001
  1.29600E+001,  8.1094E+000,  1.5495E+001
  1.29700E+001,  8.1185E+000,  1.5495E+001
  1.29800E+001,  8.1094E+000,  1.5495E+001
  1.29900E+001,  8.1094E+000,  1.5495E+001
  1.30000E+001,  8.1094E+000,  1.5495E+001
  1.30100E+001,  8.1094E+000,  1.5495E+001
  1.30200E+001,  8.1004E+000,  1.5495E+001
  1.30300E+001,  8.1094E+000,  1.5495E+001
  1.30400E+001,  8.1094E+000,  1.5486E+001
  1.30500E+001,  8.1094E+000,  1.5495E+001
  1.30600E+001,  8.1094E+000,  1.5495E+001
  1.30700E+001,  8.1185E+000,  1.5495E+001
  1.30800E+001,  8.1094E+000,  1.5495E+001
  1.30900E+001,  8.1094E+000,  1.5486E+001
  1.31000E+001,  8.1094E+000,  1.5495E+001
  1.31100E+001,  8.1094E+000,  1.5495E+001
  1.31200E+001,  8.1094E+000,  1.5495E+001
  1.31300E+001,  8.1094E+000,  1.5495E+001
  1.31400E+001,  8.1004E+000,  1.5486E+001
  1.31500E+001,  8.1094E+000,  1.5486E+001
  1.31600E+001,  8.1094E+000,  1.5486E+001
  1.31700E+001,  8.1094E+000,  1.5486E+001
  1.31800E+001,  8.1094E+000,  1.5486E+001
  1.31900E+001,  8.1094E+000,  1.5495E+001
  1.32000E+001,  8.1094E+000,  1.5495E+001
