# [Parameters]
# Name = 'firc'
# ShotNo = 163402
# Date = '11/20/2020 20:48'
# 
# DimNo = 1
# DimName = 'Time'
# DimSize = 1311
# DimUnit = 's'
# 
# ValNo = 2
# ValName = 'nL(3669)', 'nL(3759)'
# ValUnit = 'e19m-2', 'e19m-2'
# [Comments]
#  
# [data]
  1.00000E-001, -2.9399E-003, -1.0332E-002
  1.10000E-001,  6.1354E-003, -1.2204E-003
  1.20000E-001, -2.9399E-003, -1.2204E-003
  1.30000E-001, -2.9399E-003, -1.2204E-003
  1.40000E-001,  6.1354E-003, -1.2204E-003
  1.50000E-001,  6.1354E-003,  7.8920E-003
  1.60000E-001,  6.1354E-003,  7.8920E-003
  1.70000E-001, -2.9399E-003, -1.2204E-003
  1.80000E-001, -2.9399E-003, -1.0332E-002
  1.90000E-001, -1.2016E-002, -1.0332E-002
  2.00000E-001, -1.2016E-002, -1.0332E-002
  2.10000E-001, -2.9399E-003, -1.0332E-002
  2.20000E-001, -2.9399E-003, -1.2204E-003
  2.30000E-001, -2.9399E-003, -1.0332E-002
  2.40000E-001, -2.9399E-003, -1.2204E-003
  2.50000E-001, -2.9399E-003, -1.2204E-003
  2.60000E-001,  6.1354E-003,  7.8920E-003
  2.70000E-001, -2.9399E-003, -1.2204E-003
  2.80000E-001, -2.9399E-003, -1.2204E-003
  2.90000E-001, -1.2016E-002, -1.0332E-002
  3.00000E-001, -1.2016E-002, -1.0332E-002
  3.10000E-001, -2.9399E-003, -1.0332E-002
  3.20000E-001, -2.9399E-003, -1.0332E-002
  3.30000E-001, -2.9399E-003, -1.0332E-002
  3.40000E-001, -2.9399E-003, -1.0332E-002
  3.50000E-001, -2.9399E-003, -1.2204E-003
  3.60000E-001,  6.1354E-003, -1.2204E-003
  3.70000E-001,  6.1354E-003,  7.8920E-003
  3.80000E-001,  6.1354E-003, -1.0332E-002
  3.90000E-001, -2.9399E-003, -1.2204E-003
  4.00000E-001, -2.9399E-003, -1.2204E-003
  4.10000E-001, -2.9399E-003, -1.2204E-003
  4.20000E-001, -1.2016E-002, -1.2204E-003
  4.30000E-001,  6.1354E-003, -1.2204E-003
  4.40000E-001, -2.9399E-003, -1.0332E-002
  4.50000E-001, -2.9399E-003, -1.0332E-002
  4.60000E-001, -2.9399E-003, -1.2204E-003
  4.70000E-001, -2.9399E-003, -1.2204E-003
  4.80000E-001,  6.1354E-003, -1.2204E-003
  4.90000E-001,  6.1354E-003,  7.8920E-003
  5.00000E-001, -2.9399E-003, -1.2204E-003
  5.10000E-001, -2.9399E-003,  7.8920E-003
  5.20000E-001, -1.2016E-002, -1.0332E-002
  5.30000E-001, -1.2016E-002, -1.0332E-002
  5.40000E-001, -2.9399E-003, -1.0332E-002
  5.50000E-001, -1.2016E-002, -1.0332E-002
  5.60000E-001, -2.9399E-003, -1.2204E-003
  5.70000E-001, -2.9399E-003, -1.2204E-003
  5.80000E-001,  6.1354E-003, -1.2204E-003
  5.90000E-001, -2.9399E-003, -1.2204E-003
  6.00000E-001,  6.1354E-003, -1.2204E-003
  6.10000E-001, -2.9399E-003,  7.8920E-003
  6.20000E-001, -1.2016E-002, -1.2204E-003
  6.30000E-001, -2.9399E-003, -1.2204E-003
  6.40000E-001,  6.1354E-003, -1.2204E-003
  6.50000E-001, -2.9399E-003, -1.0332E-002
  6.60000E-001, -2.9399E-003, -1.2204E-003
  6.70000E-001, -2.9399E-003, -1.2204E-003
  6.80000E-001, -2.9399E-003, -1.2204E-003
  6.90000E-001, -2.9399E-003, -1.2204E-003
  7.00000E-001, -2.9399E-003, -1.2204E-003
  7.10000E-001,  6.1354E-003, -1.2204E-003
  7.20000E-001,  6.1354E-003, -1.2204E-003
  7.30000E-001, -2.9399E-003, -1.2204E-003
  7.40000E-001, -2.9399E-003, -1.2204E-003
  7.50000E-001, -1.2016E-002, -1.2204E-003
  7.60000E-001, -2.9399E-003, -1.2204E-003
  7.70000E-001, -2.9399E-003, -1.0332E-002
  7.80000E-001, -2.9399E-003, -1.2204E-003
  7.90000E-001, -2.9399E-003, -1.2204E-003
  8.00000E-001, -2.9399E-003, -1.2204E-003
  8.10000E-001, -2.9399E-003,  7.8920E-003
  8.20000E-001,  6.1354E-003, -1.2204E-003
  8.30000E-001,  6.1354E-003,  7.8920E-003
  8.40000E-001,  6.1354E-003, -1.2204E-003
  8.50000E-001, -2.9399E-003, -1.0332E-002
  8.60000E-001, -2.9399E-003, -1.2204E-003
  8.70000E-001, -2.9399E-003, -1.0332E-002
  8.80000E-001, -1.2016E-002, -1.0332E-002
  8.90000E-001, -1.2016E-002, -1.0332E-002
  9.00000E-001, -2.9399E-003, -1.0332E-002
  9.10000E-001,  6.1354E-003, -1.2204E-003
  9.20000E-001,  6.1354E-003, -1.2204E-003
  9.30000E-001, -2.9399E-003, -1.2204E-003
  9.40000E-001,  6.1354E-003, -1.2204E-003
  9.50000E-001,  6.1354E-003,  7.8920E-003
  9.60000E-001, -2.9399E-003, -1.2204E-003
  9.70000E-001, -1.2016E-002, -1.2204E-003
  9.80000E-001, -2.9399E-003, -1.2204E-003
  9.90000E-001, -1.2016E-002, -1.2204E-003
  1.00000E+000, -2.9399E-003, -1.0332E-002
  1.01000E+000, -2.9399E-003, -1.2204E-003
  1.02000E+000, -2.9399E-003, -1.2204E-003
  1.03000E+000, -2.9399E-003, -1.2204E-003
  1.04000E+000, -2.9399E-003, -1.2204E-003
  1.05000E+000,  6.1354E-003, -1.2204E-003
  1.06000E+000,  6.1354E-003,  7.8920E-003
  1.07000E+000, -2.9399E-003, -1.2204E-003
  1.08000E+000, -1.2016E-002, -1.0332E-002
  1.09000E+000, -2.9399E-003, -1.2204E-003
  1.10000E+000, -2.1091E-002, -1.0332E-002
  1.11000E+000, -1.2016E-002, -1.0332E-002
  1.12000E+000, -2.9399E-003, -1.0332E-002
  1.13000E+000, -2.9399E-003, -1.0332E-002
  1.14000E+000, -1.2016E-002, -1.2204E-003
  1.15000E+000, -2.9399E-003, -1.2204E-003
  1.16000E+000,  6.1354E-003,  7.8920E-003
  1.17000E+000,  6.1354E-003, -1.2204E-003
  1.18000E+000, -2.9399E-003, -1.2204E-003
  1.19000E+000, -1.2016E-002, -1.0332E-002
  1.20000E+000, -2.9399E-003, -1.2204E-003
  1.21000E+000, -2.9399E-003, -1.2204E-003
  1.22000E+000, -1.2016E-002, -1.2204E-003
  1.23000E+000, -1.2016E-002, -1.2204E-003
  1.24000E+000, -1.2016E-002, -1.2204E-003
  1.25000E+000, -2.9399E-003, -1.2204E-003
  1.26000E+000,  6.1354E-003,  7.8920E-003
  1.27000E+000, -2.9399E-003, -1.2204E-003
  1.28000E+000,  6.1354E-003,  7.8920E-003
  1.29000E+000,  6.1354E-003, -1.2204E-003
  1.30000E+000,  6.1354E-003, -1.2204E-003
  1.31000E+000, -2.9399E-003, -1.2204E-003
  1.32000E+000, -2.9399E-003, -1.2204E-003
  1.33000E+000, -2.9399E-003, -1.2204E-003
  1.34000E+000, -1.2016E-002, -1.0332E-002
  1.35000E+000, -2.9399E-003, -1.0332E-002
  1.36000E+000, -2.9399E-003, -1.2204E-003
  1.37000E+000, -2.9399E-003, -1.2204E-003
  1.38000E+000, -2.9399E-003, -1.2204E-003
  1.39000E+000,  6.1354E-003, -1.2204E-003
  1.40000E+000, -2.9399E-003,  7.8920E-003
  1.41000E+000, -2.9399E-003, -1.2204E-003
  1.42000E+000, -2.9399E-003, -1.0332E-002
  1.43000E+000, -2.9399E-003, -1.2204E-003
  1.44000E+000, -1.2016E-002, -1.0332E-002
  1.45000E+000, -1.2016E-002, -1.0332E-002
  1.46000E+000, -2.9399E-003, -1.2204E-003
  1.47000E+000, -2.9399E-003, -1.2204E-003
  1.48000E+000,  6.1354E-003, -1.2204E-003
  1.49000E+000,  6.1354E-003, -1.2204E-003
  1.50000E+000, -2.9399E-003, -1.2204E-003
  1.51000E+000,  6.1354E-003,  7.8920E-003
  1.52000E+000, -2.9399E-003,  7.8920E-003
  1.53000E+000, -2.9399E-003, -1.2204E-003
  1.54000E+000,  6.1354E-003, -1.2204E-003
  1.55000E+000, -2.9399E-003, -1.2204E-003
  1.56000E+000, -2.9399E-003, -1.2204E-003
  1.57000E+000, -1.2016E-002, -1.0332E-002
  1.58000E+000, -2.9399E-003, -1.0332E-002
  1.59000E+000, -2.9399E-003, -1.0332E-002
  1.60000E+000, -2.9399E-003, -1.2204E-003
  1.61000E+000,  6.1354E-003,  7.8920E-003
  1.62000E+000,  6.1354E-003,  7.8920E-003
  1.63000E+000,  6.1354E-003, -1.2204E-003
  1.64000E+000, -1.2016E-002, -1.2204E-003
  1.65000E+000, -1.2016E-002, -1.0332E-002
  1.66000E+000, -1.2016E-002, -1.2204E-003
  1.67000E+000, -2.9399E-003, -1.0332E-002
  1.68000E+000, -2.9399E-003, -1.2204E-003
  1.69000E+000, -1.2016E-002, -1.0332E-002
  1.70000E+000, -2.9399E-003, -1.2204E-003
  1.71000E+000, -2.9399E-003, -1.2204E-003
  1.72000E+000, -2.9399E-003, -1.2204E-003
  1.73000E+000, -2.9399E-003, -1.2204E-003
  1.74000E+000, -2.9399E-003,  7.8920E-003
  1.75000E+000,  6.1354E-003, -1.2204E-003
  1.76000E+000, -2.9399E-003, -1.2204E-003
  1.77000E+000, -2.9399E-003, -1.2204E-003
  1.78000E+000, -2.9399E-003, -1.2204E-003
  1.79000E+000, -1.2016E-002, -1.2204E-003
  1.80000E+000, -1.2016E-002, -1.2204E-003
  1.81000E+000, -2.9399E-003, -1.2204E-003
  1.82000E+000, -2.9399E-003, -1.2204E-003
  1.83000E+000,  6.1354E-003, -1.2204E-003
  1.84000E+000, -2.9399E-003,  1.7003E-002
  1.85000E+000, -2.9399E-003,  7.8920E-003
  1.86000E+000, -2.9399E-003,  7.8920E-003
  1.87000E+000, -2.9399E-003, -1.2204E-003
  1.88000E+000, -2.9399E-003, -1.2204E-003
  1.89000E+000, -2.9399E-003, -1.2204E-003
  1.90000E+000, -1.2016E-002, -1.0332E-002
  1.91000E+000, -1.2016E-002, -1.0332E-002
  1.92000E+000, -1.2016E-002, -1.0332E-002
  1.93000E+000, -1.2016E-002, -1.2204E-003
  1.94000E+000, -1.2016E-002, -1.2204E-003
  1.95000E+000, -2.9399E-003, -1.2204E-003
  1.96000E+000,  6.1354E-003,  7.8920E-003
  1.97000E+000,  6.1354E-003, -1.2204E-003
  1.98000E+000, -2.9399E-003, -1.2204E-003
  1.99000E+000, -1.2016E-002, -1.2204E-003
  2.00000E+000, -1.2016E-002, -1.0332E-002
  2.01000E+000, -1.2016E-002, -1.2204E-003
  2.02000E+000, -1.2016E-002, -1.2204E-003
  2.03000E+000, -1.2016E-002, -1.2204E-003
  2.04000E+000, -2.9399E-003, -1.2204E-003
  2.05000E+000, -2.9399E-003,  7.8920E-003
  2.06000E+000, -2.9399E-003,  7.8920E-003
  2.07000E+000, -2.9399E-003,  7.8920E-003
  2.08000E+000,  6.1354E-003, -1.2204E-003
  2.09000E+000, -2.9399E-003, -1.2204E-003
  2.10000E+000, -2.9399E-003, -1.2204E-003
  2.11000E+000, -2.9399E-003,  7.8920E-003
  2.12000E+000, -1.2016E-002, -1.2204E-003
  2.13000E+000, -1.2016E-002, -1.2204E-003
  2.14000E+000, -1.2016E-002, -1.0332E-002
  2.15000E+000, -1.2016E-002, -1.2204E-003
  2.16000E+000, -1.2016E-002, -1.2204E-003
  2.17000E+000, -2.9399E-003, -1.2204E-003
  2.18000E+000, -2.9399E-003, -1.2204E-003
  2.19000E+000, -2.9399E-003,  7.8920E-003
  2.20000E+000, -2.9399E-003, -1.2204E-003
  2.21000E+000, -2.9399E-003, -1.2204E-003
  2.22000E+000, -1.2016E-002,  7.8920E-003
  2.23000E+000, -1.2016E-002, -1.2204E-003
  2.24000E+000, -1.2016E-002, -1.2204E-003
  2.25000E+000, -1.2016E-002, -1.2204E-003
  2.26000E+000, -1.2016E-002, -1.2204E-003
  2.27000E+000, -1.2016E-002, -1.2204E-003
  2.28000E+000, -2.9399E-003, -1.2204E-003
  2.29000E+000, -2.9399E-003,  7.8920E-003
  2.30000E+000,  6.1354E-003,  7.8920E-003
  2.31000E+000, -2.9399E-003, -1.2204E-003
  2.32000E+000, -2.9399E-003, -1.2204E-003
  2.33000E+000, -2.9399E-003, -1.2204E-003
  2.34000E+000, -1.2016E-002, -1.2204E-003
  2.35000E+000, -2.9399E-003, -1.0332E-002
  2.36000E+000, -1.2016E-002, -1.2204E-003
  2.37000E+000, -1.2016E-002, -1.2204E-003
  2.38000E+000, -2.9399E-003, -1.0332E-002
  2.39000E+000, -2.9399E-003, -1.2204E-003
  2.40000E+000, -2.9399E-003, -1.2204E-003
  2.41000E+000, -1.2016E-002,  7.8920E-003
  2.42000E+000, -2.9399E-003, -1.2204E-003
  2.43000E+000, -2.9399E-003, -1.2204E-003
  2.44000E+000, -2.9399E-003,  7.8920E-003
  2.45000E+000,  6.1354E-003, -1.2204E-003
  2.46000E+000, -2.9399E-003, -1.2204E-003
  2.47000E+000, -1.2016E-002, -1.0332E-002
  2.48000E+000, -2.1091E-002, -1.0332E-002
  2.49000E+000, -1.2016E-002, -1.0332E-002
  2.50000E+000, -1.2016E-002, -1.2204E-003
  2.51000E+000, -2.9399E-003, -1.2204E-003
  2.52000E+000,  6.1354E-003, -1.2204E-003
  2.53000E+000, -2.9399E-003, -1.2204E-003
  2.54000E+000, -2.9399E-003, -1.2204E-003
  2.55000E+000, -2.9399E-003, -1.2204E-003
  2.56000E+000, -2.9399E-003, -1.2204E-003
  2.57000E+000, -1.2016E-002, -1.0332E-002
  2.58000E+000, -1.2016E-002, -1.0332E-002
  2.59000E+000, -1.2016E-002, -1.0332E-002
  2.60000E+000, -1.2016E-002, -1.0332E-002
  2.61000E+000, -1.2016E-002, -1.2204E-003
  2.62000E+000,  6.1354E-003, -1.2204E-003
  2.63000E+000, -2.9399E-003, -1.2204E-003
  2.64000E+000, -2.9399E-003, -1.2204E-003
  2.65000E+000, -2.9399E-003, -1.2204E-003
  2.66000E+000,  6.1354E-003,  7.8920E-003
  2.67000E+000,  6.1354E-003,  7.8920E-003
  2.68000E+000, -2.9399E-003, -1.2204E-003
  2.69000E+000, -1.2016E-002, -1.0332E-002
  2.70000E+000, -1.2016E-002, -1.0332E-002
  2.71000E+000, -2.9399E-003, -1.0332E-002
  2.72000E+000, -2.9399E-003, -1.2204E-003
  2.73000E+000, -2.9399E-003, -1.0332E-002
  2.74000E+000, -2.9399E-003, -1.0332E-002
  2.75000E+000, -2.9399E-003, -1.2204E-003
  2.76000E+000, -2.9399E-003,  7.8920E-003
  2.77000E+000,  6.1354E-003, -1.2204E-003
  2.78000E+000, -2.9399E-003, -1.2204E-003
  2.79000E+000, -2.9399E-003, -1.2204E-003
  2.80000E+000, -1.2016E-002, -1.0332E-002
  2.81000E+000, -1.2016E-002, -1.0332E-002
  2.82000E+000, -1.2016E-002, -1.0332E-002
  2.83000E+000, -1.2016E-002, -1.0332E-002
  2.84000E+000, -1.2016E-002, -1.0332E-002
  2.85000E+000, -1.2016E-002, -1.0332E-002
  2.86000E+000, -2.9399E-003, -1.2204E-003
  2.87000E+000,  6.1354E-003,  7.8920E-003
  2.88000E+000,  6.1354E-003, -1.2204E-003
  2.89000E+000, -2.9399E-003, -1.2204E-003
  2.90000E+000, -1.2016E-002, -1.0332E-002
  2.91000E+000, -1.2016E-002, -1.0332E-002
  2.92000E+000, -1.2016E-002, -1.0332E-002
  2.93000E+000, -1.2016E-002, -1.0332E-002
  2.94000E+000, -2.9399E-003, -1.0332E-002
  2.95000E+000, -1.2016E-002, -1.0332E-002
  2.96000E+000, -2.9399E-003, -1.0332E-002
  2.97000E+000, -2.9399E-003, -1.0332E-002
  2.98000E+000,  6.1354E-003, -1.2204E-003
  2.99000E+000,  6.1354E-003, -1.2204E-003
  3.00000E+000, -2.9399E-003, -1.2204E-003
  3.01000E+000,  6.1354E-003, -1.2204E-003
  3.02000E+000, -2.9399E-003, -1.0332E-002
  3.03000E+000, -2.9399E-003, -1.0332E-002
  3.04000E+000, -2.9399E-003, -1.0332E-002
  3.05000E+000, -1.2016E-002, -1.0332E-002
  3.06000E+000, -1.2016E-002, -1.0332E-002
  3.07000E+000, -2.9399E-003, -1.0332E-002
  3.08000E+000, -2.9399E-003, -1.0332E-002
  3.09000E+000,  6.1354E-003, -1.2204E-003
  3.10000E+000, -2.9399E-003, -1.2204E-003
  3.11000E+000, -2.9399E-003, -1.2204E-003
  3.12000E+000, -2.9399E-003, -1.2204E-003
  3.13000E+000, -2.9399E-003, -1.2204E-003
  3.14000E+000, -2.9399E-003, -1.0332E-002
  3.15000E+000, -2.9399E-003, -1.0332E-002
  3.16000E+000, -2.9399E-003, -1.0332E-002
  3.17000E+000, -2.9399E-003, -1.0332E-002
  3.18000E+000, -2.9399E-003, -1.0332E-002
  3.19000E+000, -2.9399E-003, -1.0332E-002
  3.20000E+000, -2.9399E-003, -1.2204E-003
  3.21000E+000,  6.1354E-003, -1.2204E-003
  3.22000E+000,  6.1354E-003,  7.8920E-003
  3.23000E+000,  6.1354E-003, -1.2204E-003
  3.24000E+000, -1.2016E-002, -1.0332E-002
  3.25000E+000, -2.9399E-003, -1.0332E-002
  3.26000E+000, -1.2016E-002, -1.0332E-002
  3.27000E+000, -2.9399E-003, -1.0332E-002
  3.28000E+000, -1.2016E-002, -1.0332E-002
  3.29000E+000, -1.2016E-002, -1.0332E-002
  3.30000E+000, -2.9399E-003, -1.2204E-003
  3.31000E+000,  3.5101E-001,  3.4503E-001
  3.32000E+000,  4.5992E-001,  4.8171E-001
  3.33000E+000,  5.8698E-001,  5.8194E-001
  3.34000E+000,  6.8681E-001,  6.8217E-001
  3.35000E+000,  7.7757E-001,  7.7329E-001
  3.36000E+000,  8.6832E-001,  8.5529E-001
  3.37000E+000,  9.4093E-001,  9.3730E-001
  3.38000E+000,  1.0226E+000,  1.0193E+000
  3.39000E+000,  1.0861E+000,  1.1104E+000
  3.40000E+000,  1.1860E+000,  1.1924E+000
  3.41000E+000,  1.2677E+000,  1.2744E+000
  3.42000E+000,  1.3493E+000,  1.3564E+000
  3.43000E+000,  1.4310E+000,  1.4202E+000
  3.44000E+000,  1.5036E+000,  1.5022E+000
  3.45000E+000,  1.5762E+000,  1.5660E+000
  3.46000E+000,  1.6488E+000,  1.6480E+000
  3.47000E+000,  1.7214E+000,  1.7118E+000
  3.48000E+000,  1.7850E+000,  1.7756E+000
  3.49000E+000,  1.8485E+000,  1.8303E+000
  3.50000E+000,  1.9030E+000,  1.8849E+000
  3.51000E+000,  1.9846E+000,  1.9669E+000
  3.52000E+000,  2.1117E+000,  2.0945E+000
  3.53000E+000,  2.2478E+000,  2.2494E+000
  3.54000E+000,  2.3567E+000,  2.4225E+000
  3.55000E+000,  2.4747E+000,  2.5501E+000
  3.56000E+000,  2.5745E+000,  2.6594E+000
  3.57000E+000,  2.6925E+000,  2.7961E+000
  3.58000E+000,  2.7742E+000,  2.9055E+000
  3.59000E+000,  2.8650E+000,  2.9510E+000
  3.60000E+000,  2.9376E+000,  3.0604E+000
  3.61000E+000,  3.0283E+000,  3.1332E+000
  3.62000E+000,  3.0919E+000,  3.1970E+000
  3.63000E+000,  3.1735E+000,  3.2973E+000
  3.64000E+000,  3.2371E+000,  3.3337E+000
  3.65000E+000,  3.3097E+000,  3.4066E+000
  3.66000E+000,  3.4004E+000,  3.4886E+000
  3.67000E+000,  3.4549E+000,  3.5706E+000
  3.68000E+000,  3.4912E+000,  3.5797E+000
  3.69000E+000,  3.5275E+000,  3.6253E+000
  3.70000E+000,  3.5638E+000,  3.6435E+000
  3.71000E+000,  3.5910E+000,  3.6617E+000
  3.72000E+000,  3.6001E+000,  3.6708E+000
  3.73000E+000,  3.6183E+000,  3.6800E+000
  3.74000E+000,  3.6273E+000,  3.6982E+000
  3.75000E+000,  3.6364E+000,  3.7073E+000
  3.76000E+000,  3.6636E+000,  3.7255E+000
  3.77000E+000,  3.6727E+000,  3.7437E+000
  3.78000E+000,  3.6727E+000,  3.7529E+000
  3.79000E+000,  3.6999E+000,  3.7620E+000
  3.80000E+000,  3.6999E+000,  3.7711E+000
  3.81000E+000,  3.7090E+000,  3.7711E+000
  3.82000E+000,  3.7181E+000,  3.7893E+000
  3.83000E+000,  3.7090E+000,  3.7711E+000
  3.84000E+000,  3.7181E+000,  3.7802E+000
  3.85000E+000,  3.7362E+000,  3.7984E+000
  3.86000E+000,  3.7544E+000,  3.8166E+000
  3.87000E+000,  3.7544E+000,  3.8166E+000
  3.88000E+000,  3.7635E+000,  3.8257E+000
  3.89000E+000,  3.7816E+000,  3.8440E+000
  3.90000E+000,  3.7907E+000,  3.8440E+000
  3.91000E+000,  3.7907E+000,  3.8622E+000
  3.92000E+000,  3.7998E+000,  3.8622E+000
  3.93000E+000,  3.8179E+000,  3.8895E+000
  3.94000E+000,  3.8361E+000,  3.8986E+000
  3.95000E+000,  3.8270E+000,  3.8895E+000
  3.96000E+000,  3.8270E+000,  3.9078E+000
  3.97000E+000,  3.8542E+000,  3.9351E+000
  3.98000E+000,  3.8814E+000,  3.9351E+000
  3.99000E+000,  3.8996E+000,  3.9715E+000
  4.00000E+000,  3.9087E+000,  3.9806E+000
  4.01000E+000,  3.9450E+000,  3.9989E+000
  4.02000E+000,  3.9631E+000,  4.0353E+000
  4.03000E+000,  3.9813E+000,  4.0444E+000
  4.04000E+000,  3.9813E+000,  4.0718E+000
  4.05000E+000,  4.0448E+000,  4.1264E+000
  4.06000E+000,  4.0448E+000,  4.1264E+000
  4.07000E+000,  4.0630E+000,  4.1447E+000
  4.08000E+000,  4.0811E+000,  4.1811E+000
  4.09000E+000,  4.1083E+000,  4.1902E+000
  4.10000E+000,  4.1356E+000,  4.2176E+000
  4.11000E+000,  4.1628E+000,  4.2540E+000
  4.12000E+000,  4.2082E+000,  4.2904E+000
  4.13000E+000,  4.2263E+000,  4.3178E+000
  4.14000E+000,  4.2535E+000,  4.3451E+000
  4.15000E+000,  4.2808E+000,  4.3907E+000
  4.16000E+000,  4.3080E+000,  4.4089E+000
  4.17000E+000,  4.3625E+000,  4.4636E+000
  4.18000E+000,  4.3897E+000,  4.5000E+000
  4.19000E+000,  4.4351E+000,  4.5456E+000
  4.20000E+000,  4.4532E+000,  4.5911E+000
  4.21000E+000,  4.5167E+000,  4.6549E+000
  4.22000E+000,  4.5621E+000,  4.7096E+000
  4.23000E+000,  4.6166E+000,  4.8463E+000
  4.24000E+000,  4.6983E+000,  4.8463E+000
  4.25000E+000,  4.7527E+000,  4.9647E+000
  4.26000E+000,  4.8072E+000,  5.0194E+000
  4.27000E+000,  4.8525E+000,  5.1561E+000
  4.28000E+000,  4.9251E+000,  5.1743E+000
  4.29000E+000,  5.0068E+000,  5.2563E+000
  4.30000E+000,  5.0250E+000,  5.2928E+000
  4.31000E+000,  5.0976E+000,  5.4932E+000
  4.32000E+000,  5.2428E+000,  5.4203E+000
  4.33000E+000,  5.2337E+000,  5.6117E+000
  4.34000E+000,  5.3245E+000,  5.6117E+000
  4.35000E+000,  5.4243E+000,  5.6390E+000
  4.36000E+000,  5.4425E+000,  5.7483E+000
  4.37000E+000,  5.5967E+000,  5.9032E+000
  4.38000E+000,  5.6330E+000,  5.9761E+000
  4.39000E+000,  5.6603E+000,  5.9852E+000
  4.40000E+000,  5.6875E+000,  6.0855E+000
  4.41000E+000,  5.6512E+000,  5.8941E+000
  4.42000E+000,  5.6421E+000,  6.0764E+000
  4.43000E+000,  5.6875E+000,  5.9852E+000
  4.44000E+000,  5.6966E+000,  5.9944E+000
  4.45000E+000,  5.7057E+000,  5.9670E+000
  4.46000E+000,  5.6421E+000,  6.0490E+000
  4.47000E+000,  5.6330E+000,  5.8941E+000
  4.48000E+000,  5.7510E+000,  6.1766E+000
  4.49000E+000,  5.8236E+000,  6.2859E+000
  4.50000E+000,  5.9598E+000,  6.2586E+000
  4.51000E+000,  6.1504E+000,  6.3497E+000
  4.52000E+000,  6.3591E+000,  6.5228E+000
  4.53000E+000,  6.6132E+000,  6.7962E+000
  4.54000E+000,  6.2502E+000,  6.3771E+000
  4.55000E+000,  6.6314E+000,  6.7871E+000
  4.56000E+000,  6.9672E+000,  7.1242E+000
  4.57000E+000,  7.3211E+000,  7.4340E+000
  4.58000E+000,  7.6115E+000,  7.8076E+000
  4.59000E+000,  7.9020E+000,  8.1356E+000
  4.60000E+000,  8.0472E+000,  8.3361E+000
  4.61000E+000,  8.3921E+000,  9.0559E+000
  4.62000E+000,  8.4011E+000,  8.6277E+000
  4.63000E+000,  8.2468E+000,  8.8646E+000
  4.64000E+000,  8.5826E+000,  8.7826E+000
  4.65000E+000,  8.1833E+000,  8.7917E+000
  4.66000E+000,  8.1833E+000,  8.8008E+000
  4.67000E+000,  8.0563E+000,  8.5274E+000
  4.68000E+000,  8.0381E+000,  8.5912E+000
  4.69000E+000,  7.9383E+000,  8.5092E+000
  4.70000E+000,  7.7568E+000,  8.2359E+000
  4.71000E+000,  7.6569E+000,  8.0901E+000
  4.72000E+000,  7.6115E+000,  8.4363E+000
  4.73000E+000,  7.4936E+000,  8.1083E+000
  4.74000E+000,  7.2848E+000,  7.7347E+000
  4.75000E+000,  7.2485E+000,  7.8349E+000
  4.76000E+000,  7.2485E+000,  7.8714E+000
  4.77000E+000,  7.2485E+000,  7.7438E+000
  4.78000E+000,  7.4754E+000,  8.0627E+000
  4.79000E+000,  7.4300E+000,  7.8349E+000
  4.80000E+000,  7.5571E+000,  7.9078E+000
  4.81000E+000,  7.8475E+000,  8.1265E+000
  4.82000E+000,  7.5117E+000,  7.6345E+000
  4.83000E+000,  8.0018E+000,  8.0263E+000
  4.84000E+000,  8.3194E+000,  8.2997E+000
  4.85000E+000,  8.6280E+000,  8.6824E+000
  4.86000E+000,  8.8640E+000,  8.9557E+000
  4.87000E+000,  9.2542E+000,  9.3293E+000
  4.88000E+000,  9.7262E+000,  9.7211E+000
  4.89000E+000,  1.0189E+001,  1.0259E+001
  4.90000E+000,  1.0498E+001,  1.0550E+001
  4.91000E+000,  1.0135E+001,  1.0377E+001
  4.92000E+000,  1.0307E+001,  1.0641E+001
  4.93000E+000,  1.0452E+001,  1.0742E+001
  4.94000E+000,  1.0452E+001,  1.0778E+001
  4.95000E+000,  1.0806E+001,  1.1225E+001
  4.96000E+000,  1.0298E+001,  1.0714E+001
  4.97000E+000,  1.0234E+001,  1.0678E+001
  4.98000E+000,  1.0334E+001,  1.0769E+001
  4.99000E+000,  1.0498E+001,  1.1297E+001
  5.00000E+000,  1.0207E+001,  1.1024E+001
  5.01000E+000,  1.0634E+001,  1.0687E+001
  5.02000E+000,  9.6989E+000,  1.0149E+001
  5.03000E+000,  9.9984E+000,  1.0796E+001
  5.04000E+000,  9.4085E+000,  9.8304E+000
  5.05000E+000,  9.5537E+000,  1.0477E+001
  5.06000E+000,  9.6717E+000,  1.0441E+001
  5.07000E+000,  9.1090E+000,  9.7940E+000
  5.08000E+000,  9.0183E+000,  1.0049E+001
  5.09000E+000,  8.9366E+000,  1.0040E+001
  5.10000E+000,  8.8005E+000,  9.6300E+000
  5.11000E+000,  8.6462E+000,  9.7940E+000
  5.12000E+000,  8.5010E+000,  9.7120E+000
  5.13000E+000,  8.3739E+000,  9.5024E+000
  5.14000E+000,  8.2559E+000,  9.2655E+000
  5.15000E+000,  8.1561E+000,  9.0104E+000
  5.16000E+000,  8.1379E+000,  9.0559E+000
  5.17000E+000,  8.0199E+000,  9.1197E+000
  5.18000E+000,  8.0563E+000,  9.2017E+000
  5.19000E+000,  7.9292E+000,  8.9557E+000
  5.20000E+000,  7.8021E+000,  8.7370E+000
  5.21000E+000,  7.8384E+000,  8.9557E+000
  5.22000E+000,  7.8929E+000,  8.5274E+000
  5.23000E+000,  7.7568E+000,  8.5912E+000
  5.24000E+000,  7.8838E+000,  8.8281E+000
  5.25000E+000,  7.8294E+000,  8.5912E+000
  5.26000E+000,  7.8747E+000,  8.5821E+000
  5.27000E+000,  8.1198E+000,  8.6641E+000
  5.28000E+000,  8.5736E+000,  8.9648E+000
  5.29000E+000,  8.0018E+000,  8.2450E+000
  5.30000E+000,  8.5826E+000,  8.7461E+000
  5.31000E+000,  8.7006E+000,  8.8190E+000
  5.32000E+000,  9.4721E+000,  9.3020E+000
  5.33000E+000,  1.0416E+001,  1.0259E+001
  5.34000E+000,  1.0652E+001,  1.0295E+001
  5.35000E+000,  2.2169E+001,  1.5407E+001
  5.36000E+000,  7.0761E+000,  2.2368E+001
  5.37000E+000,  2.4683E+001,  1.2446E+001
  5.38000E+000,  2.1488E+001,  8.6277E+000
  5.39000E+000,  1.8893E+001,  5.7666E+000
  5.40000E+000,  1.7558E+001,  4.1538E+000
  5.41000E+000,  1.6860E+001,  3.3884E+000
  5.42000E+000,  1.6615E+001,  3.1150E+000
  5.43000E+000,  1.6542E+001,  3.0148E+000
  5.44000E+000,  1.6506E+001,  2.9966E+000
  5.45000E+000,  1.6297E+001,  2.7961E+000
  5.46000E+000,  1.6261E+001,  2.7506E+000
  5.47000E+000,  1.6243E+001,  2.7414E+000
  5.48000E+000,  1.6243E+001,  2.7414E+000
  5.49000E+000,  1.6252E+001,  2.7414E+000
  5.50000E+000,  1.6261E+001,  2.7414E+000
  5.51000E+000,  1.6959E+001,  3.2790E+000
  5.52000E+000,  1.7577E+001,  3.8986E+000
  5.53000E+000,  1.7822E+001,  4.3907E+000
  5.54000E+000,  1.7994E+001,  4.8280E+000
  5.55000E+000,  1.8366E+001,  5.1014E+000
  5.56000E+000,  1.8811E+001,  5.6390E+000
  5.57000E+000,  1.9274E+001,  6.3133E+000
  5.58000E+000,  1.9374E+001,  7.0604E+000
  5.59000E+000,  1.9065E+001,  7.6709E+000
  5.60000E+000,  1.8847E+001,  7.5343E+000
  5.61000E+000,  1.8275E+001,  6.3588E+000
  5.62000E+000,  1.7903E+001,  6.0490E+000
  5.63000E+000,  1.7622E+001,  5.5388E+000
  5.64000E+000,  1.7431E+001,  5.1014E+000
  5.65000E+000,  1.7931E+001,  5.4477E+000
  5.66000E+000,  1.8348E+001,  5.9032E+000
  5.67000E+000,  1.8466E+001,  6.1493E+000
  5.68000E+000,  1.8530E+001,  6.3771E+000
  5.69000E+000,  1.8475E+001,  6.4682E+000
  5.70000E+000,  1.8384E+001,  6.3679E+000
  5.71000E+000,  1.7667E+001,  5.1925E+000
  5.72000E+000,  1.6796E+001,  3.7164E+000
  5.73000E+000,  1.6370E+001,  2.9055E+000
  5.74000E+000,  1.6279E+001,  2.7779E+000
  5.75000E+000,  1.6261E+001,  2.7506E+000
  5.76000E+000,  1.6261E+001,  2.7506E+000
  5.77000E+000,  1.6261E+001,  2.7506E+000
  5.78000E+000,  1.6261E+001,  2.7414E+000
  5.79000E+000,  1.6252E+001,  2.7414E+000
  5.80000E+000,  1.6243E+001,  2.7232E+000
  5.81000E+000,  1.6233E+001,  2.7323E+000
  5.82000E+000,  1.6243E+001,  2.7323E+000
  5.83000E+000,  1.6252E+001,  2.7414E+000
  5.84000E+000,  1.6252E+001,  2.7414E+000
  5.85000E+000,  1.6243E+001,  2.7414E+000
  5.86000E+000,  1.6243E+001,  2.7414E+000
  5.87000E+000,  1.6252E+001,  2.7414E+000
  5.88000E+000,  1.6243E+001,  2.7414E+000
  5.89000E+000,  1.6252E+001,  2.7323E+000
  5.90000E+000,  1.6252E+001,  2.7414E+000
  5.91000E+000,  1.6243E+001,  2.7323E+000
  5.92000E+000,  1.6243E+001,  2.7323E+000
  5.93000E+000,  1.6243E+001,  2.7323E+000
  5.94000E+000,  1.6243E+001,  2.7323E+000
  5.95000E+000,  1.6243E+001,  2.7414E+000
  5.96000E+000,  1.6252E+001,  2.7414E+000
  5.97000E+000,  1.6243E+001,  2.7323E+000
  5.98000E+000,  1.6243E+001,  2.7323E+000
  5.99000E+000,  1.6252E+001,  2.7414E+000
  6.00000E+000,  1.6252E+001,  2.7414E+000
  6.01000E+000,  1.6252E+001,  2.7414E+000
  6.02000E+000,  1.6243E+001,  2.7414E+000
  6.03000E+000,  1.6233E+001,  2.7323E+000
  6.04000E+000,  1.6243E+001,  2.7323E+000
  6.05000E+000,  1.6243E+001,  2.7323E+000
  6.06000E+000,  1.6252E+001,  2.7414E+000
  6.07000E+000,  1.6252E+001,  2.7414E+000
  6.08000E+000,  1.6243E+001,  2.7323E+000
  6.09000E+000,  1.6243E+001,  2.7414E+000
  6.10000E+000,  1.6243E+001,  2.7414E+000
  6.11000E+000,  1.6252E+001,  2.7414E+000
  6.12000E+000,  1.6261E+001,  2.7506E+000
  6.13000E+000,  1.6252E+001,  2.7232E+000
  6.14000E+000,  1.6252E+001,  2.7414E+000
  6.15000E+000,  1.6243E+001,  2.7414E+000
  6.16000E+000,  1.6243E+001,  2.7323E+000
  6.17000E+000,  1.6243E+001,  2.7323E+000
  6.18000E+000,  1.6243E+001,  2.7323E+000
  6.19000E+000,  1.6243E+001,  2.7414E+000
  6.20000E+000,  1.6243E+001,  2.7414E+000
  6.21000E+000,  1.6261E+001,  2.7414E+000
  6.22000E+000,  1.6252E+001,  2.7414E+000
  6.23000E+000,  1.6243E+001,  2.7414E+000
  6.24000E+000,  1.6243E+001,  2.7323E+000
  6.25000E+000,  1.6243E+001,  2.7414E+000
  6.26000E+000,  1.6252E+001,  2.7414E+000
  6.27000E+000,  1.6252E+001,  2.7414E+000
  6.28000E+000,  1.6252E+001,  2.7323E+000
  6.29000E+000,  1.6243E+001,  2.7414E+000
  6.30000E+000,  1.6243E+001,  2.7323E+000
  6.31000E+000,  1.6243E+001,  2.7414E+000
  6.32000E+000,  1.6252E+001,  2.7414E+000
  6.33000E+000,  1.6261E+001,  2.7414E+000
  6.34000E+000,  1.6252E+001,  2.7414E+000
  6.35000E+000,  1.6252E+001,  2.7414E+000
  6.36000E+000,  1.6252E+001,  2.7414E+000
  6.37000E+000,  1.6252E+001,  2.7323E+000
  6.38000E+000,  1.6252E+001,  2.7414E+000
  6.39000E+000,  1.6243E+001,  2.7323E+000
  6.40000E+000,  1.6252E+001,  2.7323E+000
  6.41000E+000,  1.6243E+001,  2.7414E+000
  6.42000E+000,  1.6252E+001,  2.7323E+000
  6.43000E+000,  1.6252E+001,  2.7414E+000
  6.44000E+000,  1.6252E+001,  2.7414E+000
  6.45000E+000,  1.6252E+001,  2.7414E+000
  6.46000E+000,  1.6252E+001,  2.7506E+000
  6.47000E+000,  1.6261E+001,  2.7506E+000
  6.48000E+000,  1.6261E+001,  2.7414E+000
  6.49000E+000,  1.6243E+001,  2.7414E+000
  6.50000E+000,  1.6243E+001,  2.7414E+000
  6.51000E+000,  1.6243E+001,  2.7323E+000
  6.52000E+000,  1.6252E+001,  2.7323E+000
  6.53000E+000,  1.6252E+001,  2.7414E+000
  6.54000E+000,  1.6252E+001,  2.7414E+000
  6.55000E+000,  1.6252E+001,  2.7414E+000
  6.56000E+000,  1.6261E+001,  2.7414E+000
  6.57000E+000,  1.6252E+001,  2.7414E+000
  6.58000E+000,  1.6252E+001,  2.7506E+000
  6.59000E+000,  1.6243E+001,  2.7414E+000
  6.60000E+000,  1.6243E+001,  2.7414E+000
  6.61000E+000,  1.6252E+001,  2.7414E+000
  6.62000E+000,  1.6252E+001,  2.7414E+000
  6.63000E+000,  1.6243E+001,  2.7414E+000
  6.64000E+000,  1.6243E+001,  2.7414E+000
  6.65000E+000,  1.6252E+001,  2.7323E+000
  6.66000E+000,  1.6243E+001,  2.7414E+000
  6.67000E+000,  1.6261E+001,  2.7414E+000
  6.68000E+000,  1.6252E+001,  2.7414E+000
  6.69000E+000,  1.6261E+001,  2.7506E+000
  6.70000E+000,  1.6252E+001,  2.7414E+000
  6.71000E+000,  1.6252E+001,  2.7414E+000
  6.72000E+000,  1.6243E+001,  2.7323E+000
  6.73000E+000,  1.6243E+001,  2.7323E+000
  6.74000E+000,  1.6243E+001,  2.7323E+000
  6.75000E+000,  1.6243E+001,  2.7414E+000
  6.76000E+000,  1.6261E+001,  2.7506E+000
  6.77000E+000,  1.6252E+001,  2.7414E+000
  6.78000E+000,  1.6252E+001,  2.7414E+000
  6.79000E+000,  1.6252E+001,  2.7414E+000
  6.80000E+000,  1.6252E+001,  2.7414E+000
  6.81000E+000,  1.6252E+001,  2.7506E+000
  6.82000E+000,  1.6252E+001,  2.7414E+000
  6.83000E+000,  1.6252E+001,  2.7414E+000
  6.84000E+000,  1.6252E+001,  2.7414E+000
  6.85000E+000,  1.6243E+001,  2.7323E+000
  6.86000E+000,  1.6243E+001,  2.7414E+000
  6.87000E+000,  1.6252E+001,  2.7414E+000
  6.88000E+000,  1.6252E+001,  2.7414E+000
  6.89000E+000,  1.6252E+001,  2.7414E+000
  6.90000E+000,  1.6252E+001,  2.7414E+000
  6.91000E+000,  1.6252E+001,  2.7414E+000
  6.92000E+000,  1.6252E+001,  2.7414E+000
  6.93000E+000,  1.6252E+001,  2.7414E+000
  6.94000E+000,  1.6261E+001,  2.7414E+000
  6.95000E+000,  1.6252E+001,  2.7414E+000
  6.96000E+000,  1.6252E+001,  2.7414E+000
  6.97000E+000,  1.6252E+001,  2.7414E+000
  6.98000E+000,  1.6252E+001,  2.7414E+000
  6.99000E+000,  1.6243E+001,  2.7414E+000
  7.00000E+000,  1.6243E+001,  2.7414E+000
  7.01000E+000,  1.6243E+001,  2.7506E+000
  7.02000E+000,  1.6261E+001,  2.7506E+000
  7.03000E+000,  1.6252E+001,  2.7414E+000
  7.04000E+000,  1.6252E+001,  2.7414E+000
  7.05000E+000,  1.6243E+001,  2.7414E+000
  7.06000E+000,  1.6243E+001,  2.7414E+000
  7.07000E+000,  1.6243E+001,  2.7414E+000
  7.08000E+000,  1.6252E+001,  2.7414E+000
  7.09000E+000,  1.6252E+001,  2.7414E+000
  7.10000E+000,  1.6252E+001,  2.7323E+000
  7.11000E+000,  1.6252E+001,  2.7414E+000
  7.12000E+000,  1.6243E+001,  2.7414E+000
  7.13000E+000,  1.6243E+001,  2.7414E+000
  7.14000E+000,  1.6252E+001,  2.7506E+000
  7.15000E+000,  1.6252E+001,  2.7414E+000
  7.16000E+000,  1.6261E+001,  2.7506E+000
  7.17000E+000,  1.6252E+001,  2.7506E+000
  7.18000E+000,  1.6261E+001,  2.7414E+000
  7.19000E+000,  1.6252E+001,  2.7506E+000
  7.20000E+000,  1.6252E+001,  2.7414E+000
  7.21000E+000,  1.6252E+001,  2.7414E+000
  7.22000E+000,  1.6252E+001,  2.7323E+000
  7.23000E+000,  1.6252E+001,  2.7414E+000
  7.24000E+000,  1.6252E+001,  2.7414E+000
  7.25000E+000,  1.6252E+001,  2.7414E+000
  7.26000E+000,  1.6261E+001,  2.7414E+000
  7.27000E+000,  1.6252E+001,  2.7414E+000
  7.28000E+000,  1.6243E+001,  2.7506E+000
  7.29000E+000,  1.6243E+001,  2.7414E+000
  7.30000E+000,  1.6252E+001,  2.7414E+000
  7.31000E+000,  1.6243E+001,  2.7414E+000
  7.32000E+000,  1.6243E+001,  2.7323E+000
  7.33000E+000,  1.6243E+001,  2.7323E+000
  7.34000E+000,  1.6243E+001,  2.7323E+000
  7.35000E+000,  1.6243E+001,  2.7414E+000
  7.36000E+000,  1.6252E+001,  2.7414E+000
  7.37000E+000,  1.6252E+001,  2.7414E+000
  7.38000E+000,  1.6261E+001,  2.7323E+000
  7.39000E+000,  1.6243E+001,  2.7323E+000
  7.40000E+000,  1.6243E+001,  2.7414E+000
  7.41000E+000,  1.6261E+001,  2.7414E+000
  7.42000E+000,  1.6261E+001,  2.7414E+000
  7.43000E+000,  1.6252E+001,  2.7414E+000
  7.44000E+000,  1.6252E+001,  2.7414E+000
  7.45000E+000,  1.6252E+001,  2.7414E+000
  7.46000E+000,  1.6252E+001,  2.7414E+000
  7.47000E+000,  1.6252E+001,  2.7323E+000
  7.48000E+000,  1.6261E+001,  2.7414E+000
  7.49000E+000,  1.6252E+001,  2.7414E+000
  7.50000E+000,  1.6252E+001,  2.7414E+000
  7.51000E+000,  1.6252E+001,  2.7414E+000
  7.52000E+000,  1.6252E+001,  2.7506E+000
  7.53000E+000,  1.6252E+001,  2.7323E+000
  7.54000E+000,  1.6243E+001,  2.7323E+000
  7.55000E+000,  1.6233E+001,  2.7323E+000
  7.56000E+000,  1.6233E+001,  2.7232E+000
  7.57000E+000,  1.6233E+001,  2.7232E+000
  7.58000E+000,  1.6243E+001,  2.7232E+000
  7.59000E+000,  1.6243E+001,  2.7323E+000
  7.60000E+000,  1.6243E+001,  2.7323E+000
  7.61000E+000,  1.6243E+001,  2.7323E+000
  7.62000E+000,  1.6243E+001,  2.7323E+000
  7.63000E+000,  1.6243E+001,  2.7323E+000
  7.64000E+000,  1.6243E+001,  2.7323E+000
  7.65000E+000,  1.6243E+001,  2.7323E+000
  7.66000E+000,  1.6233E+001,  2.7323E+000
  7.67000E+000,  1.6243E+001,  2.7232E+000
  7.68000E+000,  1.6243E+001,  2.7323E+000
  7.69000E+000,  1.6243E+001,  2.7323E+000
  7.70000E+000,  1.6243E+001,  2.7414E+000
  7.71000E+000,  1.6252E+001,  2.7414E+000
  7.72000E+000,  1.6243E+001,  2.7323E+000
  7.73000E+000,  1.6252E+001,  2.7323E+000
  7.74000E+000,  1.6252E+001,  2.7323E+000
  7.75000E+000,  1.6243E+001,  2.7414E+000
  7.76000E+000,  1.6243E+001,  2.7323E+000
  7.77000E+000,  1.6243E+001,  2.7323E+000
  7.78000E+000,  1.6243E+001,  2.7232E+000
  7.79000E+000,  1.6243E+001,  2.7232E+000
  7.80000E+000,  1.6243E+001,  2.7232E+000
  7.81000E+000,  1.6243E+001,  2.7323E+000
  7.82000E+000,  1.6243E+001,  2.7323E+000
  7.83000E+000,  1.6243E+001,  2.7232E+000
  7.84000E+000,  1.6233E+001,  2.7232E+000
  7.85000E+000,  1.6243E+001,  2.7232E+000
  7.86000E+000,  1.6233E+001,  2.7323E+000
  7.87000E+000,  1.6243E+001,  2.7323E+000
  7.88000E+000,  1.6243E+001,  2.7232E+000
  7.89000E+000,  1.6243E+001,  2.7323E+000
  7.90000E+000,  1.6233E+001,  2.7232E+000
  7.91000E+000,  1.6243E+001,  2.7323E+000
  7.92000E+000,  1.6243E+001,  2.7323E+000
  7.93000E+000,  1.6243E+001,  2.7232E+000
  7.94000E+000,  1.6243E+001,  2.7232E+000
  7.95000E+000,  1.6252E+001,  2.7323E+000
  7.96000E+000,  1.6252E+001,  2.7414E+000
  7.97000E+000,  1.6252E+001,  2.7414E+000
  7.98000E+000,  1.6243E+001,  2.7414E+000
  7.99000E+000,  1.6252E+001,  2.7414E+000
  8.00000E+000,  1.6243E+001,  2.7323E+000
  8.01000E+000,  1.6243E+001,  2.7323E+000
  8.02000E+000,  1.6243E+001,  2.7414E+000
  8.03000E+000,  1.6243E+001,  2.7232E+000
  8.04000E+000,  1.6243E+001,  2.7323E+000
  8.05000E+000,  1.6233E+001,  2.7232E+000
  8.06000E+000,  1.6243E+001,  2.7232E+000
  8.07000E+000,  1.6243E+001,  2.7323E+000
  8.08000E+000,  1.6243E+001,  2.7232E+000
  8.09000E+000,  1.6243E+001,  2.7323E+000
  8.10000E+000,  1.6243E+001,  2.7323E+000
  8.11000E+000,  1.6243E+001,  2.7323E+000
  8.12000E+000,  1.6243E+001,  2.7323E+000
  8.13000E+000,  1.6233E+001,  2.7232E+000
  8.14000E+000,  1.6243E+001,  2.7323E+000
  8.15000E+000,  1.6243E+001,  2.7232E+000
  8.16000E+000,  1.6233E+001,  2.7323E+000
  8.17000E+000,  1.6243E+001,  2.7232E+000
  8.18000E+000,  1.6243E+001,  2.7232E+000
  8.19000E+000,  1.6243E+001,  2.7323E+000
  8.20000E+000,  1.6243E+001,  2.7323E+000
  8.21000E+000,  1.6252E+001,  2.7414E+000
  8.22000E+000,  1.6252E+001,  2.7323E+000
  8.23000E+000,  1.6252E+001,  2.7323E+000
  8.24000E+000,  1.6252E+001,  2.7323E+000
  8.25000E+000,  1.6243E+001,  2.7323E+000
  8.26000E+000,  1.6243E+001,  2.7323E+000
  8.27000E+000,  1.6243E+001,  2.7323E+000
  8.28000E+000,  1.6243E+001,  2.7323E+000
  8.29000E+000,  1.6243E+001,  2.7323E+000
  8.30000E+000,  1.6243E+001,  2.7414E+000
  8.31000E+000,  1.6252E+001,  2.7414E+000
  8.32000E+000,  1.6252E+001,  2.7414E+000
  8.33000E+000,  1.6243E+001,  2.7323E+000
  8.34000E+000,  1.6243E+001,  2.7323E+000
  8.35000E+000,  1.6233E+001,  2.7232E+000
  8.36000E+000,  1.6252E+001,  2.7323E+000
  8.37000E+000,  1.6243E+001,  2.7232E+000
  8.38000E+000,  1.6243E+001,  2.7323E+000
  8.39000E+000,  1.6243E+001,  2.7232E+000
  8.40000E+000,  1.6243E+001,  2.7323E+000
  8.41000E+000,  1.6243E+001,  2.7323E+000
  8.42000E+000,  1.6243E+001,  2.7323E+000
  8.43000E+000,  1.6243E+001,  2.7232E+000
  8.44000E+000,  1.6243E+001,  2.7323E+000
  8.45000E+000,  1.6233E+001,  2.7323E+000
  8.46000E+000,  1.6243E+001,  2.7323E+000
  8.47000E+000,  1.6243E+001,  2.7414E+000
  8.48000E+000,  1.6243E+001,  2.7232E+000
  8.49000E+000,  1.6243E+001,  2.7323E+000
  8.50000E+000,  1.6243E+001,  2.7323E+000
  8.51000E+000,  1.6252E+001,  2.7323E+000
  8.52000E+000,  1.6243E+001,  2.7323E+000
  8.53000E+000,  1.6243E+001,  2.7323E+000
  8.54000E+000,  1.6243E+001,  2.7323E+000
  8.55000E+000,  1.6233E+001,  2.7323E+000
  8.56000E+000,  1.6243E+001,  2.7414E+000
  8.57000E+000,  1.6252E+001,  2.7414E+000
  8.58000E+000,  1.6252E+001,  2.7323E+000
  8.59000E+000,  1.6243E+001,  2.7323E+000
  8.60000E+000,  1.6243E+001,  2.7414E+000
  8.61000E+000,  1.6243E+001,  2.7323E+000
  8.62000E+000,  1.6233E+001,  2.7232E+000
  8.63000E+000,  1.6233E+001,  2.7232E+000
  8.64000E+000,  1.6243E+001,  2.7323E+000
  8.65000E+000,  1.6243E+001,  2.7323E+000
  8.66000E+000,  1.6252E+001,  2.7414E+000
  8.67000E+000,  1.6252E+001,  2.7414E+000
  8.68000E+000,  1.6243E+001,  2.7414E+000
  8.69000E+000,  1.6243E+001,  2.7414E+000
  8.70000E+000,  1.6243E+001,  2.7232E+000
  8.71000E+000,  1.6252E+001,  2.7323E+000
  8.72000E+000,  1.6243E+001,  2.7232E+000
  8.73000E+000,  1.6233E+001,  2.7323E+000
  8.74000E+000,  1.6233E+001,  2.7323E+000
  8.75000E+000,  1.6233E+001,  2.7323E+000
  8.76000E+000,  1.6243E+001,  2.7323E+000
  8.77000E+000,  1.6243E+001,  2.7323E+000
  8.78000E+000,  1.6252E+001,  2.7323E+000
  8.79000E+000,  1.6252E+001,  2.7414E+000
  8.80000E+000,  1.6243E+001,  2.7323E+000
  8.81000E+000,  1.6243E+001,  2.7414E+000
  8.82000E+000,  1.6233E+001,  2.7323E+000
  8.83000E+000,  1.6243E+001,  2.7323E+000
  8.84000E+000,  1.6252E+001,  2.7323E+000
  8.85000E+000,  1.6243E+001,  2.7323E+000
  8.86000E+000,  1.6243E+001,  2.7414E+000
  8.87000E+000,  1.6233E+001,  2.7323E+000
  8.88000E+000,  1.6243E+001,  2.7323E+000
  8.89000E+000,  1.6243E+001,  2.7323E+000
  8.90000E+000,  1.6243E+001,  2.7414E+000
  8.91000E+000,  1.6243E+001,  2.7414E+000
  8.92000E+000,  1.6252E+001,  2.7414E+000
  8.93000E+000,  1.6243E+001,  2.7323E+000
  8.94000E+000,  1.6243E+001,  2.7323E+000
  8.95000E+000,  1.6243E+001,  2.7414E+000
  8.96000E+000,  1.6233E+001,  2.7323E+000
  8.97000E+000,  1.6233E+001,  2.7323E+000
  8.98000E+000,  1.6243E+001,  2.7323E+000
  8.99000E+000,  1.6252E+001,  2.7414E+000
  9.00000E+000,  1.6243E+001,  2.7323E+000
  9.01000E+000,  1.6243E+001,  2.7323E+000
  9.02000E+000,  1.6243E+001,  2.7414E+000
  9.03000E+000,  1.6243E+001,  2.7323E+000
  9.04000E+000,  1.6252E+001,  2.7414E+000
  9.05000E+000,  1.6243E+001,  2.7323E+000
  9.06000E+000,  1.6252E+001,  2.7414E+000
  9.07000E+000,  1.6243E+001,  2.7323E+000
  9.08000E+000,  1.6243E+001,  2.7232E+000
  9.09000E+000,  1.6233E+001,  2.7323E+000
  9.10000E+000,  1.6243E+001,  2.7323E+000
  9.11000E+000,  1.6243E+001,  2.7323E+000
  9.12000E+000,  1.6243E+001,  2.7414E+000
  9.13000E+000,  1.6243E+001,  2.7414E+000
  9.14000E+000,  1.6243E+001,  2.7414E+000
  9.15000E+000,  1.6243E+001,  2.7323E+000
  9.16000E+000,  1.6252E+001,  2.7506E+000
  9.17000E+000,  1.6243E+001,  2.7414E+000
  9.18000E+000,  1.6243E+001,  2.7414E+000
  9.19000E+000,  1.6243E+001,  2.7323E+000
  9.20000E+000,  1.6233E+001,  2.7323E+000
  9.21000E+000,  1.6243E+001,  2.7323E+000
  9.22000E+000,  1.6243E+001,  2.7414E+000
  9.23000E+000,  1.6243E+001,  2.7323E+000
  9.24000E+000,  1.6243E+001,  2.7323E+000
  9.25000E+000,  1.6233E+001,  2.7414E+000
  9.26000E+000,  1.6243E+001,  2.7414E+000
  9.27000E+000,  1.6252E+001,  2.7323E+000
  9.28000E+000,  1.6243E+001,  2.7323E+000
  9.29000E+000,  1.6243E+001,  2.7323E+000
  9.30000E+000,  1.6233E+001,  2.7414E+000
  9.31000E+000,  1.6243E+001,  2.7323E+000
  9.32000E+000,  1.6243E+001,  2.7323E+000
  9.33000E+000,  1.6233E+001,  2.7232E+000
  9.34000E+000,  1.6233E+001,  2.7323E+000
  9.35000E+000,  1.6233E+001,  2.7323E+000
  9.36000E+000,  1.6243E+001,  2.7414E+000
  9.37000E+000,  1.6252E+001,  2.7414E+000
  9.38000E+000,  1.6243E+001,  2.7414E+000
  9.39000E+000,  1.6243E+001,  2.7414E+000
  9.40000E+000,  1.6243E+001,  2.7414E+000
  9.41000E+000,  1.6243E+001,  2.7414E+000
  9.42000E+000,  1.6252E+001,  2.7414E+000
  9.43000E+000,  1.6243E+001,  2.7323E+000
  9.44000E+000,  1.6243E+001,  2.7323E+000
  9.45000E+000,  1.6243E+001,  2.7323E+000
  9.46000E+000,  1.6243E+001,  2.7414E+000
  9.47000E+000,  1.6252E+001,  2.7323E+000
  9.48000E+000,  1.6243E+001,  2.7414E+000
  9.49000E+000,  1.6243E+001,  2.7414E+000
  9.50000E+000,  1.6243E+001,  2.7323E+000
  9.51000E+000,  1.6243E+001,  2.7414E+000
  9.52000E+000,  1.6252E+001,  2.7323E+000
  9.53000E+000,  1.6243E+001,  2.7323E+000
  9.54000E+000,  1.6243E+001,  2.7414E+000
  9.55000E+000,  1.6243E+001,  2.7414E+000
  9.56000E+000,  1.6243E+001,  2.7323E+000
  9.57000E+000,  1.6243E+001,  2.7414E+000
  9.58000E+000,  1.6233E+001,  2.7232E+000
  9.59000E+000,  1.6233E+001,  2.7323E+000
  9.60000E+000,  1.6243E+001,  2.7323E+000
  9.61000E+000,  1.6252E+001,  2.7414E+000
  9.62000E+000,  1.6252E+001,  2.7414E+000
  9.63000E+000,  1.6243E+001,  2.7414E+000
  9.64000E+000,  1.6243E+001,  2.7414E+000
  9.65000E+000,  1.6243E+001,  2.7414E+000
  9.66000E+000,  1.6243E+001,  2.7414E+000
  9.67000E+000,  1.6252E+001,  2.7414E+000
  9.68000E+000,  1.6233E+001,  2.7232E+000
  9.69000E+000,  1.6243E+001,  2.7323E+000
  9.70000E+000,  1.6243E+001,  2.7414E+000
  9.71000E+000,  1.6243E+001,  2.7323E+000
  9.72000E+000,  1.6252E+001,  2.7414E+000
  9.73000E+000,  1.6252E+001,  2.7414E+000
  9.74000E+000,  1.6252E+001,  2.7323E+000
  9.75000E+000,  1.6243E+001,  2.7414E+000
  9.76000E+000,  1.6243E+001,  2.7414E+000
  9.77000E+000,  1.6243E+001,  2.7323E+000
  9.78000E+000,  1.6243E+001,  2.7323E+000
  9.79000E+000,  1.6243E+001,  2.7323E+000
  9.80000E+000,  1.6233E+001,  2.7323E+000
  9.81000E+000,  1.6233E+001,  2.7323E+000
  9.82000E+000,  1.6252E+001,  2.7323E+000
  9.83000E+000,  1.6243E+001,  2.7323E+000
  9.84000E+000,  1.6252E+001,  2.7414E+000
  9.85000E+000,  1.6243E+001,  2.7323E+000
  9.86000E+000,  1.6243E+001,  2.7414E+000
  9.87000E+000,  1.6243E+001,  2.7414E+000
  9.88000E+000,  1.6243E+001,  2.7323E+000
  9.89000E+000,  1.6243E+001,  2.7414E+000
  9.90000E+000,  1.6233E+001,  2.7323E+000
  9.91000E+000,  1.6233E+001,  2.7323E+000
  9.92000E+000,  1.6243E+001,  2.7414E+000
  9.93000E+000,  1.6243E+001,  2.7323E+000
  9.94000E+000,  1.6243E+001,  2.7323E+000
  9.95000E+000,  1.6243E+001,  2.7323E+000
  9.96000E+000,  1.6243E+001,  2.7414E+000
  9.97000E+000,  1.6252E+001,  2.7414E+000
  9.98000E+000,  1.6252E+001,  2.7414E+000
  9.99000E+000,  1.6252E+001,  2.7323E+000
  1.00000E+001,  1.6243E+001,  2.7323E+000
  1.00100E+001,  1.6243E+001,  2.7414E+000
  1.00200E+001,  1.6243E+001,  2.7323E+000
  1.00300E+001,  1.6252E+001,  2.7323E+000
  1.00400E+001,  1.6252E+001,  2.7323E+000
  1.00500E+001,  1.6243E+001,  2.7323E+000
  1.00600E+001,  1.6243E+001,  2.7414E+000
  1.00700E+001,  1.6243E+001,  2.7323E+000
  1.00800E+001,  1.6243E+001,  2.7323E+000
  1.00900E+001,  1.6243E+001,  2.7414E+000
  1.01000E+001,  1.6243E+001,  2.7323E+000
  1.01100E+001,  1.6243E+001,  2.7323E+000
  1.01200E+001,  1.6243E+001,  2.7323E+000
  1.01300E+001,  1.6243E+001,  2.7323E+000
  1.01400E+001,  1.6252E+001,  2.7323E+000
  1.01500E+001,  1.6243E+001,  2.7323E+000
  1.01600E+001,  1.6243E+001,  2.7323E+000
  1.01700E+001,  1.6233E+001,  2.7323E+000
  1.01800E+001,  1.6243E+001,  2.7323E+000
  1.01900E+001,  1.6252E+001,  2.7323E+000
  1.02000E+001,  1.6252E+001,  2.7414E+000
  1.02100E+001,  1.6243E+001,  2.7414E+000
  1.02200E+001,  1.6252E+001,  2.7323E+000
  1.02300E+001,  1.6243E+001,  2.7323E+000
  1.02400E+001,  1.6243E+001,  2.7323E+000
  1.02500E+001,  1.6243E+001,  2.7323E+000
  1.02600E+001,  1.6252E+001,  2.7323E+000
  1.02700E+001,  1.6243E+001,  2.7323E+000
  1.02800E+001,  1.6243E+001,  2.7323E+000
  1.02900E+001,  1.6243E+001,  2.7232E+000
  1.03000E+001,  1.6243E+001,  2.7323E+000
  1.03100E+001,  1.6243E+001,  2.7414E+000
  1.03200E+001,  1.6243E+001,  2.7414E+000
  1.03300E+001,  1.6243E+001,  2.7323E+000
  1.03400E+001,  1.6243E+001,  2.7414E+000
  1.03500E+001,  1.6252E+001,  2.7414E+000
  1.03600E+001,  1.6252E+001,  2.7414E+000
  1.03700E+001,  1.6243E+001,  2.7414E+000
  1.03800E+001,  1.6233E+001,  2.7232E+000
  1.03900E+001,  1.6233E+001,  2.7232E+000
  1.04000E+001,  1.6243E+001,  2.7323E+000
  1.04100E+001,  1.6243E+001,  2.7414E+000
  1.04200E+001,  1.6243E+001,  2.7323E+000
  1.04300E+001,  1.6233E+001,  2.7323E+000
  1.04400E+001,  1.6243E+001,  2.7232E+000
  1.04500E+001,  1.6243E+001,  2.7414E+000
  1.04600E+001,  1.6243E+001,  2.7414E+000
  1.04700E+001,  1.6252E+001,  2.7323E+000
  1.04800E+001,  1.6243E+001,  2.7323E+000
  1.04900E+001,  1.6243E+001,  2.7232E+000
  1.05000E+001,  1.6233E+001,  2.7232E+000
  1.05100E+001,  1.6243E+001,  2.7323E+000
  1.05200E+001,  1.6243E+001,  2.7323E+000
  1.05300E+001,  1.6243E+001,  2.7232E+000
  1.05400E+001,  1.6243E+001,  2.7323E+000
  1.05500E+001,  1.6252E+001,  2.7323E+000
  1.05600E+001,  1.6252E+001,  2.7414E+000
  1.05700E+001,  1.6243E+001,  2.7414E+000
  1.05800E+001,  1.6252E+001,  2.7323E+000
  1.05900E+001,  1.6243E+001,  2.7323E+000
  1.06000E+001,  1.6233E+001,  2.7414E+000
  1.06100E+001,  1.6243E+001,  2.7323E+000
  1.06200E+001,  1.6252E+001,  2.7323E+000
  1.06300E+001,  1.6243E+001,  2.7323E+000
  1.06400E+001,  1.6243E+001,  2.7323E+000
  1.06500E+001,  1.6243E+001,  2.7414E+000
  1.06600E+001,  1.6243E+001,  2.7414E+000
  1.06700E+001,  1.6243E+001,  2.7323E+000
  1.06800E+001,  1.6261E+001,  2.7414E+000
  1.06900E+001,  1.6252E+001,  2.7414E+000
  1.07000E+001,  1.6252E+001,  2.7323E+000
  1.07100E+001,  1.6243E+001,  2.7323E+000
  1.07200E+001,  1.6243E+001,  2.7323E+000
  1.07300E+001,  1.6243E+001,  2.7323E+000
  1.07400E+001,  1.6243E+001,  2.7323E+000
  1.07500E+001,  1.6243E+001,  2.7323E+000
  1.07600E+001,  1.6233E+001,  2.7323E+000
  1.07700E+001,  1.6243E+001,  2.7323E+000
  1.07800E+001,  1.6252E+001,  2.7323E+000
  1.07900E+001,  1.6252E+001,  2.7323E+000
  1.08000E+001,  1.6243E+001,  2.7414E+000
  1.08100E+001,  1.6252E+001,  2.7323E+000
  1.08200E+001,  1.6252E+001,  2.7414E+000
  1.08300E+001,  1.6261E+001,  2.7414E+000
  1.08400E+001,  1.6252E+001,  2.7414E+000
  1.08500E+001,  1.6243E+001,  2.7323E+000
  1.08600E+001,  1.6233E+001,  2.7323E+000
  1.08700E+001,  1.6243E+001,  2.7232E+000
  1.08800E+001,  1.6243E+001,  2.7323E+000
  1.08900E+001,  1.6243E+001,  2.7323E+000
  1.09000E+001,  1.6243E+001,  2.7323E+000
  1.09100E+001,  1.6243E+001,  2.7414E+000
  1.09200E+001,  1.6243E+001,  2.7414E+000
  1.09300E+001,  1.6243E+001,  2.7323E+000
  1.09400E+001,  1.6243E+001,  2.7323E+000
  1.09500E+001,  1.6233E+001,  2.7323E+000
  1.09600E+001,  1.6243E+001,  2.7323E+000
  1.09700E+001,  1.6243E+001,  2.7323E+000
  1.09800E+001,  1.6243E+001,  2.7323E+000
  1.09900E+001,  1.6233E+001,  2.7232E+000
  1.10000E+001,  1.6233E+001,  2.7232E+000
  1.10100E+001,  1.6243E+001,  2.7414E+000
  1.10200E+001,  1.6252E+001,  2.7414E+000
  1.10300E+001,  1.6252E+001,  2.7323E+000
  1.10400E+001,  1.6243E+001,  2.7323E+000
  1.10500E+001,  1.6243E+001,  2.7323E+000
  1.10600E+001,  1.6243E+001,  2.7414E+000
  1.10700E+001,  1.6243E+001,  2.7323E+000
  1.10800E+001,  1.6243E+001,  2.7323E+000
  1.10900E+001,  1.6243E+001,  2.7323E+000
  1.11000E+001,  1.6243E+001,  2.7323E+000
  1.11100E+001,  1.6243E+001,  2.7323E+000
  1.11200E+001,  1.6243E+001,  2.7414E+000
  1.11300E+001,  1.6243E+001,  2.7323E+000
  1.11400E+001,  1.6233E+001,  2.7323E+000
  1.11500E+001,  1.6233E+001,  2.7323E+000
  1.11600E+001,  1.6243E+001,  2.7414E+000
  1.11700E+001,  1.6252E+001,  2.7414E+000
  1.11800E+001,  1.6252E+001,  2.7414E+000
  1.11900E+001,  1.6233E+001,  2.7323E+000
  1.12000E+001,  1.6233E+001,  2.7323E+000
  1.12100E+001,  1.6233E+001,  2.7232E+000
  1.12200E+001,  1.6243E+001,  2.7323E+000
  1.12300E+001,  1.6243E+001,  2.7323E+000
  1.12400E+001,  1.6243E+001,  2.7323E+000
  1.12500E+001,  1.6243E+001,  2.7323E+000
  1.12600E+001,  1.6243E+001,  2.7323E+000
  1.12700E+001,  1.6243E+001,  2.7414E+000
  1.12800E+001,  1.6243E+001,  2.7323E+000
  1.12900E+001,  1.6243E+001,  2.7414E+000
  1.13000E+001,  1.6233E+001,  2.7323E+000
  1.13100E+001,  1.6243E+001,  2.7323E+000
  1.13200E+001,  1.6243E+001,  2.7323E+000
  1.13300E+001,  1.6243E+001,  2.7323E+000
  1.13400E+001,  1.6233E+001,  2.7323E+000
  1.13500E+001,  1.6233E+001,  2.7323E+000
  1.13600E+001,  1.6243E+001,  2.7323E+000
  1.13700E+001,  1.6243E+001,  2.7323E+000
  1.13800E+001,  1.6243E+001,  2.7414E+000
  1.13900E+001,  1.6252E+001,  2.7414E+000
  1.14000E+001,  1.6243E+001,  2.7414E+000
  1.14100E+001,  1.6243E+001,  2.7414E+000
  1.14200E+001,  1.6243E+001,  2.7323E+000
  1.14300E+001,  1.6233E+001,  2.7323E+000
  1.14400E+001,  1.6243E+001,  2.7323E+000
  1.14500E+001,  1.6243E+001,  2.7323E+000
  1.14600E+001,  1.6243E+001,  2.7232E+000
  1.14700E+001,  1.6233E+001,  2.7414E+000
  1.14800E+001,  1.6243E+001,  2.7323E+000
  1.14900E+001,  1.6243E+001,  2.7323E+000
  1.15000E+001,  1.6243E+001,  2.7323E+000
  1.15100E+001,  1.6243E+001,  2.7414E+000
  1.15200E+001,  1.6243E+001,  2.7414E+000
  1.15300E+001,  1.6243E+001,  2.7323E+000
  1.15400E+001,  1.6243E+001,  2.7323E+000
  1.15500E+001,  1.6243E+001,  2.7323E+000
  1.15600E+001,  1.6243E+001,  2.7323E+000
  1.15700E+001,  1.6243E+001,  2.7323E+000
  1.15800E+001,  1.6233E+001,  2.7232E+000
  1.15900E+001,  1.6243E+001,  2.7323E+000
  1.16000E+001,  1.6243E+001,  2.7323E+000
  1.16100E+001,  1.6252E+001,  2.7414E+000
  1.16200E+001,  1.6243E+001,  2.7414E+000
  1.16300E+001,  1.6243E+001,  2.7414E+000
  1.16400E+001,  1.6243E+001,  2.7323E+000
  1.16500E+001,  1.6243E+001,  2.7414E+000
  1.16600E+001,  1.6252E+001,  2.7323E+000
  1.16700E+001,  1.6252E+001,  2.7414E+000
  1.16800E+001,  1.6243E+001,  2.7323E+000
  1.16900E+001,  1.6233E+001,  2.7232E+000
  1.17000E+001,  1.6233E+001,  2.7232E+000
  1.17100E+001,  1.6243E+001,  2.7323E+000
  1.17200E+001,  1.6243E+001,  2.7323E+000
  1.17300E+001,  1.6252E+001,  2.7414E+000
  1.17400E+001,  1.6243E+001,  2.7414E+000
  1.17500E+001,  1.6243E+001,  2.7323E+000
  1.17600E+001,  1.6243E+001,  2.7323E+000
  1.17700E+001,  1.6243E+001,  2.7323E+000
  1.17800E+001,  1.6243E+001,  2.7323E+000
  1.17900E+001,  1.6233E+001,  2.7323E+000
  1.18000E+001,  1.6233E+001,  2.7232E+000
  1.18100E+001,  1.6243E+001,  2.7323E+000
  1.18200E+001,  1.6243E+001,  2.7323E+000
  1.18300E+001,  1.6243E+001,  2.7232E+000
  1.18400E+001,  1.6243E+001,  2.7323E+000
  1.18500E+001,  1.6243E+001,  2.7323E+000
  1.18600E+001,  1.6243E+001,  2.7323E+000
  1.18700E+001,  1.6252E+001,  2.7414E+000
  1.18800E+001,  1.6243E+001,  2.7323E+000
  1.18900E+001,  1.6243E+001,  2.7323E+000
  1.19000E+001,  1.6243E+001,  2.7323E+000
  1.19100E+001,  1.6243E+001,  2.7323E+000
  1.19200E+001,  1.6243E+001,  2.7323E+000
  1.19300E+001,  1.6243E+001,  2.7232E+000
  1.19400E+001,  1.6233E+001,  2.7323E+000
  1.19500E+001,  1.6243E+001,  2.7323E+000
  1.19600E+001,  1.6243E+001,  2.7323E+000
  1.19700E+001,  1.6243E+001,  2.7414E+000
  1.19800E+001,  1.6252E+001,  2.7323E+000
  1.19900E+001,  1.6243E+001,  2.7414E+000
  1.20000E+001,  1.6252E+001,  2.7414E+000
  1.20100E+001,  1.6243E+001,  2.7323E+000
  1.20200E+001,  1.6243E+001,  2.7323E+000
  1.20300E+001,  1.6233E+001,  2.7232E+000
  1.20400E+001,  1.6243E+001,  2.7323E+000
  1.20500E+001,  1.6243E+001,  2.7232E+000
  1.20600E+001,  1.6252E+001,  2.7323E+000
  1.20700E+001,  1.6243E+001,  2.7232E+000
  1.20800E+001,  1.6233E+001,  2.7323E+000
  1.20900E+001,  1.6243E+001,  2.7323E+000
  1.21000E+001,  1.6243E+001,  2.7232E+000
  1.21100E+001,  1.6252E+001,  2.7414E+000
  1.21200E+001,  1.6243E+001,  2.7323E+000
  1.21300E+001,  1.6243E+001,  2.7323E+000
  1.21400E+001,  1.6243E+001,  2.7323E+000
  1.21500E+001,  1.6233E+001,  2.7232E+000
  1.21600E+001,  1.6243E+001,  2.7232E+000
  1.21700E+001,  1.6233E+001,  2.7232E+000
  1.21800E+001,  1.6243E+001,  2.7323E+000
  1.21900E+001,  1.6252E+001,  2.7323E+000
  1.22000E+001,  1.6243E+001,  2.7323E+000
  1.22100E+001,  1.6243E+001,  2.7323E+000
  1.22200E+001,  1.6243E+001,  2.7414E+000
  1.22300E+001,  1.6243E+001,  2.7323E+000
  1.22400E+001,  1.6252E+001,  2.7414E+000
  1.22500E+001,  1.6243E+001,  2.7323E+000
  1.22600E+001,  1.6243E+001,  2.7323E+000
  1.22700E+001,  1.6243E+001,  2.7323E+000
  1.22800E+001,  1.6233E+001,  2.7232E+000
  1.22900E+001,  1.6243E+001,  2.7232E+000
  1.23000E+001,  1.6243E+001,  2.7323E+000
  1.23100E+001,  1.6233E+001,  2.7323E+000
  1.23200E+001,  1.6243E+001,  2.7323E+000
  1.23300E+001,  1.6243E+001,  2.7323E+000
  1.23400E+001,  1.6252E+001,  2.7414E+000
  1.23500E+001,  1.6243E+001,  2.7323E+000
  1.23600E+001,  1.6243E+001,  2.7323E+000
  1.23700E+001,  1.6243E+001,  2.7323E+000
  1.23800E+001,  1.6233E+001,  2.7232E+000
  1.23900E+001,  1.6243E+001,  2.7232E+000
  1.24000E+001,  1.6243E+001,  2.7232E+000
  1.24100E+001,  1.6243E+001,  2.7232E+000
  1.24200E+001,  1.6243E+001,  2.7323E+000
  1.24300E+001,  1.6243E+001,  2.7323E+000
  1.24400E+001,  1.6243E+001,  2.7323E+000
  1.24500E+001,  1.6243E+001,  2.7323E+000
  1.24600E+001,  1.6243E+001,  2.7414E+000
  1.24700E+001,  1.6243E+001,  2.7323E+000
  1.24800E+001,  1.6243E+001,  2.7323E+000
  1.24900E+001,  1.6243E+001,  2.7323E+000
  1.25000E+001,  1.6243E+001,  2.7323E+000
  1.25100E+001,  1.6243E+001,  2.7414E+000
  1.25200E+001,  1.6243E+001,  2.7323E+000
  1.25300E+001,  1.6233E+001,  2.7232E+000
  1.25400E+001,  1.6233E+001,  2.7232E+000
  1.25500E+001,  1.6243E+001,  2.7323E+000
  1.25600E+001,  1.6243E+001,  2.7323E+000
  1.25700E+001,  1.6252E+001,  2.7414E+000
  1.25800E+001,  1.6243E+001,  2.7323E+000
  1.25900E+001,  1.6243E+001,  2.7323E+000
  1.26000E+001,  1.6243E+001,  2.7323E+000
  1.26100E+001,  1.6243E+001,  2.7323E+000
  1.26200E+001,  1.6233E+001,  2.7323E+000
  1.26300E+001,  1.6243E+001,  2.7232E+000
  1.26400E+001,  1.6233E+001,  2.7323E+000
  1.26500E+001,  1.6233E+001,  2.7232E+000
  1.26600E+001,  1.6233E+001,  2.7323E+000
  1.26700E+001,  1.6243E+001,  2.7323E+000
  1.26800E+001,  1.6243E+001,  2.7323E+000
  1.26900E+001,  1.6243E+001,  2.7323E+000
  1.27000E+001,  1.6243E+001,  2.7323E+000
  1.27100E+001,  1.6252E+001,  2.7323E+000
  1.27200E+001,  1.6243E+001,  2.7323E+000
  1.27300E+001,  1.6243E+001,  2.7323E+000
  1.27400E+001,  1.6233E+001,  2.7232E+000
  1.27500E+001,  1.6233E+001,  2.7323E+000
  1.27600E+001,  1.6233E+001,  2.7323E+000
  1.27700E+001,  1.6233E+001,  2.7323E+000
  1.27800E+001,  1.6233E+001,  2.7323E+000
  1.27900E+001,  1.6243E+001,  2.7414E+000
  1.28000E+001,  1.6243E+001,  2.7323E+000
  1.28100E+001,  1.6243E+001,  2.7323E+000
  1.28200E+001,  1.6243E+001,  2.7414E+000
  1.28300E+001,  1.6243E+001,  2.7323E+000
  1.28400E+001,  1.6243E+001,  2.7323E+000
  1.28500E+001,  1.6243E+001,  2.7414E+000
  1.28600E+001,  1.6233E+001,  2.7414E+000
  1.28700E+001,  1.6243E+001,  2.7323E+000
  1.28800E+001,  1.6243E+001,  2.7323E+000
  1.28900E+001,  1.6243E+001,  2.7323E+000
  1.29000E+001,  1.6233E+001,  2.7232E+000
  1.29100E+001,  1.6243E+001,  2.7323E+000
  1.29200E+001,  1.6243E+001,  2.7323E+000
  1.29300E+001,  1.6243E+001,  2.7323E+000
  1.29400E+001,  1.6243E+001,  2.7323E+000
  1.29500E+001,  1.6243E+001,  2.7323E+000
  1.29600E+001,  1.6233E+001,  2.7323E+000
  1.29700E+001,  1.6243E+001,  2.7323E+000
  1.29800E+001,  1.6243E+001,  2.7232E+000
  1.29900E+001,  1.6233E+001,  2.7232E+000
  1.30000E+001,  1.6233E+001,  2.7232E+000
  1.30100E+001,  1.6233E+001,  2.7232E+000
  1.30200E+001,  1.6243E+001,  2.7323E+000
  1.30300E+001,  1.6252E+001,  2.7323E+000
  1.30400E+001,  1.6243E+001,  2.7323E+000
  1.30500E+001,  1.6243E+001,  2.7232E+000
  1.30600E+001,  1.6243E+001,  2.7414E+000
  1.30700E+001,  1.6243E+001,  2.7414E+000
  1.30800E+001,  1.6243E+001,  2.7323E+000
  1.30900E+001,  1.6233E+001,  2.7323E+000
  1.31000E+001,  1.6233E+001,  2.7323E+000
  1.31100E+001,  1.6233E+001,  2.7323E+000
  1.31200E+001,  1.6243E+001,  2.7323E+000
  1.31300E+001,  1.6243E+001,  2.7323E+000
  1.31400E+001,  1.6243E+001,  2.7323E+000
  1.31500E+001,  1.6243E+001,  2.7323E+000
  1.31600E+001,  1.6243E+001,  2.7414E+000
  1.31700E+001,  1.6243E+001,  2.7323E+000
  1.31800E+001,  1.6233E+001,  2.7323E+000
  1.31900E+001,  1.6243E+001,  2.7323E+000
  1.32000E+001,  1.6243E+001,  2.7323E+000
