# [Parameters]
# Name = 'firc'
# ShotNo = 166564
# Date = '01/08/2021 21:53'
# 
# DimNo = 1
# DimName = 'Time'
# DimSize = 1311
# DimUnit = 's'
# 
# ValNo = 2
# ValName = 'nL(3669)', 'nL(3759)'
# ValUnit = 'e19m-2', 'e19m-2'
# [Comments]
#  
# [data]
  1.00000E-001,  1.0872E-002,  4.0091E-003
  1.10000E-001,  1.7967E-003,  4.0091E-003
  1.20000E-001,  1.7967E-003, -5.1033E-003
  1.30000E-001, -7.2795E-003, -5.1033E-003
  1.40000E-001, -7.2795E-003,  4.0091E-003
  1.50000E-001,  1.0872E-002, -5.1033E-003
  1.60000E-001,  1.7967E-003, -5.1033E-003
  1.70000E-001,  1.7967E-003,  4.0091E-003
  1.80000E-001, -7.2795E-003, -5.1033E-003
  1.90000E-001,  1.7967E-003,  4.0091E-003
  2.00000E-001,  1.0872E-002,  4.0091E-003
  2.10000E-001,  1.7967E-003, -5.1033E-003
  2.20000E-001,  1.7967E-003,  4.0091E-003
  2.30000E-001, -7.2795E-003,  4.0091E-003
  2.40000E-001, -7.2795E-003, -5.1033E-003
  2.50000E-001,  1.7967E-003, -5.1033E-003
  2.60000E-001, -7.2795E-003, -5.1033E-003
  2.70000E-001, -7.2795E-003, -5.1033E-003
  2.80000E-001,  1.7967E-003, -5.1033E-003
  2.90000E-001, -7.2795E-003,  4.0091E-003
  3.00000E-001,  1.7967E-003,  1.3121E-002
  3.10000E-001,  1.0872E-002,  1.3121E-002
  3.20000E-001,  1.7967E-003,  1.3121E-002
  3.30000E-001,  1.0872E-002,  4.0091E-003
  3.40000E-001,  1.7967E-003,  4.0091E-003
  3.50000E-001,  1.7967E-003,  4.0091E-003
  3.60000E-001,  1.7967E-003,  4.0091E-003
  3.70000E-001, -7.2795E-003, -5.1033E-003
  3.80000E-001, -7.2795E-003, -5.1033E-003
  3.90000E-001,  1.7967E-003,  4.0091E-003
  4.00000E-001,  1.0872E-002,  4.0091E-003
  4.10000E-001,  1.7967E-003,  4.0091E-003
  4.20000E-001,  1.7967E-003,  4.0091E-003
  4.30000E-001,  1.7967E-003,  4.0091E-003
  4.40000E-001,  1.7967E-003,  4.0091E-003
  4.50000E-001,  1.7967E-003,  4.0091E-003
  4.60000E-001,  1.7967E-003,  4.0091E-003
  4.70000E-001,  1.7967E-003, -5.1033E-003
  4.80000E-001, -7.2795E-003, -1.4215E-002
  4.90000E-001, -7.2795E-003, -5.1033E-003
  5.00000E-001,  1.7967E-003, -5.1033E-003
  5.10000E-001,  1.7967E-003, -5.1033E-003
  5.20000E-001, -7.2795E-003,  4.0091E-003
  5.30000E-001,  1.7967E-003,  4.0091E-003
  5.40000E-001,  1.0872E-002,  4.0091E-003
  5.50000E-001,  1.7967E-003,  4.0091E-003
  5.60000E-001,  1.0872E-002,  4.0091E-003
  5.70000E-001,  1.0872E-002,  4.0091E-003
  5.80000E-001, -7.2795E-003, -5.1033E-003
  5.90000E-001,  1.7967E-003,  4.0091E-003
  6.00000E-001,  1.7967E-003,  4.0091E-003
  6.10000E-001,  1.7967E-003,  4.0091E-003
  6.20000E-001,  1.7967E-003, -5.1033E-003
  6.30000E-001,  1.7967E-003, -5.1033E-003
  6.40000E-001,  1.0872E-002,  4.0091E-003
  6.50000E-001,  1.7967E-003,  4.0091E-003
  6.60000E-001,  1.0872E-002,  1.3121E-002
  6.70000E-001,  1.7967E-003,  4.0091E-003
  6.80000E-001,  1.7967E-003,  4.0091E-003
  6.90000E-001,  1.7967E-003,  4.0091E-003
  7.00000E-001,  1.7967E-003,  4.0091E-003
  7.10000E-001, -7.2795E-003,  4.0091E-003
  7.20000E-001, -7.2795E-003,  4.0091E-003
  7.30000E-001, -7.2795E-003, -5.1033E-003
  7.40000E-001,  1.7967E-003,  4.0091E-003
  7.50000E-001,  1.7967E-003,  4.0091E-003
  7.60000E-001,  1.7967E-003,  4.0091E-003
  7.70000E-001,  1.7967E-003,  4.0091E-003
  7.80000E-001, -7.2795E-003,  4.0091E-003
  7.90000E-001,  1.7967E-003,  4.0091E-003
  8.00000E-001,  1.7967E-003,  4.0091E-003
  8.10000E-001,  1.7967E-003,  4.0091E-003
  8.20000E-001,  1.7967E-003,  4.0091E-003
  8.30000E-001, -7.2795E-003, -5.1033E-003
  8.40000E-001,  1.7967E-003, -5.1033E-003
  8.50000E-001,  1.7967E-003,  4.0091E-003
  8.60000E-001, -7.2795E-003,  4.0091E-003
  8.70000E-001,  1.7967E-003,  4.0091E-003
  8.80000E-001,  1.7967E-003,  1.3121E-002
  8.90000E-001,  1.7967E-003,  4.0091E-003
  9.00000E-001,  1.0872E-002,  1.3121E-002
  9.10000E-001,  1.7967E-003,  4.0091E-003
  9.20000E-001, -7.2795E-003,  4.0091E-003
  9.30000E-001, -7.2795E-003,  4.0091E-003
  9.40000E-001,  1.7967E-003,  4.0091E-003
  9.50000E-001,  1.7967E-003,  4.0091E-003
  9.60000E-001,  1.7967E-003,  4.0091E-003
  9.70000E-001,  1.7967E-003, -5.1033E-003
  9.80000E-001, -7.2795E-003,  4.0091E-003
  9.90000E-001,  1.7967E-003, -5.1033E-003
  1.00000E+000,  1.0872E-002,  4.0091E-003
  1.01000E+000,  1.0872E-002,  4.0091E-003
  1.02000E+000,  1.7967E-003,  4.0091E-003
  1.03000E+000,  1.7967E-003, -5.1033E-003
  1.04000E+000,  1.7967E-003, -5.1033E-003
  1.05000E+000,  1.7967E-003, -5.1033E-003
  1.06000E+000,  1.7967E-003,  4.0091E-003
  1.07000E+000,  1.7967E-003, -5.1033E-003
  1.08000E+000, -7.2795E-003, -5.1033E-003
  1.09000E+000,  1.7967E-003, -5.1033E-003
  1.10000E+000,  1.7967E-003,  4.0091E-003
  1.11000E+000,  1.9947E-002,  4.0091E-003
  1.12000E+000,  1.9947E-002,  1.3121E-002
  1.13000E+000,  1.7967E-003,  4.0091E-003
  1.14000E+000, -7.2795E-003,  4.0091E-003
  1.15000E+000,  1.7967E-003,  4.0091E-003
  1.16000E+000,  1.7967E-003,  4.0091E-003
  1.17000E+000,  1.7967E-003, -5.1033E-003
  1.18000E+000,  1.7967E-003,  4.0091E-003
  1.19000E+000, -7.2795E-003,  4.0091E-003
  1.20000E+000,  1.7967E-003,  4.0091E-003
  1.21000E+000,  1.7967E-003,  4.0091E-003
  1.22000E+000,  1.7967E-003,  4.0091E-003
  1.23000E+000,  1.0872E-002,  4.0091E-003
  1.24000E+000,  1.0872E-002,  1.3121E-002
  1.25000E+000,  1.7967E-003,  4.0091E-003
  1.26000E+000,  1.7967E-003,  4.0091E-003
  1.27000E+000,  1.0872E-002,  4.0091E-003
  1.28000E+000,  1.7967E-003,  4.0091E-003
  1.29000E+000,  1.7967E-003,  4.0091E-003
  1.30000E+000,  1.7967E-003, -5.1033E-003
  1.31000E+000,  1.7967E-003, -5.1033E-003
  1.32000E+000,  1.7967E-003,  4.0091E-003
  1.33000E+000,  1.0872E-002,  4.0091E-003
  1.34000E+000,  1.0872E-002,  4.0091E-003
  1.35000E+000,  1.0872E-002,  4.0091E-003
  1.36000E+000,  1.7967E-003,  4.0091E-003
  1.37000E+000,  1.7967E-003,  4.0091E-003
  1.38000E+000,  1.0872E-002, -5.1033E-003
  1.39000E+000,  1.7967E-003, -5.1033E-003
  1.40000E+000,  1.7967E-003, -5.1033E-003
  1.41000E+000,  1.7967E-003, -5.1033E-003
  1.42000E+000,  1.7967E-003, -5.1033E-003
  1.43000E+000,  1.7967E-003, -5.1033E-003
  1.44000E+000,  1.0872E-002,  4.0091E-003
  1.45000E+000,  1.0872E-002,  1.3121E-002
  1.46000E+000,  1.7967E-003,  4.0091E-003
  1.47000E+000,  1.7967E-003,  4.0091E-003
  1.48000E+000,  1.0872E-002,  4.0091E-003
  1.49000E+000,  1.7967E-003,  4.0091E-003
  1.50000E+000,  1.7967E-003, -5.1033E-003
  1.51000E+000,  1.7967E-003,  4.0091E-003
  1.52000E+000, -7.2795E-003, -5.1033E-003
  1.53000E+000,  1.7967E-003, -5.1033E-003
  1.54000E+000,  1.0872E-002,  4.0091E-003
  1.55000E+000,  1.0872E-002,  4.0091E-003
  1.56000E+000,  1.7967E-003,  4.0091E-003
  1.57000E+000,  1.0872E-002,  4.0091E-003
  1.58000E+000,  1.0872E-002,  4.0091E-003
  1.59000E+000,  1.7967E-003,  4.0091E-003
  1.60000E+000,  1.7967E-003,  4.0091E-003
  1.61000E+000,  1.0872E-002,  4.0091E-003
  1.62000E+000,  1.7967E-003, -5.1033E-003
  1.63000E+000,  1.7967E-003, -5.1033E-003
  1.64000E+000,  1.7967E-003, -5.1033E-003
  1.65000E+000,  1.0872E-002, -5.1033E-003
  1.66000E+000,  1.7967E-003,  4.0091E-003
  1.67000E+000,  1.0872E-002,  1.3121E-002
  1.68000E+000,  1.9947E-002,  4.0091E-003
  1.69000E+000,  1.0872E-002,  4.0091E-003
  1.70000E+000,  1.0872E-002,  4.0091E-003
  1.71000E+000,  1.7967E-003,  4.0091E-003
  1.72000E+000, -7.2795E-003,  4.0091E-003
  1.73000E+000,  1.0872E-002,  4.0091E-003
  1.74000E+000,  1.7967E-003, -5.1033E-003
  1.75000E+000,  1.7967E-003, -5.1033E-003
  1.76000E+000,  1.0872E-002,  4.0091E-003
  1.77000E+000,  1.7967E-003,  4.0091E-003
  1.78000E+000,  1.7967E-003,  4.0091E-003
  1.79000E+000,  1.0872E-002,  4.0091E-003
  1.80000E+000,  1.9947E-002,  1.3121E-002
  1.81000E+000,  1.7967E-003,  4.0091E-003
  1.82000E+000,  1.7967E-003,  4.0091E-003
  1.83000E+000,  1.7967E-003,  4.0091E-003
  1.84000E+000,  1.7967E-003,  4.0091E-003
  1.85000E+000,  1.0872E-002,  4.0091E-003
  1.86000E+000,  1.7967E-003, -5.1033E-003
  1.87000E+000,  1.7967E-003, -5.1033E-003
  1.88000E+000,  1.7967E-003, -5.1033E-003
  1.89000E+000,  1.7967E-003,  4.0091E-003
  1.90000E+000,  1.9947E-002,  1.3121E-002
  1.91000E+000,  1.0872E-002,  4.0091E-003
  1.92000E+000,  1.7967E-003,  4.0091E-003
  1.93000E+000, -7.2795E-003,  4.0091E-003
  1.94000E+000,  1.7967E-003,  4.0091E-003
  1.95000E+000,  1.7967E-003,  4.0091E-003
  1.96000E+000,  1.0872E-002, -5.1033E-003
  1.97000E+000,  1.7967E-003, -5.1033E-003
  1.98000E+000, -7.2795E-003, -5.1033E-003
  1.99000E+000, -7.2795E-003, -1.4215E-002
  2.00000E+000,  1.0872E-002, -5.1033E-003
  2.01000E+000,  1.7967E-003,  4.0091E-003
  2.02000E+000,  1.0872E-002,  1.3121E-002
  2.03000E+000,  1.0872E-002,  4.0091E-003
  2.04000E+000,  1.0872E-002,  4.0091E-003
  2.05000E+000,  1.0872E-002,  4.0091E-003
  2.06000E+000,  1.7967E-003,  4.0091E-003
  2.07000E+000,  1.7967E-003,  4.0091E-003
  2.08000E+000,  1.7967E-003, -5.1033E-003
  2.09000E+000,  1.7967E-003,  4.0091E-003
  2.10000E+000,  1.0872E-002,  4.0091E-003
  2.11000E+000,  1.0872E-002,  4.0091E-003
  2.12000E+000,  1.0872E-002,  4.0091E-003
  2.13000E+000,  1.7967E-003,  4.0091E-003
  2.14000E+000,  1.7967E-003,  4.0091E-003
  2.15000E+000,  1.0872E-002,  1.3121E-002
  2.16000E+000,  1.9947E-002,  4.0091E-003
  2.17000E+000,  1.0872E-002,  4.0091E-003
  2.18000E+000,  1.7967E-003, -5.1033E-003
  2.19000E+000,  1.7967E-003,  4.0091E-003
  2.20000E+000,  1.7967E-003, -5.1033E-003
  2.21000E+000, -7.2795E-003, -5.1033E-003
  2.22000E+000,  1.0872E-002,  4.0091E-003
  2.23000E+000,  1.7967E-003, -5.1033E-003
  2.24000E+000,  1.7967E-003,  1.3121E-002
  2.25000E+000,  1.7967E-003,  4.0091E-003
  2.26000E+000,  1.7967E-003,  4.0091E-003
  2.27000E+000,  1.7967E-003,  4.0091E-003
  2.28000E+000,  1.7967E-003,  4.0091E-003
  2.29000E+000,  1.7967E-003,  4.0091E-003
  2.30000E+000, -7.2795E-003,  4.0091E-003
  2.31000E+000,  1.7967E-003, -5.1033E-003
  2.32000E+000,  1.7967E-003, -5.1033E-003
  2.33000E+000,  1.7967E-003,  4.0091E-003
  2.34000E+000,  1.7967E-003,  4.0091E-003
  2.35000E+000,  1.7967E-003,  1.3121E-002
  2.36000E+000,  1.7967E-003,  4.0091E-003
  2.37000E+000,  1.0872E-002,  1.3121E-002
  2.38000E+000,  1.7967E-003,  4.0091E-003
  2.39000E+000,  1.0872E-002,  1.3121E-002
  2.40000E+000,  1.0872E-002,  4.0091E-003
  2.41000E+000,  1.0872E-002,  4.0091E-003
  2.42000E+000,  1.7967E-003, -5.1033E-003
  2.43000E+000,  1.7967E-003, -5.1033E-003
  2.44000E+000,  1.7967E-003,  4.0091E-003
  2.45000E+000,  1.7967E-003,  4.0091E-003
  2.46000E+000,  1.0872E-002,  4.0091E-003
  2.47000E+000, -7.2795E-003,  4.0091E-003
  2.48000E+000,  1.7967E-003,  4.0091E-003
  2.49000E+000,  1.0872E-002,  4.0091E-003
  2.50000E+000,  1.0872E-002,  4.0091E-003
  2.51000E+000,  1.7967E-003,  4.0091E-003
  2.52000E+000,  1.7967E-003,  4.0091E-003
  2.53000E+000, -7.2795E-003, -1.4215E-002
  2.54000E+000, -7.2795E-003, -5.1033E-003
  2.55000E+000,  1.7967E-003, -5.1033E-003
  2.56000E+000, -7.2795E-003,  4.0091E-003
  2.57000E+000,  1.7967E-003,  4.0091E-003
  2.58000E+000,  1.7967E-003,  4.0091E-003
  2.59000E+000,  1.0872E-002,  4.0091E-003
  2.60000E+000,  1.0872E-002,  1.3121E-002
  2.61000E+000,  1.0872E-002,  4.0091E-003
  2.62000E+000,  1.7967E-003,  4.0091E-003
  2.63000E+000,  1.7967E-003,  4.0091E-003
  2.64000E+000,  1.7967E-003,  4.0091E-003
  2.65000E+000,  1.7967E-003,  4.0091E-003
  2.66000E+000,  1.7967E-003,  4.0091E-003
  2.67000E+000,  1.7967E-003,  1.3121E-002
  2.68000E+000,  1.7967E-003, -5.1033E-003
  2.69000E+000,  1.7967E-003,  1.3121E-002
  2.70000E+000,  1.7967E-003,  4.0091E-003
  2.71000E+000,  1.7967E-003,  4.0091E-003
  2.72000E+000,  1.7967E-003,  1.3121E-002
  2.73000E+000,  1.0872E-002,  4.0091E-003
  2.74000E+000,  1.7967E-003,  4.0091E-003
  2.75000E+000,  1.7967E-003,  4.0091E-003
  2.76000E+000,  1.7967E-003,  4.0091E-003
  2.77000E+000,  1.7967E-003,  4.0091E-003
  2.78000E+000, -7.2795E-003, -5.1033E-003
  2.79000E+000,  1.7967E-003,  4.0091E-003
  2.80000E+000,  1.7967E-003,  4.0091E-003
  2.81000E+000,  1.7967E-003,  4.0091E-003
  2.82000E+000,  1.0872E-002,  1.3121E-002
  2.83000E+000,  1.0872E-002,  1.3121E-002
  2.84000E+000,  1.0872E-002,  1.3121E-002
  2.85000E+000,  1.0872E-002,  1.3121E-002
  2.86000E+000,  1.7967E-003,  4.0091E-003
  2.87000E+000, -7.2795E-003,  4.0091E-003
  2.88000E+000, -7.2795E-003,  4.0091E-003
  2.89000E+000, -7.2795E-003,  4.0091E-003
  2.90000E+000,  1.7967E-003,  4.0091E-003
  2.91000E+000,  1.7967E-003,  4.0091E-003
  2.92000E+000,  1.7967E-003,  4.0091E-003
  2.93000E+000,  1.7967E-003,  4.0091E-003
  2.94000E+000,  1.0872E-002,  4.0091E-003
  2.95000E+000,  1.0872E-002,  1.3121E-002
  2.96000E+000,  1.7967E-003,  4.0091E-003
  2.97000E+000,  1.7967E-003,  4.0091E-003
  2.98000E+000, -7.2795E-003,  4.0091E-003
  2.99000E+000,  1.7967E-003,  4.0091E-003
  3.00000E+000,  1.7967E-003, -5.1033E-003
  3.01000E+000,  1.7967E-003,  4.0091E-003
  3.02000E+000,  1.7967E-003,  4.0091E-003
  3.03000E+000,  1.7967E-003,  1.3121E-002
  3.04000E+000,  1.0872E-002,  1.3121E-002
  3.05000E+000,  1.0872E-002,  1.3121E-002
  3.06000E+000,  1.0872E-002,  4.0091E-003
  3.07000E+000,  1.7967E-003,  1.3121E-002
  3.08000E+000,  1.7967E-003,  1.3121E-002
  3.09000E+000,  1.7967E-003,  1.3121E-002
  3.10000E+000,  1.7967E-003,  1.3121E-002
  3.11000E+000, -7.2795E-003,  4.0091E-003
  3.12000E+000, -7.2795E-003,  4.0091E-003
  3.13000E+000, -1.6355E-002, -5.1033E-003
  3.14000E+000,  1.7967E-003,  4.0091E-003
  3.15000E+000,  1.0872E-002,  1.3121E-002
  3.16000E+000,  1.0872E-002,  1.3121E-002
  3.17000E+000,  1.7967E-003,  1.3121E-002
  3.18000E+000, -7.2795E-003,  4.0091E-003
  3.19000E+000,  1.7967E-003,  4.0091E-003
  3.20000E+000,  1.0872E-002,  4.0091E-003
  3.21000E+000,  1.7967E-003,  4.0091E-003
  3.22000E+000,  1.7967E-003,  4.0091E-003
  3.23000E+000, -7.2795E-003, -5.1033E-003
  3.24000E+000, -7.2795E-003, -5.1033E-003
  3.25000E+000,  1.7967E-003,  4.0091E-003
  3.26000E+000,  1.7967E-003,  4.0091E-003
  3.27000E+000,  1.7967E-003,  1.3121E-002
  3.28000E+000,  1.7967E-003,  1.3121E-002
  3.29000E+000,  1.0872E-002,  1.3121E-002
  3.30000E+000,  1.0872E-002,  1.3121E-002
  3.31000E+000,  3.1037E-001,  3.1381E-001
  3.32000E+000,  4.2835E-001,  4.4138E-001
  3.33000E+000,  5.4634E-001,  5.5072E-001
  3.34000E+000,  6.5524E-001,  6.5095E-001
  3.35000E+000,  7.4600E-001,  7.5118E-001
  3.36000E+000,  8.4583E-001,  8.5141E-001
  3.37000E+000,  9.2751E-001,  9.4253E-001
  3.38000E+000,  1.0092E+000,  1.0245E+000
  3.39000E+000,  1.0727E+000,  1.0883E+000
  3.40000E+000,  1.1272E+000,  1.1521E+000
  3.41000E+000,  1.1544E+000,  1.1885E+000
  3.42000E+000,  1.1635E+000,  1.1977E+000
  3.43000E+000,  1.1816E+000,  1.2068E+000
  3.44000E+000,  1.1816E+000,  1.2068E+000
  3.45000E+000,  1.1816E+000,  1.2068E+000
  3.46000E+000,  1.1907E+000,  1.2250E+000
  3.47000E+000,  1.2270E+000,  1.2523E+000
  3.48000E+000,  1.2724E+000,  1.2979E+000
  3.49000E+000,  1.3268E+000,  1.3434E+000
  3.50000E+000,  1.3631E+000,  1.3981E+000
  3.51000E+000,  1.4630E+000,  1.4801E+000
  3.52000E+000,  1.8169E+000,  1.8173E+000
  3.53000E+000,  2.2889E+000,  2.2729E+000
  3.54000E+000,  2.7245E+000,  2.7011E+000
  3.55000E+000,  3.1148E+000,  3.1020E+000
  3.56000E+000,  3.4324E+000,  3.4118E+000
  3.57000E+000,  3.7228E+000,  3.7307E+000
  3.58000E+000,  3.9951E+000,  4.0223E+000
  3.59000E+000,  4.2855E+000,  4.3139E+000
  3.60000E+000,  4.5850E+000,  4.6237E+000
  3.61000E+000,  4.8210E+000,  4.8697E+000
  3.62000E+000,  5.0569E+000,  5.0975E+000
  3.63000E+000,  5.3020E+000,  5.3435E+000
  3.64000E+000,  5.4926E+000,  5.5622E+000
  3.65000E+000,  5.6922E+000,  5.7262E+000
  3.66000E+000,  5.8738E+000,  5.9358E+000
  3.67000E+000,  6.0462E+000,  6.1454E+000
  3.68000E+000,  6.2186E+000,  6.3823E+000
  3.69000E+000,  6.4546E+000,  6.5919E+000
  3.70000E+000,  6.5907E+000,  6.7376E+000
  3.71000E+000,  6.9175E+000,  6.8743E+000
  3.72000E+000,  7.2986E+000,  7.5850E+000
  3.73000E+000,  6.7995E+000,  6.6830E+000
  3.74000E+000,  7.1988E+000,  7.0657E+000
  3.75000E+000,  7.5074E+000,  7.2479E+000
  3.76000E+000,  7.7161E+000,  7.4393E+000
  3.77000E+000,  7.8250E+000,  7.7217E+000
  3.78000E+000,  8.0973E+000,  8.1044E+000
  3.79000E+000,  8.3605E+000,  8.2684E+000
  3.80000E+000,  8.8143E+000,  8.5327E+000
  3.81000E+000,  8.9323E+000,  8.7696E+000
  3.82000E+000,  9.2499E+000,  8.8972E+000
  3.83000E+000,  9.3497E+000,  9.0885E+000
  3.84000E+000,  8.9776E+000,  9.0338E+000
  3.85000E+000,  9.3134E+000,  9.1341E+000
  3.86000E+000,  9.0412E+000,  9.1432E+000
  3.87000E+000,  9.2590E+000,  9.3619E+000
  3.88000E+000,  9.4223E+000,  9.4712E+000
  3.89000E+000,  9.5585E+000,  9.6534E+000
  3.90000E+000,  9.6402E+000,  9.7445E+000
  3.91000E+000,  9.9033E+000,  9.9723E+000
  3.92000E+000,  9.8307E+000,  9.8903E+000
  3.93000E+000,  1.0312E+001,  1.0246E+001
  3.94000E+000,  1.0067E+001,  1.0191E+001
  3.95000E+000,  1.0629E+001,  1.0419E+001
  3.96000E+000,  1.0874E+001,  1.0583E+001
  3.97000E+000,  1.0874E+001,  1.0756E+001
  3.98000E+000,  1.0902E+001,  1.0874E+001
  3.99000E+000,  1.1855E+001,  1.1521E+001
  4.00000E+000,  1.1410E+001,  1.1321E+001
  4.01000E+000,  1.1292E+001,  1.1321E+001
  4.02000E+000,  1.1891E+001,  1.1603E+001
  4.03000E+000,  1.2082E+001,  1.2004E+001
  4.04000E+000,  1.2435E+001,  1.2369E+001
  4.05000E+000,  1.2327E+001,  1.2369E+001
  4.06000E+000,  1.2317E+001,  1.2423E+001
  4.07000E+000,  1.2699E+001,  1.2770E+001
  4.08000E+000,  1.2753E+001,  1.2651E+001
  4.09000E+000,  1.2853E+001,  1.2852E+001
  4.10000E+000,  1.2980E+001,  1.2979E+001
  4.11000E+000,  1.3089E+001,  1.3171E+001
  4.12000E+000,  1.3125E+001,  1.3125E+001
  4.13000E+000,  1.3198E+001,  1.3408E+001
  4.14000E+000,  1.3171E+001,  1.3380E+001
  4.15000E+000,  1.3343E+001,  1.3553E+001
  4.16000E+000,  1.3361E+001,  1.3663E+001
  4.17000E+000,  1.3797E+001,  1.3918E+001
  4.18000E+000,  1.3878E+001,  1.3918E+001
  4.19000E+000,  1.4024E+001,  1.4264E+001
  4.20000E+000,  1.4114E+001,  1.4337E+001
  4.21000E+000,  1.3860E+001,  1.4255E+001
  4.22000E+000,  1.3897E+001,  1.4328E+001
  4.23000E+000,  1.3788E+001,  1.4237E+001
  4.24000E+000,  1.3824E+001,  1.4228E+001
  4.25000E+000,  1.3951E+001,  1.4492E+001
  4.26000E+000,  1.3924E+001,  1.4401E+001
  4.27000E+000,  1.3770E+001,  1.4337E+001
  4.28000E+000,  1.3924E+001,  1.4419E+001
  4.29000E+000,  1.3860E+001,  1.4373E+001
  4.30000E+000,  1.3969E+001,  1.4483E+001
  4.31000E+000,  1.3969E+001,  1.4364E+001
  4.32000E+000,  1.3888E+001,  1.4273E+001
  4.33000E+000,  1.3751E+001,  1.4446E+001
  4.34000E+000,  1.3788E+001,  1.4392E+001
  4.35000E+000,  1.3951E+001,  1.4373E+001
  4.36000E+000,  1.3751E+001,  1.4300E+001
  4.37000E+000,  1.3742E+001,  1.4246E+001
  4.38000E+000,  1.3833E+001,  1.4273E+001
  4.39000E+000,  1.3851E+001,  1.4346E+001
  4.40000E+000,  1.3788E+001,  1.4228E+001
  4.41000E+000,  1.3670E+001,  1.4264E+001
  4.42000E+000,  1.3779E+001,  1.4291E+001
  4.43000E+000,  1.3679E+001,  1.4136E+001
  4.44000E+000,  1.3915E+001,  1.4392E+001
  4.45000E+000,  1.3906E+001,  1.4319E+001
  4.46000E+000,  1.3933E+001,  1.4501E+001
  4.47000E+000,  1.3806E+001,  1.4282E+001
  4.48000E+000,  1.3715E+001,  1.4310E+001
  4.49000E+000,  1.3815E+001,  1.4264E+001
  4.50000E+000,  1.3960E+001,  1.4346E+001
  4.51000E+000,  1.3878E+001,  1.4228E+001
  4.52000E+000,  1.3897E+001,  1.4291E+001
  4.53000E+000,  1.3706E+001,  1.4264E+001
  4.54000E+000,  1.3570E+001,  1.3982E+001
  4.55000E+000,  1.3089E+001,  1.3672E+001
  4.56000E+000,  1.3152E+001,  1.3708E+001
  4.57000E+000,  1.2762E+001,  1.3380E+001
  4.58000E+000,  1.2381E+001,  1.3125E+001
  4.59000E+000,  1.2635E+001,  1.3462E+001
  4.60000E+000,  1.1954E+001,  1.2843E+001
  4.61000E+000,  1.1846E+001,  1.2560E+001
  4.62000E+000,  1.2254E+001,  1.2897E+001
  4.63000E+000,  1.1401E+001,  1.2278E+001
  4.64000E+000,  1.1092E+001,  1.2123E+001
  4.65000E+000,  1.1156E+001,  1.2105E+001
  4.66000E+000,  1.0983E+001,  1.1858E+001
  4.67000E+000,  1.0775E+001,  1.1959E+001
  4.68000E+000,  1.0893E+001,  1.1585E+001
  4.69000E+000,  1.0584E+001,  1.1640E+001
  4.70000E+000,  1.0439E+001,  1.1649E+001
  4.71000E+000,  1.0330E+001,  1.1221E+001
  4.72000E+000,  1.0221E+001,  1.1403E+001
  4.73000E+000,  1.0085E+001,  1.1057E+001
  4.74000E+000,  1.0003E+001,  1.1193E+001
  4.75000E+000,  9.8035E+000,  1.1038E+001
  4.76000E+000,  9.6311E+000,  1.0856E+001
  4.77000E+000,  9.3860E+000,  1.0665E+001
  4.78000E+000,  9.2227E+000,  1.0510E+001
  4.79000E+000,  9.1138E+000,  1.0401E+001
  4.80000E+000,  8.9867E+000,  1.0200E+001
  4.81000E+000,  8.8324E+000,  1.0155E+001
  4.82000E+000,  8.6691E+000,  9.8721E+000
  4.83000E+000,  8.5602E+000,  9.7628E+000
  4.84000E+000,  8.3877E+000,  9.5805E+000
  4.85000E+000,  8.2607E+000,  9.4439E+000
  4.86000E+000,  8.1699E+000,  9.3254E+000
  4.87000E+000,  8.0882E+000,  9.2343E+000
  4.88000E+000,  7.9884E+000,  9.0976E+000
  4.89000E+000,  7.8432E+000,  8.9154E+000
  4.90000E+000,  7.7615E+000,  8.8060E+000
  4.91000E+000,  7.6435E+000,  8.6602E+000
  4.92000E+000,  7.5528E+000,  8.5509E+000
  4.93000E+000,  7.4529E+000,  8.3778E+000
  4.94000E+000,  7.3440E+000,  8.2411E+000
  4.95000E+000,  7.2533E+000,  8.1226E+000
  4.96000E+000,  7.1716E+000,  8.0042E+000
  4.97000E+000,  7.0717E+000,  7.9040E+000
  4.98000E+000,  6.9901E+000,  7.7764E+000
  4.99000E+000,  6.9175E+000,  7.6579E+000
  5.00000E+000,  6.8358E+000,  7.5486E+000
  5.01000E+000,  6.7541E+000,  7.4119E+000
  5.02000E+000,  6.6724E+000,  7.2844E+000
  5.03000E+000,  6.6089E+000,  7.1659E+000
  5.04000E+000,  6.5272E+000,  7.0748E+000
  5.05000E+000,  6.4364E+000,  6.9472E+000
  5.06000E+000,  6.3729E+000,  6.8561E+000
  5.07000E+000,  6.3094E+000,  6.7650E+000
  5.08000E+000,  6.2368E+000,  6.6465E+000
  5.09000E+000,  6.1642E+000,  6.5554E+000
  5.10000E+000,  6.1097E+000,  6.4734E+000
  5.11000E+000,  6.0280E+000,  6.3641E+000
  5.12000E+000,  5.9645E+000,  6.3003E+000
  5.13000E+000,  5.8919E+000,  6.2001E+000
  5.14000E+000,  5.8375E+000,  6.1272E+000
  5.15000E+000,  5.7648E+000,  6.0451E+000
  5.16000E+000,  5.6922E+000,  5.9358E+000
  5.17000E+000,  5.6378E+000,  5.8811E+000
  5.18000E+000,  5.5470E+000,  5.8174E+000
  5.19000E+000,  5.5107E+000,  5.7445E+000
  5.20000E+000,  5.4563E+000,  5.6625E+000
  5.21000E+000,  5.3927E+000,  5.5896E+000
  5.22000E+000,  5.3383E+000,  5.5440E+000
  5.23000E+000,  5.2929E+000,  5.4620E+000
  5.24000E+000,  5.2385E+000,  5.4073E+000
  5.25000E+000,  5.1749E+000,  5.3344E+000
  5.26000E+000,  5.1205E+000,  5.2798E+000
  5.27000E+000,  5.0751E+000,  5.2251E+000
  5.28000E+000,  5.0206E+000,  5.1613E+000
  5.29000E+000,  4.9753E+000,  5.1066E+000
  5.30000E+000,  4.9299E+000,  5.0611E+000
  5.31000E+000,  4.8664E+000,  5.0064E+000
  5.32000E+000,  4.8482E+000,  5.0064E+000
  5.33000E+000,  4.8482E+000,  4.9973E+000
  5.34000E+000,  4.8391E+000,  4.9973E+000
  5.35000E+000,  4.8391E+000,  4.9973E+000
  5.36000E+000,  4.8391E+000,  4.9973E+000
  5.37000E+000,  4.8301E+000,  4.9973E+000
  5.38000E+000,  4.8391E+000,  4.9700E+000
  5.39000E+000,  4.8210E+000,  4.9517E+000
  5.40000E+000,  4.8210E+000,  4.9426E+000
  5.41000E+000,  4.8028E+000,  4.9335E+000
  5.42000E+000,  4.7937E+000,  4.9153E+000
  5.43000E+000,  4.7756E+000,  4.9153E+000
  5.44000E+000,  4.7665E+000,  4.9062E+000
  5.45000E+000,  4.7574E+000,  4.8879E+000
  5.46000E+000,  4.7393E+000,  4.8697E+000
  5.47000E+000,  4.7211E+000,  4.8515E+000
  5.48000E+000,  4.7030E+000,  4.8424E+000
  5.49000E+000,  4.6758E+000,  4.8242E+000
  5.50000E+000,  4.6667E+000,  4.8059E+000
  5.51000E+000,  4.6395E+000,  4.7877E+000
  5.52000E+000,  4.6304E+000,  4.7695E+000
  5.53000E+000,  4.6122E+000,  4.7513E+000
  5.54000E+000,  4.5941E+000,  4.7239E+000
  5.55000E+000,  4.5669E+000,  4.7148E+000
  5.56000E+000,  4.5487E+000,  4.6875E+000
  5.57000E+000,  4.5306E+000,  4.6602E+000
  5.58000E+000,  4.5124E+000,  4.6419E+000
  5.59000E+000,  4.4943E+000,  4.6237E+000
  5.60000E+000,  4.4670E+000,  4.6055E+000
  5.61000E+000,  4.4398E+000,  4.5873E+000
  5.62000E+000,  4.4216E+000,  4.5690E+000
  5.63000E+000,  4.3944E+000,  4.5326E+000
  5.64000E+000,  4.3853E+000,  4.5144E+000
  5.65000E+000,  4.3581E+000,  4.4961E+000
  5.66000E+000,  4.3400E+000,  4.4779E+000
  5.67000E+000,  4.3037E+000,  4.4415E+000
  5.68000E+000,  4.2946E+000,  4.4232E+000
  5.69000E+000,  4.2855E+000,  4.4141E+000
  5.70000E+000,  4.2674E+000,  4.3959E+000
  5.71000E+000,  4.2401E+000,  4.3686E+000
  5.72000E+000,  4.2220E+000,  4.3503E+000
  5.73000E+000,  4.2038E+000,  4.3321E+000
  5.74000E+000,  4.1857E+000,  4.3230E+000
  5.75000E+000,  4.1675E+000,  4.3048E+000
  5.76000E+000,  4.1494E+000,  4.2775E+000
  5.77000E+000,  4.1221E+000,  4.2501E+000
  5.78000E+000,  4.1040E+000,  4.2410E+000
  5.79000E+000,  4.0949E+000,  4.2228E+000
  5.80000E+000,  4.0858E+000,  4.2046E+000
  5.81000E+000,  4.0677E+000,  4.1954E+000
  5.82000E+000,  4.0405E+000,  4.1772E+000
  5.83000E+000,  4.0132E+000,  4.1590E+000
  5.84000E+000,  4.0132E+000,  4.1408E+000
  5.85000E+000,  4.0042E+000,  4.1226E+000
  5.86000E+000,  3.9769E+000,  4.1043E+000
  5.87000E+000,  3.9588E+000,  4.0952E+000
  5.88000E+000,  3.9316E+000,  4.0679E+000
  5.89000E+000,  3.9225E+000,  4.0405E+000
  5.90000E+000,  3.9134E+000,  4.0314E+000
  5.91000E+000,  3.8953E+000,  4.0132E+000
  5.92000E+000,  3.8771E+000,  4.0041E+000
  5.93000E+000,  3.8680E+000,  3.9950E+000
  5.94000E+000,  3.8499E+000,  3.9768E+000
  5.95000E+000,  3.8317E+000,  3.9585E+000
  5.96000E+000,  3.8227E+000,  3.9494E+000
  5.97000E+000,  3.8045E+000,  3.9403E+000
  5.98000E+000,  3.7773E+000,  3.9130E+000
  5.99000E+000,  3.7773E+000,  3.8948E+000
  6.00000E+000,  3.7500E+000,  3.8765E+000
  6.01000E+000,  3.7500E+000,  3.8583E+000
  6.02000E+000,  3.7228E+000,  3.8492E+000
  6.03000E+000,  3.7137E+000,  3.8401E+000
  6.04000E+000,  3.6956E+000,  3.8128E+000
  6.05000E+000,  3.6956E+000,  3.8128E+000
  6.06000E+000,  3.6865E+000,  3.8036E+000
  6.07000E+000,  3.6684E+000,  3.7945E+000
  6.08000E+000,  3.6502E+000,  3.7763E+000
  6.09000E+000,  3.6411E+000,  3.7490E+000
  6.10000E+000,  3.6321E+000,  3.7399E+000
  6.11000E+000,  3.6139E+000,  3.7216E+000
  6.12000E+000,  3.6048E+000,  3.7125E+000
  6.13000E+000,  3.5958E+000,  3.7034E+000
  6.14000E+000,  3.5776E+000,  3.6852E+000
  6.15000E+000,  3.5776E+000,  3.6761E+000
  6.16000E+000,  3.5685E+000,  3.6579E+000
  6.17000E+000,  3.5504E+000,  3.6579E+000
  6.18000E+000,  3.5322E+000,  3.6396E+000
  6.19000E+000,  3.5322E+000,  3.6305E+000
  6.20000E+000,  3.5141E+000,  3.6123E+000
  6.21000E+000,  3.5050E+000,  3.6032E+000
  6.22000E+000,  3.4959E+000,  3.5941E+000
  6.23000E+000,  3.4778E+000,  3.5758E+000
  6.24000E+000,  3.4778E+000,  3.5667E+000
  6.25000E+000,  3.4687E+000,  3.5576E+000
  6.26000E+000,  3.4505E+000,  3.5394E+000
  6.27000E+000,  3.4415E+000,  3.5303E+000
  6.28000E+000,  3.4324E+000,  3.5394E+000
  6.29000E+000,  3.4233E+000,  3.5121E+000
  6.30000E+000,  3.4142E+000,  3.5030E+000
  6.31000E+000,  3.3961E+000,  3.4938E+000
  6.32000E+000,  3.4052E+000,  3.4938E+000
  6.33000E+000,  3.3870E+000,  3.4756E+000
  6.34000E+000,  3.3779E+000,  3.4665E+000
  6.35000E+000,  3.3779E+000,  3.4574E+000
  6.36000E+000,  3.3598E+000,  3.4483E+000
  6.37000E+000,  3.3507E+000,  3.4392E+000
  6.38000E+000,  3.3416E+000,  3.4301E+000
  6.39000E+000,  3.3326E+000,  3.4209E+000
  6.40000E+000,  3.3326E+000,  3.4118E+000
  6.41000E+000,  3.3144E+000,  3.4027E+000
  6.42000E+000,  3.3053E+000,  3.3936E+000
  6.43000E+000,  3.3144E+000,  3.3845E+000
  6.44000E+000,  3.2872E+000,  3.3754E+000
  6.45000E+000,  3.2872E+000,  3.3663E+000
  6.46000E+000,  3.2690E+000,  3.3480E+000
  6.47000E+000,  3.2509E+000,  3.3389E+000
  6.48000E+000,  3.2418E+000,  3.3298E+000
  6.49000E+000,  3.2418E+000,  3.3207E+000
  6.50000E+000,  3.2418E+000,  3.3298E+000
  6.51000E+000,  3.2237E+000,  3.3116E+000
  6.52000E+000,  3.2237E+000,  3.3025E+000
  6.53000E+000,  3.2055E+000,  3.2843E+000
  6.54000E+000,  3.2055E+000,  3.2752E+000
  6.55000E+000,  3.1964E+000,  3.2752E+000
  6.56000E+000,  3.1874E+000,  3.2569E+000
  6.57000E+000,  3.1874E+000,  3.2569E+000
  6.58000E+000,  3.1692E+000,  3.2387E+000
  6.59000E+000,  3.1601E+000,  3.2387E+000
  6.60000E+000,  3.1601E+000,  3.2296E+000
  6.61000E+000,  3.1511E+000,  3.2205E+000
  6.62000E+000,  3.1420E+000,  3.2205E+000
  6.63000E+000,  3.1329E+000,  3.2114E+000
  6.64000E+000,  3.1238E+000,  3.2023E+000
  6.65000E+000,  3.1238E+000,  3.2023E+000
  6.66000E+000,  3.1148E+000,  3.1931E+000
  6.67000E+000,  3.1057E+000,  3.1840E+000
  6.68000E+000,  3.0966E+000,  3.1749E+000
  6.69000E+000,  3.0875E+000,  3.1567E+000
  6.70000E+000,  3.0875E+000,  3.1567E+000
  6.71000E+000,  3.0784E+000,  3.1476E+000
  6.72000E+000,  3.0694E+000,  3.1476E+000
  6.73000E+000,  3.0603E+000,  3.1385E+000
  6.74000E+000,  3.0603E+000,  3.1203E+000
  6.75000E+000,  3.0603E+000,  3.1203E+000
  6.76000E+000,  3.0512E+000,  3.1111E+000
  6.77000E+000,  3.0331E+000,  3.1020E+000
  6.78000E+000,  3.0240E+000,  3.1020E+000
  6.79000E+000,  3.0240E+000,  3.0747E+000
  6.80000E+000,  3.0149E+000,  3.0747E+000
  6.81000E+000,  3.0149E+000,  3.0747E+000
  6.82000E+000,  2.9968E+000,  3.0656E+000
  6.83000E+000,  2.9877E+000,  3.0565E+000
  6.84000E+000,  2.9877E+000,  3.0474E+000
  6.85000E+000,  2.9786E+000,  3.0474E+000
  6.86000E+000,  2.9695E+000,  3.0382E+000
  6.87000E+000,  2.9695E+000,  3.0291E+000
  6.88000E+000,  2.9605E+000,  3.0291E+000
  6.89000E+000,  2.9514E+000,  3.0200E+000
  6.90000E+000,  2.9514E+000,  3.0200E+000
  6.91000E+000,  2.9332E+000,  3.0018E+000
  6.92000E+000,  2.9242E+000,  3.0018E+000
  6.93000E+000,  2.9332E+000,  2.9927E+000
  6.94000E+000,  2.9242E+000,  2.9836E+000
  6.95000E+000,  2.9151E+000,  2.9745E+000
  6.96000E+000,  2.9060E+000,  2.9745E+000
  6.97000E+000,  2.8969E+000,  2.9654E+000
  6.98000E+000,  2.9060E+000,  2.9654E+000
  6.99000E+000,  2.8969E+000,  2.9654E+000
  7.00000E+000,  2.9060E+000,  2.9654E+000
  7.01000E+000,  2.8788E+000,  2.9471E+000
  7.02000E+000,  2.8788E+000,  2.9471E+000
  7.03000E+000,  2.8697E+000,  2.9380E+000
  7.04000E+000,  2.8697E+000,  2.9289E+000
  7.05000E+000,  2.8606E+000,  2.9289E+000
  7.06000E+000,  2.8606E+000,  2.9198E+000
  7.07000E+000,  2.8516E+000,  2.9198E+000
  7.08000E+000,  2.8516E+000,  2.9016E+000
  7.09000E+000,  2.8425E+000,  2.9107E+000
  7.10000E+000,  2.8425E+000,  2.9016E+000
  7.11000E+000,  2.8334E+000,  2.8925E+000
  7.12000E+000,  2.8425E+000,  2.8925E+000
  7.13000E+000,  2.8243E+000,  2.8833E+000
  7.14000E+000,  2.8153E+000,  2.8742E+000
  7.15000E+000,  2.8153E+000,  2.8742E+000
  7.16000E+000,  2.8153E+000,  2.8742E+000
  7.17000E+000,  2.8062E+000,  2.8651E+000
  7.18000E+000,  2.7971E+000,  2.8560E+000
  7.19000E+000,  2.7971E+000,  2.8560E+000
  7.20000E+000,  2.7971E+000,  2.8469E+000
  7.21000E+000,  2.7880E+000,  2.8469E+000
  7.22000E+000,  2.7880E+000,  2.8378E+000
  7.23000E+000,  2.7790E+000,  2.8287E+000
  7.24000E+000,  2.7790E+000,  2.8378E+000
  7.25000E+000,  2.7790E+000,  2.8287E+000
  7.26000E+000,  2.7699E+000,  2.8196E+000
  7.27000E+000,  2.7608E+000,  2.8196E+000
  7.28000E+000,  2.7517E+000,  2.8013E+000
  7.29000E+000,  2.7517E+000,  2.7922E+000
  7.30000E+000,  2.7426E+000,  2.7922E+000
  7.31000E+000,  2.7245E+000,  2.7831E+000
  7.32000E+000,  2.7426E+000,  2.8013E+000
  7.33000E+000,  2.7699E+000,  2.8196E+000
  7.34000E+000,  2.8153E+000,  2.8469E+000
  7.35000E+000,  2.8606E+000,  2.8925E+000
  7.36000E+000,  2.9242E+000,  2.9654E+000
  7.37000E+000,  2.9968E+000,  3.0474E+000
  7.38000E+000,  3.0421E+000,  3.1020E+000
  7.39000E+000,  2.8879E+000,  2.8742E+000
  7.40000E+000,  2.8243E+000,  2.8560E+000
  7.41000E+000,  3.0240E+000,  3.0291E+000
  7.42000E+000,  3.1783E+000,  3.2114E+000
  7.43000E+000,  3.2327E+000,  3.2843E+000
  7.44000E+000,  3.2781E+000,  3.3116E+000
  7.45000E+000,  3.4596E+000,  3.4209E+000
  7.46000E+000,  3.6230E+000,  3.5941E+000
  7.47000E+000,  3.5595E+000,  3.6579E+000
  7.48000E+000,  3.4052E+000,  3.7945E+000
  7.49000E+000,  2.9060E+000,  3.6214E+000
  7.50000E+000,  2.6065E+000,  2.9745E+000
  7.51000E+000,  1.5900E+000,  1.8537E+000
  7.52000E+000,  8.3676E-001,  9.6986E-001
  7.53000E+000,  4.3743E-001,  5.1427E-001
  7.54000E+000,  2.1054E-001,  2.5914E-001
  7.55000E+000,  9.2553E-002,  1.1335E-001
  7.56000E+000,  3.8099E-002,  4.9568E-002
  7.57000E+000,  2.9024E-002,  3.1344E-002
  7.58000E+000,  1.0872E-002,  2.2233E-002
  7.59000E+000,  1.9947E-002,  1.3121E-002
  7.60000E+000,  1.7967E-003,  1.3121E-002
  7.61000E+000,  1.7967E-003,  4.0091E-003
  7.62000E+000,  1.0872E-002,  1.3121E-002
  7.63000E+000,  1.7967E-003,  4.0091E-003
  7.64000E+000, -7.2795E-003,  4.0091E-003
  7.65000E+000, -7.2795E-003,  4.0091E-003
  7.66000E+000, -7.2795E-003, -5.1033E-003
  7.67000E+000,  1.7967E-003,  4.0091E-003
  7.68000E+000,  1.0872E-002, -5.1033E-003
  7.69000E+000,  1.7967E-003,  4.0091E-003
  7.70000E+000,  1.7967E-003,  4.0091E-003
  7.71000E+000,  1.7967E-003,  4.0091E-003
  7.72000E+000, -7.2795E-003, -5.1033E-003
  7.73000E+000,  1.7967E-003,  4.0091E-003
  7.74000E+000,  1.7967E-003,  4.0091E-003
  7.75000E+000,  1.7967E-003,  4.0091E-003
  7.76000E+000, -7.2795E-003, -5.1033E-003
  7.77000E+000, -7.2795E-003, -5.1033E-003
  7.78000E+000, -7.2795E-003, -5.1033E-003
  7.79000E+000,  1.7967E-003,  4.0091E-003
  7.80000E+000,  1.0872E-002,  4.0091E-003
  7.81000E+000,  1.7967E-003, -5.1033E-003
  7.82000E+000,  1.7967E-003,  4.0091E-003
  7.83000E+000,  1.7967E-003,  4.0091E-003
  7.84000E+000,  1.7967E-003,  4.0091E-003
  7.85000E+000,  1.0872E-002,  4.0091E-003
  7.86000E+000,  1.7967E-003, -5.1033E-003
  7.87000E+000,  1.7967E-003,  4.0091E-003
  7.88000E+000,  1.7967E-003,  4.0091E-003
  7.89000E+000,  1.7967E-003,  4.0091E-003
  7.90000E+000,  1.0872E-002,  4.0091E-003
  7.91000E+000,  1.7967E-003,  4.0091E-003
  7.92000E+000,  1.7967E-003,  4.0091E-003
  7.93000E+000,  1.0872E-002, -5.1033E-003
  7.94000E+000,  1.7967E-003,  4.0091E-003
  7.95000E+000,  1.0872E-002,  4.0091E-003
  7.96000E+000,  1.7967E-003,  4.0091E-003
  7.97000E+000, -7.2795E-003, -5.1033E-003
  7.98000E+000, -7.2795E-003, -1.4215E-002
  7.99000E+000, -7.2795E-003, -5.1033E-003
  8.00000E+000,  1.7967E-003,  4.0091E-003
  8.01000E+000,  1.7967E-003, -5.1033E-003
  8.02000E+000, -7.2795E-003, -5.1033E-003
  8.03000E+000,  1.7967E-003, -5.1033E-003
  8.04000E+000, -7.2795E-003,  4.0091E-003
  8.05000E+000,  1.7967E-003,  4.0091E-003
  8.06000E+000,  1.7967E-003,  4.0091E-003
  8.07000E+000,  1.7967E-003,  1.3121E-002
  8.08000E+000, -7.2795E-003,  4.0091E-003
  8.09000E+000,  1.7967E-003, -5.1033E-003
  8.10000E+000,  1.7967E-003, -5.1033E-003
  8.11000E+000,  1.7967E-003, -5.1033E-003
  8.12000E+000,  1.7967E-003,  4.0091E-003
  8.13000E+000, -7.2795E-003,  4.0091E-003
  8.14000E+000,  1.7967E-003,  4.0091E-003
  8.15000E+000,  1.0872E-002,  4.0091E-003
  8.16000E+000,  1.7967E-003,  4.0091E-003
  8.17000E+000,  1.0872E-002,  4.0091E-003
  8.18000E+000, -7.2795E-003,  4.0091E-003
  8.19000E+000,  1.7967E-003,  4.0091E-003
  8.20000E+000,  1.7967E-003,  4.0091E-003
  8.21000E+000,  1.7967E-003,  4.0091E-003
  8.22000E+000,  1.7967E-003,  4.0091E-003
  8.23000E+000,  1.7967E-003,  4.0091E-003
  8.24000E+000, -7.2795E-003,  4.0091E-003
  8.25000E+000,  1.7967E-003, -5.1033E-003
  8.26000E+000, -7.2795E-003, -5.1033E-003
  8.27000E+000,  1.7967E-003,  4.0091E-003
  8.28000E+000,  1.7967E-003, -1.4215E-002
  8.29000E+000,  1.7967E-003, -5.1033E-003
  8.30000E+000,  1.7967E-003,  4.0091E-003
  8.31000E+000,  1.7967E-003,  4.0091E-003
  8.32000E+000, -7.2795E-003, -5.1033E-003
  8.33000E+000, -7.2795E-003, -5.1033E-003
  8.34000E+000,  1.7967E-003,  4.0091E-003
  8.35000E+000,  1.7967E-003, -5.1033E-003
  8.36000E+000,  1.7967E-003,  4.0091E-003
  8.37000E+000,  1.7967E-003,  4.0091E-003
  8.38000E+000,  1.7967E-003,  4.0091E-003
  8.39000E+000,  1.7967E-003,  4.0091E-003
  8.40000E+000,  1.7967E-003,  1.3121E-002
  8.41000E+000,  1.7967E-003,  4.0091E-003
  8.42000E+000,  1.7967E-003,  4.0091E-003
  8.43000E+000,  1.7967E-003,  4.0091E-003
  8.44000E+000,  1.7967E-003,  1.3121E-002
  8.45000E+000,  1.7967E-003,  4.0091E-003
  8.46000E+000, -7.2795E-003, -5.1033E-003
  8.47000E+000, -7.2795E-003, -5.1033E-003
  8.48000E+000, -7.2795E-003, -5.1033E-003
  8.49000E+000,  1.7967E-003,  4.0091E-003
  8.50000E+000,  1.7967E-003,  4.0091E-003
  8.51000E+000,  1.7967E-003,  4.0091E-003
  8.52000E+000,  1.7967E-003,  4.0091E-003
  8.53000E+000,  1.7967E-003,  4.0091E-003
  8.54000E+000,  1.7967E-003, -5.1033E-003
  8.55000E+000, -7.2795E-003, -5.1033E-003
  8.56000E+000, -7.2795E-003, -1.4215E-002
  8.57000E+000, -7.2795E-003, -5.1033E-003
  8.58000E+000, -7.2795E-003, -5.1033E-003
  8.59000E+000,  1.7967E-003, -5.1033E-003
  8.60000E+000,  1.7967E-003, -5.1033E-003
  8.61000E+000,  1.7967E-003, -5.1033E-003
  8.62000E+000, -7.2795E-003, -5.1033E-003
  8.63000E+000, -7.2795E-003,  4.0091E-003
  8.64000E+000,  1.7967E-003,  4.0091E-003
  8.65000E+000,  1.7967E-003,  4.0091E-003
  8.66000E+000,  1.7967E-003,  1.3121E-002
  8.67000E+000,  1.7967E-003, -5.1033E-003
  8.68000E+000,  1.7967E-003,  4.0091E-003
  8.69000E+000, -7.2795E-003,  4.0091E-003
  8.70000E+000,  1.7967E-003,  4.0091E-003
  8.71000E+000,  1.7967E-003,  4.0091E-003
  8.72000E+000,  1.7967E-003,  4.0091E-003
  8.73000E+000,  1.7967E-003, -5.1033E-003
  8.74000E+000,  1.7967E-003,  4.0091E-003
  8.75000E+000,  1.0872E-002,  4.0091E-003
  8.76000E+000,  1.7967E-003,  4.0091E-003
  8.77000E+000,  1.7967E-003,  4.0091E-003
  8.78000E+000,  1.0872E-002,  4.0091E-003
  8.79000E+000,  1.0872E-002,  4.0091E-003
  8.80000E+000,  1.7967E-003,  4.0091E-003
  8.81000E+000, -7.2795E-003, -5.1033E-003
  8.82000E+000, -7.2795E-003, -5.1033E-003
  8.83000E+000, -7.2795E-003, -1.4215E-002
  8.84000E+000,  1.7967E-003, -5.1033E-003
  8.85000E+000,  1.7967E-003, -5.1033E-003
  8.86000E+000, -7.2795E-003, -5.1033E-003
  8.87000E+000,  1.7967E-003,  4.0091E-003
  8.88000E+000, -7.2795E-003,  4.0091E-003
  8.89000E+000,  1.7967E-003,  4.0091E-003
  8.90000E+000,  1.7967E-003,  4.0091E-003
  8.91000E+000,  1.7967E-003, -5.1033E-003
  8.92000E+000,  1.7967E-003, -5.1033E-003
  8.93000E+000,  1.7967E-003, -5.1033E-003
  8.94000E+000,  1.7967E-003, -5.1033E-003
  8.95000E+000,  1.7967E-003, -5.1033E-003
  8.96000E+000, -7.2795E-003, -5.1033E-003
  8.97000E+000, -7.2795E-003, -5.1033E-003
  8.98000E+000, -7.2795E-003, -5.1033E-003
  8.99000E+000,  1.0872E-002,  1.3121E-002
  9.00000E+000,  1.0872E-002,  4.0091E-003
  9.01000E+000,  1.7967E-003, -5.1033E-003
  9.02000E+000,  1.7967E-003,  4.0091E-003
  9.03000E+000, -7.2795E-003, -5.1033E-003
  9.04000E+000,  1.7967E-003, -5.1033E-003
  9.05000E+000,  1.7967E-003, -5.1033E-003
  9.06000E+000, -7.2795E-003, -1.4215E-002
  9.07000E+000, -7.2795E-003, -5.1033E-003
  9.08000E+000, -7.2795E-003, -1.4215E-002
  9.09000E+000,  1.7967E-003,  4.0091E-003
  9.10000E+000, -7.2795E-003,  4.0091E-003
  9.11000E+000, -7.2795E-003, -5.1033E-003
  9.12000E+000, -7.2795E-003, -5.1033E-003
  9.13000E+000, -7.2795E-003, -5.1033E-003
  9.14000E+000,  1.7967E-003, -5.1033E-003
  9.15000E+000, -7.2795E-003, -5.1033E-003
  9.16000E+000, -7.2795E-003, -5.1033E-003
  9.17000E+000, -7.2795E-003, -1.4215E-002
  9.18000E+000, -1.6355E-002, -1.4215E-002
  9.19000E+000,  1.7967E-003, -5.1033E-003
  9.20000E+000,  1.0872E-002, -5.1033E-003
  9.21000E+000,  1.7967E-003, -5.1033E-003
  9.22000E+000, -7.2795E-003, -5.1033E-003
  9.23000E+000, -7.2795E-003,  4.0091E-003
  9.24000E+000,  1.7967E-003,  4.0091E-003
  9.25000E+000,  1.7967E-003, -5.1033E-003
  9.26000E+000, -7.2795E-003, -5.1033E-003
  9.27000E+000, -7.2795E-003, -5.1033E-003
  9.28000E+000,  1.7967E-003, -5.1033E-003
  9.29000E+000,  1.7967E-003, -5.1033E-003
  9.30000E+000,  1.7967E-003, -5.1033E-003
  9.31000E+000, -7.2795E-003, -1.4215E-002
  9.32000E+000, -7.2795E-003, -5.1033E-003
  9.33000E+000, -7.2795E-003,  4.0091E-003
  9.34000E+000,  1.7967E-003, -5.1033E-003
  9.35000E+000,  1.7967E-003, -5.1033E-003
  9.36000E+000,  1.7967E-003, -5.1033E-003
  9.37000E+000,  1.7967E-003, -5.1033E-003
  9.38000E+000, -7.2795E-003, -5.1033E-003
  9.39000E+000,  1.7967E-003,  4.0091E-003
  9.40000E+000,  1.7967E-003, -1.4215E-002
  9.41000E+000, -7.2795E-003, -5.1033E-003
  9.42000E+000, -7.2795E-003, -5.1033E-003
  9.43000E+000, -7.2795E-003, -5.1033E-003
  9.44000E+000, -7.2795E-003, -1.4215E-002
  9.45000E+000, -7.2795E-003, -5.1033E-003
  9.46000E+000, -7.2795E-003, -5.1033E-003
  9.47000E+000,  1.7967E-003, -5.1033E-003
  9.48000E+000,  1.7967E-003,  4.0091E-003
  9.49000E+000,  1.0872E-002, -5.1033E-003
  9.50000E+000,  1.7967E-003, -1.4215E-002
  9.51000E+000, -7.2795E-003, -5.1033E-003
  9.52000E+000, -1.6355E-002, -5.1033E-003
  9.53000E+000, -1.6355E-002, -5.1033E-003
  9.54000E+000, -7.2795E-003, -5.1033E-003
  9.55000E+000,  1.7967E-003,  4.0091E-003
  9.56000E+000,  1.7967E-003, -5.1033E-003
  9.57000E+000, -7.2795E-003, -5.1033E-003
  9.58000E+000, -7.2795E-003, -5.1033E-003
  9.59000E+000, -7.2795E-003, -5.1033E-003
  9.60000E+000,  1.7967E-003, -5.1033E-003
  9.61000E+000,  1.7967E-003, -5.1033E-003
  9.62000E+000,  1.7967E-003, -5.1033E-003
  9.63000E+000,  1.7967E-003, -5.1033E-003
  9.64000E+000,  1.7967E-003, -5.1033E-003
  9.65000E+000, -7.2795E-003, -5.1033E-003
  9.66000E+000, -7.2795E-003, -1.4215E-002
  9.67000E+000, -7.2795E-003, -1.4215E-002
  9.68000E+000, -7.2795E-003, -5.1033E-003
  9.69000E+000, -7.2795E-003,  4.0091E-003
  9.70000E+000,  1.7967E-003,  4.0091E-003
  9.71000E+000,  1.7967E-003, -5.1033E-003
  9.72000E+000, -7.2795E-003,  4.0091E-003
  9.73000E+000, -7.2795E-003, -1.4215E-002
  9.74000E+000, -7.2795E-003, -5.1033E-003
  9.75000E+000, -7.2795E-003, -5.1033E-003
  9.76000E+000, -7.2795E-003, -1.4215E-002
  9.77000E+000, -7.2795E-003, -5.1033E-003
  9.78000E+000, -7.2795E-003, -1.4215E-002
  9.79000E+000,  1.7967E-003, -1.4215E-002
  9.80000E+000, -7.2795E-003, -5.1033E-003
  9.81000E+000,  1.7967E-003, -5.1033E-003
  9.82000E+000,  1.7967E-003, -5.1033E-003
  9.83000E+000,  1.7967E-003, -5.1033E-003
  9.84000E+000,  1.7967E-003, -5.1033E-003
  9.85000E+000,  1.7967E-003, -5.1033E-003
  9.86000E+000, -7.2795E-003, -5.1033E-003
  9.87000E+000, -7.2795E-003, -5.1033E-003
  9.88000E+000, -7.2795E-003, -1.4215E-002
  9.89000E+000, -7.2795E-003, -5.1033E-003
  9.90000E+000, -7.2795E-003, -5.1033E-003
  9.91000E+000,  1.7967E-003, -5.1033E-003
  9.92000E+000, -7.2795E-003, -5.1033E-003
  9.93000E+000, -7.2795E-003, -5.1033E-003
  9.94000E+000, -7.2795E-003, -5.1033E-003
  9.95000E+000,  1.7967E-003, -5.1033E-003
  9.96000E+000, -7.2795E-003, -5.1033E-003
  9.97000E+000,  1.7967E-003, -5.1033E-003
  9.98000E+000, -7.2795E-003, -5.1033E-003
  9.99000E+000, -7.2795E-003, -5.1033E-003
  1.00000E+001, -7.2795E-003, -1.4215E-002
  1.00100E+001, -7.2795E-003, -1.4215E-002
  1.00200E+001, -7.2795E-003, -1.4215E-002
  1.00300E+001, -7.2795E-003, -1.4215E-002
  1.00400E+001, -7.2795E-003, -5.1033E-003
  1.00500E+001, -7.2795E-003, -1.4215E-002
  1.00600E+001,  1.7967E-003, -5.1033E-003
  1.00700E+001,  1.7967E-003, -5.1033E-003
  1.00800E+001, -7.2795E-003, -5.1033E-003
  1.00900E+001,  1.7967E-003, -1.4215E-002
  1.01000E+001, -7.2795E-003, -5.1033E-003
  1.01100E+001, -7.2795E-003, -5.1033E-003
  1.01200E+001, -7.2795E-003, -5.1033E-003
  1.01300E+001, -7.2795E-003, -1.4215E-002
  1.01400E+001, -7.2795E-003, -5.1033E-003
  1.01500E+001, -7.2795E-003, -5.1033E-003
  1.01600E+001,  1.7967E-003, -5.1033E-003
  1.01700E+001, -7.2795E-003, -5.1033E-003
  1.01800E+001,  1.7967E-003,  4.0091E-003
  1.01900E+001,  1.7967E-003, -5.1033E-003
  1.02000E+001,  1.7967E-003, -5.1033E-003
  1.02100E+001,  1.7967E-003, -5.1033E-003
  1.02200E+001, -7.2795E-003, -1.4215E-002
  1.02300E+001, -7.2795E-003, -1.4215E-002
  1.02400E+001, -7.2795E-003, -1.4215E-002
  1.02500E+001, -7.2795E-003, -1.4215E-002
  1.02600E+001, -7.2795E-003, -1.4215E-002
  1.02700E+001, -7.2795E-003, -5.1033E-003
  1.02800E+001, -7.2795E-003, -5.1033E-003
  1.02900E+001, -7.2795E-003, -5.1033E-003
  1.03000E+001,  1.7967E-003, -5.1033E-003
  1.03100E+001, -7.2795E-003, -1.4215E-002
  1.03200E+001, -7.2795E-003, -5.1033E-003
  1.03300E+001, -1.6355E-002, -1.4215E-002
  1.03400E+001, -7.2795E-003, -1.4215E-002
  1.03500E+001,  1.7967E-003, -1.4215E-002
  1.03600E+001,  1.7967E-003, -5.1033E-003
  1.03700E+001, -7.2795E-003, -1.4215E-002
  1.03800E+001, -1.6355E-002, -1.4215E-002
  1.03900E+001, -7.2795E-003, -5.1033E-003
  1.04000E+001, -7.2795E-003, -1.4215E-002
  1.04100E+001, -7.2795E-003, -5.1033E-003
  1.04200E+001, -7.2795E-003, -5.1033E-003
  1.04300E+001,  1.7967E-003, -5.1033E-003
  1.04400E+001,  1.7967E-003, -5.1033E-003
  1.04500E+001,  1.7967E-003, -5.1033E-003
  1.04600E+001, -7.2795E-003, -1.4215E-002
  1.04700E+001, -7.2795E-003, -1.4215E-002
  1.04800E+001,  1.7967E-003, -1.4215E-002
  1.04900E+001, -1.6355E-002, -1.4215E-002
  1.05000E+001,  1.7967E-003, -5.1033E-003
  1.05100E+001, -7.2795E-003, -1.4215E-002
  1.05200E+001, -7.2795E-003, -1.4215E-002
  1.05300E+001, -7.2795E-003, -5.1033E-003
  1.05400E+001,  1.7967E-003, -5.1033E-003
  1.05500E+001,  1.7967E-003, -5.1033E-003
  1.05600E+001, -7.2795E-003, -1.4215E-002
  1.05700E+001, -7.2795E-003, -1.4215E-002
  1.05800E+001, -1.6355E-002, -1.4215E-002
  1.05900E+001, -1.6355E-002, -1.4215E-002
  1.06000E+001, -1.6355E-002, -1.4215E-002
  1.06100E+001, -7.2795E-003, -1.4215E-002
  1.06200E+001, -7.2795E-003, -1.4215E-002
  1.06300E+001, -7.2795E-003, -1.4215E-002
  1.06400E+001, -7.2795E-003, -1.4215E-002
  1.06500E+001,  1.7967E-003, -5.1033E-003
  1.06600E+001,  1.7967E-003, -5.1033E-003
  1.06700E+001, -7.2795E-003, -5.1033E-003
  1.06800E+001, -7.2795E-003, -1.4215E-002
  1.06900E+001, -7.2795E-003, -1.4215E-002
  1.07000E+001,  1.7967E-003, -1.4215E-002
  1.07100E+001, -7.2795E-003, -1.4215E-002
  1.07200E+001,  1.7967E-003, -5.1033E-003
  1.07300E+001, -1.6355E-002, -1.4215E-002
  1.07400E+001, -1.6355E-002, -5.1033E-003
  1.07500E+001,  1.7967E-003, -5.1033E-003
  1.07600E+001,  1.0872E-002, -5.1033E-003
  1.07700E+001,  1.7967E-003, -5.1033E-003
  1.07800E+001,  1.7967E-003, -5.1033E-003
  1.07900E+001, -7.2795E-003, -1.4215E-002
  1.08000E+001, -7.2795E-003, -1.4215E-002
  1.08100E+001, -7.2795E-003, -1.4215E-002
  1.08200E+001, -7.2795E-003, -1.4215E-002
  1.08300E+001, -7.2795E-003, -1.4215E-002
  1.08400E+001, -7.2795E-003, -5.1033E-003
  1.08500E+001, -7.2795E-003, -5.1033E-003
  1.08600E+001, -7.2795E-003, -1.4215E-002
  1.08700E+001, -7.2795E-003, -1.4215E-002
  1.08800E+001, -7.2795E-003, -5.1033E-003
  1.08900E+001, -7.2795E-003, -5.1033E-003
  1.09000E+001, -7.2795E-003, -5.1033E-003
  1.09100E+001, -7.2795E-003, -1.4215E-002
  1.09200E+001, -7.2795E-003, -5.1033E-003
  1.09300E+001, -7.2795E-003, -5.1033E-003
  1.09400E+001, -7.2795E-003, -1.4215E-002
  1.09500E+001, -7.2795E-003, -1.4215E-002
  1.09600E+001, -7.2795E-003, -5.1033E-003
  1.09700E+001, -7.2795E-003, -5.1033E-003
  1.09800E+001, -7.2795E-003, -1.4215E-002
  1.09900E+001, -7.2795E-003, -5.1033E-003
  1.10000E+001,  1.7967E-003, -5.1033E-003
  1.10100E+001, -7.2795E-003, -1.4215E-002
  1.10200E+001, -7.2795E-003,  4.0091E-003
  1.10300E+001, -7.2795E-003, -5.1033E-003
  1.10400E+001, -7.2795E-003, -5.1033E-003
  1.10500E+001, -7.2795E-003, -5.1033E-003
  1.10600E+001, -7.2795E-003, -5.1033E-003
  1.10700E+001, -1.6355E-002, -1.4215E-002
  1.10800E+001, -2.5430E-002, -1.4215E-002
  1.10900E+001, -7.2795E-003, -5.1033E-003
  1.11000E+001, -7.2795E-003, -5.1033E-003
  1.11100E+001, -7.2795E-003, -1.4215E-002
  1.11200E+001, -7.2795E-003, -1.4215E-002
  1.11300E+001, -7.2795E-003, -5.1033E-003
  1.11400E+001, -7.2795E-003, -5.1033E-003
  1.11500E+001, -7.2795E-003, -5.1033E-003
  1.11600E+001,  1.7967E-003, -1.4215E-002
  1.11700E+001, -7.2795E-003, -5.1033E-003
  1.11800E+001, -7.2795E-003, -5.1033E-003
  1.11900E+001, -7.2795E-003, -1.4215E-002
  1.12000E+001, -7.2795E-003, -1.4215E-002
  1.12100E+001, -7.2795E-003, -1.4215E-002
  1.12200E+001, -7.2795E-003, -5.1033E-003
  1.12300E+001, -1.6355E-002, -5.1033E-003
  1.12400E+001,  1.7967E-003,  4.0091E-003
  1.12500E+001,  1.7967E-003, -5.1033E-003
  1.12600E+001, -7.2795E-003, -5.1033E-003
  1.12700E+001, -7.2795E-003, -5.1033E-003
  1.12800E+001, -7.2795E-003, -1.4215E-002
  1.12900E+001, -7.2795E-003, -5.1033E-003
  1.13000E+001, -7.2795E-003, -1.4215E-002
  1.13100E+001, -7.2795E-003, -1.4215E-002
  1.13200E+001, -7.2795E-003, -1.4215E-002
  1.13300E+001, -1.6355E-002, -5.1033E-003
  1.13400E+001, -7.2795E-003, -5.1033E-003
  1.13500E+001, -7.2795E-003, -5.1033E-003
  1.13600E+001, -1.6355E-002, -5.1033E-003
  1.13700E+001, -7.2795E-003, -5.1033E-003
  1.13800E+001, -7.2795E-003, -5.1033E-003
  1.13900E+001, -7.2795E-003, -5.1033E-003
  1.14000E+001, -7.2795E-003, -1.4215E-002
  1.14100E+001, -7.2795E-003, -5.1033E-003
  1.14200E+001, -1.6355E-002, -1.4215E-002
  1.14300E+001, -1.6355E-002, -1.4215E-002
  1.14400E+001, -1.6355E-002, -1.4215E-002
  1.14500E+001, -7.2795E-003, -1.4215E-002
  1.14600E+001, -7.2795E-003, -5.1033E-003
  1.14700E+001,  1.7967E-003,  4.0091E-003
  1.14800E+001, -7.2795E-003, -5.1033E-003
  1.14900E+001, -7.2795E-003, -5.1033E-003
  1.15000E+001,  1.7967E-003, -5.1033E-003
  1.15100E+001,  1.7967E-003, -1.4215E-002
  1.15200E+001, -7.2795E-003, -5.1033E-003
  1.15300E+001, -7.2795E-003, -5.1033E-003
  1.15400E+001,  1.7967E-003, -5.1033E-003
  1.15500E+001, -7.2795E-003, -5.1033E-003
  1.15600E+001,  1.7967E-003, -1.4215E-002
  1.15700E+001, -7.2795E-003,  4.0091E-003
  1.15800E+001, -7.2795E-003, -1.4215E-002
  1.15900E+001, -1.6355E-002, -5.1033E-003
  1.16000E+001, -7.2795E-003, -5.1033E-003
  1.16100E+001, -7.2795E-003, -5.1033E-003
  1.16200E+001, -7.2795E-003, -5.1033E-003
  1.16300E+001, -7.2795E-003, -1.4215E-002
  1.16400E+001, -1.6355E-002, -5.1033E-003
  1.16500E+001, -1.6355E-002, -1.4215E-002
  1.16600E+001, -7.2795E-003, -1.4215E-002
  1.16700E+001, -7.2795E-003, -1.4215E-002
  1.16800E+001, -7.2795E-003, -1.4215E-002
  1.16900E+001,  1.7967E-003, -5.1033E-003
  1.17000E+001, -7.2795E-003, -5.1033E-003
  1.17100E+001, -7.2795E-003, -5.1033E-003
  1.17200E+001, -7.2795E-003, -5.1033E-003
  1.17300E+001, -7.2795E-003, -5.1033E-003
  1.17400E+001, -7.2795E-003, -5.1033E-003
  1.17500E+001,  1.7967E-003, -1.4215E-002
  1.17600E+001, -7.2795E-003, -5.1033E-003
  1.17700E+001, -7.2795E-003, -5.1033E-003
  1.17800E+001, -7.2795E-003, -5.1033E-003
  1.17900E+001, -7.2795E-003, -5.1033E-003
  1.18000E+001, -7.2795E-003, -5.1033E-003
  1.18100E+001, -7.2795E-003, -5.1033E-003
  1.18200E+001, -7.2795E-003, -5.1033E-003
  1.18300E+001,  1.7967E-003,  4.0091E-003
  1.18400E+001, -7.2795E-003, -5.1033E-003
  1.18500E+001, -7.2795E-003, -5.1033E-003
  1.18600E+001, -1.6355E-002, -1.4215E-002
  1.18700E+001, -1.6355E-002, -5.1033E-003
  1.18800E+001, -7.2795E-003, -1.4215E-002
  1.18900E+001, -7.2795E-003, -1.4215E-002
  1.19000E+001, -7.2795E-003, -5.1033E-003
  1.19100E+001, -7.2795E-003, -1.4215E-002
  1.19200E+001, -1.6355E-002, -1.4215E-002
  1.19300E+001, -7.2795E-003, -1.4215E-002
  1.19400E+001, -7.2795E-003, -1.4215E-002
  1.19500E+001,  1.7967E-003, -5.1033E-003
  1.19600E+001,  1.7967E-003, -5.1033E-003
  1.19700E+001, -7.2795E-003, -5.1033E-003
  1.19800E+001, -7.2795E-003, -5.1033E-003
  1.19900E+001, -7.2795E-003, -1.4215E-002
  1.20000E+001,  1.7967E-003, -5.1033E-003
  1.20100E+001, -7.2795E-003, -5.1033E-003
  1.20200E+001, -7.2795E-003, -1.4215E-002
  1.20300E+001, -1.6355E-002, -1.4215E-002
  1.20400E+001, -7.2795E-003, -5.1033E-003
  1.20500E+001,  1.7967E-003, -5.1033E-003
  1.20600E+001, -7.2795E-003, -5.1033E-003
  1.20700E+001, -7.2795E-003, -5.1033E-003
  1.20800E+001,  1.7967E-003, -5.1033E-003
  1.20900E+001, -7.2795E-003, -5.1033E-003
  1.21000E+001,  1.7967E-003, -5.1033E-003
  1.21100E+001, -1.6355E-002, -1.4215E-002
  1.21200E+001, -7.2795E-003, -1.4215E-002
  1.21300E+001, -7.2795E-003, -1.4215E-002
  1.21400E+001, -7.2795E-003, -5.1033E-003
  1.21500E+001, -7.2795E-003, -1.4215E-002
  1.21600E+001, -7.2795E-003, -5.1033E-003
  1.21700E+001, -7.2795E-003, -5.1033E-003
  1.21800E+001, -7.2795E-003, -5.1033E-003
  1.21900E+001, -7.2795E-003, -5.1033E-003
  1.22000E+001,  1.7967E-003, -5.1033E-003
  1.22100E+001, -7.2795E-003, -5.1033E-003
  1.22200E+001, -7.2795E-003, -5.1033E-003
  1.22300E+001, -7.2795E-003, -5.1033E-003
  1.22400E+001, -7.2795E-003, -1.4215E-002
  1.22500E+001, -1.6355E-002, -5.1033E-003
  1.22600E+001, -1.6355E-002, -1.4215E-002
  1.22700E+001, -7.2795E-003, -1.4215E-002
  1.22800E+001, -7.2795E-003, -5.1033E-003
  1.22900E+001, -7.2795E-003, -5.1033E-003
  1.23000E+001,  1.7967E-003, -1.4215E-002
  1.23100E+001, -7.2795E-003, -1.4215E-002
  1.23200E+001, -7.2795E-003, -1.4215E-002
  1.23300E+001, -7.2795E-003, -5.1033E-003
  1.23400E+001, -7.2795E-003, -5.1033E-003
  1.23500E+001, -7.2795E-003, -5.1033E-003
  1.23600E+001, -7.2795E-003, -5.1033E-003
  1.23700E+001, -7.2795E-003, -5.1033E-003
  1.23800E+001, -1.6355E-002, -1.4215E-002
  1.23900E+001, -1.6355E-002, -1.4215E-002
  1.24000E+001, -7.2795E-003, -1.4215E-002
  1.24100E+001, -7.2795E-003, -1.4215E-002
  1.24200E+001,  1.7967E-003, -5.1033E-003
  1.24300E+001, -7.2795E-003, -5.1033E-003
  1.24400E+001, -7.2795E-003, -5.1033E-003
  1.24500E+001,  1.7967E-003, -5.1033E-003
  1.24600E+001,  1.7967E-003, -5.1033E-003
  1.24700E+001, -7.2795E-003, -5.1033E-003
  1.24800E+001, -7.2795E-003, -5.1033E-003
  1.24900E+001, -7.2795E-003, -5.1033E-003
  1.25000E+001, -7.2795E-003, -5.1033E-003
  1.25100E+001, -1.6355E-002, -5.1033E-003
  1.25200E+001,  1.7967E-003, -5.1033E-003
  1.25300E+001, -7.2795E-003, -5.1033E-003
  1.25400E+001, -7.2795E-003, -5.1033E-003
  1.25500E+001, -7.2795E-003, -5.1033E-003
  1.25600E+001, -7.2795E-003, -5.1033E-003
  1.25700E+001, -7.2795E-003, -5.1033E-003
  1.25800E+001, -1.6355E-002, -1.4215E-002
  1.25900E+001, -1.6355E-002, -5.1033E-003
  1.26000E+001, -7.2795E-003, -5.1033E-003
  1.26100E+001, -7.2795E-003, -1.4215E-002
  1.26200E+001, -7.2795E-003, -5.1033E-003
  1.26300E+001, -1.6355E-002, -1.4215E-002
  1.26400E+001, -7.2795E-003, -1.4215E-002
  1.26500E+001, -7.2795E-003, -1.4215E-002
  1.26600E+001, -7.2795E-003, -5.1033E-003
  1.26700E+001,  1.7967E-003, -5.1033E-003
  1.26800E+001,  1.7967E-003,  4.0091E-003
  1.26900E+001, -7.2795E-003, -5.1033E-003
  1.27000E+001, -7.2795E-003, -5.1033E-003
  1.27100E+001, -7.2795E-003, -1.4215E-002
  1.27200E+001,  1.7967E-003, -5.1033E-003
  1.27300E+001, -7.2795E-003, -5.1033E-003
  1.27400E+001, -7.2795E-003, -5.1033E-003
  1.27500E+001, -7.2795E-003, -5.1033E-003
  1.27600E+001,  1.7967E-003, -5.1033E-003
  1.27700E+001,  1.7967E-003,  4.0091E-003
  1.27800E+001, -7.2795E-003,  4.0091E-003
  1.27900E+001, -7.2795E-003, -5.1033E-003
  1.28000E+001, -7.2795E-003, -1.4215E-002
  1.28100E+001, -7.2795E-003, -5.1033E-003
  1.28200E+001, -7.2795E-003,  4.0091E-003
  1.28300E+001, -7.2795E-003, -5.1033E-003
  1.28400E+001, -7.2795E-003, -5.1033E-003
  1.28500E+001, -1.6355E-002, -5.1033E-003
  1.28600E+001, -1.6355E-002, -1.4215E-002
  1.28700E+001, -7.2795E-003, -5.1033E-003
  1.28800E+001, -7.2795E-003, -5.1033E-003
  1.28900E+001, -1.6355E-002, -5.1033E-003
  1.29000E+001, -7.2795E-003, -5.1033E-003
  1.29100E+001, -7.2795E-003, -5.1033E-003
  1.29200E+001, -7.2795E-003, -5.1033E-003
  1.29300E+001, -7.2795E-003, -5.1033E-003
  1.29400E+001, -1.6355E-002, -5.1033E-003
  1.29500E+001, -7.2795E-003, -1.4215E-002
  1.29600E+001,  1.7967E-003, -5.1033E-003
  1.29700E+001, -7.2795E-003, -5.1033E-003
  1.29800E+001, -7.2795E-003, -5.1033E-003
  1.29900E+001, -7.2795E-003, -1.4215E-002
  1.30000E+001, -7.2795E-003,  4.0091E-003
  1.30100E+001,  1.7967E-003,  4.0091E-003
  1.30200E+001,  1.7967E-003,  4.0091E-003
  1.30300E+001, -7.2795E-003, -5.1033E-003
  1.30400E+001,  1.7967E-003, -5.1033E-003
  1.30500E+001, -7.2795E-003,  4.0091E-003
  1.30600E+001, -7.2795E-003, -1.4215E-002
  1.30700E+001, -7.2795E-003, -5.1033E-003
  1.30800E+001, -1.6355E-002, -1.4215E-002
  1.30900E+001, -1.6355E-002, -1.4215E-002
  1.31000E+001, -7.2795E-003, -5.1033E-003
  1.31100E+001, -7.2795E-003, -5.1033E-003
  1.31200E+001, -7.2795E-003, -5.1033E-003
  1.31300E+001, -1.6355E-002, -1.4215E-002
  1.31400E+001, -7.2795E-003, -5.1033E-003
  1.31500E+001, -7.2795E-003, -5.1033E-003
  1.31600E+001, -7.2795E-003, -1.4215E-002
  1.31700E+001, -7.2795E-003, -5.1033E-003
  1.31800E+001, -7.2795E-003, -1.4215E-002
  1.31900E+001, -1.6355E-002, -1.4215E-002
  1.32000E+001, -7.2795E-003, -5.1033E-003
