# [Parameters]
# Name = 'firc'
# ShotNo = 163381
# Date = '11/20/2020 20:13'
# 
# DimNo = 1
# DimName = 'Time'
# DimSize = 1311
# DimUnit = 's'
# 
# ValNo = 2
# ValName = 'nL(3669)', 'nL(3759)'
# ValUnit = 'e19m-2', 'e19m-2'
# [Comments]
#  
# [data]
  1.00000E-001, -7.9688E-003, -7.2340E-003
  1.10000E-001, -7.9688E-003,  1.8775E-003
  1.20000E-001,  1.1074E-003,  1.8775E-003
  1.30000E-001,  1.1074E-003,  1.8775E-003
  1.40000E-001,  1.0183E-002,  1.8775E-003
  1.50000E-001,  1.0183E-002,  1.8775E-003
  1.60000E-001,  1.1074E-003,  1.8775E-003
  1.70000E-001,  1.1074E-003,  1.8775E-003
  1.80000E-001, -7.9688E-003,  1.8775E-003
  1.90000E-001, -7.9688E-003,  1.8775E-003
  2.00000E-001,  1.1074E-003,  1.8775E-003
  2.10000E-001, -7.9688E-003, -7.2340E-003
  2.20000E-001, -7.9688E-003, -7.2340E-003
  2.30000E-001, -7.9688E-003,  1.8775E-003
  2.40000E-001,  1.1074E-003,  1.8775E-003
  2.50000E-001,  1.1074E-003,  1.8775E-003
  2.60000E-001,  1.0183E-002,  1.0989E-002
  2.70000E-001,  1.1074E-003,  1.8775E-003
  2.80000E-001, -7.9688E-003, -7.2340E-003
  2.90000E-001,  1.1074E-003, -7.2340E-003
  3.00000E-001,  1.1074E-003, -7.2340E-003
  3.10000E-001,  1.1074E-003,  1.8775E-003
  3.20000E-001,  1.1074E-003, -7.2340E-003
  3.30000E-001, -7.9688E-003, -7.2340E-003
  3.40000E-001, -7.9688E-003, -7.2340E-003
  3.50000E-001, -7.9688E-003, -7.2340E-003
  3.60000E-001,  1.1074E-003,  1.8775E-003
  3.70000E-001,  1.1074E-003,  1.8775E-003
  3.80000E-001,  1.0183E-002,  1.8775E-003
  3.90000E-001,  1.1074E-003,  1.8775E-003
  4.00000E-001,  1.1074E-003,  1.8775E-003
  4.10000E-001,  1.1074E-003,  1.8775E-003
  4.20000E-001,  1.1074E-003,  1.8775E-003
  4.30000E-001, -7.9688E-003,  1.8775E-003
  4.40000E-001, -7.9688E-003,  1.8775E-003
  4.50000E-001,  1.1074E-003,  1.8775E-003
  4.60000E-001,  1.0183E-002,  1.8775E-003
  4.70000E-001,  1.1074E-003,  1.8775E-003
  4.80000E-001,  1.0183E-002,  1.8775E-003
  4.90000E-001,  1.1074E-003,  1.8775E-003
  5.00000E-001,  1.1074E-003,  1.8775E-003
  5.10000E-001,  1.1074E-003,  1.8775E-003
  5.20000E-001,  1.1074E-003,  1.8775E-003
  5.30000E-001,  1.1074E-003,  1.8775E-003
  5.40000E-001,  1.1074E-003,  1.8775E-003
  5.50000E-001, -7.9688E-003, -7.2340E-003
  5.60000E-001, -7.9688E-003, -7.2340E-003
  5.70000E-001, -7.9688E-003, -7.2340E-003
  5.80000E-001,  1.1074E-003,  1.8775E-003
  5.90000E-001,  1.0183E-002,  1.8775E-003
  6.00000E-001,  1.1074E-003,  1.8775E-003
  6.10000E-001,  1.0183E-002,  1.0989E-002
  6.20000E-001,  1.1074E-003,  1.8775E-003
  6.30000E-001,  1.1074E-003,  1.8775E-003
  6.40000E-001,  1.1074E-003,  1.8775E-003
  6.50000E-001,  1.1074E-003, -7.2340E-003
  6.60000E-001,  1.1074E-003, -7.2340E-003
  6.70000E-001,  1.1074E-003, -7.2340E-003
  6.80000E-001, -7.9688E-003, -7.2340E-003
  6.90000E-001,  1.1074E-003,  1.8775E-003
  7.00000E-001,  1.1074E-003,  1.8775E-003
  7.10000E-001,  1.1074E-003,  1.8775E-003
  7.20000E-001,  1.0183E-002,  1.8775E-003
  7.30000E-001,  1.0183E-002,  1.0989E-002
  7.40000E-001,  1.1074E-003,  1.8775E-003
  7.50000E-001,  1.1074E-003,  1.8775E-003
  7.60000E-001,  1.1074E-003,  1.8775E-003
  7.70000E-001, -7.9688E-003, -7.2340E-003
  7.80000E-001, -7.9688E-003,  1.8775E-003
  7.90000E-001, -7.9688E-003, -7.2340E-003
  8.00000E-001,  1.1074E-003,  1.8775E-003
  8.10000E-001,  1.1074E-003,  1.8775E-003
  8.20000E-001,  1.1074E-003,  1.8775E-003
  8.30000E-001,  1.1074E-003,  1.0989E-002
  8.40000E-001,  1.0183E-002,  1.8775E-003
  8.50000E-001,  1.1074E-003,  1.8775E-003
  8.60000E-001,  1.1074E-003,  1.0989E-002
  8.70000E-001,  1.1074E-003,  1.8775E-003
  8.80000E-001,  1.1074E-003, -7.2340E-003
  8.90000E-001, -7.9688E-003, -7.2340E-003
  9.00000E-001,  1.1074E-003, -7.2340E-003
  9.10000E-001, -7.9688E-003, -7.2340E-003
  9.20000E-001, -7.9688E-003,  1.8775E-003
  9.30000E-001,  1.1074E-003,  1.8775E-003
  9.40000E-001,  1.0183E-002,  1.8775E-003
  9.50000E-001,  1.0183E-002,  1.8775E-003
  9.60000E-001,  1.1074E-003,  1.8775E-003
  9.70000E-001,  1.1074E-003,  1.8775E-003
  9.80000E-001,  1.1074E-003,  1.8775E-003
  9.90000E-001, -7.9688E-003, -7.2340E-003
  1.00000E+000, -7.9688E-003, -7.2340E-003
  1.01000E+000, -7.9688E-003, -7.2340E-003
  1.02000E+000,  1.1074E-003, -7.2340E-003
  1.03000E+000,  1.1074E-003,  1.8775E-003
  1.04000E+000, -7.9688E-003,  1.8775E-003
  1.05000E+000, -7.9688E-003,  1.8775E-003
  1.06000E+000,  1.1074E-003,  1.8775E-003
  1.07000E+000,  1.1074E-003,  1.8775E-003
  1.08000E+000,  1.1074E-003,  1.8775E-003
  1.09000E+000,  1.1074E-003,  1.8775E-003
  1.10000E+000, -7.9688E-003, -7.2340E-003
  1.11000E+000,  1.1074E-003,  1.8775E-003
  1.12000E+000, -7.9688E-003, -7.2340E-003
  1.13000E+000, -7.9688E-003, -7.2340E-003
  1.14000E+000, -7.9688E-003, -7.2340E-003
  1.15000E+000,  1.1074E-003,  1.8775E-003
  1.16000E+000,  1.0183E-002,  1.8775E-003
  1.17000E+000,  1.1074E-003,  1.8775E-003
  1.18000E+000,  1.0183E-002,  1.8775E-003
  1.19000E+000,  1.1074E-003,  1.8775E-003
  1.20000E+000,  1.1074E-003,  1.8775E-003
  1.21000E+000,  1.1074E-003, -7.2340E-003
  1.22000E+000, -7.9688E-003, -7.2340E-003
  1.23000E+000, -7.9688E-003, -7.2340E-003
  1.24000E+000, -7.9688E-003, -7.2340E-003
  1.25000E+000, -7.9688E-003, -7.2340E-003
  1.26000E+000,  1.1074E-003, -7.2340E-003
  1.27000E+000, -7.9688E-003,  1.8775E-003
  1.28000E+000,  1.1074E-003,  1.0989E-002
  1.29000E+000,  1.0183E-002,  1.8775E-003
  1.30000E+000,  1.1074E-003,  1.8775E-003
  1.31000E+000, -7.9688E-003, -7.2340E-003
  1.32000E+000, -7.9688E-003, -7.2340E-003
  1.33000E+000, -7.9688E-003,  1.8775E-003
  1.34000E+000, -7.9688E-003,  1.8775E-003
  1.35000E+000,  1.1074E-003,  1.8775E-003
  1.36000E+000,  1.1074E-003,  1.8775E-003
  1.37000E+000,  1.1074E-003, -7.2340E-003
  1.38000E+000,  1.1074E-003,  1.0989E-002
  1.39000E+000,  1.1074E-003,  1.0989E-002
  1.40000E+000,  1.1074E-003,  1.8775E-003
  1.41000E+000,  1.1074E-003,  1.0989E-002
  1.42000E+000,  1.0183E-002,  1.8775E-003
  1.43000E+000, -7.9688E-003,  1.8775E-003
  1.44000E+000,  1.1074E-003, -7.2340E-003
  1.45000E+000, -7.9688E-003,  1.8775E-003
  1.46000E+000,  1.1074E-003, -7.2340E-003
  1.47000E+000, -7.9688E-003, -7.2340E-003
  1.48000E+000, -7.9688E-003,  1.8775E-003
  1.49000E+000, -7.9688E-003, -7.2340E-003
  1.50000E+000, -7.9688E-003,  1.8775E-003
  1.51000E+000,  1.1074E-003,  1.8775E-003
  1.52000E+000,  1.0183E-002,  1.8775E-003
  1.53000E+000,  1.1074E-003,  1.8775E-003
  1.54000E+000,  1.1074E-003,  1.8775E-003
  1.55000E+000, -7.9688E-003, -7.2340E-003
  1.56000E+000, -7.9688E-003, -7.2340E-003
  1.57000E+000, -7.9688E-003, -7.2340E-003
  1.58000E+000,  1.1074E-003, -7.2340E-003
  1.59000E+000, -7.9688E-003,  1.8775E-003
  1.60000E+000, -7.9688E-003,  1.8775E-003
  1.61000E+000,  1.1074E-003,  1.8775E-003
  1.62000E+000,  1.1074E-003,  1.8775E-003
  1.63000E+000,  1.1074E-003,  1.8775E-003
  1.64000E+000,  1.1074E-003,  1.0989E-002
  1.65000E+000, -7.9688E-003,  1.8775E-003
  1.66000E+000,  1.1074E-003,  1.8775E-003
  1.67000E+000,  1.1074E-003,  1.8775E-003
  1.68000E+000,  1.1074E-003,  1.8775E-003
  1.69000E+000,  1.1074E-003, -7.2340E-003
  1.70000E+000, -7.9688E-003,  1.8775E-003
  1.71000E+000, -7.9688E-003,  1.8775E-003
  1.72000E+000, -7.9688E-003,  1.8775E-003
  1.73000E+000, -7.9688E-003,  1.8775E-003
  1.74000E+000,  1.0183E-002,  1.8775E-003
  1.75000E+000,  1.1074E-003,  1.8775E-003
  1.76000E+000, -7.9688E-003,  1.8775E-003
  1.77000E+000, -7.9688E-003, -7.2340E-003
  1.78000E+000,  1.1074E-003,  1.8775E-003
  1.79000E+000, -7.9688E-003,  1.8775E-003
  1.80000E+000, -7.9688E-003, -7.2340E-003
  1.81000E+000, -1.7044E-002, -7.2340E-003
  1.82000E+000, -7.9688E-003, -7.2340E-003
  1.83000E+000, -7.9688E-003, -7.2340E-003
  1.84000E+000, -7.9688E-003, -7.2340E-003
  1.85000E+000,  1.1074E-003,  1.8775E-003
  1.86000E+000, -7.9688E-003,  1.8775E-003
  1.87000E+000,  1.1074E-003,  1.0989E-002
  1.88000E+000,  1.1074E-003,  1.0989E-002
  1.89000E+000,  1.1074E-003,  1.8775E-003
  1.90000E+000, -7.9688E-003,  1.8775E-003
  1.91000E+000, -7.9688E-003, -7.2340E-003
  1.92000E+000, -1.7044E-002, -7.2340E-003
  1.93000E+000, -7.9688E-003, -7.2340E-003
  1.94000E+000,  1.1074E-003,  1.8775E-003
  1.95000E+000,  1.1074E-003,  1.8775E-003
  1.96000E+000,  1.1074E-003,  1.0989E-002
  1.97000E+000,  1.1074E-003,  1.8775E-003
  1.98000E+000, -7.9688E-003,  1.0989E-002
  1.99000E+000,  1.1074E-003,  1.8775E-003
  2.00000E+000,  1.1074E-003,  1.8775E-003
  2.01000E+000, -7.9688E-003,  1.8775E-003
  2.02000E+000, -7.9688E-003, -7.2340E-003
  2.03000E+000, -1.7044E-002, -7.2340E-003
  2.04000E+000, -7.9688E-003, -7.2340E-003
  2.05000E+000, -7.9688E-003, -7.2340E-003
  2.06000E+000,  1.1074E-003,  1.8775E-003
  2.07000E+000,  1.1074E-003,  1.8775E-003
  2.08000E+000, -7.9688E-003,  1.8775E-003
  2.09000E+000,  1.1074E-003,  1.0989E-002
  2.10000E+000, -7.9688E-003,  1.8775E-003
  2.11000E+000, -7.9688E-003,  1.8775E-003
  2.12000E+000, -7.9688E-003,  1.8775E-003
  2.13000E+000, -1.7044E-002,  1.8775E-003
  2.14000E+000, -7.9688E-003, -7.2340E-003
  2.15000E+000, -7.9688E-003, -7.2340E-003
  2.16000E+000,  1.1074E-003,  1.8775E-003
  2.17000E+000, -7.9688E-003,  1.8775E-003
  2.18000E+000,  1.1074E-003,  1.8775E-003
  2.19000E+000,  1.1074E-003,  1.8775E-003
  2.20000E+000,  1.1074E-003,  1.8775E-003
  2.21000E+000,  1.1074E-003,  1.8775E-003
  2.22000E+000,  1.0183E-002,  1.8775E-003
  2.23000E+000,  1.1074E-003,  1.8775E-003
  2.24000E+000, -7.9688E-003,  1.8775E-003
  2.25000E+000,  1.1074E-003, -7.2340E-003
  2.26000E+000,  1.1074E-003,  1.8775E-003
  2.27000E+000,  1.1074E-003, -7.2340E-003
  2.28000E+000,  1.1074E-003,  1.8775E-003
  2.29000E+000, -7.9688E-003, -7.2340E-003
  2.30000E+000, -7.9688E-003, -7.2340E-003
  2.31000E+000,  1.1074E-003, -7.2340E-003
  2.32000E+000,  1.1074E-003,  1.8775E-003
  2.33000E+000,  1.0183E-002,  1.0989E-002
  2.34000E+000,  1.1074E-003,  1.8775E-003
  2.35000E+000, -7.9688E-003,  1.8775E-003
  2.36000E+000,  1.1074E-003, -7.2340E-003
  2.37000E+000, -7.9688E-003, -7.2340E-003
  2.38000E+000, -7.9688E-003, -7.2340E-003
  2.39000E+000, -7.9688E-003, -7.2340E-003
  2.40000E+000, -7.9688E-003, -7.2340E-003
  2.41000E+000,  1.0183E-002,  1.8775E-003
  2.42000E+000,  1.0183E-002,  1.8775E-003
  2.43000E+000,  1.0183E-002,  1.0989E-002
  2.44000E+000,  1.1074E-003,  1.8775E-003
  2.45000E+000,  1.1074E-003,  1.8775E-003
  2.46000E+000,  1.1074E-003,  1.8775E-003
  2.47000E+000,  1.1074E-003,  1.8775E-003
  2.48000E+000, -7.9688E-003, -7.2340E-003
  2.49000E+000,  1.1074E-003, -7.2340E-003
  2.50000E+000,  1.1074E-003, -7.2340E-003
  2.51000E+000,  1.1074E-003,  1.8775E-003
  2.52000E+000, -7.9688E-003,  1.8775E-003
  2.53000E+000,  1.1074E-003,  1.8775E-003
  2.54000E+000,  1.1074E-003,  1.8775E-003
  2.55000E+000,  1.0183E-002,  1.8775E-003
  2.56000E+000,  1.1074E-003,  1.8775E-003
  2.57000E+000,  1.1074E-003, -7.2340E-003
  2.58000E+000, -7.9688E-003, -7.2340E-003
  2.59000E+000, -7.9688E-003, -7.2340E-003
  2.60000E+000, -1.7044E-002, -7.2340E-003
  2.61000E+000, -7.9688E-003, -7.2340E-003
  2.62000E+000,  1.1074E-003, -7.2340E-003
  2.63000E+000,  1.1074E-003, -7.2340E-003
  2.64000E+000,  1.1074E-003,  1.8775E-003
  2.65000E+000, -7.9688E-003, -7.2340E-003
  2.66000E+000,  1.1074E-003,  1.0989E-002
  2.67000E+000,  1.1074E-003, -7.2340E-003
  2.68000E+000,  1.0183E-002,  1.8775E-003
  2.69000E+000,  1.1074E-003,  1.8775E-003
  2.70000E+000, -7.9688E-003, -7.2340E-003
  2.71000E+000,  1.1074E-003, -7.2340E-003
  2.72000E+000, -7.9688E-003, -7.2340E-003
  2.73000E+000, -7.9688E-003, -7.2340E-003
  2.74000E+000, -7.9688E-003,  1.8775E-003
  2.75000E+000, -7.9688E-003, -7.2340E-003
  2.76000E+000,  1.1074E-003,  1.8775E-003
  2.77000E+000,  1.1074E-003,  1.0989E-002
  2.78000E+000,  1.1074E-003,  1.8775E-003
  2.79000E+000,  1.1074E-003,  1.8775E-003
  2.80000E+000, -7.9688E-003, -7.2340E-003
  2.81000E+000, -7.9688E-003, -7.2340E-003
  2.82000E+000, -7.9688E-003, -7.2340E-003
  2.83000E+000,  1.1074E-003, -7.2340E-003
  2.84000E+000, -1.7044E-002, -7.2340E-003
  2.85000E+000, -1.7044E-002, -1.6346E-002
  2.86000E+000,  1.1074E-003, -7.2340E-003
  2.87000E+000,  1.1074E-003,  1.8775E-003
  2.88000E+000,  1.1074E-003,  1.8775E-003
  2.89000E+000,  1.1074E-003,  1.8775E-003
  2.90000E+000,  1.1074E-003, -7.2340E-003
  2.91000E+000,  1.1074E-003,  1.8775E-003
  2.92000E+000,  1.1074E-003, -7.2340E-003
  2.93000E+000,  1.1074E-003,  1.8775E-003
  2.94000E+000, -7.9688E-003, -7.2340E-003
  2.95000E+000, -1.7044E-002, -1.6346E-002
  2.96000E+000, -7.9688E-003, -7.2340E-003
  2.97000E+000,  1.1074E-003, -7.2340E-003
  2.98000E+000,  1.0183E-002,  1.8775E-003
  2.99000E+000,  1.0183E-002,  1.8775E-003
  3.00000E+000,  1.1074E-003,  1.8775E-003
  3.01000E+000,  1.1074E-003,  1.8775E-003
  3.02000E+000, -7.9688E-003,  1.8775E-003
  3.03000E+000,  1.1074E-003,  1.8775E-003
  3.04000E+000,  1.1074E-003,  1.8775E-003
  3.05000E+000,  1.1074E-003, -7.2340E-003
  3.06000E+000, -7.9688E-003, -7.2340E-003
  3.07000E+000, -1.7044E-002, -1.6346E-002
  3.08000E+000, -7.9688E-003, -7.2340E-003
  3.09000E+000,  1.1074E-003,  1.8775E-003
  3.10000E+000,  1.1074E-003, -7.2340E-003
  3.11000E+000,  1.1074E-003,  1.8775E-003
  3.12000E+000,  1.1074E-003,  1.8775E-003
  3.13000E+000,  1.1074E-003,  1.8775E-003
  3.14000E+000, -7.9688E-003, -7.2340E-003
  3.15000E+000, -7.9688E-003, -7.2340E-003
  3.16000E+000,  1.1074E-003, -7.2340E-003
  3.17000E+000, -7.9688E-003, -7.2340E-003
  3.18000E+000,  1.1074E-003, -7.2340E-003
  3.19000E+000, -7.9688E-003, -7.2340E-003
  3.20000E+000,  1.1074E-003,  1.8775E-003
  3.21000E+000,  1.1074E-003,  1.8775E-003
  3.22000E+000,  1.1074E-003,  1.8775E-003
  3.23000E+000, -7.9688E-003, -7.2340E-003
  3.24000E+000,  1.1074E-003,  1.0989E-002
  3.25000E+000,  1.1074E-003,  1.8775E-003
  3.26000E+000,  1.1074E-003,  1.8775E-003
  3.27000E+000, -7.9688E-003, -7.2340E-003
  3.28000E+000, -7.9688E-003, -7.2340E-003
  3.29000E+000, -1.7044E-002, -7.2340E-003
  3.30000E+000, -1.7044E-002, -1.6346E-002
  3.31000E+000,  3.6413E-001,  3.4813E-001
  3.32000E+000,  4.8212E-001,  4.8480E-001
  3.33000E+000,  6.0010E-001,  6.0326E-001
  3.34000E+000,  7.0901E-001,  7.0349E-001
  3.35000E+000,  8.0884E-001,  8.1283E-001
  3.36000E+000,  8.9052E-001,  8.9484E-001
  3.37000E+000,  9.7220E-001,  9.7684E-001
  3.38000E+000,  1.0539E+000,  1.0497E+000
  3.39000E+000,  1.1174E+000,  1.1317E+000
  3.40000E+000,  1.1991E+000,  1.2138E+000
  3.41000E+000,  1.2899E+000,  1.2866E+000
  3.42000E+000,  1.3715E+000,  1.3778E+000
  3.43000E+000,  1.4532E+000,  1.4598E+000
  3.44000E+000,  1.5258E+000,  1.5327E+000
  3.45000E+000,  1.5893E+000,  1.5964E+000
  3.46000E+000,  1.6710E+000,  1.6693E+000
  3.47000E+000,  1.7346E+000,  1.7331E+000
  3.48000E+000,  1.8072E+000,  1.8060E+000
  3.49000E+000,  1.8616E+000,  1.8607E+000
  3.50000E+000,  1.9251E+000,  1.9245E+000
  3.51000E+000,  2.0068E+000,  1.9883E+000
  3.52000E+000,  2.1339E+000,  2.1249E+000
  3.53000E+000,  2.2700E+000,  2.3254E+000
  3.54000E+000,  2.3880E+000,  2.4803E+000
  3.55000E+000,  2.4969E+000,  2.5987E+000
  3.56000E+000,  2.6149E+000,  2.7172E+000
  3.57000E+000,  2.7057E+000,  2.8539E+000
  3.58000E+000,  2.8236E+000,  2.9450E+000
  3.59000E+000,  2.9053E+000,  3.0452E+000
  3.60000E+000,  2.9961E+000,  3.1272E+000
  3.61000E+000,  3.0868E+000,  3.2001E+000
  3.62000E+000,  3.1594E+000,  3.2821E+000
  3.63000E+000,  3.2320E+000,  3.3550E+000
  3.64000E+000,  3.3137E+000,  3.4006E+000
  3.65000E+000,  3.3954E+000,  3.5099E+000
  3.66000E+000,  3.4589E+000,  3.5919E+000
  3.67000E+000,  3.5225E+000,  3.6466E+000
  3.68000E+000,  3.5860E+000,  3.7195E+000
  3.69000E+000,  3.6314E+000,  3.7559E+000
  3.70000E+000,  3.6677E+000,  3.7924E+000
  3.71000E+000,  3.6858E+000,  3.7833E+000
  3.72000E+000,  3.6949E+000,  3.7833E+000
  3.73000E+000,  3.7040E+000,  3.7833E+000
  3.74000E+000,  3.7040E+000,  3.7924E+000
  3.75000E+000,  3.7312E+000,  3.8197E+000
  3.76000E+000,  3.7403E+000,  3.8288E+000
  3.77000E+000,  3.7584E+000,  3.8380E+000
  3.78000E+000,  3.7675E+000,  3.8471E+000
  3.79000E+000,  3.7766E+000,  3.8653E+000
  3.80000E+000,  3.7947E+000,  3.8744E+000
  3.81000E+000,  3.7947E+000,  3.8835E+000
  3.82000E+000,  3.8038E+000,  3.8926E+000
  3.83000E+000,  3.8220E+000,  3.9109E+000
  3.84000E+000,  3.8129E+000,  3.9017E+000
  3.85000E+000,  3.8310E+000,  3.9017E+000
  3.86000E+000,  3.8401E+000,  3.9200E+000
  3.87000E+000,  3.8401E+000,  3.9200E+000
  3.88000E+000,  3.8492E+000,  3.9382E+000
  3.89000E+000,  3.8673E+000,  3.9473E+000
  3.90000E+000,  3.8855E+000,  3.9655E+000
  3.91000E+000,  3.9036E+000,  3.9837E+000
  3.92000E+000,  3.9127E+000,  4.0020E+000
  3.93000E+000,  3.9218E+000,  4.0111E+000
  3.94000E+000,  3.9309E+000,  4.0111E+000
  3.95000E+000,  3.9399E+000,  4.0293E+000
  3.96000E+000,  3.9581E+000,  4.0475E+000
  3.97000E+000,  3.9672E+000,  4.0749E+000
  3.98000E+000,  3.9944E+000,  4.0749E+000
  3.99000E+000,  4.0035E+000,  4.1022E+000
  4.00000E+000,  4.0216E+000,  4.1295E+000
  4.01000E+000,  4.0307E+000,  4.1295E+000
  4.02000E+000,  4.0670E+000,  4.1569E+000
  4.03000E+000,  4.0852E+000,  4.1933E+000
  4.04000E+000,  4.1215E+000,  4.2207E+000
  4.05000E+000,  4.1396E+000,  4.2480E+000
  4.06000E+000,  4.1578E+000,  4.2753E+000
  4.07000E+000,  4.1759E+000,  4.2844E+000
  4.08000E+000,  4.2031E+000,  4.3300E+000
  4.09000E+000,  4.2576E+000,  4.3664E+000
  4.10000E+000,  4.2848E+000,  4.3938E+000
  4.11000E+000,  4.3120E+000,  4.4393E+000
  4.12000E+000,  4.3665E+000,  4.5031E+000
  4.13000E+000,  4.4028E+000,  4.5487E+000
  4.14000E+000,  4.4391E+000,  4.6033E+000
  4.15000E+000,  4.4936E+000,  4.7036E+000
  4.16000E+000,  4.5752E+000,  4.7400E+000
  4.17000E+000,  4.6115E+000,  4.8220E+000
  4.18000E+000,  4.6478E+000,  4.8767E+000
  4.19000E+000,  4.7023E+000,  4.9496E+000
  4.20000E+000,  4.7477E+000,  5.0498E+000
  4.21000E+000,  4.8021E+000,  5.1045E+000
  4.22000E+000,  4.8747E+000,  5.2047E+000
  4.23000E+000,  4.9292E+000,  5.2321E+000
  4.24000E+000,  5.0018E+000,  5.2412E+000
  4.25000E+000,  5.0563E+000,  5.3870E+000
  4.26000E+000,  5.1016E+000,  5.4416E+000
  4.27000E+000,  5.2015E+000,  5.4507E+000
  4.28000E+000,  5.2196E+000,  5.5328E+000
  4.29000E+000,  5.3285E+000,  5.6512E+000
  4.30000E+000,  5.4193E+000,  5.6603E+000
  4.31000E+000,  5.4647E+000,  5.7332E+000
  4.32000E+000,  5.5554E+000,  5.8152E+000
  4.33000E+000,  5.6462E+000,  5.8699E+000
  4.34000E+000,  5.7460E+000,  5.9975E+000
  4.35000E+000,  5.8640E+000,  6.0612E+000
  4.36000E+000,  6.0183E+000,  6.2799E+000
  4.37000E+000,  6.1726E+000,  6.3802E+000
  4.38000E+000,  6.2996E+000,  6.5259E+000
  4.39000E+000,  6.3450E+000,  6.6080E+000
  4.40000E+000,  6.6263E+000,  6.9178E+000
  4.41000E+000,  6.2452E+000,  6.4166E+000
  4.42000E+000,  6.5174E+000,  6.7173E+000
  4.43000E+000,  6.8351E+000,  7.0453E+000
  4.44000E+000,  7.1618E+000,  7.3551E+000
  4.45000E+000,  7.5248E+000,  7.7378E+000
  4.46000E+000,  7.8425E+000,  7.9838E+000
  4.47000E+000,  8.1601E+000,  8.3210E+000
  4.48000E+000,  8.4324E+000,  8.6034E+000
  4.49000E+000,  8.6139E+000,  8.8586E+000
  4.50000E+000,  8.9134E+000,  9.1775E+000
  4.51000E+000,  9.0314E+000,  9.3779E+000
  4.52000E+000,  9.3763E+000,  9.7151E+000
  4.53000E+000,  9.6667E+000,  9.9976E+000
  4.54000E+000,  1.0111E+001,  1.0408E+001
  4.55000E+000,  1.0384E+001,  1.0799E+001
  4.56000E+000,  1.0202E+001,  1.0572E+001
  4.57000E+000,  1.0765E+001,  1.1118E+001
  4.58000E+000,  1.0520E+001,  1.0954E+001
  4.59000E+000,  1.0574E+001,  1.1118E+001
  4.60000E+000,  1.0874E+001,  1.1364E+001
  4.61000E+000,  1.1019E+001,  1.1519E+001
  4.62000E+000,  1.1101E+001,  1.1565E+001
  4.63000E+000,  1.1391E+001,  1.1774E+001
  4.64000E+000,  1.1527E+001,  1.1884E+001
  4.65000E+000,  1.1482E+001,  1.1947E+001
  4.66000E+000,  1.1618E+001,  1.2020E+001
  4.67000E+000,  1.1564E+001,  1.2039E+001
  4.68000E+000,  1.1700E+001,  1.2157E+001
  4.69000E+000,  1.1636E+001,  1.2175E+001
  4.70000E+000,  1.1627E+001,  1.2166E+001
  4.71000E+000,  1.1527E+001,  1.2157E+001
  4.72000E+000,  1.1681E+001,  1.2312E+001
  4.73000E+000,  1.1464E+001,  1.2285E+001
  4.74000E+000,  1.1391E+001,  1.2257E+001
  4.75000E+000,  1.1391E+001,  1.2294E+001
  4.76000E+000,  1.1418E+001,  1.2175E+001
  4.77000E+000,  1.1654E+001,  1.2458E+001
  4.78000E+000,  1.1636E+001,  1.2485E+001
  4.79000E+000,  1.1255E+001,  1.2139E+001
  4.80000E+000,  1.1146E+001,  1.2002E+001
  4.81000E+000,  1.1182E+001,  1.2166E+001
  4.82000E+000,  1.1210E+001,  1.2084E+001
  4.83000E+000,  1.1763E+001,  1.2932E+001
  4.84000E+000,  1.0656E+001,  1.1665E+001
  4.85000E+000,  1.0810E+001,  1.1774E+001
  4.86000E+000,  1.1010E+001,  1.2285E+001
  4.87000E+000,  1.1400E+001,  1.2084E+001
  4.88000E+000,  1.0229E+001,  1.1264E+001
  4.89000E+000,  1.0456E+001,  1.1483E+001
  4.90000E+000,  1.0502E+001,  1.1638E+001
  4.91000E+000,  9.8301E+000,  1.0854E+001
  4.92000E+000,  9.7211E+000,  1.0736E+001
  4.93000E+000,  9.8936E+000,  1.0973E+001
  4.94000E+000,  9.9027E+000,  1.1100E+001
  4.95000E+000,  9.7756E+000,  1.0881E+001
  4.96000E+000,  9.6032E+000,  1.0836E+001
  4.97000E+000,  9.3763E+000,  1.0672E+001
  4.98000E+000,  9.2220E+000,  1.0480E+001
  4.99000E+000,  8.9225E+000,  1.0080E+001
  5.00000E+000,  8.8227E+000,  1.0180E+001
  5.01000E+000,  8.6321E+000,  1.0025E+001
  5.02000E+000,  8.4778E+000,  9.8062E+000
  5.03000E+000,  8.2600E+000,  9.4691E+000
  5.04000E+000,  8.1057E+000,  9.4691E+000
  5.05000E+000,  7.8879E+000,  9.1866E+000
  5.06000E+000,  7.7608E+000,  9.0773E+000
  5.07000E+000,  7.5521E+000,  8.9406E+000
  5.08000E+000,  7.4069E+000,  8.7037E+000
  5.09000E+000,  7.2526E+000,  8.5214E+000
  5.10000E+000,  7.1527E+000,  8.3848E+000
  5.11000E+000,  7.0620E+000,  8.2663E+000
  5.12000E+000,  6.9349E+000,  8.1205E+000
  5.13000E+000,  6.8714E+000,  8.0021E+000
  5.14000E+000,  6.8351E+000,  7.9565E+000
  5.15000E+000,  6.7262E+000,  7.7743E+000
  5.16000E+000,  6.6808E+000,  7.7105E+000
  5.17000E+000,  6.6354E+000,  7.6376E+000
  5.18000E+000,  6.5628E+000,  7.4736E+000
  5.19000E+000,  6.5174E+000,  7.4189E+000
  5.20000E+000,  6.4902E+000,  7.3916E+000
  5.21000E+000,  6.5084E+000,  7.3460E+000
  5.22000E+000,  6.4267E+000,  7.2276E+000
  5.23000E+000,  6.4358E+000,  7.2640E+000
  5.24000E+000,  6.4176E+000,  7.1638E+000
  5.25000E+000,  6.4358E+000,  7.2822E+000
  5.26000E+000,  6.4539E+000,  7.1729E+000
  5.27000E+000,  6.4902E+000,  7.2822E+000
  5.28000E+000,  6.5810E+000,  7.4736E+000
  5.29000E+000,  6.5537E+000,  7.2184E+000
  5.30000E+000,  6.5356E+000,  7.2822E+000
  5.31000E+000,  6.6173E+000,  7.2549E+000
  5.32000E+000,  6.7625E+000,  7.3460E+000
  5.33000E+000,  6.7353E+000,  7.1547E+000
  5.34000E+000,  6.9440E+000,  7.2002E+000
  5.35000E+000,  7.7880E+000,  7.7196E+000
  5.36000E+000,  8.5958E+000,  8.7037E+000
  5.37000E+000,  5.9184E+000,  9.1501E+000
  5.38000E+000,  6.3722E+000,  1.0253E+001
  5.39000E+000,  5.2831E+000,  1.1155E+001
  5.40000E+000, -4.4360E-001,  5.3505E+000
  5.41000E+000,  7.2616E+000,  3.9655E+000
  5.42000E+000,  1.3941E+001,  3.7104E+000
  5.43000E+000,  1.5058E+001,  3.6739E+000
  5.44000E+000,  1.5575E+001,  3.6557E+000
  5.45000E+000,  1.5629E+001,  3.6557E+000
  5.46000E+000,  1.5766E+001,  3.6557E+000
  5.47000E+000,  1.5756E+001,  3.6466E+000
  5.48000E+000,  1.5756E+001,  3.6466E+000
  5.49000E+000,  1.5729E+001,  3.6466E+000
  5.50000E+000,  1.3996E+001,  3.6648E+000
  5.51000E+000, -9.5184E-001,  4.4211E+000
  5.52000E+000, -4.7990E-001,  4.8949E+000
  5.53000E+000, -1.9856E-001,  5.2412E+000
  5.54000E+000,  1.0183E-002,  5.7241E+000
  5.55000E+000,  5.2750E-001,  6.2617E+000
  5.56000E+000,  9.3590E-001,  6.8813E+000
  5.57000E+000,  1.3080E+000,  7.8016E+000
  5.58000E+000,  1.0811E+000,  8.3483E+000
  5.59000E+000,  9.0867E-001,  8.8859E+000
  5.60000E+000,  5.4565E-001,  7.9383E+000
  5.61000E+000,  1.0094E-001,  7.1547E+000
  5.62000E+000, -2.1671E-001,  6.8813E+000
  5.63000E+000, -4.7990E-001,  6.3164E+000
  5.64000E+000, -4.3453E-001,  6.1706E+000
  5.65000E+000,  6.4636E-002,  6.6171E+000
  5.66000E+000,  3.2783E-001,  6.9360E+000
  5.67000E+000,  4.5489E-001,  7.1820E+000
  5.68000E+000,  5.1842E-001,  7.3733E+000
  5.69000E+000,  4.8212E-001,  7.4007E+000
  5.70000E+000,  4.4581E-001,  7.3278E+000
  5.71000E+000,  4.2766E-001,  7.1364E+000
  5.72000E+000,  5.9103E-001,  7.0453E+000
  5.73000E+000,  1.1083E+000,  7.2367E+000
  5.74000E+000,  1.5530E+000,  7.6285E+000
  5.75000E+000,  1.8525E+000,  8.0112E+000
  5.76000E+000,  2.0431E+000,  8.3210E+000
  5.77000E+000,  2.0522E+000,  8.3028E+000
  5.78000E+000,  2.1702E+000,  8.5123E+000
  5.79000E+000,  2.2065E+000,  8.4394E+000
  5.80000E+000,  2.2882E+000,  8.4941E+000
  5.81000E+000,  2.3245E+000,  8.4485E+000
  5.82000E+000,  2.2700E+000,  8.4485E+000
  5.83000E+000,  2.3426E+000,  8.4212E+000
  5.84000E+000,  2.4697E+000,  8.4759E+000
  5.85000E+000,  2.3608E+000,  8.4850E+000
  5.86000E+000,  2.4243E+000,  8.4668E+000
  5.87000E+000,  2.4062E+000,  8.5852E+000
  5.88000E+000,  2.4062E+000,  8.5579E+000
  5.89000E+000,  2.4243E+000,  8.6672E+000
  5.90000E+000,  2.4062E+000,  8.6034E+000
  5.91000E+000,  2.5332E+000,  8.8768E+000
  5.92000E+000,  2.4515E+000,  8.6034E+000
  5.93000E+000,  2.4878E+000,  8.6946E+000
  5.94000E+000,  2.4969E+000,  8.6490E+000
  5.95000E+000,  2.4152E+000,  8.5214E+000
  5.96000E+000,  2.3699E+000,  8.6034E+000
  5.97000E+000,  2.1067E+000,  8.3028E+000
  5.98000E+000,  1.9161E+000,  8.0932E+000
  5.99000E+000,  1.7709E+000,  7.9929E+000
  6.00000E+000,  1.6983E+000,  7.9018E+000
  6.01000E+000,  1.6075E+000,  7.9201E+000
  6.02000E+000,  1.5621E+000,  7.8380E+000
  6.03000E+000,  1.5077E+000,  7.8472E+000
  6.04000E+000,  1.4441E+000,  7.7287E+000
  6.05000E+000,  1.4078E+000,  7.6649E+000
  6.06000E+000,  1.3625E+000,  7.6194E+000
  6.07000E+000,  1.3534E+000,  7.5465E+000
  6.08000E+000,  1.3534E+000,  7.5282E+000
  6.09000E+000,  1.3443E+000,  7.5282E+000
  6.10000E+000,  1.3534E+000,  7.5191E+000
  6.11000E+000,  1.3715E+000,  7.5374E+000
  6.12000E+000,  1.3443E+000,  7.5282E+000
  6.13000E+000,  1.3352E+000,  7.5100E+000
  6.14000E+000,  1.3443E+000,  7.5100E+000
  6.15000E+000,  1.3080E+000,  7.4918E+000
  6.16000E+000,  1.2899E+000,  7.4827E+000
  6.17000E+000,  1.2899E+000,  7.4371E+000
  6.18000E+000,  1.2626E+000,  7.4007E+000
  6.19000E+000,  1.2535E+000,  7.4007E+000
  6.20000E+000,  1.2535E+000,  7.4098E+000
  6.21000E+000,  1.2808E+000,  7.4189E+000
  6.22000E+000,  1.2626E+000,  7.3733E+000
  6.23000E+000,  1.2535E+000,  7.3642E+000
  6.24000E+000,  1.2535E+000,  7.3551E+000
  6.25000E+000,  1.2354E+000,  7.3369E+000
  6.26000E+000,  1.2354E+000,  7.3187E+000
  6.27000E+000,  1.2354E+000,  7.3187E+000
  6.28000E+000,  1.2717E+000,  7.3460E+000
  6.29000E+000,  1.2717E+000,  7.3642E+000
  6.30000E+000,  1.2808E+000,  7.3825E+000
  6.31000E+000,  1.2989E+000,  7.3916E+000
  6.32000E+000,  1.2899E+000,  7.4098E+000
  6.33000E+000,  1.2808E+000,  7.3825E+000
  6.34000E+000,  1.2808E+000,  7.3551E+000
  6.35000E+000,  1.2808E+000,  7.3369E+000
  6.36000E+000,  1.2535E+000,  7.3004E+000
  6.37000E+000,  1.2717E+000,  7.3004E+000
  6.38000E+000,  1.2535E+000,  7.3096E+000
  6.39000E+000,  1.2717E+000,  7.3187E+000
  6.40000E+000,  1.2899E+000,  7.3551E+000
  6.41000E+000,  1.2989E+000,  7.3551E+000
  6.42000E+000,  1.2899E+000,  7.3460E+000
  6.43000E+000,  1.2899E+000,  7.3278E+000
  6.44000E+000,  1.2899E+000,  7.3369E+000
  6.45000E+000,  1.2717E+000,  7.3369E+000
  6.46000E+000,  1.3080E+000,  7.3369E+000
  6.47000E+000,  1.3080E+000,  7.3278E+000
  6.48000E+000,  1.3080E+000,  7.3369E+000
  6.49000E+000,  1.3262E+000,  7.3369E+000
  6.50000E+000,  1.3443E+000,  7.3825E+000
  6.51000E+000,  1.3262E+000,  7.3733E+000
  6.52000E+000,  1.3352E+000,  7.3825E+000
  6.53000E+000,  1.3262E+000,  7.3733E+000
  6.54000E+000,  1.3352E+000,  7.3369E+000
  6.55000E+000,  1.3171E+000,  7.3460E+000
  6.56000E+000,  1.3443E+000,  7.3642E+000
  6.57000E+000,  1.3534E+000,  7.3642E+000
  6.58000E+000,  1.3625E+000,  7.3916E+000
  6.59000E+000,  1.3352E+000,  7.3460E+000
  6.60000E+000,  1.3715E+000,  7.3733E+000
  6.61000E+000,  1.3806E+000,  7.4189E+000
  6.62000E+000,  1.3625E+000,  7.3916E+000
  6.63000E+000,  1.3897E+000,  7.4007E+000
  6.64000E+000,  1.3534E+000,  7.3733E+000
  6.65000E+000,  1.3715E+000,  7.3733E+000
  6.66000E+000,  1.3534E+000,  7.3642E+000
  6.67000E+000,  1.3806E+000,  7.4189E+000
  6.68000E+000,  1.3806E+000,  7.3460E+000
  6.69000E+000,  1.3988E+000,  7.3916E+000
  6.70000E+000,  1.4169E+000,  7.4371E+000
  6.71000E+000,  1.3806E+000,  7.4098E+000
  6.72000E+000,  1.3988E+000,  7.4280E+000
  6.73000E+000,  1.3806E+000,  7.4280E+000
  6.74000E+000,  1.3806E+000,  7.4189E+000
  6.75000E+000,  1.3715E+000,  7.3825E+000
  6.76000E+000,  1.3534E+000,  7.3369E+000
  6.77000E+000,  1.3625E+000,  7.3551E+000
  6.78000E+000,  1.3897E+000,  7.3369E+000
  6.79000E+000,  1.3625E+000,  7.3733E+000
  6.80000E+000,  1.4078E+000,  7.3733E+000
  6.81000E+000,  1.4078E+000,  7.4371E+000
  6.82000E+000,  1.4078E+000,  7.4098E+000
  6.83000E+000,  1.4169E+000,  7.4554E+000
  6.84000E+000,  1.4078E+000,  7.3916E+000
  6.85000E+000,  1.3988E+000,  7.4098E+000
  6.86000E+000,  1.3715E+000,  7.4007E+000
  6.87000E+000,  1.3897E+000,  7.3642E+000
  6.88000E+000,  1.3715E+000,  7.3551E+000
  6.89000E+000,  1.3534E+000,  7.3460E+000
  6.90000E+000,  1.3715E+000,  7.3460E+000
  6.91000E+000,  1.3988E+000,  7.4098E+000
  6.92000E+000,  1.4260E+000,  7.4098E+000
  6.93000E+000,  1.4078E+000,  7.4007E+000
  6.94000E+000,  1.4169E+000,  7.4280E+000
  6.95000E+000,  1.4169E+000,  7.4280E+000
  6.96000E+000,  1.3988E+000,  7.4098E+000
  6.97000E+000,  1.3988E+000,  7.4189E+000
  6.98000E+000,  1.4078E+000,  7.4189E+000
  6.99000E+000,  1.3897E+000,  7.4189E+000
  7.00000E+000,  1.4169E+000,  7.3916E+000
  7.01000E+000,  1.4078E+000,  7.3916E+000
  7.02000E+000,  1.4169E+000,  7.4371E+000
  7.03000E+000,  1.4351E+000,  7.4462E+000
  7.04000E+000,  1.4260E+000,  7.4554E+000
  7.05000E+000,  1.4351E+000,  7.4736E+000
  7.06000E+000,  1.4532E+000,  7.4827E+000
  7.07000E+000,  1.4532E+000,  7.4736E+000
  7.08000E+000,  1.4351E+000,  7.4736E+000
  7.09000E+000,  1.4078E+000,  7.4280E+000
  7.10000E+000,  1.4441E+000,  7.4371E+000
  7.11000E+000,  1.4169E+000,  7.4098E+000
  7.12000E+000,  1.4078E+000,  7.4098E+000
  7.13000E+000,  1.4441E+000,  7.4189E+000
  7.14000E+000,  1.4169E+000,  7.3916E+000
  7.15000E+000,  1.4441E+000,  7.4098E+000
  7.16000E+000,  1.4804E+000,  7.4827E+000
  7.17000E+000,  1.4804E+000,  7.4645E+000
  7.18000E+000,  1.4714E+000,  7.5282E+000
  7.19000E+000,  1.4895E+000,  7.5282E+000
  7.20000E+000,  1.4532E+000,  7.5191E+000
  7.21000E+000,  1.4351E+000,  7.4280E+000
  7.22000E+000,  1.4351E+000,  7.4736E+000
  7.23000E+000,  1.4351E+000,  7.4371E+000
  7.24000E+000,  1.4532E+000,  7.4645E+000
  7.25000E+000,  1.4351E+000,  7.4189E+000
  7.26000E+000,  1.4623E+000,  7.4645E+000
  7.27000E+000,  1.4714E+000,  7.4645E+000
  7.28000E+000,  1.4532E+000,  7.5100E+000
  7.29000E+000,  1.4895E+000,  7.5100E+000
  7.30000E+000,  1.4804E+000,  7.5282E+000
  7.31000E+000,  1.5167E+000,  7.5556E+000
  7.32000E+000,  1.4895E+000,  7.5465E+000
  7.33000E+000,  1.4623E+000,  7.5282E+000
  7.34000E+000,  1.4623E+000,  7.4645E+000
  7.35000E+000,  1.4714E+000,  7.5009E+000
  7.36000E+000,  1.4714E+000,  7.5191E+000
  7.37000E+000,  1.4895E+000,  7.4827E+000
  7.38000E+000,  1.4895E+000,  7.4554E+000
  7.39000E+000,  1.4986E+000,  7.5374E+000
  7.40000E+000,  1.5167E+000,  7.5100E+000
  7.41000E+000,  1.5440E+000,  7.5374E+000
  7.42000E+000,  1.5258E+000,  7.5738E+000
  7.43000E+000,  1.5530E+000,  7.5556E+000
  7.44000E+000,  1.5258E+000,  7.5920E+000
  7.45000E+000,  1.5621E+000,  7.5647E+000
  7.46000E+000,  1.5349E+000,  7.5738E+000
  7.47000E+000,  1.5167E+000,  7.5465E+000
  7.48000E+000,  1.5167E+000,  7.5374E+000
  7.49000E+000,  1.4986E+000,  7.5374E+000
  7.50000E+000,  1.5349E+000,  7.5009E+000
  7.51000E+000,  1.4714E+000,  7.3642E+000
  7.52000E+000,  4.9119E-001,  6.1888E+000
  7.53000E+000,  3.6413E-001,  6.0795E+000
  7.54000E+000,  2.9153E-001,  6.0066E+000
  7.55000E+000,  2.8245E-001,  5.9155E+000
  7.56000E+000,  2.1892E-001,  5.9337E+000
  7.57000E+000,  1.6447E-001,  5.9337E+000
  7.58000E+000,  1.8262E-001,  5.8790E+000
  7.59000E+000,  2.3707E-001,  5.9246E+000
  7.60000E+000,  2.0985E-001,  5.9155E+000
  7.61000E+000,  2.6430E-001,  5.9883E+000
  7.62000E+000,  2.4615E-001,  5.9519E+000
  7.63000E+000,  2.0985E-001,  5.9701E+000
  7.64000E+000,  1.8262E-001,  5.9610E+000
  7.65000E+000, -4.4360E-001,  5.2138E+000
  7.66000E+000, -5.5251E-001,  4.2298E+000
  7.67000E+000,  1.1573E+001,  3.7924E+000
  7.68000E+000,  1.4813E+001,  3.6831E+000
  7.69000E+000,  1.5602E+001,  3.6557E+000
  7.70000E+000,  1.5312E+001,  3.6557E+000
  7.71000E+000,  1.5584E+001,  3.6557E+000
  7.72000E+000,  1.5520E+001,  3.6375E+000
  7.73000E+000,  1.5684E+001,  3.6557E+000
  7.74000E+000,  1.5502E+001,  3.6466E+000
  7.75000E+000,  1.5711E+001,  3.6466E+000
  7.76000E+000,  1.5548E+001,  3.6557E+000
  7.77000E+000,  1.5657E+001,  3.6466E+000
  7.78000E+000,  1.5720E+001,  3.6466E+000
  7.79000E+000,  1.5856E+001,  3.6375E+000
  7.80000E+000,  1.5947E+001,  3.6375E+000
  7.81000E+000,  1.5793E+001,  3.6466E+000
  7.82000E+000,  1.5865E+001,  3.6375E+000
  7.83000E+000,  1.5775E+001,  3.6466E+000
  7.84000E+000,  1.6020E+001,  3.6375E+000
  7.85000E+000,  1.5893E+001,  3.6466E+000
  7.86000E+000,  1.5711E+001,  3.6466E+000
  7.87000E+000,  1.5566E+001,  3.6466E+000
  7.88000E+000,  1.5557E+001,  3.6466E+000
  7.89000E+000,  1.5865E+001,  3.6466E+000
  7.90000E+000,  1.5929E+001,  3.6466E+000
  7.91000E+000,  1.5766E+001,  3.6466E+000
  7.92000E+000,  1.5865E+001,  3.6375E+000
  7.93000E+000,  1.5584E+001,  3.6466E+000
  7.94000E+000,  1.5856E+001,  3.6466E+000
  7.95000E+000,  1.5829E+001,  3.6466E+000
  7.96000E+000,  1.5756E+001,  3.6466E+000
  7.97000E+000,  1.5493E+001,  3.6466E+000
  7.98000E+000,  1.5502E+001,  3.6557E+000
  7.99000E+000,  1.5548E+001,  3.6466E+000
  8.00000E+000,  1.5457E+001,  3.6557E+000
  8.01000E+000,  1.5838E+001,  3.6466E+000
  8.02000E+000,  1.5784E+001,  3.6466E+000
  8.03000E+000,  1.5838E+001,  3.6466E+000
  8.04000E+000,  1.5602E+001,  3.6466E+000
  8.05000E+000,  1.5974E+001,  3.6375E+000
  8.06000E+000,  1.5847E+001,  3.6466E+000
  8.07000E+000,  1.5820E+001,  3.6375E+000
  8.08000E+000,  1.5811E+001,  3.6466E+000
  8.09000E+000,  1.5865E+001,  3.6375E+000
  8.10000E+000,  1.5702E+001,  3.6466E+000
  8.11000E+000,  1.5566E+001,  3.6466E+000
  8.12000E+000,  1.5738E+001,  3.6466E+000
  8.13000E+000,  1.5992E+001,  3.6375E+000
  8.14000E+000,  1.5729E+001,  3.6375E+000
  8.15000E+000,  1.5784E+001,  3.6375E+000
  8.16000E+000,  1.5829E+001,  3.6466E+000
  8.17000E+000,  1.5911E+001,  3.6375E+000
  8.18000E+000,  1.6011E+001,  3.6375E+000
  8.19000E+000,  1.5838E+001,  3.6375E+000
  8.20000E+000,  1.5575E+001,  3.6466E+000
  8.21000E+000,  1.5493E+001,  3.6557E+000
  8.22000E+000,  1.5638E+001,  3.6557E+000
  8.23000E+000,  1.5593E+001,  3.6466E+000
  8.24000E+000,  1.5747E+001,  3.6466E+000
  8.25000E+000,  1.5648E+001,  3.6375E+000
  8.26000E+000,  1.5675E+001,  3.6466E+000
  8.27000E+000,  1.5784E+001,  3.6375E+000
  8.28000E+000,  1.5838E+001,  3.6466E+000
  8.29000E+000,  1.5684E+001,  3.6466E+000
  8.30000E+000,  1.5793E+001,  3.6466E+000
  8.31000E+000,  1.5638E+001,  3.6466E+000
  8.32000E+000,  1.5575E+001,  3.6466E+000
  8.33000E+000,  1.5829E+001,  3.6466E+000
  8.34000E+000,  1.5766E+001,  3.6466E+000
  8.35000E+000,  1.5657E+001,  3.6466E+000
  8.36000E+000,  1.5911E+001,  3.6466E+000
  8.37000E+000,  1.5865E+001,  3.6466E+000
  8.38000E+000,  1.6201E+001,  3.6375E+000
  8.39000E+000,  1.6065E+001,  3.6375E+000
  8.40000E+000,  1.5865E+001,  3.6375E+000
  8.41000E+000,  1.5793E+001,  3.6466E+000
  8.42000E+000,  1.5947E+001,  3.6375E+000
  8.43000E+000,  1.5802E+001,  3.6466E+000
  8.44000E+000,  1.5847E+001,  3.6466E+000
  8.45000E+000,  1.5838E+001,  3.6466E+000
  8.46000E+000,  1.5738E+001,  3.6466E+000
  8.47000E+000,  1.5747E+001,  3.6466E+000
  8.48000E+000,  1.5747E+001,  3.6466E+000
  8.49000E+000,  1.5938E+001,  3.6466E+000
  8.50000E+000,  1.5847E+001,  3.6466E+000
  8.51000E+000,  1.6110E+001,  3.6466E+000
  8.52000E+000,  1.5838E+001,  3.6466E+000
  8.53000E+000,  1.5520E+001,  3.6466E+000
  8.54000E+000,  1.5602E+001,  3.6466E+000
  8.55000E+000,  1.5784E+001,  3.6375E+000
  8.56000E+000,  1.5530E+001,  3.6557E+000
  8.57000E+000,  1.5711E+001,  3.6557E+000
  8.58000E+000,  1.5502E+001,  3.6557E+000
  8.59000E+000,  1.5602E+001,  3.6466E+000
  8.60000E+000,  1.5593E+001,  3.6466E+000
  8.61000E+000,  1.5820E+001,  3.6466E+000
  8.62000E+000,  1.5902E+001,  3.6466E+000
  8.63000E+000,  1.6165E+001,  3.6466E+000
  8.64000E+000,  1.6038E+001,  3.6375E+000
  8.65000E+000,  1.5666E+001,  3.6466E+000
  8.66000E+000,  1.5648E+001,  3.6466E+000
  8.67000E+000,  1.5856E+001,  3.6466E+000
  8.68000E+000,  1.5947E+001,  3.6466E+000
  8.69000E+000,  1.5947E+001,  3.6466E+000
  8.70000E+000,  1.5747E+001,  3.6466E+000
  8.71000E+000,  1.5793E+001,  3.6466E+000
  8.72000E+000,  1.5874E+001,  3.6466E+000
  8.73000E+000,  1.5865E+001,  3.6466E+000
  8.74000E+000,  1.5938E+001,  3.6375E+000
  8.75000E+000,  1.5956E+001,  3.6466E+000
  8.76000E+000,  1.5584E+001,  3.6466E+000
  8.77000E+000,  1.5856E+001,  3.6466E+000
  8.78000E+000,  1.5847E+001,  3.6466E+000
  8.79000E+000,  1.5911E+001,  3.6466E+000
  8.80000E+000,  1.5784E+001,  3.6466E+000
  8.81000E+000,  1.5466E+001,  3.6557E+000
  8.82000E+000,  1.5629E+001,  3.6466E+000
  8.83000E+000,  1.5793E+001,  3.6466E+000
  8.84000E+000,  1.5829E+001,  3.6375E+000
  8.85000E+000,  1.5874E+001,  3.6557E+000
  8.86000E+000,  1.5657E+001,  3.6466E+000
  8.87000E+000,  1.5548E+001,  3.6557E+000
  8.88000E+000,  1.5911E+001,  3.6375E+000
  8.89000E+000,  1.6038E+001,  3.6375E+000
  8.90000E+000,  1.5992E+001,  3.6375E+000
  8.91000E+000,  1.5657E+001,  3.6466E+000
  8.92000E+000,  1.5657E+001,  3.6466E+000
  8.93000E+000,  1.5484E+001,  3.6466E+000
  8.94000E+000,  1.5838E+001,  3.6466E+000
  8.95000E+000,  1.5838E+001,  3.6466E+000
  8.96000E+000,  1.5874E+001,  3.6375E+000
  8.97000E+000,  1.5974E+001,  3.6466E+000
  8.98000E+000,  1.5983E+001,  3.6375E+000
  8.99000E+000,  1.6110E+001,  3.6375E+000
  9.00000E+000,  1.5929E+001,  3.6375E+000
  9.01000E+000,  1.5865E+001,  3.6466E+000
  9.02000E+000,  1.5811E+001,  3.6466E+000
  9.03000E+000,  1.5602E+001,  3.6466E+000
  9.04000E+000,  1.5693E+001,  3.6466E+000
  9.05000E+000,  1.6147E+001,  3.6466E+000
  9.06000E+000,  1.5720E+001,  3.6466E+000
  9.07000E+000,  1.5775E+001,  3.6466E+000
  9.08000E+000,  1.5793E+001,  3.6466E+000
  9.09000E+000,  1.5856E+001,  3.6466E+000
  9.10000E+000,  1.5874E+001,  3.6466E+000
  9.11000E+000,  1.5884E+001,  3.6557E+000
  9.12000E+000,  1.5766E+001,  3.6466E+000
  9.13000E+000,  1.5566E+001,  3.6557E+000
  9.14000E+000,  1.5584E+001,  3.6466E+000
  9.15000E+000,  1.5811E+001,  3.6557E+000
  9.16000E+000,  1.5711E+001,  3.6466E+000
  9.17000E+000,  1.5557E+001,  3.6375E+000
  9.18000E+000,  1.5793E+001,  3.6466E+000
  9.19000E+000,  1.5729E+001,  3.6466E+000
  9.20000E+000,  1.5911E+001,  3.6466E+000
  9.21000E+000,  1.5856E+001,  3.6466E+000
  9.22000E+000,  1.5983E+001,  3.6375E+000
  9.23000E+000,  1.5865E+001,  3.6375E+000
  9.24000E+000,  1.5838E+001,  3.6375E+000
  9.25000E+000,  1.6065E+001,  3.6466E+000
  9.26000E+000,  1.5865E+001,  3.6466E+000
  9.27000E+000,  1.5802E+001,  3.6375E+000
  9.28000E+000,  1.5711E+001,  3.6466E+000
  9.29000E+000,  1.5738E+001,  3.6466E+000
  9.30000E+000,  1.5838E+001,  3.6375E+000
  9.31000E+000,  1.5874E+001,  3.6466E+000
  9.32000E+000,  1.6011E+001,  3.6375E+000
  9.33000E+000,  1.5920E+001,  3.6375E+000
  9.34000E+000,  1.5902E+001,  3.6466E+000
  9.35000E+000,  1.5838E+001,  3.6466E+000
  9.36000E+000,  1.5702E+001,  3.6466E+000
  9.37000E+000,  1.5775E+001,  3.6466E+000
  9.38000E+000,  1.5766E+001,  3.6557E+000
  9.39000E+000,  1.5666E+001,  3.6375E+000
  9.40000E+000,  1.5702E+001,  3.6466E+000
  9.41000E+000,  1.5775E+001,  3.6466E+000
  9.42000E+000,  1.5602E+001,  3.6466E+000
  9.43000E+000,  1.5566E+001,  3.6466E+000
  9.44000E+000,  1.5602E+001,  3.6375E+000
  9.45000E+000,  1.5974E+001,  3.6466E+000
  9.46000E+000,  1.5874E+001,  3.6375E+000
  9.47000E+000,  1.5838E+001,  3.6375E+000
  9.48000E+000,  1.5802E+001,  3.6466E+000
  9.49000E+000,  1.5956E+001,  3.6375E+000
  9.50000E+000,  1.5747E+001,  3.6466E+000
  9.51000E+000,  1.5657E+001,  3.6466E+000
  9.52000E+000,  1.5738E+001,  3.6466E+000
  9.53000E+000,  1.6065E+001,  3.6466E+000
  9.54000E+000,  1.5775E+001,  3.6375E+000
  9.55000E+000,  1.5847E+001,  3.6375E+000
  9.56000E+000,  1.5539E+001,  3.6466E+000
  9.57000E+000,  1.5902E+001,  3.6375E+000
  9.58000E+000,  1.6083E+001,  3.6466E+000
  9.59000E+000,  1.6165E+001,  3.6375E+000
  9.60000E+000,  1.6029E+001,  3.6375E+000
  9.61000E+000,  1.5802E+001,  3.6466E+000
  9.62000E+000,  1.5611E+001,  3.6466E+000
  9.63000E+000,  1.5847E+001,  3.6466E+000
  9.64000E+000,  1.5847E+001,  3.6466E+000
  9.65000E+000,  1.5620E+001,  3.6466E+000
  9.66000E+000,  1.5711E+001,  3.6557E+000
  9.67000E+000,  1.5766E+001,  3.6375E+000
  9.68000E+000,  1.5829E+001,  3.6466E+000
  9.69000E+000,  1.6292E+001,  3.6466E+000
  9.70000E+000,  1.6038E+001,  3.6375E+000
  9.71000E+000,  1.6056E+001,  3.6375E+000
  9.72000E+000,  1.5865E+001,  3.6466E+000
  9.73000E+000,  1.5766E+001,  3.6466E+000
  9.74000E+000,  1.5802E+001,  3.6466E+000
  9.75000E+000,  1.5747E+001,  3.6466E+000
  9.76000E+000,  1.5657E+001,  3.6557E+000
  9.77000E+000,  1.5865E+001,  3.6466E+000
  9.78000E+000,  1.5992E+001,  3.6466E+000
  9.79000E+000,  1.6110E+001,  3.6375E+000
  9.80000E+000,  1.6156E+001,  3.6466E+000
  9.81000E+000,  1.5938E+001,  3.6375E+000
  9.82000E+000,  1.5784E+001,  3.6375E+000
  9.83000E+000,  1.6092E+001,  3.6466E+000
  9.84000E+000,  1.5938E+001,  3.6466E+000
  9.85000E+000,  1.5920E+001,  3.6466E+000
  9.86000E+000,  1.5847E+001,  3.6466E+000
  9.87000E+000,  1.5648E+001,  3.6466E+000
  9.88000E+000,  1.5802E+001,  3.6466E+000
  9.89000E+000,  1.5811E+001,  3.6466E+000
  9.90000E+000,  1.5847E+001,  3.6466E+000
  9.91000E+000,  1.5929E+001,  3.6466E+000
  9.92000E+000,  1.5992E+001,  3.6466E+000
  9.93000E+000,  1.5856E+001,  3.6466E+000
  9.94000E+000,  1.5874E+001,  3.6466E+000
  9.95000E+000,  1.6002E+001,  3.6466E+000
  9.96000E+000,  1.5829E+001,  3.6466E+000
  9.97000E+000,  1.5702E+001,  3.6375E+000
  9.98000E+000,  1.5711E+001,  3.6557E+000
  9.99000E+000,  1.5793E+001,  3.6466E+000
  1.00000E+001,  1.5793E+001,  3.6466E+000
  1.00100E+001,  1.5684E+001,  3.6466E+000
  1.00200E+001,  1.5965E+001,  3.6466E+000
  1.00300E+001,  1.5992E+001,  3.6466E+000
  1.00400E+001,  1.5820E+001,  3.6375E+000
  1.00500E+001,  1.6156E+001,  3.6466E+000
  1.00600E+001,  1.5874E+001,  3.6466E+000
  1.00700E+001,  1.5666E+001,  3.6466E+000
  1.00800E+001,  1.5811E+001,  3.6466E+000
  1.00900E+001,  1.5838E+001,  3.6557E+000
  1.01000E+001,  1.5820E+001,  3.6466E+000
  1.01100E+001,  1.5766E+001,  3.6466E+000
  1.01200E+001,  1.5711E+001,  3.6466E+000
  1.01300E+001,  1.5947E+001,  3.6466E+000
  1.01400E+001,  1.5929E+001,  3.6466E+000
  1.01500E+001,  1.6029E+001,  3.6466E+000
  1.01600E+001,  1.5974E+001,  3.6466E+000
  1.01700E+001,  1.5811E+001,  3.6375E+000
  1.01800E+001,  1.5874E+001,  3.6375E+000
  1.01900E+001,  1.6228E+001,  3.6375E+000
  1.02000E+001,  1.5938E+001,  3.6466E+000
  1.02100E+001,  1.5702E+001,  3.6466E+000
  1.02200E+001,  1.5711E+001,  3.6466E+000
  1.02300E+001,  1.5657E+001,  3.6466E+000
  1.02400E+001,  1.5847E+001,  3.6466E+000
  1.02500E+001,  1.5920E+001,  3.6466E+000
  1.02600E+001,  1.6011E+001,  3.6466E+000
  1.02700E+001,  1.5847E+001,  3.6466E+000
  1.02800E+001,  1.5784E+001,  3.6466E+000
  1.02900E+001,  1.5902E+001,  3.6466E+000
  1.03000E+001,  1.6119E+001,  3.6375E+000
  1.03100E+001,  1.5992E+001,  3.6375E+000
  1.03200E+001,  1.5874E+001,  3.6466E+000
  1.03300E+001,  1.5584E+001,  3.6466E+000
  1.03400E+001,  1.5548E+001,  3.6557E+000
  1.03500E+001,  1.5638E+001,  3.6557E+000
  1.03600E+001,  1.5684E+001,  3.6466E+000
  1.03700E+001,  1.5747E+001,  3.6375E+000
  1.03800E+001,  1.5974E+001,  3.6466E+000
  1.03900E+001,  1.5965E+001,  3.6466E+000
  1.04000E+001,  1.5947E+001,  3.6466E+000
  1.04100E+001,  1.5865E+001,  3.6375E+000
  1.04200E+001,  1.5911E+001,  3.6375E+000
  1.04300E+001,  1.5902E+001,  3.6375E+000
  1.04400E+001,  1.5865E+001,  3.6466E+000
  1.04500E+001,  1.5756E+001,  3.6466E+000
  1.04600E+001,  1.5902E+001,  3.6466E+000
  1.04700E+001,  1.5902E+001,  3.6466E+000
  1.04800E+001,  1.5856E+001,  3.6466E+000
  1.04900E+001,  1.5802E+001,  3.6466E+000
  1.05000E+001,  1.5775E+001,  3.6466E+000
  1.05100E+001,  1.5865E+001,  3.6375E+000
  1.05200E+001,  1.5938E+001,  3.6375E+000
  1.05300E+001,  1.6074E+001,  3.6466E+000
  1.05400E+001,  1.5929E+001,  3.6466E+000
  1.05500E+001,  1.5747E+001,  3.6466E+000
  1.05600E+001,  1.5602E+001,  3.6466E+000
  1.05700E+001,  1.5448E+001,  3.6466E+000
  1.05800E+001,  1.5584E+001,  3.6557E+000
  1.05900E+001,  1.5829E+001,  3.6466E+000
  1.06000E+001,  1.5920E+001,  3.6466E+000
  1.06100E+001,  1.5684E+001,  3.6466E+000
  1.06200E+001,  1.5793E+001,  3.6466E+000
  1.06300E+001,  1.5992E+001,  3.6375E+000
  1.06400E+001,  1.6038E+001,  3.6466E+000
  1.06500E+001,  1.5947E+001,  3.6466E+000
  1.06600E+001,  1.5893E+001,  3.6466E+000
  1.06700E+001,  1.5938E+001,  3.6375E+000
  1.06800E+001,  1.5947E+001,  3.6466E+000
  1.06900E+001,  1.5992E+001,  3.6375E+000
  1.07000E+001,  1.5738E+001,  3.6557E+000
  1.07100E+001,  1.5856E+001,  3.6375E+000
  1.07200E+001,  1.5775E+001,  3.6466E+000
  1.07300E+001,  1.5965E+001,  3.6375E+000
  1.07400E+001,  1.6074E+001,  3.6466E+000
  1.07500E+001,  1.5947E+001,  3.6375E+000
  1.07600E+001,  1.5929E+001,  3.6375E+000
  1.07700E+001,  1.5929E+001,  3.6375E+000
  1.07800E+001,  1.5938E+001,  3.6466E+000
  1.07900E+001,  1.5874E+001,  3.6466E+000
  1.08000E+001,  1.5929E+001,  3.6466E+000
  1.08100E+001,  1.5793E+001,  3.6466E+000
  1.08200E+001,  1.5657E+001,  3.6466E+000
  1.08300E+001,  1.5747E+001,  3.6466E+000
  1.08400E+001,  1.5602E+001,  3.6466E+000
  1.08500E+001,  1.5657E+001,  3.6557E+000
  1.08600E+001,  1.5775E+001,  3.6466E+000
  1.08700E+001,  1.5829E+001,  3.6375E+000
  1.08800E+001,  1.6056E+001,  3.6466E+000
  1.08900E+001,  1.5847E+001,  3.6466E+000
  1.09000E+001,  1.5711E+001,  3.6466E+000
  1.09100E+001,  1.5638E+001,  3.6466E+000
  1.09200E+001,  1.5620E+001,  3.6466E+000
  1.09300E+001,  1.5693E+001,  3.6466E+000
  1.09400E+001,  1.6029E+001,  3.6466E+000
  1.09500E+001,  1.5911E+001,  3.6466E+000
  1.09600E+001,  1.5893E+001,  3.6466E+000
  1.09700E+001,  1.5666E+001,  3.6375E+000
  1.09800E+001,  1.5992E+001,  3.6466E+000
  1.09900E+001,  1.6092E+001,  3.6375E+000
  1.10000E+001,  1.6147E+001,  3.6375E+000
  1.10100E+001,  1.6056E+001,  3.6466E+000
  1.10200E+001,  1.5793E+001,  3.6466E+000
  1.10300E+001,  1.5884E+001,  3.6466E+000
  1.10400E+001,  1.5829E+001,  3.6375E+000
  1.10500E+001,  1.5775E+001,  3.6466E+000
  1.10600E+001,  1.5738E+001,  3.6466E+000
  1.10700E+001,  1.5502E+001,  3.6466E+000
  1.10800E+001,  1.5756E+001,  3.6466E+000
  1.10900E+001,  1.5893E+001,  3.6466E+000
  1.11000E+001,  1.5856E+001,  3.6466E+000
  1.11100E+001,  1.5711E+001,  3.6466E+000
  1.11200E+001,  1.5784E+001,  3.6466E+000
  1.11300E+001,  1.5838E+001,  3.6557E+000
  1.11400E+001,  1.5893E+001,  3.6466E+000
  1.11500E+001,  1.5956E+001,  3.6466E+000
  1.11600E+001,  1.5784E+001,  3.6466E+000
  1.11700E+001,  1.5548E+001,  3.6557E+000
  1.11800E+001,  1.5502E+001,  3.6557E+000
  1.11900E+001,  1.5720E+001,  3.6466E+000
  1.12000E+001,  1.5920E+001,  3.6466E+000
  1.12100E+001,  1.6083E+001,  3.6466E+000
  1.12200E+001,  1.6047E+001,  3.6375E+000
  1.12300E+001,  1.5838E+001,  3.6375E+000
  1.12400E+001,  1.5856E+001,  3.6375E+000
  1.12500E+001,  1.5956E+001,  3.6466E+000
  1.12600E+001,  1.5911E+001,  3.6466E+000
  1.12700E+001,  1.6020E+001,  3.6466E+000
  1.12800E+001,  1.5893E+001,  3.6466E+000
  1.12900E+001,  1.5847E+001,  3.6466E+000
  1.13000E+001,  1.5775E+001,  3.6466E+000
  1.13100E+001,  1.5965E+001,  3.6466E+000
  1.13200E+001,  1.5965E+001,  3.6375E+000
  1.13300E+001,  1.5956E+001,  3.6466E+000
  1.13400E+001,  1.5874E+001,  3.6375E+000
  1.13500E+001,  1.5920E+001,  3.6466E+000
  1.13600E+001,  1.5838E+001,  3.6466E+000
  1.13700E+001,  1.5838E+001,  3.6557E+000
  1.13800E+001,  1.5629E+001,  3.6466E+000
  1.13900E+001,  1.5829E+001,  3.6466E+000
  1.14000E+001,  1.5684E+001,  3.6557E+000
  1.14100E+001,  1.5847E+001,  3.6466E+000
  1.14200E+001,  1.5865E+001,  3.6557E+000
  1.14300E+001,  1.5766E+001,  3.6557E+000
  1.14400E+001,  1.5729E+001,  3.6466E+000
  1.14500E+001,  1.5747E+001,  3.6466E+000
  1.14600E+001,  1.5629E+001,  3.6466E+000
  1.14700E+001,  1.5865E+001,  3.6466E+000
  1.14800E+001,  1.6029E+001,  3.6466E+000
  1.14900E+001,  1.6147E+001,  3.6375E+000
  1.15000E+001,  1.6083E+001,  3.6466E+000
  1.15100E+001,  1.5784E+001,  3.6466E+000
  1.15200E+001,  1.5520E+001,  3.6466E+000
  1.15300E+001,  1.5838E+001,  3.6466E+000
  1.15400E+001,  1.5947E+001,  3.6466E+000
  1.15500E+001,  1.5838E+001,  3.6557E+000
  1.15600E+001,  1.5920E+001,  3.6466E+000
  1.15700E+001,  1.5911E+001,  3.6375E+000
  1.15800E+001,  1.5775E+001,  3.6466E+000
  1.15900E+001,  1.5838E+001,  3.6466E+000
  1.16000E+001,  1.5793E+001,  3.6466E+000
  1.16100E+001,  1.5747E+001,  3.6466E+000
  1.16200E+001,  1.5793E+001,  3.6466E+000
  1.16300E+001,  1.5693E+001,  3.6466E+000
  1.16400E+001,  1.5874E+001,  3.6557E+000
  1.16500E+001,  1.5838E+001,  3.6466E+000
  1.16600E+001,  1.5693E+001,  3.6466E+000
  1.16700E+001,  1.5557E+001,  3.6466E+000
  1.16800E+001,  1.5729E+001,  3.6466E+000
  1.16900E+001,  1.5884E+001,  3.6466E+000
  1.17000E+001,  1.6065E+001,  3.6466E+000
  1.17100E+001,  1.5729E+001,  3.6466E+000
  1.17200E+001,  1.5657E+001,  3.6466E+000
  1.17300E+001,  1.5657E+001,  3.6466E+000
  1.17400E+001,  1.5856E+001,  3.6466E+000
  1.17500E+001,  1.5756E+001,  3.6466E+000
  1.17600E+001,  1.5820E+001,  3.6557E+000
  1.17700E+001,  1.5720E+001,  3.6466E+000
  1.17800E+001,  1.5493E+001,  3.6466E+000
  1.17900E+001,  1.5702E+001,  3.6466E+000
  1.18000E+001,  1.5648E+001,  3.6466E+000
  1.18100E+001,  1.5911E+001,  3.6375E+000
  1.18200E+001,  1.6065E+001,  3.6375E+000
  1.18300E+001,  1.5938E+001,  3.6466E+000
  1.18400E+001,  1.5938E+001,  3.6375E+000
  1.18500E+001,  1.5838E+001,  3.6466E+000
  1.18600E+001,  1.5702E+001,  3.6466E+000
  1.18700E+001,  1.5838E+001,  3.6375E+000
  1.18800E+001,  1.5511E+001,  3.6466E+000
  1.18900E+001,  1.5720E+001,  3.6466E+000
  1.19000E+001,  1.5838E+001,  3.6466E+000
  1.19100E+001,  1.5811E+001,  3.6466E+000
  1.19200E+001,  1.5766E+001,  3.6375E+000
  1.19300E+001,  1.5856E+001,  3.6375E+000
  1.19400E+001,  1.5938E+001,  3.6466E+000
  1.19500E+001,  1.5874E+001,  3.6375E+000
  1.19600E+001,  1.5847E+001,  3.6466E+000
  1.19700E+001,  1.5484E+001,  3.6375E+000
  1.19800E+001,  1.5657E+001,  3.6466E+000
  1.19900E+001,  1.5720E+001,  3.6466E+000
  1.20000E+001,  1.5648E+001,  3.6466E+000
  1.20100E+001,  1.5593E+001,  3.6557E+000
  1.20200E+001,  1.5666E+001,  3.6466E+000
  1.20300E+001,  1.5983E+001,  3.6375E+000
  1.20400E+001,  1.5820E+001,  3.6466E+000
  1.20500E+001,  1.5874E+001,  3.6375E+000
  1.20600E+001,  1.5856E+001,  3.6375E+000
  1.20700E+001,  1.5902E+001,  3.6375E+000
  1.20800E+001,  1.5983E+001,  3.6466E+000
  1.20900E+001,  1.5902E+001,  3.6466E+000
  1.21000E+001,  1.5711E+001,  3.6466E+000
  1.21100E+001,  1.5756E+001,  3.6466E+000
  1.21200E+001,  1.5502E+001,  3.6557E+000
  1.21300E+001,  1.5602E+001,  3.6466E+000
  1.21400E+001,  1.5856E+001,  3.6375E+000
  1.21500E+001,  1.5811E+001,  3.6466E+000
  1.21600E+001,  1.6002E+001,  3.6375E+000
  1.21700E+001,  1.5929E+001,  3.6466E+000
  1.21800E+001,  1.5838E+001,  3.6375E+000
  1.21900E+001,  1.5874E+001,  3.6375E+000
  1.22000E+001,  1.5729E+001,  3.6375E+000
  1.22100E+001,  1.5802E+001,  3.6466E+000
  1.22200E+001,  1.5820E+001,  3.6466E+000
  1.22300E+001,  1.5638E+001,  3.6466E+000
  1.22400E+001,  1.5575E+001,  3.6466E+000
  1.22500E+001,  1.5638E+001,  3.6466E+000
  1.22600E+001,  1.5793E+001,  3.6375E+000
  1.22700E+001,  1.5865E+001,  3.6466E+000
  1.22800E+001,  1.5856E+001,  3.6375E+000
  1.22900E+001,  1.5793E+001,  3.6375E+000
  1.23000E+001,  1.5729E+001,  3.6466E+000
  1.23100E+001,  1.5856E+001,  3.6466E+000
  1.23200E+001,  1.5956E+001,  3.6466E+000
  1.23300E+001,  1.5675E+001,  3.6466E+000
  1.23400E+001,  1.5802E+001,  3.6466E+000
  1.23500E+001,  1.5666E+001,  3.6466E+000
  1.23600E+001,  1.5729E+001,  3.6466E+000
  1.23700E+001,  1.5874E+001,  3.6375E+000
  1.23800E+001,  1.5784E+001,  3.6466E+000
  1.23900E+001,  1.5693E+001,  3.6466E+000
  1.24000E+001,  1.5693E+001,  3.6466E+000
  1.24100E+001,  1.5793E+001,  3.6375E+000
  1.24200E+001,  1.5947E+001,  3.6375E+000
  1.24300E+001,  1.6038E+001,  3.6375E+000
  1.24400E+001,  1.5865E+001,  3.6375E+000
  1.24500E+001,  1.5584E+001,  3.6466E+000
  1.24600E+001,  1.5657E+001,  3.6466E+000
  1.24700E+001,  1.5566E+001,  3.6466E+000
  1.24800E+001,  1.5666E+001,  3.6466E+000
  1.24900E+001,  1.5738E+001,  3.6466E+000
  1.25000E+001,  1.5702E+001,  3.6466E+000
  1.25100E+001,  1.5702E+001,  3.6466E+000
  1.25200E+001,  1.5820E+001,  3.6375E+000
  1.25300E+001,  1.6002E+001,  3.6375E+000
  1.25400E+001,  1.5929E+001,  3.6375E+000
  1.25500E+001,  1.5738E+001,  3.6466E+000
  1.25600E+001,  1.5638E+001,  3.6466E+000
  1.25700E+001,  1.5548E+001,  3.6466E+000
  1.25800E+001,  1.5702E+001,  3.6375E+000
  1.25900E+001,  1.5675E+001,  3.6466E+000
  1.26000E+001,  1.5657E+001,  3.6466E+000
  1.26100E+001,  1.5520E+001,  3.6466E+000
  1.26200E+001,  1.5493E+001,  3.6466E+000
  1.26300E+001,  1.5811E+001,  3.6466E+000
  1.26400E+001,  1.5865E+001,  3.6466E+000
  1.26500E+001,  1.5893E+001,  3.6284E+000
  1.26600E+001,  1.5847E+001,  3.6375E+000
  1.26700E+001,  1.5693E+001,  3.6375E+000
  1.26800E+001,  1.5720E+001,  3.6466E+000
  1.26900E+001,  1.5602E+001,  3.6466E+000
  1.27000E+001,  1.5602E+001,  3.6466E+000
  1.27100E+001,  1.5648E+001,  3.6375E+000
  1.27200E+001,  1.5502E+001,  3.6466E+000
  1.27300E+001,  1.5620E+001,  3.6466E+000
  1.27400E+001,  1.5766E+001,  3.6375E+000
  1.27500E+001,  1.5929E+001,  3.6375E+000
  1.27600E+001,  1.5929E+001,  3.6375E+000
  1.27700E+001,  1.5784E+001,  3.6375E+000
  1.27800E+001,  1.5838E+001,  3.6375E+000
  1.27900E+001,  1.5766E+001,  3.6375E+000
  1.28000E+001,  1.5920E+001,  3.6375E+000
  1.28100E+001,  1.5893E+001,  3.6375E+000
  1.28200E+001,  1.5575E+001,  3.6466E+000
  1.28300E+001,  1.5520E+001,  3.6466E+000
  1.28400E+001,  1.5575E+001,  3.6466E+000
  1.28500E+001,  1.5611E+001,  3.6466E+000
  1.28600E+001,  1.5884E+001,  3.6375E+000
  1.28700E+001,  1.5802E+001,  3.6375E+000
  1.28800E+001,  1.5820E+001,  3.6466E+000
  1.28900E+001,  1.5684E+001,  3.6466E+000
  1.29000E+001,  1.5784E+001,  3.6375E+000
  1.29100E+001,  1.5629E+001,  3.6375E+000
  1.29200E+001,  1.5539E+001,  3.6466E+000
  1.29300E+001,  1.5584E+001,  3.6466E+000
  1.29400E+001,  1.5657E+001,  3.6466E+000
  1.29500E+001,  1.5602E+001,  3.6466E+000
  1.29600E+001,  1.5693E+001,  3.6466E+000
  1.29700E+001,  1.5638E+001,  3.6375E+000
  1.29800E+001,  1.5811E+001,  3.6375E+000
  1.29900E+001,  1.5829E+001,  3.6375E+000
  1.30000E+001,  1.5974E+001,  3.6375E+000
  1.30100E+001,  1.5992E+001,  3.6375E+000
  1.30200E+001,  1.5820E+001,  3.6375E+000
  1.30300E+001,  1.5702E+001,  3.6466E+000
  1.30400E+001,  1.5784E+001,  3.6375E+000
  1.30500E+001,  1.5648E+001,  3.6466E+000
  1.30600E+001,  1.5711E+001,  3.6466E+000
  1.30700E+001,  1.5620E+001,  3.6375E+000
  1.30800E+001,  1.5557E+001,  3.6466E+000
  1.30900E+001,  1.5756E+001,  3.6375E+000
  1.31000E+001,  1.5884E+001,  3.6375E+000
  1.31100E+001,  1.5856E+001,  3.6466E+000
  1.31200E+001,  1.5938E+001,  3.6375E+000
  1.31300E+001,  1.5657E+001,  3.6466E+000
  1.31400E+001,  1.5729E+001,  3.6375E+000
  1.31500E+001,  1.5729E+001,  3.6466E+000
  1.31600E+001,  1.5738E+001,  3.6466E+000
  1.31700E+001,  1.5657E+001,  3.6466E+000
  1.31800E+001,  1.5493E+001,  3.6466E+000
  1.31900E+001,  1.5493E+001,  3.6466E+000
  1.32000E+001,  1.5666E+001,  3.6466E+000
