# [Parameters]
# Name = 'firc'
# ShotNo = 174691
# Date = '12/09/2021 14:16'
# 
# DimNo = 1
# DimName = 'Time'
# DimSize = 1311
# DimUnit = 's'
# 
# ValNo = 2
# ValName = 'nL(3669)', 'nL(3759)'
# ValUnit = 'e19m-2', 'e19m-2'
# [Comments]
#  
# [data]
  1.00000E-001, -2.3229E-003, -8.2547E-003
  1.10000E-001,  6.7533E-003,  8.5683E-004
  1.20000E-001,  6.7533E-003,  8.5683E-004
  1.30000E-001, -2.3229E-003,  8.5683E-004
  1.40000E-001, -2.3229E-003,  8.5683E-004
  1.50000E-001, -2.3229E-003,  9.9692E-003
  1.60000E-001,  6.7533E-003,  8.5683E-004
  1.70000E-001,  6.7533E-003,  8.5683E-004
  1.80000E-001, -2.3229E-003,  8.5683E-004
  1.90000E-001, -1.1398E-002,  8.5683E-004
  2.00000E-001, -1.1398E-002,  8.5683E-004
  2.10000E-001,  6.7533E-003,  8.5683E-004
  2.20000E-001,  6.7533E-003, -8.2547E-003
  2.30000E-001, -2.3229E-003,  8.5683E-004
  2.40000E-001, -1.1398E-002, -8.2547E-003
  2.50000E-001, -1.1398E-002,  8.5683E-004
  2.60000E-001, -2.3229E-003,  8.5683E-004
  2.70000E-001,  6.7533E-003,  8.5683E-004
  2.80000E-001, -2.3229E-003,  8.5683E-004
  2.90000E-001, -1.1398E-002, -8.2547E-003
  3.00000E-001, -2.3229E-003, -8.2547E-003
  3.10000E-001, -2.3229E-003, -8.2547E-003
  3.20000E-001, -1.1398E-002, -8.2547E-003
  3.30000E-001, -2.3229E-003, -8.2547E-003
  3.40000E-001, -1.1398E-002, -8.2547E-003
  3.50000E-001, -2.3229E-003,  8.5683E-004
  3.60000E-001, -2.3229E-003,  8.5683E-004
  3.70000E-001,  6.7533E-003,  8.5683E-004
  3.80000E-001,  1.5829E-002,  8.5683E-004
  3.90000E-001, -2.3229E-003, -8.2547E-003
  4.00000E-001, -2.3229E-003, -8.2547E-003
  4.10000E-001, -2.3229E-003,  8.5683E-004
  4.20000E-001,  6.7533E-003,  8.5683E-004
  4.30000E-001,  6.7533E-003,  8.5683E-004
  4.40000E-001, -2.3229E-003, -8.2547E-003
  4.50000E-001, -1.1398E-002,  8.5683E-004
  4.60000E-001, -2.3229E-003,  8.5683E-004
  4.70000E-001, -2.3229E-003,  8.5683E-004
  4.80000E-001,  6.7533E-003,  8.5683E-004
  4.90000E-001, -2.3229E-003,  8.5683E-004
  5.00000E-001, -2.3229E-003,  8.5683E-004
  5.10000E-001, -2.3229E-003, -8.2547E-003
  5.20000E-001,  6.7533E-003, -8.2547E-003
  5.30000E-001, -2.3229E-003, -8.2547E-003
  5.40000E-001, -2.3229E-003,  8.5683E-004
  5.50000E-001, -1.1398E-002,  8.5683E-004
  5.60000E-001, -1.1398E-002, -8.2547E-003
  5.70000E-001,  6.7533E-003, -8.2547E-003
  5.80000E-001, -2.3229E-003, -8.2547E-003
  5.90000E-001, -1.1398E-002,  9.9692E-003
  6.00000E-001, -2.3229E-003,  8.5683E-004
  6.10000E-001, -1.1398E-002,  8.5683E-004
  6.20000E-001,  6.7533E-003,  8.5683E-004
  6.30000E-001,  6.7533E-003,  8.5683E-004
  6.40000E-001, -2.3229E-003,  8.5683E-004
  6.50000E-001, -1.1398E-002, -8.2547E-003
  6.60000E-001, -1.1398E-002,  8.5683E-004
  6.70000E-001, -2.3229E-003,  8.5683E-004
  6.80000E-001,  6.7533E-003,  8.5683E-004
  6.90000E-001,  6.7533E-003,  8.5683E-004
  7.00000E-001, -2.3229E-003,  8.5683E-004
  7.10000E-001,  6.7533E-003,  8.5683E-004
  7.20000E-001, -2.3229E-003,  8.5683E-004
  7.30000E-001,  6.7533E-003, -8.2547E-003
  7.40000E-001, -2.3229E-003,  8.5683E-004
  7.50000E-001, -1.1398E-002, -8.2547E-003
  7.60000E-001, -2.3229E-003, -8.2547E-003
  7.70000E-001, -2.3229E-003,  8.5683E-004
  7.80000E-001, -2.3229E-003, -8.2547E-003
  7.90000E-001,  6.7533E-003,  8.5683E-004
  8.00000E-001, -1.1398E-002,  8.5683E-004
  8.10000E-001, -2.3229E-003,  8.5683E-004
  8.20000E-001,  6.7533E-003,  8.5683E-004
  8.30000E-001, -2.3229E-003,  8.5683E-004
  8.40000E-001, -2.3229E-003,  8.5683E-004
  8.50000E-001, -2.3229E-003, -8.2547E-003
  8.60000E-001, -2.3229E-003,  8.5683E-004
  8.70000E-001, -2.3229E-003,  8.5683E-004
  8.80000E-001, -2.3229E-003,  8.5683E-004
  8.90000E-001,  6.7533E-003, -8.2547E-003
  9.00000E-001,  6.7533E-003,  8.5683E-004
  9.10000E-001, -2.3229E-003,  8.5683E-004
  9.20000E-001,  6.7533E-003,  8.5683E-004
  9.30000E-001, -2.3229E-003,  8.5683E-004
  9.40000E-001,  6.7533E-003,  8.5683E-004
  9.50000E-001,  6.7533E-003,  8.5683E-004
  9.60000E-001,  6.7533E-003, -8.2547E-003
  9.70000E-001,  6.7533E-003,  8.5683E-004
  9.80000E-001,  6.7533E-003,  8.5683E-004
  9.90000E-001, -2.3229E-003,  8.5683E-004
  1.00000E+000, -1.1398E-002, -8.2547E-003
  1.01000E+000, -1.1398E-002, -8.2547E-003
  1.02000E+000, -2.3229E-003,  8.5683E-004
  1.03000E+000,  6.7533E-003,  8.5683E-004
  1.04000E+000,  6.7533E-003,  9.9692E-003
  1.05000E+000,  6.7533E-003,  8.5683E-004
  1.06000E+000, -2.3229E-003,  8.5683E-004
  1.07000E+000, -2.3229E-003,  8.5683E-004
  1.08000E+000, -2.3229E-003,  8.5683E-004
  1.09000E+000, -2.3229E-003,  8.5683E-004
  1.10000E+000,  6.7533E-003,  8.5683E-004
  1.11000E+000,  6.7533E-003,  8.5683E-004
  1.12000E+000, -1.1398E-002, -8.2547E-003
  1.13000E+000, -1.1398E-002, -8.2547E-003
  1.14000E+000,  6.7533E-003,  8.5683E-004
  1.15000E+000,  6.7533E-003, -8.2547E-003
  1.16000E+000,  1.5829E-002,  9.9692E-003
  1.17000E+000,  6.7533E-003,  8.5683E-004
  1.18000E+000,  6.7533E-003,  8.5683E-004
  1.19000E+000,  6.7533E-003,  9.9692E-003
  1.20000E+000,  6.7533E-003,  8.5683E-004
  1.21000E+000,  6.7533E-003,  8.5683E-004
  1.22000E+000,  6.7533E-003, -8.2547E-003
  1.23000E+000, -2.3229E-003, -8.2547E-003
  1.24000E+000, -2.3229E-003,  8.5683E-004
  1.25000E+000,  6.7533E-003,  8.5683E-004
  1.26000E+000, -2.3229E-003, -8.2547E-003
  1.27000E+000, -2.3229E-003,  8.5683E-004
  1.28000E+000,  6.7533E-003,  8.5683E-004
  1.29000E+000,  6.7533E-003,  9.9692E-003
  1.30000E+000,  1.5829E-002,  8.5683E-004
  1.31000E+000,  6.7533E-003,  8.5683E-004
  1.32000E+000, -2.3229E-003, -8.2547E-003
  1.33000E+000, -2.3229E-003, -1.7366E-002
  1.34000E+000, -2.3229E-003,  8.5683E-004
  1.35000E+000, -2.3229E-003,  8.5683E-004
  1.36000E+000,  6.7533E-003,  8.5683E-004
  1.37000E+000,  6.7533E-003,  8.5683E-004
  1.38000E+000, -2.3229E-003, -8.2547E-003
  1.39000E+000, -2.3229E-003,  8.5683E-004
  1.40000E+000,  6.7533E-003,  8.5683E-004
  1.41000E+000,  6.7533E-003,  8.5683E-004
  1.42000E+000, -2.3229E-003,  8.5683E-004
  1.43000E+000, -2.3229E-003, -8.2547E-003
  1.44000E+000,  6.7533E-003,  9.9692E-003
  1.45000E+000,  6.7533E-003,  8.5683E-004
  1.46000E+000, -2.3229E-003,  8.5683E-004
  1.47000E+000, -2.3229E-003, -8.2547E-003
  1.48000E+000, -2.3229E-003, -8.2547E-003
  1.49000E+000, -2.3229E-003,  9.9692E-003
  1.50000E+000,  6.7533E-003,  8.5683E-004
  1.51000E+000,  1.5829E-002,  8.5683E-004
  1.52000E+000,  6.7533E-003,  8.5683E-004
  1.53000E+000,  6.7533E-003,  8.5683E-004
  1.54000E+000, -2.3229E-003,  8.5683E-004
  1.55000E+000, -1.1398E-002,  8.5683E-004
  1.56000E+000, -2.3229E-003, -8.2547E-003
  1.57000E+000, -2.3229E-003,  8.5683E-004
  1.58000E+000,  6.7533E-003,  9.9692E-003
  1.59000E+000,  6.7533E-003,  8.5683E-004
  1.60000E+000, -2.3229E-003,  8.5683E-004
  1.61000E+000,  6.7533E-003,  8.5683E-004
  1.62000E+000, -2.3229E-003,  9.9692E-003
  1.63000E+000,  6.7533E-003,  8.5683E-004
  1.64000E+000,  6.7533E-003,  8.5683E-004
  1.65000E+000,  6.7533E-003,  9.9692E-003
  1.66000E+000,  1.5829E-002,  9.9692E-003
  1.67000E+000,  6.7533E-003,  9.9692E-003
  1.68000E+000, -1.1398E-002,  8.5683E-004
  1.69000E+000,  6.7533E-003,  8.5683E-004
  1.70000E+000, -2.3229E-003,  8.5683E-004
  1.71000E+000,  6.7533E-003,  8.5683E-004
  1.72000E+000,  6.7533E-003,  8.5683E-004
  1.73000E+000,  6.7533E-003,  9.9692E-003
  1.74000E+000, -2.3229E-003,  9.9692E-003
  1.75000E+000,  6.7533E-003,  8.5683E-004
  1.76000E+000, -2.3229E-003,  8.5683E-004
  1.77000E+000, -2.3229E-003,  8.5683E-004
  1.78000E+000, -2.3229E-003,  9.9692E-003
  1.79000E+000,  6.7533E-003,  8.5683E-004
  1.80000E+000, -2.3229E-003,  8.5683E-004
  1.81000E+000, -2.3229E-003,  8.5683E-004
  1.82000E+000, -2.3229E-003,  8.5683E-004
  1.83000E+000, -2.3229E-003,  8.5683E-004
  1.84000E+000,  6.7533E-003,  9.9692E-003
  1.85000E+000, -2.3229E-003,  8.5683E-004
  1.86000E+000,  6.7533E-003,  9.9692E-003
  1.87000E+000,  6.7533E-003,  9.9692E-003
  1.88000E+000, -2.3229E-003,  9.9692E-003
  1.89000E+000, -1.1398E-002,  8.5683E-004
  1.90000E+000,  6.7533E-003,  8.5683E-004
  1.91000E+000, -2.3229E-003,  8.5683E-004
  1.92000E+000, -2.3229E-003,  8.5683E-004
  1.93000E+000,  6.7533E-003,  8.5683E-004
  1.94000E+000,  6.7533E-003,  8.5683E-004
  1.95000E+000,  6.7533E-003,  9.9692E-003
  1.96000E+000, -1.1398E-002,  9.9692E-003
  1.97000E+000, -2.3229E-003,  8.5683E-004
  1.98000E+000, -2.3229E-003,  9.9692E-003
  1.99000E+000,  1.5829E-002,  9.9692E-003
  2.00000E+000,  6.7533E-003,  8.5683E-004
  2.01000E+000, -2.3229E-003,  8.5683E-004
  2.02000E+000, -1.1398E-002,  8.5683E-004
  2.03000E+000, -2.3229E-003,  8.5683E-004
  2.04000E+000, -2.3229E-003,  8.5683E-004
  2.05000E+000,  6.7533E-003,  8.5683E-004
  2.06000E+000, -2.3229E-003,  8.5683E-004
  2.07000E+000, -2.3229E-003,  9.9692E-003
  2.08000E+000,  6.7533E-003,  9.9692E-003
  2.09000E+000,  1.5829E-002,  8.5683E-004
  2.10000E+000,  6.7533E-003,  8.5683E-004
  2.11000E+000,  6.7533E-003,  9.9692E-003
  2.12000E+000, -2.3229E-003,  9.9692E-003
  2.13000E+000, -2.3229E-003,  8.5683E-004
  2.14000E+000,  6.7533E-003,  8.5683E-004
  2.15000E+000, -2.3229E-003,  8.5683E-004
  2.16000E+000, -2.3229E-003,  8.5683E-004
  2.17000E+000, -2.3229E-003,  8.5683E-004
  2.18000E+000,  6.7533E-003,  8.5683E-004
  2.19000E+000, -2.3229E-003,  9.9692E-003
  2.20000E+000,  1.5829E-002,  9.9692E-003
  2.21000E+000,  1.5829E-002,  1.9081E-002
  2.22000E+000,  6.7533E-003,  8.5683E-004
  2.23000E+000, -2.3229E-003,  8.5683E-004
  2.24000E+000, -1.1398E-002,  8.5683E-004
  2.25000E+000, -2.3229E-003,  8.5683E-004
  2.26000E+000, -2.3229E-003,  8.5683E-004
  2.27000E+000, -1.1398E-002,  8.5683E-004
  2.28000E+000, -2.3229E-003,  8.5683E-004
  2.29000E+000, -2.3229E-003,  8.5683E-004
  2.30000E+000, -2.3229E-003,  8.5683E-004
  2.31000E+000,  6.7533E-003,  9.9692E-003
  2.32000E+000,  6.7533E-003,  8.5683E-004
  2.33000E+000, -2.3229E-003,  8.5683E-004
  2.34000E+000,  6.7533E-003,  8.5683E-004
  2.35000E+000,  6.7533E-003,  9.9692E-003
  2.36000E+000, -1.1398E-002,  8.5683E-004
  2.37000E+000,  6.7533E-003,  8.5683E-004
  2.38000E+000,  6.7533E-003,  9.9692E-003
  2.39000E+000,  6.7533E-003,  8.5683E-004
  2.40000E+000,  6.7533E-003,  9.9692E-003
  2.41000E+000,  6.7533E-003,  9.9692E-003
  2.42000E+000,  6.7533E-003,  9.9692E-003
  2.43000E+000,  6.7533E-003,  9.9692E-003
  2.44000E+000,  6.7533E-003,  9.9692E-003
  2.45000E+000,  1.5829E-002,  1.9081E-002
  2.46000E+000, -2.3229E-003,  9.9692E-003
  2.47000E+000,  6.7533E-003,  9.9692E-003
  2.48000E+000,  6.7533E-003,  8.5683E-004
  2.49000E+000, -2.3229E-003,  8.5683E-004
  2.50000E+000, -2.3229E-003,  8.5683E-004
  2.51000E+000, -1.1398E-002,  8.5683E-004
  2.52000E+000,  6.7533E-003,  9.9692E-003
  2.53000E+000,  6.7533E-003,  8.5683E-004
  2.54000E+000,  6.7533E-003,  9.9692E-003
  2.55000E+000,  6.7533E-003,  9.9692E-003
  2.56000E+000, -2.3229E-003,  9.9692E-003
  2.57000E+000,  6.7533E-003,  9.9692E-003
  2.58000E+000, -2.3229E-003,  8.5683E-004
  2.59000E+000, -2.3229E-003,  8.5683E-004
  2.60000E+000, -2.3229E-003,  8.5683E-004
  2.61000E+000, -2.3229E-003,  8.5683E-004
  2.62000E+000,  6.7533E-003,  8.5683E-004
  2.63000E+000,  6.7533E-003,  8.5683E-004
  2.64000E+000,  6.7533E-003,  8.5683E-004
  2.65000E+000,  6.7533E-003,  9.9692E-003
  2.66000E+000,  6.7533E-003,  9.9692E-003
  2.67000E+000,  1.5829E-002,  9.9692E-003
  2.68000E+000,  6.7533E-003,  9.9692E-003
  2.69000E+000, -2.3229E-003,  9.9692E-003
  2.70000E+000, -2.3229E-003,  9.9692E-003
  2.71000E+000,  6.7533E-003,  8.5683E-004
  2.72000E+000,  1.5829E-002,  8.5683E-004
  2.73000E+000,  6.7533E-003,  9.9692E-003
  2.74000E+000,  6.7533E-003,  9.9692E-003
  2.75000E+000, -2.3229E-003,  9.9692E-003
  2.76000E+000,  6.7533E-003,  9.9692E-003
  2.77000E+000, -2.3229E-003,  9.9692E-003
  2.78000E+000,  6.7533E-003,  9.9692E-003
  2.79000E+000,  6.7533E-003,  9.9692E-003
  2.80000E+000,  6.7533E-003,  9.9692E-003
  2.81000E+000,  6.7533E-003,  8.5683E-004
  2.82000E+000, -2.3229E-003,  8.5683E-004
  2.83000E+000, -2.3229E-003,  8.5683E-004
  2.84000E+000, -2.3229E-003,  8.5683E-004
  2.85000E+000, -2.3229E-003,  8.5683E-004
  2.86000E+000, -2.3229E-003,  8.5683E-004
  2.87000E+000, -2.3229E-003,  8.5683E-004
  2.88000E+000,  6.7533E-003,  9.9692E-003
  2.89000E+000,  6.7533E-003,  9.9692E-003
  2.90000E+000,  6.7533E-003,  1.9081E-002
  2.91000E+000,  6.7533E-003,  9.9692E-003
  2.92000E+000,  6.7533E-003,  9.9692E-003
  2.93000E+000,  6.7533E-003,  8.5683E-004
  2.94000E+000,  6.7533E-003,  8.5683E-004
  2.95000E+000,  6.7533E-003,  8.5683E-004
  2.96000E+000,  6.7533E-003,  9.9692E-003
  2.97000E+000,  6.7533E-003,  9.9692E-003
  2.98000E+000, -2.3229E-003,  8.5683E-004
  2.99000E+000, -2.3229E-003,  8.5683E-004
  3.00000E+000,  6.7533E-003,  9.9692E-003
  3.01000E+000,  6.7533E-003,  9.9692E-003
  3.02000E+000,  1.5829E-002,  9.9692E-003
  3.03000E+000, -2.3229E-003,  8.5683E-004
  3.04000E+000, -2.3229E-003, -8.2547E-003
  3.05000E+000, -2.3229E-003,  8.5683E-004
  3.06000E+000, -2.3229E-003,  8.5683E-004
  3.07000E+000, -2.3229E-003,  9.9692E-003
  3.08000E+000,  6.7533E-003,  9.9692E-003
  3.09000E+000,  6.7533E-003,  8.5683E-004
  3.10000E+000, -2.3229E-003,  8.5683E-004
  3.11000E+000,  6.7533E-003,  9.9692E-003
  3.12000E+000,  6.7533E-003,  1.9081E-002
  3.13000E+000,  6.7533E-003,  9.9692E-003
  3.14000E+000,  6.7533E-003,  9.9692E-003
  3.15000E+000,  6.7533E-003,  8.5683E-004
  3.16000E+000,  6.7533E-003,  9.9692E-003
  3.17000E+000, -2.3229E-003,  8.5683E-004
  3.18000E+000, -2.3229E-003,  8.5683E-004
  3.19000E+000,  6.7533E-003,  8.5683E-004
  3.20000E+000,  6.7533E-003,  9.9692E-003
  3.21000E+000,  6.7533E-003,  9.9692E-003
  3.22000E+000,  6.7533E-003,  9.9692E-003
  3.23000E+000,  6.7533E-003,  9.9692E-003
  3.24000E+000, -2.3229E-003,  9.9692E-003
  3.25000E+000,  6.7533E-003,  9.9692E-003
  3.26000E+000, -2.3229E-003,  9.9692E-003
  3.27000E+000,  6.7533E-003,  8.5683E-004
  3.28000E+000,  6.7533E-003,  8.5683E-004
  3.29000E+000,  6.7533E-003,  9.9692E-003
  3.30000E+000,  6.7533E-003,  8.5683E-004
  3.31000E+000,  9.7510E-002,  1.1020E-001
  3.32000E+000,  2.3364E-001,  2.5599E-001
  3.33000E+000,  4.6054E-001,  4.7467E-001
  3.34000E+000,  7.2373E-001,  7.2980E-001
  3.35000E+000,  9.9600E-001,  9.9405E-001
  3.36000E+000,  1.2320E+000,  1.2310E+000
  3.37000E+000,  1.4589E+000,  1.4587E+000
  3.38000E+000,  1.6585E+000,  1.6683E+000
  3.39000E+000,  1.8310E+000,  1.8323E+000
  3.40000E+000,  1.9762E+000,  1.9781E+000
  3.41000E+000,  2.0851E+000,  2.0875E+000
  3.42000E+000,  2.1486E+000,  2.1604E+000
  3.43000E+000,  2.1940E+000,  2.2059E+000
  3.44000E+000,  2.2121E+000,  2.2333E+000
  3.45000E+000,  2.2303E+000,  2.2515E+000
  3.46000E+000,  2.2484E+000,  2.2697E+000
  3.47000E+000,  2.2484E+000,  2.2697E+000
  3.48000E+000,  2.2394E+000,  2.2697E+000
  3.49000E+000,  2.2575E+000,  2.2697E+000
  3.50000E+000,  2.2757E+000,  2.2879E+000
  3.51000E+000,  2.2847E+000,  2.2970E+000
  3.52000E+000,  2.2938E+000,  2.3153E+000
  3.53000E+000,  2.3120E+000,  2.3244E+000
  3.54000E+000,  2.3301E+000,  2.3517E+000
  3.55000E+000,  2.3574E+000,  2.3790E+000
  3.56000E+000,  2.3846E+000,  2.4064E+000
  3.57000E+000,  2.4027E+000,  2.4246E+000
  3.58000E+000,  2.4118E+000,  2.4428E+000
  3.59000E+000,  2.4390E+000,  2.4702E+000
  3.60000E+000,  2.4663E+000,  2.4975E+000
  3.61000E+000,  2.4935E+000,  2.5248E+000
  3.62000E+000,  2.5116E+000,  2.5339E+000
  3.63000E+000,  2.5298E+000,  2.5613E+000
  3.64000E+000,  2.5479E+000,  2.5704E+000
  3.65000E+000,  2.5752E+000,  2.5977E+000
  3.66000E+000,  2.5933E+000,  2.6251E+000
  3.67000E+000,  2.6205E+000,  2.6433E+000
  3.68000E+000,  2.6387E+000,  2.6615E+000
  3.69000E+000,  2.6659E+000,  2.6888E+000
  3.70000E+000,  2.6750E+000,  2.6980E+000
  3.71000E+000,  2.7022E+000,  2.7162E+000
  3.72000E+000,  2.7022E+000,  2.7344E+000
  3.73000E+000,  2.7385E+000,  2.7709E+000
  3.74000E+000,  2.7839E+000,  2.8164E+000
  3.75000E+000,  2.9200E+000,  2.9075E+000
  3.76000E+000,  3.0743E+000,  3.1171E+000
  3.77000E+000,  3.6279E+000,  3.7640E+000
  3.78000E+000,  3.6824E+000,  3.6365E+000
  3.79000E+000,  4.2360E+000,  4.1558E+000
  3.80000E+000,  4.6898E+000,  4.7299E+000
  3.81000E+000,  4.9711E+000,  5.0032E+000
  3.82000E+000,  5.2071E+000,  5.2493E+000
  3.83000E+000,  5.3160E+000,  5.3951E+000
  3.84000E+000,  5.3523E+000,  5.3951E+000
  3.85000E+000,  5.4340E+000,  5.5317E+000
  3.86000E+000,  5.5611E+000,  5.6137E+000
  3.87000E+000,  5.6609E+000,  5.7322E+000
  3.88000E+000,  5.8152E+000,  5.8689E+000
  3.89000E+000,  5.9150E+000,  6.0238E+000
  3.90000E+000,  6.0693E+000,  6.1422E+000
  3.91000E+000,  6.2054E+000,  6.3245E+000
  3.92000E+000,  6.3597E+000,  6.4247E+000
  3.93000E+000,  6.4233E+000,  6.4976E+000
  3.94000E+000,  6.4596E+000,  6.6160E+000
  3.95000E+000,  6.5412E+000,  6.6798E+000
  3.96000E+000,  6.5957E+000,  6.7436E+000
  3.97000E+000,  6.6048E+000,  6.7892E+000
  3.98000E+000,  6.6592E+000,  6.8530E+000
  3.99000E+000,  6.7137E+000,  6.9441E+000
  4.00000E+000,  6.7046E+000,  6.9441E+000
  4.01000E+000,  6.7318E+000,  7.0079E+000
  4.02000E+000,  6.7500E+000,  7.0352E+000
  4.03000E+000,  6.7863E+000,  7.1081E+000
  4.04000E+000,  6.8135E+000,  7.1172E+000
  4.05000E+000,  6.8226E+000,  7.1445E+000
  4.06000E+000,  6.8589E+000,  7.1536E+000
  4.07000E+000,  6.9043E+000,  7.1810E+000
  4.08000E+000,  6.8861E+000,  7.2083E+000
  4.09000E+000,  6.9496E+000,  7.2539E+000
  4.10000E+000,  6.9496E+000,  7.2630E+000
  4.11000E+000,  6.9496E+000,  7.2630E+000
  4.12000E+000,  6.9496E+000,  7.2630E+000
  4.13000E+000,  6.9315E+000,  7.2721E+000
  4.14000E+000,  6.9043E+000,  7.2903E+000
  4.15000E+000,  6.8770E+000,  7.2630E+000
  4.16000E+000,  6.9496E+000,  7.2903E+000
  4.17000E+000,  6.9043E+000,  7.2903E+000
  4.18000E+000,  6.9043E+000,  7.2721E+000
  4.19000E+000,  6.8317E+000,  7.2356E+000
  4.20000E+000,  6.8135E+000,  7.2083E+000
  4.21000E+000,  6.7500E+000,  7.1901E+000
  4.22000E+000,  6.7681E+000,  7.1810E+000
  4.23000E+000,  6.7137E+000,  7.1263E+000
  4.24000E+000,  6.6411E+000,  7.0534E+000
  4.25000E+000,  6.7046E+000,  7.0807E+000
  4.26000E+000,  6.7409E+000,  7.0990E+000
  4.27000E+000,  6.6411E+000,  7.0625E+000
  4.28000E+000,  6.5412E+000,  6.9623E+000
  4.29000E+000,  6.3688E+000,  6.8074E+000
  4.30000E+000,  6.1691E+000,  6.6069E+000
  4.31000E+000,  5.9695E+000,  6.4247E+000
  4.32000E+000,  5.7517E+000,  6.2151E+000
  4.33000E+000,  5.5611E+000,  6.0056E+000
  4.34000E+000,  5.3432E+000,  5.7778E+000
  4.35000E+000,  5.1527E+000,  5.5682E+000
  4.36000E+000,  4.9621E+000,  5.3677E+000
  4.37000E+000,  4.7896E+000,  5.1582E+000
  4.38000E+000,  4.6353E+000,  4.9304E+000
  4.39000E+000,  4.4538E+000,  4.7117E+000
  4.40000E+000,  4.2723E+000,  4.5112E+000
  4.41000E+000,  4.0908E+000,  4.3108E+000
  4.42000E+000,  3.9184E+000,  4.1194E+000
  4.43000E+000,  3.7550E+000,  3.9281E+000
  4.44000E+000,  3.6007E+000,  3.7549E+000
  4.45000E+000,  3.4555E+000,  3.6000E+000
  4.46000E+000,  3.3012E+000,  3.4269E+000
  4.47000E+000,  3.1651E+000,  3.2811E+000
  4.48000E+000,  3.0380E+000,  3.1444E+000
  4.49000E+000,  2.9291E+000,  3.0169E+000
  4.50000E+000,  2.8293E+000,  2.9075E+000
  4.51000E+000,  2.7567E+000,  2.8255E+000
  4.52000E+000,  2.6841E+000,  2.7435E+000
  4.53000E+000,  2.6478E+000,  2.6980E+000
  4.54000E+000,  2.6205E+000,  2.6706E+000
  4.55000E+000,  2.6205E+000,  2.6706E+000
  4.56000E+000,  2.6387E+000,  2.6797E+000
  4.57000E+000,  2.6841E+000,  2.7344E+000
  4.58000E+000,  2.7295E+000,  2.7800E+000
  4.59000E+000,  2.7839E+000,  2.8255E+000
  4.60000E+000,  2.8474E+000,  2.8893E+000
  4.61000E+000,  2.9200E+000,  2.9531E+000
  4.62000E+000,  3.0017E+000,  3.0260E+000
  4.63000E+000,  3.0562E+000,  3.0989E+000
  4.64000E+000,  3.1379E+000,  3.1718E+000
  4.65000E+000,  3.2105E+000,  3.2447E+000
  4.66000E+000,  3.2740E+000,  3.3267E+000
  4.67000E+000,  3.3466E+000,  3.3905E+000
  4.68000E+000,  3.4101E+000,  3.4451E+000
  4.69000E+000,  3.4464E+000,  3.4907E+000
  4.70000E+000,  3.4646E+000,  3.5089E+000
  4.71000E+000,  3.4555E+000,  3.5089E+000
  4.72000E+000,  3.4101E+000,  3.4725E+000
  4.73000E+000,  3.3647E+000,  3.4360E+000
  4.74000E+000,  3.2831E+000,  3.3540E+000
  4.75000E+000,  3.1832E+000,  3.2720E+000
  4.76000E+000,  3.1106E+000,  3.1718E+000
  4.77000E+000,  3.0290E+000,  3.0807E+000
  4.78000E+000,  2.9382E+000,  2.9986E+000
  4.79000E+000,  2.8656E+000,  2.9166E+000
  4.80000E+000,  2.8202E+000,  2.8529E+000
  4.81000E+000,  2.7567E+000,  2.8073E+000
  4.82000E+000,  2.7295E+000,  2.7800E+000
  4.83000E+000,  2.7295E+000,  2.7617E+000
  4.84000E+000,  2.7385E+000,  2.7709E+000
  4.85000E+000,  2.7476E+000,  2.7891E+000
  4.86000E+000,  2.7839E+000,  2.8164E+000
  4.87000E+000,  2.8202E+000,  2.8437E+000
  4.88000E+000,  2.8474E+000,  2.8802E+000
  4.89000E+000,  2.8928E+000,  2.9258E+000
  4.90000E+000,  2.9382E+000,  2.9804E+000
  4.91000E+000,  3.0017E+000,  3.0260E+000
  4.92000E+000,  3.0290E+000,  3.0715E+000
  4.93000E+000,  3.0743E+000,  3.1080E+000
  4.94000E+000,  3.1016E+000,  3.1444E+000
  4.95000E+000,  3.1197E+000,  3.1627E+000
  4.96000E+000,  3.1379E+000,  3.1809E+000
  4.97000E+000,  3.1379E+000,  3.1900E+000
  4.98000E+000,  3.1288E+000,  3.1718E+000
  4.99000E+000,  3.1106E+000,  3.1627E+000
  5.00000E+000,  3.0925E+000,  3.1444E+000
  5.01000E+000,  3.0743E+000,  3.1171E+000
  5.02000E+000,  3.0380E+000,  3.0898E+000
  5.03000E+000,  3.0017E+000,  3.0624E+000
  5.04000E+000,  2.9654E+000,  3.0169E+000
  5.05000E+000,  2.9200E+000,  2.9713E+000
  5.06000E+000,  2.8837E+000,  2.9349E+000
  5.07000E+000,  2.8384E+000,  2.8802E+000
  5.08000E+000,  2.7930E+000,  2.8346E+000
  5.09000E+000,  2.7385E+000,  2.7800E+000
  5.10000E+000,  2.6932E+000,  2.7344E+000
  5.11000E+000,  2.6478E+000,  2.6980E+000
  5.12000E+000,  2.6115E+000,  2.6524E+000
  5.13000E+000,  2.5661E+000,  2.6160E+000
  5.14000E+000,  2.5389E+000,  2.5704E+000
  5.15000E+000,  2.5026E+000,  2.5522E+000
  5.16000E+000,  2.4663E+000,  2.5157E+000
  5.17000E+000,  2.4390E+000,  2.4884E+000
  5.18000E+000,  2.4209E+000,  2.4702E+000
  5.19000E+000,  2.3937E+000,  2.4428E+000
  5.20000E+000,  2.3574E+000,  2.4155E+000
  5.21000E+000,  2.3483E+000,  2.3882E+000
  5.22000E+000,  2.3120E+000,  2.3608E+000
  5.23000E+000,  2.2938E+000,  2.3426E+000
  5.24000E+000,  2.2757E+000,  2.3061E+000
  5.25000E+000,  2.2484E+000,  2.2788E+000
  5.26000E+000,  2.2212E+000,  2.2515E+000
  5.27000E+000,  2.2031E+000,  2.2333E+000
  5.28000E+000,  2.1758E+000,  2.2150E+000
  5.29000E+000,  2.1577E+000,  2.1968E+000
  5.30000E+000,  2.1395E+000,  2.1695E+000
  5.31000E+000,  2.1214E+000,  2.1604E+000
  5.32000E+000,  2.1395E+000,  2.1786E+000
  5.33000E+000,  2.2212E+000,  2.2424E+000
  5.34000E+000,  2.3210E+000,  2.3153E+000
  5.35000E+000,  2.4935E+000,  2.5339E+000
  5.36000E+000,  2.3210E+000,  2.3244E+000
  5.37000E+000,  2.3301E+000,  2.3517E+000
  5.38000E+000,  2.5116E+000,  2.5157E+000
  5.39000E+000,  2.6659E+000,  2.6706E+000
  5.40000E+000,  2.7748E+000,  2.8073E+000
  5.41000E+000,  2.8474E+000,  2.8893E+000
  5.42000E+000,  2.8747E+000,  2.9440E+000
  5.43000E+000,  3.0290E+000,  3.0989E+000
  5.44000E+000,  3.0290E+000,  3.1171E+000
  5.45000E+000,  2.9926E+000,  3.0715E+000
  5.46000E+000,  2.9836E+000,  3.0624E+000
  5.47000E+000,  2.9836E+000,  3.0715E+000
  5.48000E+000,  2.9926E+000,  3.0807E+000
  5.49000E+000,  2.9926E+000,  3.0715E+000
  5.50000E+000,  2.9926E+000,  3.0807E+000
  5.51000E+000,  2.9926E+000,  3.0715E+000
  5.52000E+000,  2.9654E+000,  3.0624E+000
  5.53000E+000,  2.9563E+000,  3.0442E+000
  5.54000E+000,  2.9291E+000,  3.0260E+000
  5.55000E+000,  2.9019E+000,  2.9986E+000
  5.56000E+000,  2.8656E+000,  2.9622E+000
  5.57000E+000,  2.8293E+000,  2.9166E+000
  5.58000E+000,  2.7930E+000,  2.8802E+000
  5.59000E+000,  2.7658E+000,  2.8529E+000
  5.60000E+000,  2.7295E+000,  2.8164E+000
  5.61000E+000,  2.6932E+000,  2.7800E+000
  5.62000E+000,  2.6568E+000,  2.7526E+000
  5.63000E+000,  2.6296E+000,  2.7071E+000
  5.64000E+000,  2.6115E+000,  2.6980E+000
  5.65000E+000,  2.5752E+000,  2.6615E+000
  5.66000E+000,  2.5389E+000,  2.6342E+000
  5.67000E+000,  2.5207E+000,  2.6068E+000
  5.68000E+000,  2.4935E+000,  2.5795E+000
  5.69000E+000,  2.4753E+000,  2.5613E+000
  5.70000E+000,  2.4390E+000,  2.5339E+000
  5.71000E+000,  2.4209E+000,  2.5066E+000
  5.72000E+000,  2.4027E+000,  2.4884E+000
  5.73000E+000,  2.3846E+000,  2.4702E+000
  5.74000E+000,  2.3574E+000,  2.4428E+000
  5.75000E+000,  2.3392E+000,  2.4246E+000
  5.76000E+000,  2.3392E+000,  2.4155E+000
  5.77000E+000,  2.3120E+000,  2.3973E+000
  5.78000E+000,  2.2938E+000,  2.3790E+000
  5.79000E+000,  2.2847E+000,  2.3517E+000
  5.80000E+000,  2.2575E+000,  2.3335E+000
  5.81000E+000,  2.2484E+000,  2.3244E+000
  5.82000E+000,  2.2394E+000,  2.3061E+000
  5.83000E+000,  2.2121E+000,  2.2879E+000
  5.84000E+000,  2.2121E+000,  2.2788E+000
  5.85000E+000,  2.2031E+000,  2.2697E+000
  5.86000E+000,  2.1758E+000,  2.2424E+000
  5.87000E+000,  2.1668E+000,  2.2333E+000
  5.88000E+000,  2.1577E+000,  2.2333E+000
  5.89000E+000,  2.1577E+000,  2.2241E+000
  5.90000E+000,  2.1395E+000,  2.2150E+000
  5.91000E+000,  2.1214E+000,  2.1968E+000
  5.92000E+000,  2.1123E+000,  2.1786E+000
  5.93000E+000,  2.1123E+000,  2.1695E+000
  5.94000E+000,  2.1032E+000,  2.1604E+000
  5.95000E+000,  2.0851E+000,  2.1421E+000
  5.96000E+000,  2.0760E+000,  2.1330E+000
  5.97000E+000,  2.0579E+000,  2.1239E+000
  5.98000E+000,  2.0669E+000,  2.1148E+000
  5.99000E+000,  2.0488E+000,  2.1148E+000
  6.00000E+000,  2.0488E+000,  2.1057E+000
  6.01000E+000,  2.0397E+000,  2.0966E+000
  6.02000E+000,  2.0306E+000,  2.0875E+000
  6.03000E+000,  2.0216E+000,  2.0784E+000
  6.04000E+000,  2.0125E+000,  2.0692E+000
  6.05000E+000,  2.0125E+000,  2.0692E+000
  6.06000E+000,  2.0034E+000,  2.0510E+000
  6.07000E+000,  1.9852E+000,  2.0419E+000
  6.08000E+000,  1.9852E+000,  2.0419E+000
  6.09000E+000,  1.9762E+000,  2.0237E+000
  6.10000E+000,  1.9762E+000,  2.0328E+000
  6.11000E+000,  1.9671E+000,  2.0146E+000
  6.12000E+000,  1.9580E+000,  2.0055E+000
  6.13000E+000,  1.9489E+000,  2.0055E+000
  6.14000E+000,  1.9580E+000,  1.9872E+000
  6.15000E+000,  1.9489E+000,  1.9963E+000
  6.16000E+000,  1.9217E+000,  1.9781E+000
  6.17000E+000,  1.9217E+000,  1.9690E+000
  6.18000E+000,  1.9126E+000,  1.9599E+000
  6.19000E+000,  1.9126E+000,  1.9599E+000
  6.20000E+000,  1.9126E+000,  1.9599E+000
  6.21000E+000,  1.8945E+000,  1.9417E+000
  6.22000E+000,  1.8945E+000,  1.9417E+000
  6.23000E+000,  1.8854E+000,  1.9326E+000
  6.24000E+000,  1.8763E+000,  1.9326E+000
  6.25000E+000,  1.8763E+000,  1.9235E+000
  6.26000E+000,  1.8763E+000,  1.9143E+000
  6.27000E+000,  1.8582E+000,  1.9052E+000
  6.28000E+000,  1.8673E+000,  1.9052E+000
  6.29000E+000,  1.8491E+000,  1.9052E+000
  6.30000E+000,  1.8491E+000,  1.9052E+000
  6.31000E+000,  1.8491E+000,  1.8961E+000
  6.32000E+000,  1.8400E+000,  1.8870E+000
  6.33000E+000,  1.8310E+000,  1.8779E+000
  6.34000E+000,  1.8310E+000,  1.8779E+000
  6.35000E+000,  1.8219E+000,  1.8688E+000
  6.36000E+000,  1.8219E+000,  1.8688E+000
  6.37000E+000,  1.8128E+000,  1.8597E+000
  6.38000E+000,  1.8037E+000,  1.8597E+000
  6.39000E+000,  1.7947E+000,  1.8414E+000
  6.40000E+000,  1.7856E+000,  1.8414E+000
  6.41000E+000,  1.7947E+000,  1.8323E+000
  6.42000E+000,  1.7856E+000,  1.8323E+000
  6.43000E+000,  1.7856E+000,  1.8323E+000
  6.44000E+000,  1.7674E+000,  1.8232E+000
  6.45000E+000,  1.7674E+000,  1.8141E+000
  6.46000E+000,  1.7584E+000,  1.8141E+000
  6.47000E+000,  1.7584E+000,  1.8050E+000
  6.48000E+000,  1.7674E+000,  1.8141E+000
  6.49000E+000,  1.7493E+000,  1.7959E+000
  6.50000E+000,  1.7493E+000,  1.7959E+000
  6.51000E+000,  1.7402E+000,  1.7959E+000
  6.52000E+000,  1.7493E+000,  1.7868E+000
  6.53000E+000,  1.7402E+000,  1.7868E+000
  6.54000E+000,  1.7311E+000,  1.7777E+000
  6.55000E+000,  1.7311E+000,  1.7777E+000
  6.56000E+000,  1.7221E+000,  1.7686E+000
  6.57000E+000,  1.7221E+000,  1.7686E+000
  6.58000E+000,  1.7130E+000,  1.7686E+000
  6.59000E+000,  1.7130E+000,  1.7594E+000
  6.60000E+000,  1.7039E+000,  1.7594E+000
  6.61000E+000,  1.7039E+000,  1.7503E+000
  6.62000E+000,  1.6948E+000,  1.7412E+000
  6.63000E+000,  1.6858E+000,  1.7412E+000
  6.64000E+000,  1.6858E+000,  1.7321E+000
  6.65000E+000,  1.6767E+000,  1.7230E+000
  6.66000E+000,  1.6767E+000,  1.7139E+000
  6.67000E+000,  1.6676E+000,  1.7139E+000
  6.68000E+000,  1.6676E+000,  1.7139E+000
  6.69000E+000,  1.6676E+000,  1.7139E+000
  6.70000E+000,  1.6676E+000,  1.7139E+000
  6.71000E+000,  1.6585E+000,  1.7048E+000
  6.72000E+000,  1.6585E+000,  1.7048E+000
  6.73000E+000,  1.6404E+000,  1.6957E+000
  6.74000E+000,  1.6585E+000,  1.6957E+000
  6.75000E+000,  1.6494E+000,  1.6865E+000
  6.76000E+000,  1.6404E+000,  1.6865E+000
  6.77000E+000,  1.6313E+000,  1.6774E+000
  6.78000E+000,  1.6313E+000,  1.6865E+000
  6.79000E+000,  1.6313E+000,  1.6865E+000
  6.80000E+000,  1.6313E+000,  1.6865E+000
  6.81000E+000,  1.6222E+000,  1.6774E+000
  6.82000E+000,  1.6222E+000,  1.6683E+000
  6.83000E+000,  1.6222E+000,  1.6683E+000
  6.84000E+000,  1.6131E+000,  1.6592E+000
  6.85000E+000,  1.6041E+000,  1.6592E+000
  6.86000E+000,  1.6041E+000,  1.6592E+000
  6.87000E+000,  1.6041E+000,  1.6410E+000
  6.88000E+000,  1.5950E+000,  1.6410E+000
  6.89000E+000,  1.5950E+000,  1.6410E+000
  6.90000E+000,  1.5950E+000,  1.6410E+000
  6.91000E+000,  1.5859E+000,  1.6410E+000
  6.92000E+000,  1.5859E+000,  1.6319E+000
  6.93000E+000,  1.5768E+000,  1.6319E+000
  6.94000E+000,  1.5768E+000,  1.6228E+000
  6.95000E+000,  1.5678E+000,  1.6228E+000
  6.96000E+000,  1.5678E+000,  1.6228E+000
  6.97000E+000,  1.5678E+000,  1.6228E+000
  6.98000E+000,  1.5678E+000,  1.6137E+000
  6.99000E+000,  1.5587E+000,  1.6137E+000
  7.00000E+000,  1.5496E+000,  1.6045E+000
  7.01000E+000,  1.5587E+000,  1.6045E+000
  7.02000E+000,  1.5587E+000,  1.6045E+000
  7.03000E+000,  1.5587E+000,  1.6045E+000
  7.04000E+000,  1.5587E+000,  1.6045E+000
  7.05000E+000,  1.5496E+000,  1.5954E+000
  7.06000E+000,  1.5496E+000,  1.5954E+000
  7.07000E+000,  1.5496E+000,  1.5954E+000
  7.08000E+000,  1.5405E+000,  1.5954E+000
  7.09000E+000,  1.5405E+000,  1.5772E+000
  7.10000E+000,  1.5405E+000,  1.5863E+000
  7.11000E+000,  1.5315E+000,  1.5772E+000
  7.12000E+000,  1.5224E+000,  1.5772E+000
  7.13000E+000,  1.5315E+000,  1.5772E+000
  7.14000E+000,  1.5224E+000,  1.5772E+000
  7.15000E+000,  1.5224E+000,  1.5681E+000
  7.16000E+000,  1.5224E+000,  1.5681E+000
  7.17000E+000,  1.5224E+000,  1.5590E+000
  7.18000E+000,  1.5133E+000,  1.5681E+000
  7.19000E+000,  1.5133E+000,  1.5590E+000
  7.20000E+000,  1.4952E+000,  1.5590E+000
  7.21000E+000,  1.5042E+000,  1.5499E+000
  7.22000E+000,  1.4952E+000,  1.5499E+000
  7.23000E+000,  1.5133E+000,  1.5499E+000
  7.24000E+000,  1.5315E+000,  1.5681E+000
  7.25000E+000,  1.5496E+000,  1.5863E+000
  7.26000E+000,  1.5768E+000,  1.6045E+000
  7.27000E+000,  1.5950E+000,  1.6228E+000
  7.28000E+000,  1.6313E+000,  1.6410E+000
  7.29000E+000,  1.6585E+000,  1.6683E+000
  7.30000E+000,  1.6585E+000,  1.7048E+000
  7.31000E+000,  1.6494E+000,  1.6592E+000
  7.32000E+000,  1.6948E+000,  1.6957E+000
  7.33000E+000,  1.7584E+000,  1.7594E+000
  7.34000E+000,  1.8310E+000,  1.8323E+000
  7.35000E+000,  1.9126E+000,  1.9235E+000
  7.36000E+000,  1.9762E+000,  2.0055E+000
  7.37000E+000,  2.0579E+000,  2.0875E+000
  7.38000E+000,  2.1214E+000,  2.1786E+000
  7.39000E+000,  2.1668E+000,  2.2424E+000
  7.40000E+000,  2.2121E+000,  2.3061E+000
  7.41000E+000,  2.2666E+000,  2.3790E+000
  7.42000E+000,  2.3120E+000,  2.4155E+000
  7.43000E+000,  2.3574E+000,  2.4793E+000
  7.44000E+000,  2.4027E+000,  2.5339E+000
  7.45000E+000,  2.4390E+000,  2.5886E+000
  7.46000E+000,  2.4663E+000,  2.6068E+000
  7.47000E+000,  2.4844E+000,  2.6524E+000
  7.48000E+000,  2.4753E+000,  2.6706E+000
  7.49000E+000,  2.4209E+000,  2.6706E+000
  7.50000E+000,  2.1395E+000,  2.6160E+000
  7.51000E+000,  1.9852E+000,  2.4519E+000
  7.52000E+000,  1.9308E+000,  2.2059E+000
  7.53000E+000,  1.5768E+000,  1.7868E+000
  7.54000E+000,  1.1957E+000,  1.3585E+000
  7.55000E+000,  8.5079E-001,  9.6671E-001
  7.56000E+000,  5.6944E-001,  6.5691E-001
  7.57000E+000,  3.7886E-001,  4.3823E-001
  7.58000E+000,  2.5180E-001,  2.9244E-001
  7.59000E+000,  1.6104E-001,  1.8309E-001
  7.60000E+000,  8.8434E-002,  1.1931E-001
  7.61000E+000,  6.1207E-002,  7.3751E-002
  7.62000E+000,  4.3055E-002,  5.5528E-002
  7.63000E+000,  3.3980E-002,  3.7305E-002
  7.64000E+000,  2.4904E-002,  2.8193E-002
  7.65000E+000,  2.4904E-002,  1.9081E-002
  7.66000E+000,  1.5829E-002,  9.9692E-003
  7.67000E+000,  6.7533E-003,  9.9692E-003
  7.68000E+000,  6.7533E-003,  8.5683E-004
  7.69000E+000, -2.3229E-003,  8.5683E-004
  7.70000E+000,  6.7533E-003,  8.5683E-004
  7.71000E+000,  6.7533E-003,  9.9692E-003
  7.72000E+000,  6.7533E-003,  9.9692E-003
  7.73000E+000,  6.7533E-003,  9.9692E-003
  7.74000E+000, -2.3229E-003,  9.9692E-003
  7.75000E+000,  6.7533E-003,  9.9692E-003
  7.76000E+000,  6.7533E-003,  9.9692E-003
  7.77000E+000,  6.7533E-003,  9.9692E-003
  7.78000E+000,  6.7533E-003,  8.5683E-004
  7.79000E+000, -2.3229E-003,  8.5683E-004
  7.80000E+000, -2.3229E-003,  8.5683E-004
  7.81000E+000,  6.7533E-003,  8.5683E-004
  7.82000E+000,  6.7533E-003,  8.5683E-004
  7.83000E+000,  6.7533E-003,  9.9692E-003
  7.84000E+000, -2.3229E-003,  9.9692E-003
  7.85000E+000,  1.5829E-002,  8.5683E-004
  7.86000E+000,  1.5829E-002,  8.5683E-004
  7.87000E+000,  6.7533E-003,  9.9692E-003
  7.88000E+000,  6.7533E-003,  9.9692E-003
  7.89000E+000,  6.7533E-003,  8.5683E-004
  7.90000E+000,  6.7533E-003,  8.5683E-004
  7.91000E+000,  6.7533E-003,  9.9692E-003
  7.92000E+000,  6.7533E-003,  8.5683E-004
  7.93000E+000, -2.3229E-003,  8.5683E-004
  7.94000E+000,  6.7533E-003,  8.5683E-004
  7.95000E+000, -2.3229E-003,  9.9692E-003
  7.96000E+000, -2.3229E-003,  8.5683E-004
  7.97000E+000,  6.7533E-003,  9.9692E-003
  7.98000E+000,  6.7533E-003,  9.9692E-003
  7.99000E+000, -2.3229E-003,  8.5683E-004
  8.00000E+000,  6.7533E-003,  9.9692E-003
  8.01000E+000,  6.7533E-003,  8.5683E-004
  8.02000E+000, -2.3229E-003,  8.5683E-004
  8.03000E+000,  6.7533E-003,  8.5683E-004
  8.04000E+000, -2.3229E-003,  8.5683E-004
  8.05000E+000,  6.7533E-003,  8.5683E-004
  8.06000E+000,  6.7533E-003,  8.5683E-004
  8.07000E+000,  6.7533E-003,  8.5683E-004
  8.08000E+000, -2.3229E-003,  9.9692E-003
  8.09000E+000, -2.3229E-003,  8.5683E-004
  8.10000E+000,  1.5829E-002,  8.5683E-004
  8.11000E+000,  1.5829E-002,  9.9692E-003
  8.12000E+000,  1.5829E-002,  9.9692E-003
  8.13000E+000,  6.7533E-003,  8.5683E-004
  8.14000E+000,  6.7533E-003,  9.9692E-003
  8.15000E+000,  6.7533E-003,  8.5683E-004
  8.16000E+000,  6.7533E-003,  9.9692E-003
  8.17000E+000,  6.7533E-003,  8.5683E-004
  8.18000E+000, -2.3229E-003,  8.5683E-004
  8.19000E+000, -2.3229E-003,  8.5683E-004
  8.20000E+000,  6.7533E-003,  9.9692E-003
  8.21000E+000,  6.7533E-003,  9.9692E-003
  8.22000E+000,  6.7533E-003,  9.9692E-003
  8.23000E+000, -2.3229E-003,  8.5683E-004
  8.24000E+000, -1.1398E-002,  8.5683E-004
  8.25000E+000, -2.3229E-003,  8.5683E-004
  8.26000E+000,  1.5829E-002,  8.5683E-004
  8.27000E+000, -2.3229E-003,  8.5683E-004
  8.28000E+000, -2.3229E-003,  8.5683E-004
  8.29000E+000, -2.3229E-003,  9.9692E-003
  8.30000E+000,  6.7533E-003,  9.9692E-003
  8.31000E+000,  6.7533E-003,  9.9692E-003
  8.32000E+000,  6.7533E-003,  8.5683E-004
  8.33000E+000, -2.3229E-003,  8.5683E-004
  8.34000E+000, -2.3229E-003,  8.5683E-004
  8.35000E+000, -2.3229E-003,  8.5683E-004
  8.36000E+000,  6.7533E-003,  9.9692E-003
  8.37000E+000,  6.7533E-003,  8.5683E-004
  8.38000E+000,  6.7533E-003,  9.9692E-003
  8.39000E+000, -2.3229E-003,  8.5683E-004
  8.40000E+000,  6.7533E-003,  9.9692E-003
  8.41000E+000,  6.7533E-003,  8.5683E-004
  8.42000E+000, -2.3229E-003,  8.5683E-004
  8.43000E+000,  6.7533E-003,  8.5683E-004
  8.44000E+000,  6.7533E-003,  9.9692E-003
  8.45000E+000, -2.3229E-003,  8.5683E-004
  8.46000E+000,  6.7533E-003,  9.9692E-003
  8.47000E+000,  6.7533E-003,  9.9692E-003
  8.48000E+000,  6.7533E-003,  8.5683E-004
  8.49000E+000, -2.3229E-003,  9.9692E-003
  8.50000E+000, -1.1398E-002,  8.5683E-004
  8.51000E+000, -2.3229E-003,  8.5683E-004
  8.52000E+000,  6.7533E-003,  8.5683E-004
  8.53000E+000,  6.7533E-003,  8.5683E-004
  8.54000E+000, -2.3229E-003,  8.5683E-004
  8.55000E+000, -2.3229E-003,  9.9692E-003
  8.56000E+000, -2.3229E-003,  8.5683E-004
  8.57000E+000,  6.7533E-003,  8.5683E-004
  8.58000E+000,  6.7533E-003,  9.9692E-003
  8.59000E+000, -2.3229E-003,  8.5683E-004
  8.60000E+000,  6.7533E-003,  8.5683E-004
  8.61000E+000, -2.3229E-003,  8.5683E-004
  8.62000E+000, -2.3229E-003,  8.5683E-004
  8.63000E+000,  6.7533E-003,  9.9692E-003
  8.64000E+000, -2.3229E-003,  8.5683E-004
  8.65000E+000, -2.3229E-003,  8.5683E-004
  8.66000E+000,  1.5829E-002,  9.9692E-003
  8.67000E+000,  6.7533E-003,  9.9692E-003
  8.68000E+000, -2.3229E-003,  8.5683E-004
  8.69000E+000,  6.7533E-003,  8.5683E-004
  8.70000E+000, -2.3229E-003,  8.5683E-004
  8.71000E+000,  6.7533E-003,  9.9692E-003
  8.72000E+000, -2.3229E-003,  9.9692E-003
  8.73000E+000, -2.3229E-003,  8.5683E-004
  8.74000E+000, -2.3229E-003,  8.5683E-004
  8.75000E+000, -2.3229E-003,  8.5683E-004
  8.76000E+000,  6.7533E-003,  8.5683E-004
  8.77000E+000,  6.7533E-003,  8.5683E-004
  8.78000E+000,  6.7533E-003,  9.9692E-003
  8.79000E+000, -2.3229E-003,  8.5683E-004
  8.80000E+000,  6.7533E-003,  9.9692E-003
  8.81000E+000,  6.7533E-003,  8.5683E-004
  8.82000E+000,  6.7533E-003,  8.5683E-004
  8.83000E+000, -2.3229E-003,  8.5683E-004
  8.84000E+000, -2.3229E-003,  8.5683E-004
  8.85000E+000, -2.3229E-003,  8.5683E-004
  8.86000E+000,  6.7533E-003,  8.5683E-004
  8.87000E+000,  6.7533E-003,  9.9692E-003
  8.88000E+000,  6.7533E-003,  8.5683E-004
  8.89000E+000, -2.3229E-003,  9.9692E-003
  8.90000E+000,  6.7533E-003,  8.5683E-004
  8.91000E+000,  6.7533E-003,  9.9692E-003
  8.92000E+000,  6.7533E-003,  9.9692E-003
  8.93000E+000,  1.5829E-002,  8.5683E-004
  8.94000E+000,  6.7533E-003,  8.5683E-004
  8.95000E+000,  6.7533E-003,  8.5683E-004
  8.96000E+000,  6.7533E-003,  8.5683E-004
  8.97000E+000,  6.7533E-003,  8.5683E-004
  8.98000E+000,  6.7533E-003,  9.9692E-003
  8.99000E+000, -2.3229E-003,  8.5683E-004
  9.00000E+000,  6.7533E-003,  8.5683E-004
  9.01000E+000,  6.7533E-003,  9.9692E-003
  9.02000E+000,  1.5829E-002,  9.9692E-003
  9.03000E+000,  6.7533E-003,  9.9692E-003
  9.04000E+000,  6.7533E-003,  9.9692E-003
  9.05000E+000, -2.3229E-003,  8.5683E-004
  9.06000E+000,  6.7533E-003,  9.9692E-003
  9.07000E+000,  6.7533E-003,  8.5683E-004
  9.08000E+000, -2.3229E-003,  9.9692E-003
  9.09000E+000, -2.3229E-003,  8.5683E-004
  9.10000E+000, -2.3229E-003,  8.5683E-004
  9.11000E+000, -2.3229E-003,  8.5683E-004
  9.12000E+000,  6.7533E-003,  8.5683E-004
  9.13000E+000,  6.7533E-003,  8.5683E-004
  9.14000E+000,  6.7533E-003,  9.9692E-003
  9.15000E+000,  1.5829E-002,  8.5683E-004
  9.16000E+000,  6.7533E-003,  8.5683E-004
  9.17000E+000,  6.7533E-003,  8.5683E-004
  9.18000E+000, -2.3229E-003,  8.5683E-004
  9.19000E+000, -2.3229E-003,  8.5683E-004
  9.20000E+000,  6.7533E-003,  9.9692E-003
  9.21000E+000, -2.3229E-003,  8.5683E-004
  9.22000E+000,  6.7533E-003,  8.5683E-004
  9.23000E+000,  6.7533E-003,  8.5683E-004
  9.24000E+000, -2.3229E-003,  9.9692E-003
  9.25000E+000,  6.7533E-003,  9.9692E-003
  9.26000E+000,  1.5829E-002,  9.9692E-003
  9.27000E+000, -2.3229E-003,  8.5683E-004
  9.28000E+000, -2.3229E-003,  9.9692E-003
  9.29000E+000, -2.3229E-003,  9.9692E-003
  9.30000E+000, -2.3229E-003,  9.9692E-003
  9.31000E+000,  1.5829E-002,  9.9692E-003
  9.32000E+000, -2.3229E-003,  9.9692E-003
  9.33000E+000, -2.3229E-003,  8.5683E-004
  9.34000E+000, -1.1398E-002,  8.5683E-004
  9.35000E+000, -2.3229E-003,  8.5683E-004
  9.36000E+000,  6.7533E-003,  8.5683E-004
  9.37000E+000,  6.7533E-003,  8.5683E-004
  9.38000E+000,  6.7533E-003,  9.9692E-003
  9.39000E+000, -2.3229E-003,  9.9692E-003
  9.40000E+000,  6.7533E-003,  8.5683E-004
  9.41000E+000,  6.7533E-003,  9.9692E-003
  9.42000E+000, -2.3229E-003,  8.5683E-004
  9.43000E+000, -2.3229E-003,  8.5683E-004
  9.44000E+000, -2.3229E-003,  9.9692E-003
  9.45000E+000, -2.3229E-003,  8.5683E-004
  9.46000E+000,  6.7533E-003,  8.5683E-004
  9.47000E+000, -2.3229E-003,  8.5683E-004
  9.48000E+000,  6.7533E-003,  8.5683E-004
  9.49000E+000,  6.7533E-003,  8.5683E-004
  9.50000E+000, -2.3229E-003,  8.5683E-004
  9.51000E+000,  6.7533E-003,  8.5683E-004
  9.52000E+000,  6.7533E-003,  8.5683E-004
  9.53000E+000,  6.7533E-003,  9.9692E-003
  9.54000E+000,  1.5829E-002,  9.9692E-003
  9.55000E+000, -2.3229E-003,  9.9692E-003
  9.56000E+000, -2.3229E-003,  9.9692E-003
  9.57000E+000, -2.3229E-003,  8.5683E-004
  9.58000E+000, -2.3229E-003,  9.9692E-003
  9.59000E+000,  6.7533E-003,  9.9692E-003
  9.60000E+000,  6.7533E-003,  8.5683E-004
  9.61000E+000, -2.3229E-003,  9.9692E-003
  9.62000E+000,  6.7533E-003,  9.9692E-003
  9.63000E+000, -2.3229E-003,  8.5683E-004
  9.64000E+000,  6.7533E-003,  9.9692E-003
  9.65000E+000,  6.7533E-003,  8.5683E-004
  9.66000E+000,  6.7533E-003,  8.5683E-004
  9.67000E+000, -2.3229E-003,  8.5683E-004
  9.68000E+000, -1.1398E-002,  8.5683E-004
  9.69000E+000, -1.1398E-002, -8.2547E-003
  9.70000E+000,  6.7533E-003,  8.5683E-004
  9.71000E+000,  6.7533E-003,  9.9692E-003
  9.72000E+000, -2.3229E-003,  9.9692E-003
  9.73000E+000, -2.3229E-003,  8.5683E-004
  9.74000E+000, -2.3229E-003,  8.5683E-004
  9.75000E+000,  6.7533E-003,  8.5683E-004
  9.76000E+000,  6.7533E-003,  9.9692E-003
  9.77000E+000, -2.3229E-003,  8.5683E-004
  9.78000E+000, -2.3229E-003,  8.5683E-004
  9.79000E+000, -1.1398E-002,  8.5683E-004
  9.80000E+000, -2.3229E-003,  9.9692E-003
  9.81000E+000,  6.7533E-003,  9.9692E-003
  9.82000E+000,  1.5829E-002,  9.9692E-003
  9.83000E+000, -2.3229E-003,  8.5683E-004
  9.84000E+000, -2.3229E-003,  9.9692E-003
  9.85000E+000,  6.7533E-003,  8.5683E-004
  9.86000E+000,  6.7533E-003,  8.5683E-004
  9.87000E+000,  6.7533E-003,  9.9692E-003
  9.88000E+000, -2.3229E-003,  8.5683E-004
  9.89000E+000,  6.7533E-003,  8.5683E-004
  9.90000E+000,  6.7533E-003,  8.5683E-004
  9.91000E+000,  1.5829E-002,  9.9692E-003
  9.92000E+000,  6.7533E-003,  8.5683E-004
  9.93000E+000,  6.7533E-003,  8.5683E-004
  9.94000E+000, -2.3229E-003,  8.5683E-004
  9.95000E+000, -2.3229E-003,  8.5683E-004
  9.96000E+000,  6.7533E-003,  9.9692E-003
  9.97000E+000, -2.3229E-003,  8.5683E-004
  9.98000E+000, -2.3229E-003,  9.9692E-003
  9.99000E+000, -1.1398E-002,  8.5683E-004
  1.00000E+001,  6.7533E-003,  9.9692E-003
  1.00100E+001, -2.3229E-003,  8.5683E-004
  1.00200E+001, -2.3229E-003,  8.5683E-004
  1.00300E+001, -2.3229E-003,  8.5683E-004
  1.00400E+001, -2.3229E-003,  8.5683E-004
  1.00500E+001,  6.7533E-003,  8.5683E-004
  1.00600E+001,  1.5829E-002,  9.9692E-003
  1.00700E+001,  6.7533E-003,  9.9692E-003
  1.00800E+001,  1.5829E-002,  1.9081E-002
  1.00900E+001,  6.7533E-003,  9.9692E-003
  1.01000E+001,  1.5829E-002,  9.9692E-003
  1.01100E+001,  1.5829E-002,  8.5683E-004
  1.01200E+001,  6.7533E-003,  8.5683E-004
  1.01300E+001, -2.3229E-003,  8.5683E-004
  1.01400E+001,  6.7533E-003,  8.5683E-004
  1.01500E+001,  6.7533E-003,  8.5683E-004
  1.01600E+001,  6.7533E-003,  9.9692E-003
  1.01700E+001,  6.7533E-003,  9.9692E-003
  1.01800E+001,  6.7533E-003,  9.9692E-003
  1.01900E+001,  6.7533E-003,  9.9692E-003
  1.02000E+001,  6.7533E-003,  9.9692E-003
  1.02100E+001, -2.3229E-003,  8.5683E-004
  1.02200E+001,  6.7533E-003,  8.5683E-004
  1.02300E+001,  6.7533E-003,  8.5683E-004
  1.02400E+001, -2.3229E-003,  8.5683E-004
  1.02500E+001, -2.3229E-003,  8.5683E-004
  1.02600E+001,  6.7533E-003,  8.5683E-004
  1.02700E+001,  6.7533E-003,  8.5683E-004
  1.02800E+001, -2.3229E-003,  9.9692E-003
  1.02900E+001, -2.3229E-003,  8.5683E-004
  1.03000E+001, -2.3229E-003,  9.9692E-003
  1.03100E+001,  1.5829E-002,  9.9692E-003
  1.03200E+001,  1.5829E-002,  9.9692E-003
  1.03300E+001,  6.7533E-003,  9.9692E-003
  1.03400E+001, -2.3229E-003,  9.9692E-003
  1.03500E+001,  6.7533E-003,  8.5683E-004
  1.03600E+001,  6.7533E-003,  1.9081E-002
  1.03700E+001,  1.5829E-002,  9.9692E-003
  1.03800E+001,  6.7533E-003,  9.9692E-003
  1.03900E+001, -2.3229E-003,  8.5683E-004
  1.04000E+001,  6.7533E-003,  9.9692E-003
  1.04100E+001,  6.7533E-003,  9.9692E-003
  1.04200E+001,  6.7533E-003,  8.5683E-004
  1.04300E+001,  6.7533E-003,  9.9692E-003
  1.04400E+001,  6.7533E-003,  9.9692E-003
  1.04500E+001,  6.7533E-003,  9.9692E-003
  1.04600E+001,  6.7533E-003,  9.9692E-003
  1.04700E+001,  6.7533E-003,  9.9692E-003
  1.04800E+001, -2.3229E-003,  8.5683E-004
  1.04900E+001, -1.1398E-002,  8.5683E-004
  1.05000E+001, -2.3229E-003,  8.5683E-004
  1.05100E+001, -2.3229E-003,  8.5683E-004
  1.05200E+001, -2.3229E-003,  8.5683E-004
  1.05300E+001,  6.7533E-003,  9.9692E-003
  1.05400E+001, -2.3229E-003,  9.9692E-003
  1.05500E+001,  6.7533E-003,  9.9692E-003
  1.05600E+001,  6.7533E-003,  9.9692E-003
  1.05700E+001,  6.7533E-003,  8.5683E-004
  1.05800E+001,  6.7533E-003,  9.9692E-003
  1.05900E+001,  6.7533E-003,  9.9692E-003
  1.06000E+001,  6.7533E-003,  9.9692E-003
  1.06100E+001,  6.7533E-003,  9.9692E-003
  1.06200E+001,  6.7533E-003,  9.9692E-003
  1.06300E+001,  6.7533E-003,  9.9692E-003
  1.06400E+001,  1.5829E-002,  9.9692E-003
  1.06500E+001,  1.5829E-002,  9.9692E-003
  1.06600E+001,  6.7533E-003,  9.9692E-003
  1.06700E+001,  6.7533E-003,  8.5683E-004
  1.06800E+001, -2.3229E-003,  9.9692E-003
  1.06900E+001,  6.7533E-003,  9.9692E-003
  1.07000E+001,  6.7533E-003,  9.9692E-003
  1.07100E+001,  6.7533E-003,  9.9692E-003
  1.07200E+001,  6.7533E-003,  8.5683E-004
  1.07300E+001,  6.7533E-003,  8.5683E-004
  1.07400E+001,  6.7533E-003,  9.9692E-003
  1.07500E+001, -2.3229E-003,  9.9692E-003
  1.07600E+001,  6.7533E-003,  9.9692E-003
  1.07700E+001,  6.7533E-003,  9.9692E-003
  1.07800E+001,  6.7533E-003,  9.9692E-003
  1.07900E+001, -2.3229E-003,  9.9692E-003
  1.08000E+001,  6.7533E-003,  8.5683E-004
  1.08100E+001,  6.7533E-003,  9.9692E-003
  1.08200E+001, -2.3229E-003,  8.5683E-004
  1.08300E+001,  6.7533E-003,  9.9692E-003
  1.08400E+001, -2.3229E-003,  8.5683E-004
  1.08500E+001,  6.7533E-003,  8.5683E-004
  1.08600E+001,  6.7533E-003,  9.9692E-003
  1.08700E+001,  6.7533E-003,  9.9692E-003
  1.08800E+001,  6.7533E-003,  9.9692E-003
  1.08900E+001,  6.7533E-003,  9.9692E-003
  1.09000E+001,  6.7533E-003,  9.9692E-003
  1.09100E+001,  1.5829E-002,  1.9081E-002
  1.09200E+001,  6.7533E-003,  9.9692E-003
  1.09300E+001, -2.3229E-003,  9.9692E-003
  1.09400E+001,  6.7533E-003,  9.9692E-003
  1.09500E+001, -2.3229E-003,  9.9692E-003
  1.09600E+001,  6.7533E-003,  9.9692E-003
  1.09700E+001,  6.7533E-003,  9.9692E-003
  1.09800E+001, -2.3229E-003,  9.9692E-003
  1.09900E+001,  6.7533E-003,  9.9692E-003
  1.10000E+001,  6.7533E-003,  8.5683E-004
  1.10100E+001,  6.7533E-003,  9.9692E-003
  1.10200E+001,  6.7533E-003,  9.9692E-003
  1.10300E+001, -2.3229E-003,  9.9692E-003
  1.10400E+001, -2.3229E-003,  9.9692E-003
  1.10500E+001, -1.1398E-002,  9.9692E-003
  1.10600E+001, -2.3229E-003,  9.9692E-003
  1.10700E+001, -2.3229E-003,  9.9692E-003
  1.10800E+001, -2.3229E-003,  9.9692E-003
  1.10900E+001, -2.3229E-003,  8.5683E-004
  1.11000E+001, -2.3229E-003,  9.9692E-003
  1.11100E+001, -2.3229E-003,  9.9692E-003
  1.11200E+001,  6.7533E-003,  9.9692E-003
  1.11300E+001,  6.7533E-003,  9.9692E-003
  1.11400E+001,  6.7533E-003,  9.9692E-003
  1.11500E+001,  6.7533E-003,  9.9692E-003
  1.11600E+001,  6.7533E-003,  9.9692E-003
  1.11700E+001,  6.7533E-003,  8.5683E-004
  1.11800E+001,  6.7533E-003,  9.9692E-003
  1.11900E+001,  6.7533E-003,  9.9692E-003
  1.12000E+001, -2.3229E-003,  8.5683E-004
  1.12100E+001, -2.3229E-003,  8.5683E-004
  1.12200E+001, -2.3229E-003,  8.5683E-004
  1.12300E+001,  6.7533E-003,  9.9692E-003
  1.12400E+001,  6.7533E-003,  9.9692E-003
  1.12500E+001,  6.7533E-003,  9.9692E-003
  1.12600E+001,  6.7533E-003,  9.9692E-003
  1.12700E+001, -2.3229E-003,  8.5683E-004
  1.12800E+001,  6.7533E-003,  9.9692E-003
  1.12900E+001,  6.7533E-003,  9.9692E-003
  1.13000E+001,  6.7533E-003,  9.9692E-003
  1.13100E+001,  6.7533E-003,  9.9692E-003
  1.13200E+001, -2.3229E-003,  8.5683E-004
  1.13300E+001,  6.7533E-003,  9.9692E-003
  1.13400E+001,  6.7533E-003,  9.9692E-003
  1.13500E+001, -2.3229E-003,  9.9692E-003
  1.13600E+001,  6.7533E-003,  9.9692E-003
  1.13700E+001, -2.3229E-003,  9.9692E-003
  1.13800E+001, -2.3229E-003,  8.5683E-004
  1.13900E+001,  6.7533E-003,  9.9692E-003
  1.14000E+001,  1.5829E-002,  9.9692E-003
  1.14100E+001,  6.7533E-003,  9.9692E-003
  1.14200E+001,  6.7533E-003,  9.9692E-003
  1.14300E+001, -2.3229E-003,  9.9692E-003
  1.14400E+001,  6.7533E-003,  9.9692E-003
  1.14500E+001,  6.7533E-003,  9.9692E-003
  1.14600E+001,  6.7533E-003,  9.9692E-003
  1.14700E+001,  6.7533E-003,  9.9692E-003
  1.14800E+001,  6.7533E-003,  9.9692E-003
  1.14900E+001,  6.7533E-003,  9.9692E-003
  1.15000E+001,  6.7533E-003,  9.9692E-003
  1.15100E+001,  6.7533E-003,  9.9692E-003
  1.15200E+001,  6.7533E-003,  1.9081E-002
  1.15300E+001, -2.3229E-003,  1.9081E-002
  1.15400E+001, -2.3229E-003,  9.9692E-003
  1.15500E+001,  6.7533E-003,  9.9692E-003
  1.15600E+001, -2.3229E-003,  8.5683E-004
  1.15700E+001, -2.3229E-003,  9.9692E-003
  1.15800E+001,  6.7533E-003,  1.9081E-002
  1.15900E+001,  6.7533E-003,  1.9081E-002
  1.16000E+001,  6.7533E-003,  9.9692E-003
  1.16100E+001, -2.3229E-003,  9.9692E-003
  1.16200E+001,  6.7533E-003,  1.9081E-002
  1.16300E+001,  6.7533E-003,  1.9081E-002
  1.16400E+001, -2.3229E-003,  9.9692E-003
  1.16500E+001, -2.3229E-003,  9.9692E-003
  1.16600E+001,  6.7533E-003,  9.9692E-003
  1.16700E+001, -2.3229E-003,  9.9692E-003
  1.16800E+001, -2.3229E-003,  9.9692E-003
  1.16900E+001, -2.3229E-003,  9.9692E-003
  1.17000E+001,  6.7533E-003,  9.9692E-003
  1.17100E+001,  6.7533E-003,  9.9692E-003
  1.17200E+001, -2.3229E-003,  9.9692E-003
  1.17300E+001, -2.3229E-003,  9.9692E-003
  1.17400E+001,  6.7533E-003,  9.9692E-003
  1.17500E+001,  1.5829E-002,  9.9692E-003
  1.17600E+001,  6.7533E-003,  9.9692E-003
  1.17700E+001, -1.1398E-002,  9.9692E-003
  1.17800E+001, -2.3229E-003,  9.9692E-003
  1.17900E+001, -2.3229E-003,  9.9692E-003
  1.18000E+001,  6.7533E-003,  9.9692E-003
  1.18100E+001,  1.5829E-002,  9.9692E-003
  1.18200E+001,  6.7533E-003,  9.9692E-003
  1.18300E+001, -2.3229E-003,  1.9081E-002
  1.18400E+001, -2.3229E-003,  9.9692E-003
  1.18500E+001,  6.7533E-003,  9.9692E-003
  1.18600E+001,  6.7533E-003,  9.9692E-003
  1.18700E+001, -2.3229E-003,  9.9692E-003
  1.18800E+001, -2.3229E-003,  9.9692E-003
  1.18900E+001,  6.7533E-003,  9.9692E-003
  1.19000E+001,  6.7533E-003,  8.5683E-004
  1.19100E+001,  6.7533E-003,  9.9692E-003
  1.19200E+001,  6.7533E-003,  9.9692E-003
  1.19300E+001,  6.7533E-003,  9.9692E-003
  1.19400E+001,  6.7533E-003,  9.9692E-003
  1.19500E+001,  6.7533E-003,  9.9692E-003
  1.19600E+001,  6.7533E-003,  1.9081E-002
  1.19700E+001, -2.3229E-003,  9.9692E-003
  1.19800E+001,  6.7533E-003,  1.9081E-002
  1.19900E+001,  6.7533E-003,  9.9692E-003
  1.20000E+001,  6.7533E-003,  9.9692E-003
  1.20100E+001,  6.7533E-003,  9.9692E-003
  1.20200E+001,  6.7533E-003,  9.9692E-003
  1.20300E+001,  6.7533E-003,  9.9692E-003
  1.20400E+001,  6.7533E-003,  9.9692E-003
  1.20500E+001,  6.7533E-003,  9.9692E-003
  1.20600E+001,  6.7533E-003,  9.9692E-003
  1.20700E+001,  6.7533E-003,  9.9692E-003
  1.20800E+001,  1.5829E-002,  1.9081E-002
  1.20900E+001,  1.5829E-002,  1.9081E-002
  1.21000E+001,  6.7533E-003,  9.9692E-003
  1.21100E+001, -2.3229E-003,  9.9692E-003
  1.21200E+001, -2.3229E-003,  9.9692E-003
  1.21300E+001,  6.7533E-003,  9.9692E-003
  1.21400E+001,  1.5829E-002,  9.9692E-003
  1.21500E+001,  6.7533E-003,  9.9692E-003
  1.21600E+001,  6.7533E-003,  9.9692E-003
  1.21700E+001,  6.7533E-003,  9.9692E-003
  1.21800E+001,  1.5829E-002,  9.9692E-003
  1.21900E+001,  6.7533E-003,  9.9692E-003
  1.22000E+001,  6.7533E-003,  9.9692E-003
  1.22100E+001,  6.7533E-003,  1.9081E-002
  1.22200E+001,  6.7533E-003,  9.9692E-003
  1.22300E+001,  1.5829E-002,  9.9692E-003
  1.22400E+001,  6.7533E-003,  9.9692E-003
  1.22500E+001, -2.3229E-003,  9.9692E-003
  1.22600E+001, -2.3229E-003,  9.9692E-003
  1.22700E+001,  6.7533E-003,  9.9692E-003
  1.22800E+001,  6.7533E-003,  9.9692E-003
  1.22900E+001,  6.7533E-003,  9.9692E-003
  1.23000E+001,  6.7533E-003,  1.9081E-002
  1.23100E+001,  1.5829E-002,  1.9081E-002
  1.23200E+001,  6.7533E-003,  9.9692E-003
  1.23300E+001, -2.3229E-003,  9.9692E-003
  1.23400E+001,  6.7533E-003,  9.9692E-003
  1.23500E+001,  6.7533E-003,  9.9692E-003
  1.23600E+001,  6.7533E-003,  9.9692E-003
  1.23700E+001,  6.7533E-003,  9.9692E-003
  1.23800E+001,  6.7533E-003,  9.9692E-003
  1.23900E+001,  1.5829E-002,  9.9692E-003
  1.24000E+001,  1.5829E-002,  9.9692E-003
  1.24100E+001,  1.5829E-002,  1.9081E-002
  1.24200E+001,  1.5829E-002,  9.9692E-003
  1.24300E+001,  6.7533E-003,  9.9692E-003
  1.24400E+001,  1.5829E-002,  9.9692E-003
  1.24500E+001,  6.7533E-003,  9.9692E-003
  1.24600E+001,  6.7533E-003,  9.9692E-003
  1.24700E+001,  6.7533E-003,  9.9692E-003
  1.24800E+001,  1.5829E-002,  9.9692E-003
  1.24900E+001,  6.7533E-003,  9.9692E-003
  1.25000E+001,  6.7533E-003,  8.5683E-004
  1.25100E+001,  6.7533E-003,  9.9692E-003
  1.25200E+001, -2.3229E-003,  9.9692E-003
  1.25300E+001, -2.3229E-003,  9.9692E-003
  1.25400E+001,  1.5829E-002,  9.9692E-003
  1.25500E+001,  1.5829E-002,  9.9692E-003
  1.25600E+001,  6.7533E-003,  9.9692E-003
  1.25700E+001,  6.7533E-003,  9.9692E-003
  1.25800E+001, -2.3229E-003,  9.9692E-003
  1.25900E+001,  6.7533E-003,  9.9692E-003
  1.26000E+001,  6.7533E-003,  9.9692E-003
  1.26100E+001,  6.7533E-003,  9.9692E-003
  1.26200E+001, -2.3229E-003,  9.9692E-003
  1.26300E+001, -2.3229E-003,  9.9692E-003
  1.26400E+001,  1.5829E-002,  9.9692E-003
  1.26500E+001,  1.5829E-002,  9.9692E-003
  1.26600E+001,  6.7533E-003,  9.9692E-003
  1.26700E+001,  6.7533E-003,  9.9692E-003
  1.26800E+001,  6.7533E-003,  9.9692E-003
  1.26900E+001,  6.7533E-003,  9.9692E-003
  1.27000E+001,  1.5829E-002,  9.9692E-003
  1.27100E+001,  1.5829E-002,  9.9692E-003
  1.27200E+001, -2.3229E-003,  9.9692E-003
  1.27300E+001,  6.7533E-003,  9.9692E-003
  1.27400E+001,  6.7533E-003,  9.9692E-003
  1.27500E+001,  1.5829E-002,  9.9692E-003
  1.27600E+001,  6.7533E-003,  9.9692E-003
  1.27700E+001,  6.7533E-003,  9.9692E-003
  1.27800E+001,  6.7533E-003,  9.9692E-003
  1.27900E+001,  6.7533E-003,  8.5683E-004
  1.28000E+001,  6.7533E-003,  9.9692E-003
  1.28100E+001,  6.7533E-003,  9.9692E-003
  1.28200E+001,  6.7533E-003,  8.5683E-004
  1.28300E+001, -2.3229E-003,  9.9692E-003
  1.28400E+001,  6.7533E-003,  9.9692E-003
  1.28500E+001,  6.7533E-003,  8.5683E-004
  1.28600E+001,  6.7533E-003,  8.5683E-004
  1.28700E+001, -2.3229E-003,  8.5683E-004
  1.28800E+001, -2.3229E-003,  9.9692E-003
  1.28900E+001,  6.7533E-003,  9.9692E-003
  1.29000E+001,  6.7533E-003,  9.9692E-003
  1.29100E+001,  1.5829E-002,  9.9692E-003
  1.29200E+001,  6.7533E-003,  8.5683E-004
  1.29300E+001,  6.7533E-003,  9.9692E-003
  1.29400E+001,  1.5829E-002,  9.9692E-003
  1.29500E+001,  6.7533E-003,  9.9692E-003
  1.29600E+001,  6.7533E-003,  9.9692E-003
  1.29700E+001,  6.7533E-003,  9.9692E-003
  1.29800E+001,  6.7533E-003,  9.9692E-003
  1.29900E+001,  6.7533E-003,  9.9692E-003
  1.30000E+001,  6.7533E-003,  9.9692E-003
  1.30100E+001,  6.7533E-003,  9.9692E-003
  1.30200E+001,  6.7533E-003,  9.9692E-003
  1.30300E+001,  6.7533E-003,  9.9692E-003
  1.30400E+001,  6.7533E-003,  9.9692E-003
  1.30500E+001,  6.7533E-003,  8.5683E-004
  1.30600E+001,  6.7533E-003,  9.9692E-003
  1.30700E+001, -2.3229E-003,  8.5683E-004
  1.30800E+001, -2.3229E-003,  8.5683E-004
  1.30900E+001,  6.7533E-003,  9.9692E-003
  1.31000E+001,  6.7533E-003,  9.9692E-003
  1.31100E+001,  6.7533E-003,  8.5683E-004
  1.31200E+001,  6.7533E-003,  9.9692E-003
  1.31300E+001, -2.3229E-003,  8.5683E-004
  1.31400E+001,  6.7533E-003,  9.9692E-003
  1.31500E+001,  6.7533E-003,  8.5683E-004
  1.31600E+001,  6.7533E-003,  8.5683E-004
  1.31700E+001,  1.5829E-002,  9.9692E-003
  1.31800E+001, -2.3229E-003,  9.9692E-003
  1.31900E+001,  6.7533E-003,  8.5683E-004
  1.32000E+001,  1.5829E-002,  9.9692E-003
