# [Parameters]
# Name = 'firc'
# ShotNo = 189309
# Date = '04/10/2024 20:41'
# 
# DimNo = 1
# DimName = 'Time'
# DimSize = 1311
# DimUnit = 's'
# 
# ValNo = 2
# ValName = 'nL(3669)', 'nL(3759)'
# ValUnit = 'e19m-2', 'e19m-2'
# [Comments]
#  
# [data]
  1.00000E-001,  1.1431E-003,  2.2787E-003
  1.10000E-001,  1.1431E-003,  2.2787E-003
  1.20000E-001,  1.1431E-003,  2.2787E-003
  1.30000E-001, -7.9322E-003, -6.8336E-003
  1.40000E-001,  1.1431E-003,  2.2787E-003
  1.50000E-001, -7.9322E-003, -6.8336E-003
  1.60000E-001,  1.0218E-002,  2.2787E-003
  1.70000E-001, -7.9322E-003,  2.2787E-003
  1.80000E-001,  1.1431E-003,  2.2787E-003
  1.90000E-001,  1.0218E-002,  1.1390E-002
  2.00000E-001,  1.0218E-002,  1.1390E-002
  2.10000E-001,  1.0218E-002,  2.2787E-003
  2.20000E-001,  1.0218E-002,  2.2787E-003
  2.30000E-001,  1.0218E-002, -6.8336E-003
  2.40000E-001,  1.0218E-002,  2.2787E-003
  2.50000E-001,  1.1431E-003,  2.2787E-003
  2.60000E-001,  1.0218E-002,  2.2787E-003
  2.70000E-001,  1.1431E-003,  2.2787E-003
  2.80000E-001,  1.1431E-003, -6.8336E-003
  2.90000E-001,  1.1431E-003, -6.8336E-003
  3.00000E-001,  1.0218E-002, -6.8336E-003
  3.10000E-001,  1.0218E-002,  2.2787E-003
  3.20000E-001,  1.1431E-003,  2.2787E-003
  3.30000E-001,  1.1431E-003,  2.2787E-003
  3.40000E-001,  1.0218E-002,  2.2787E-003
  3.50000E-001,  1.0218E-002,  2.2787E-003
  3.60000E-001,  1.1431E-003,  2.2787E-003
  3.70000E-001,  1.1431E-003,  2.2787E-003
  3.80000E-001, -7.9322E-003, -1.5945E-002
  3.90000E-001,  1.1431E-003, -6.8336E-003
  4.00000E-001, -7.9322E-003,  2.2787E-003
  4.10000E-001,  1.0218E-002,  2.2787E-003
  4.20000E-001,  1.1431E-003,  2.2787E-003
  4.30000E-001,  1.1431E-003, -6.8336E-003
  4.40000E-001,  1.0218E-002,  2.2787E-003
  4.50000E-001,  1.0218E-002,  2.2787E-003
  4.60000E-001,  1.0218E-002,  2.2787E-003
  4.70000E-001,  1.1431E-003, -6.8336E-003
  4.80000E-001,  1.1431E-003,  2.2787E-003
  4.90000E-001,  1.1431E-003,  2.2787E-003
  5.00000E-001,  1.1431E-003, -6.8336E-003
  5.10000E-001,  1.1431E-003,  2.2787E-003
  5.20000E-001,  1.1431E-003,  2.2787E-003
  5.30000E-001,  1.1431E-003,  2.2787E-003
  5.40000E-001,  1.0218E-002,  2.2787E-003
  5.50000E-001,  1.1431E-003,  2.2787E-003
  5.60000E-001,  1.0218E-002,  2.2787E-003
  5.70000E-001,  1.0218E-002,  2.2787E-003
  5.80000E-001,  1.0218E-002,  2.2787E-003
  5.90000E-001,  1.1431E-003,  2.2787E-003
  6.00000E-001,  1.1431E-003,  2.2787E-003
  6.10000E-001,  1.1431E-003,  2.2787E-003
  6.20000E-001,  1.1431E-003,  2.2787E-003
  6.30000E-001,  1.0218E-002, -6.8336E-003
  6.40000E-001,  1.1431E-003,  2.2787E-003
  6.50000E-001,  1.1431E-003, -6.8336E-003
  6.60000E-001,  1.1431E-003,  2.2787E-003
  6.70000E-001,  1.1431E-003,  2.2787E-003
  6.80000E-001,  1.0218E-002,  2.2787E-003
  6.90000E-001,  1.1431E-003,  2.2787E-003
  7.00000E-001,  1.0218E-002,  2.2787E-003
  7.10000E-001,  1.1431E-003, -6.8336E-003
  7.20000E-001,  1.1431E-003,  2.2787E-003
  7.30000E-001, -7.9322E-003,  2.2787E-003
  7.40000E-001,  1.1431E-003,  2.2787E-003
  7.50000E-001,  1.0218E-002,  2.2787E-003
  7.60000E-001,  1.1431E-003,  2.2787E-003
  7.70000E-001,  1.0218E-002,  2.2787E-003
  7.80000E-001,  1.1431E-003,  2.2787E-003
  7.90000E-001,  1.0218E-002,  2.2787E-003
  8.00000E-001,  1.0218E-002,  2.2787E-003
  8.10000E-001,  1.0218E-002,  2.2787E-003
  8.20000E-001,  1.1431E-003,  2.2787E-003
  8.30000E-001, -7.9322E-003, -6.8336E-003
  8.40000E-001,  1.1431E-003, -6.8336E-003
  8.50000E-001,  1.0218E-002,  2.2787E-003
  8.60000E-001,  1.0218E-002,  2.2787E-003
  8.70000E-001,  1.0218E-002,  2.2787E-003
  8.80000E-001,  1.1431E-003,  2.2787E-003
  8.90000E-001,  1.0218E-002,  2.2787E-003
  9.00000E-001,  1.0218E-002,  2.2787E-003
  9.10000E-001,  1.0218E-002,  2.2787E-003
  9.20000E-001,  1.1431E-003,  2.2787E-003
  9.30000E-001, -7.9322E-003, -6.8336E-003
  9.40000E-001,  1.1431E-003, -6.8336E-003
  9.50000E-001,  1.1431E-003,  2.2787E-003
  9.60000E-001,  1.0218E-002,  2.2787E-003
  9.70000E-001,  1.1431E-003, -6.8336E-003
  9.80000E-001,  1.1431E-003,  2.2787E-003
  9.90000E-001,  1.1431E-003,  2.2787E-003
  1.00000E+000,  1.0218E-002,  2.2787E-003
  1.01000E+000,  1.0218E-002, -6.8336E-003
  1.02000E+000,  1.1431E-003,  2.2787E-003
  1.03000E+000, -7.9322E-003, -6.8336E-003
  1.04000E+000, -7.9322E-003, -6.8336E-003
  1.05000E+000,  1.0218E-002,  2.2787E-003
  1.06000E+000,  1.0218E-002, -6.8336E-003
  1.07000E+000,  1.1431E-003,  2.2787E-003
  1.08000E+000,  1.1431E-003, -6.8336E-003
  1.09000E+000,  1.1431E-003,  2.2787E-003
  1.10000E+000,  1.0218E-002,  2.2787E-003
  1.11000E+000,  1.0218E-002,  2.2787E-003
  1.12000E+000,  1.0218E-002,  2.2787E-003
  1.13000E+000,  1.1431E-003,  2.2787E-003
  1.14000E+000,  1.1431E-003,  1.1390E-002
  1.15000E+000,  1.0218E-002,  2.2787E-003
  1.16000E+000,  1.0218E-002, -6.8336E-003
  1.17000E+000,  1.0218E-002,  2.2787E-003
  1.18000E+000,  1.1431E-003, -6.8336E-003
  1.19000E+000,  1.1431E-003,  2.2787E-003
  1.20000E+000,  1.1431E-003, -6.8336E-003
  1.21000E+000,  1.0218E-002,  2.2787E-003
  1.22000E+000,  1.0218E-002,  2.2787E-003
  1.23000E+000,  1.1431E-003,  2.2787E-003
  1.24000E+000,  1.0218E-002,  2.2787E-003
  1.25000E+000,  1.0218E-002,  2.2787E-003
  1.26000E+000,  1.0218E-002,  2.2787E-003
  1.27000E+000,  1.1431E-003,  2.2787E-003
  1.28000E+000,  1.1431E-003,  2.2787E-003
  1.29000E+000,  1.1431E-003,  2.2787E-003
  1.30000E+000,  1.1431E-003,  2.2787E-003
  1.31000E+000,  1.1431E-003,  2.2787E-003
  1.32000E+000,  1.1431E-003, -6.8336E-003
  1.33000E+000,  1.1431E-003,  2.2787E-003
  1.34000E+000,  1.0218E-002,  2.2787E-003
  1.35000E+000,  1.0218E-002,  2.2787E-003
  1.36000E+000,  1.0218E-002,  2.2787E-003
  1.37000E+000,  1.0218E-002,  2.2787E-003
  1.38000E+000,  1.0218E-002,  2.2787E-003
  1.39000E+000,  1.1431E-003,  2.2787E-003
  1.40000E+000,  1.1431E-003,  2.2787E-003
  1.41000E+000,  1.1431E-003,  2.2787E-003
  1.42000E+000,  1.1431E-003,  2.2787E-003
  1.43000E+000,  1.1431E-003,  2.2787E-003
  1.44000E+000,  1.0218E-002,  2.2787E-003
  1.45000E+000,  1.0218E-002,  2.2787E-003
  1.46000E+000,  1.9295E-002,  2.2787E-003
  1.47000E+000,  1.1431E-003,  2.2787E-003
  1.48000E+000,  1.1431E-003,  2.2787E-003
  1.49000E+000,  1.0218E-002,  2.2787E-003
  1.50000E+000,  1.1431E-003,  2.2787E-003
  1.51000E+000,  1.0218E-002,  2.2787E-003
  1.52000E+000,  1.1431E-003,  2.2787E-003
  1.53000E+000,  1.1431E-003, -6.8336E-003
  1.54000E+000,  1.1431E-003, -6.8336E-003
  1.55000E+000,  1.1431E-003,  2.2787E-003
  1.56000E+000,  1.0218E-002,  2.2787E-003
  1.57000E+000,  1.1431E-003,  2.2787E-003
  1.58000E+000,  1.0218E-002,  2.2787E-003
  1.59000E+000,  1.0218E-002,  2.2787E-003
  1.60000E+000,  1.0218E-002,  2.2787E-003
  1.61000E+000,  1.0218E-002,  2.2787E-003
  1.62000E+000,  1.1431E-003,  2.2787E-003
  1.63000E+000, -7.9322E-003,  2.2787E-003
  1.64000E+000,  1.0218E-002,  2.2787E-003
  1.65000E+000,  1.1431E-003,  2.2787E-003
  1.66000E+000,  1.0218E-002,  2.2787E-003
  1.67000E+000,  1.1431E-003,  2.2787E-003
  1.68000E+000,  1.1431E-003,  1.1390E-002
  1.69000E+000,  1.0218E-002,  1.1390E-002
  1.70000E+000,  1.9295E-002,  1.1390E-002
  1.71000E+000,  1.9295E-002,  1.1390E-002
  1.72000E+000,  1.0218E-002,  1.1390E-002
  1.73000E+000,  1.1431E-003,  2.2787E-003
  1.74000E+000,  1.1431E-003,  1.1390E-002
  1.75000E+000,  1.0218E-002,  2.2787E-003
  1.76000E+000,  1.0218E-002,  2.2787E-003
  1.77000E+000,  1.0218E-002,  2.2787E-003
  1.78000E+000,  1.1431E-003,  1.1390E-002
  1.79000E+000,  1.1431E-003,  2.2787E-003
  1.80000E+000,  1.1431E-003,  2.2787E-003
  1.81000E+000,  1.0218E-002,  1.1390E-002
  1.82000E+000,  1.1431E-003,  2.2787E-003
  1.83000E+000,  1.0218E-002,  2.2787E-003
  1.84000E+000,  1.1431E-003,  2.2787E-003
  1.85000E+000,  1.0218E-002,  2.2787E-003
  1.86000E+000,  1.0218E-002,  2.2787E-003
  1.87000E+000,  1.1431E-003,  2.2787E-003
  1.88000E+000,  1.1431E-003,  2.2787E-003
  1.89000E+000,  1.1431E-003,  2.2787E-003
  1.90000E+000,  1.0218E-002,  2.2787E-003
  1.91000E+000,  1.0218E-002,  2.2787E-003
  1.92000E+000,  1.0218E-002,  2.2787E-003
  1.93000E+000,  1.0218E-002,  2.2787E-003
  1.94000E+000,  1.1431E-003,  1.1390E-002
  1.95000E+000,  1.9295E-002,  1.1390E-002
  1.96000E+000,  1.9295E-002,  1.1390E-002
  1.97000E+000,  1.9295E-002,  1.1390E-002
  1.98000E+000,  1.1431E-003,  2.2787E-003
  1.99000E+000,  1.9295E-002,  1.1390E-002
  2.00000E+000,  1.1431E-003,  2.2787E-003
  2.01000E+000,  1.0218E-002,  2.2787E-003
  2.02000E+000,  1.0218E-002,  1.1390E-002
  2.03000E+000,  1.1431E-003,  2.2787E-003
  2.04000E+000,  1.0218E-002,  1.1390E-002
  2.05000E+000,  1.9295E-002,  1.1390E-002
  2.06000E+000,  1.0218E-002, -6.8336E-003
  2.07000E+000,  1.0218E-002,  1.1390E-002
  2.08000E+000,  1.1431E-003,  2.2787E-003
  2.09000E+000,  1.1431E-003,  2.2787E-003
  2.10000E+000,  1.1431E-003,  2.2787E-003
  2.11000E+000,  1.1431E-003,  2.2787E-003
  2.12000E+000,  1.1431E-003,  2.2787E-003
  2.13000E+000,  1.1431E-003,  2.2787E-003
  2.14000E+000,  1.0218E-002,  2.2787E-003
  2.15000E+000,  1.0218E-002,  1.1390E-002
  2.16000E+000,  1.1431E-003,  2.2787E-003
  2.17000E+000, -7.9322E-003,  1.1390E-002
  2.18000E+000,  1.1431E-003,  2.2787E-003
  2.19000E+000,  1.9295E-002,  1.1390E-002
  2.20000E+000,  1.0218E-002,  1.1390E-002
  2.21000E+000,  1.0218E-002,  1.1390E-002
  2.22000E+000, -7.9322E-003,  2.2787E-003
  2.23000E+000,  1.1431E-003,  1.1390E-002
  2.24000E+000,  1.0218E-002,  2.0503E-002
  2.25000E+000,  1.0218E-002,  1.1390E-002
  2.26000E+000,  1.0218E-002,  1.1390E-002
  2.27000E+000,  1.0218E-002,  1.1390E-002
  2.28000E+000,  1.0218E-002,  2.2787E-003
  2.29000E+000,  1.0218E-002,  2.2787E-003
  2.30000E+000,  1.0218E-002,  1.1390E-002
  2.31000E+000,  1.1431E-003,  1.1390E-002
  2.32000E+000,  1.1431E-003,  2.2787E-003
  2.33000E+000,  1.1431E-003,  2.2787E-003
  2.34000E+000,  1.1431E-003,  2.2787E-003
  2.35000E+000,  1.0218E-002,  2.2787E-003
  2.36000E+000,  1.0218E-002,  2.2787E-003
  2.37000E+000,  1.1431E-003,  2.2787E-003
  2.38000E+000,  1.1431E-003,  2.2787E-003
  2.39000E+000,  1.1431E-003,  2.2787E-003
  2.40000E+000,  1.0218E-002,  2.2787E-003
  2.41000E+000,  1.1431E-003,  2.2787E-003
  2.42000E+000,  1.0218E-002,  2.2787E-003
  2.43000E+000,  1.1431E-003,  2.2787E-003
  2.44000E+000,  1.1431E-003,  2.2787E-003
  2.45000E+000,  1.1431E-003,  2.2787E-003
  2.46000E+000,  1.0218E-002,  2.2787E-003
  2.47000E+000,  1.0218E-002,  2.2787E-003
  2.48000E+000,  1.0218E-002,  2.2787E-003
  2.49000E+000,  1.0218E-002,  1.1390E-002
  2.50000E+000,  1.9295E-002,  1.1390E-002
  2.51000E+000,  1.0218E-002,  1.1390E-002
  2.52000E+000,  1.9295E-002,  1.1390E-002
  2.53000E+000,  1.0218E-002,  1.1390E-002
  2.54000E+000,  1.0218E-002,  1.1390E-002
  2.55000E+000,  1.0218E-002,  2.2787E-003
  2.56000E+000,  1.0218E-002,  1.1390E-002
  2.57000E+000,  1.0218E-002,  2.2787E-003
  2.58000E+000,  1.1431E-003,  2.2787E-003
  2.59000E+000,  1.1431E-003,  2.2787E-003
  2.60000E+000,  1.1431E-003,  1.1390E-002
  2.61000E+000,  1.0218E-002,  1.1390E-002
  2.62000E+000,  1.1431E-003,  2.2787E-003
  2.63000E+000,  1.0218E-002,  2.2787E-003
  2.64000E+000,  1.1431E-003,  2.2787E-003
  2.65000E+000,  1.1431E-003,  2.2787E-003
  2.66000E+000,  1.1431E-003,  2.2787E-003
  2.67000E+000,  1.1431E-003,  2.2787E-003
  2.68000E+000,  1.1431E-003,  2.2787E-003
  2.69000E+000,  1.0218E-002,  2.2787E-003
  2.70000E+000,  1.0218E-002,  2.2787E-003
  2.71000E+000,  1.1431E-003,  2.2787E-003
  2.72000E+000,  1.1431E-003,  1.1390E-002
  2.73000E+000,  1.0218E-002,  2.2787E-003
  2.74000E+000,  1.0218E-002,  1.1390E-002
  2.75000E+000,  1.0218E-002,  1.1390E-002
  2.76000E+000,  1.0218E-002,  1.1390E-002
  2.77000E+000,  1.0218E-002,  2.2787E-003
  2.78000E+000,  1.1431E-003,  2.2787E-003
  2.79000E+000,  1.0218E-002,  1.1390E-002
  2.80000E+000,  1.9295E-002,  1.1390E-002
  2.81000E+000,  1.1431E-003,  1.1390E-002
  2.82000E+000,  1.0218E-002,  1.1390E-002
  2.83000E+000,  1.0218E-002,  2.2787E-003
  2.84000E+000,  1.0218E-002,  1.1390E-002
  2.85000E+000,  1.9295E-002,  1.1390E-002
  2.86000E+000,  1.0218E-002,  1.1390E-002
  2.87000E+000,  1.0218E-002,  2.2787E-003
  2.88000E+000,  1.1431E-003,  2.2787E-003
  2.89000E+000,  1.0218E-002,  2.2787E-003
  2.90000E+000,  1.0218E-002,  1.1390E-002
  2.91000E+000,  1.9295E-002,  2.2787E-003
  2.92000E+000,  1.1431E-003,  2.2787E-003
  2.93000E+000,  1.1431E-003,  2.2787E-003
  2.94000E+000,  1.1431E-003,  2.2787E-003
  2.95000E+000,  1.1431E-003,  2.2787E-003
  2.96000E+000,  1.0218E-002,  2.2787E-003
  2.97000E+000,  1.0218E-002,  2.2787E-003
  2.98000E+000,  1.0218E-002,  2.2787E-003
  2.99000E+000,  1.0218E-002,  1.1390E-002
  3.00000E+000,  1.0218E-002,  2.2787E-003
  3.01000E+000,  1.0218E-002,  1.1390E-002
  3.02000E+000,  1.0218E-002,  2.2787E-003
  3.03000E+000,  1.0218E-002,  2.2787E-003
  3.04000E+000,  1.0218E-002,  2.2787E-003
  3.05000E+000,  1.0218E-002,  2.2787E-003
  3.06000E+000,  1.0218E-002,  1.1390E-002
  3.07000E+000,  1.9295E-002,  1.1390E-002
  3.08000E+000,  1.0218E-002,  1.1390E-002
  3.09000E+000,  1.9295E-002,  1.1390E-002
  3.10000E+000,  1.0218E-002,  1.1390E-002
  3.11000E+000,  1.9295E-002,  1.1390E-002
  3.12000E+000,  1.0218E-002,  2.2787E-003
  3.13000E+000,  1.1431E-003,  1.1390E-002
  3.14000E+000,  1.0218E-002,  2.2787E-003
  3.15000E+000,  1.9295E-002,  2.2787E-003
  3.16000E+000,  1.0218E-002,  1.1390E-002
  3.17000E+000,  1.1431E-003,  2.2787E-003
  3.18000E+000,  1.1431E-003,  2.2787E-003
  3.19000E+000,  1.0218E-002,  2.2787E-003
  3.20000E+000,  1.0218E-002,  2.2787E-003
  3.21000E+000,  1.0218E-002,  2.2787E-003
  3.22000E+000,  1.1431E-003,  2.2787E-003
  3.23000E+000,  1.1431E-003,  2.2787E-003
  3.24000E+000,  1.1431E-003,  2.2787E-003
  3.25000E+000,  1.1431E-003,  2.2787E-003
  3.26000E+000,  1.0218E-002, -6.8336E-003
  3.27000E+000,  1.1431E-003,  2.2787E-003
  3.28000E+000,  1.1431E-003,  2.2787E-003
  3.29000E+000,  1.0218E-002,  1.1390E-002
  3.30000E+000,  2.8370E-002,  2.0503E-002
  3.31000E+000,  4.3677E-001,  4.1231E-001
  3.32000E+000,  7.9073E-001,  7.7678E-001
  3.33000E+000,  1.2445E+000,  1.2050E+000
  3.34000E+000,  1.6438E+000,  1.5877E+000
  3.35000E+000,  1.9433E+000,  1.8884E+000
  3.36000E+000,  2.1612E+000,  2.1071E+000
  3.37000E+000,  2.3154E+000,  2.2711E+000
  3.38000E+000,  2.4243E+000,  2.3805E+000
  3.39000E+000,  2.4970E+000,  2.4716E+000
  3.40000E+000,  2.5514E+000,  2.5354E+000
  3.41000E+000,  2.5877E+000,  2.5900E+000
  3.42000E+000,  2.6059E+000,  2.6083E+000
  3.43000E+000,  2.6240E+000,  2.6265E+000
  3.44000E+000,  2.6512E+000,  2.6447E+000
  3.45000E+000,  2.6694E+000,  2.6720E+000
  3.46000E+000,  2.6966E+000,  2.6903E+000
  3.47000E+000,  2.7148E+000,  2.7085E+000
  3.48000E+000,  2.7420E+000,  2.7449E+000
  3.49000E+000,  2.7783E+000,  2.7905E+000
  3.50000E+000,  2.8146E+000,  2.8361E+000
  3.51000E+000,  2.8691E+000,  2.8634E+000
  3.52000E+000,  2.9144E+000,  2.8998E+000
  3.53000E+000,  2.9689E+000,  2.9636E+000
  3.54000E+000,  3.0233E+000,  3.0274E+000
  3.55000E+000,  3.0687E+000,  3.0639E+000
  3.56000E+000,  3.1232E+000,  3.1185E+000
  3.57000E+000,  3.1686E+000,  3.1732E+000
  3.58000E+000,  3.2321E+000,  3.2370E+000
  3.59000E+000,  3.2956E+000,  3.3008E+000
  3.60000E+000,  3.3682E+000,  3.3737E+000
  3.61000E+000,  3.4408E+000,  3.4374E+000
  3.62000E+000,  3.5044E+000,  3.5103E+000
  3.63000E+000,  3.5770E+000,  3.5741E+000
  3.64000E+000,  3.6586E+000,  3.6470E+000
  3.65000E+000,  3.7222E+000,  3.7199E+000
  3.66000E+000,  3.7857E+000,  3.7928E+000
  3.67000E+000,  3.8492E+000,  3.8657E+000
  3.68000E+000,  3.9400E+000,  3.9386E+000
  3.69000E+000,  4.0035E+000,  4.0115E+000
  3.70000E+000,  4.0943E+000,  4.0935E+000
  3.71000E+000,  4.1669E+000,  4.1664E+000
  3.72000E+000,  4.2395E+000,  4.2393E+000
  3.73000E+000,  4.2939E+000,  4.3304E+000
  3.74000E+000,  4.3847E+000,  4.4033E+000
  3.75000E+000,  4.4845E+000,  4.4853E+000
  3.76000E+000,  4.5571E+000,  4.5673E+000
  3.77000E+000,  4.6297E+000,  4.6402E+000
  3.78000E+000,  4.7023E+000,  4.7131E+000
  3.79000E+000,  4.7749E+000,  4.7860E+000
  3.80000E+000,  4.8566E+000,  4.8680E+000
  3.81000E+000,  4.9383E+000,  4.9409E+000
  3.82000E+000,  5.0018E+000,  5.0229E+000
  3.83000E+000,  5.0654E+000,  5.1049E+000
  3.84000E+000,  5.1470E+000,  5.1869E+000
  3.85000E+000,  5.2015E+000,  5.2689E+000
  3.86000E+000,  5.2923E+000,  5.3600E+000
  3.87000E+000,  5.3558E+000,  5.4420E+000
  3.88000E+000,  5.4375E+000,  5.5332E+000
  3.89000E+000,  5.5191E+000,  5.5969E+000
  3.90000E+000,  5.5918E+000,  5.6881E+000
  3.91000E+000,  5.6825E+000,  5.7610E+000
  3.92000E+000,  5.7370E+000,  5.8430E+000
  3.93000E+000,  5.8096E+000,  5.9159E+000
  3.94000E+000,  5.8913E+000,  5.9887E+000
  3.95000E+000,  5.9548E+000,  6.0616E+000
  3.96000E+000,  6.0365E+000,  6.1345E+000
  3.97000E+000,  6.1091E+000,  6.2165E+000
  3.98000E+000,  6.1726E+000,  6.2894E+000
  3.99000E+000,  6.2452E+000,  6.3714E+000
  4.00000E+000,  6.2997E+000,  6.4443E+000
  4.01000E+000,  6.3723E+000,  6.5172E+000
  4.02000E+000,  6.4812E+000,  6.6357E+000
  4.03000E+000,  6.5719E+000,  6.7177E+000
  4.04000E+000,  6.6355E+000,  6.7906E+000
  4.05000E+000,  6.7171E+000,  6.8726E+000
  4.06000E+000,  6.7716E+000,  6.9455E+000
  4.07000E+000,  6.8260E+000,  7.0093E+000
  4.08000E+000,  6.9168E+000,  7.0822E+000
  4.09000E+000,  6.9713E+000,  7.1551E+000
  4.10000E+000,  7.0620E+000,  7.2462E+000
  4.11000E+000,  7.1255E+000,  7.3009E+000
  4.12000E+000,  7.1891E+000,  7.3555E+000
  4.13000E+000,  7.2617E+000,  7.4375E+000
  4.14000E+000,  7.3615E+000,  7.5286E+000
  4.15000E+000,  7.4704E+000,  7.6289E+000
  4.16000E+000,  7.5430E+000,  7.7291E+000
  4.17000E+000,  7.6429E+000,  7.8293E+000
  4.18000E+000,  7.8334E+000,  7.9113E+000
  4.19000E+000,  7.8788E+000,  7.9842E+000
  4.20000E+000,  8.0694E+000,  8.1483E+000
  4.21000E+000,  8.1057E+000,  8.2029E+000
  4.22000E+000,  8.5232E+000,  8.6312E+000
  4.23000E+000,  7.7245E+000,  8.2940E+000
  4.24000E+000,  7.9333E+000,  8.3669E+000
  4.25000E+000,  8.0150E+000,  8.5765E+000
  4.26000E+000,  8.2328E+000,  8.8225E+000
  4.27000E+000,  8.5232E+000,  8.9592E+000
  4.28000E+000,  8.6503E+000,  9.2143E+000
  4.29000E+000,  9.1222E+000,  9.6335E+000
  4.30000E+000,  9.4398E+000,  9.9980E+000
  4.31000E+000,  9.7121E+000,  1.0353E+001
  4.32000E+000,  1.0139E+001,  1.0627E+001
  4.33000E+000,  1.0111E+001,  1.0873E+001
  4.34000E+000,  1.0520E+001,  1.1201E+001
  4.35000E+000,  1.0366E+001,  1.1119E+001
  4.36000E+000,  1.0311E+001,  1.1210E+001
  4.37000E+000,  1.0411E+001,  1.1255E+001
  4.38000E+000,  1.0574E+001,  1.1383E+001
  4.39000E+000,  1.0529E+001,  1.1328E+001
  4.40000E+000,  1.0402E+001,  1.1337E+001
  4.41000E+000,  1.0538E+001,  1.1465E+001
  4.42000E+000,  1.0447E+001,  1.1429E+001
  4.43000E+000,  1.0384E+001,  1.1365E+001
  4.44000E+000,  1.0266E+001,  1.1146E+001
  4.45000E+000,  1.0275E+001,  1.1283E+001
  4.46000E+000,  1.0157E+001,  1.1055E+001
  4.47000E+000,  1.0175E+001,  1.1073E+001
  4.48000E+000,  1.0057E+001,  1.0991E+001
  4.49000E+000,  1.0021E+001,  1.0991E+001
  4.50000E+000,  9.9753E+000,  1.0946E+001
  4.51000E+000,  9.8301E+000,  1.0927E+001
  4.52000E+000,  9.7756E+000,  1.0754E+001
  4.53000E+000,  9.7212E+000,  1.0745E+001
  4.54000E+000,  9.6123E+000,  1.0618E+001
  4.55000E+000,  9.5760E+000,  1.0627E+001
  4.56000E+000,  9.5487E+000,  1.0517E+001
  4.57000E+000,  9.4580E+000,  1.0472E+001
  4.58000E+000,  9.4761E+000,  1.0572E+001
  4.59000E+000,  9.4126E+000,  1.0481E+001
  4.60000E+000,  9.4035E+000,  1.0454E+001
  4.61000E+000,  9.5124E+000,  1.0499E+001
  4.62000E+000,  9.4580E+000,  1.0590E+001
  4.63000E+000,  9.4126E+000,  1.0417E+001
  4.64000E+000,  9.2129E+000,  1.0299E+001
  4.65000E+000,  9.6123E+000,  1.0508E+001
  4.66000E+000,  9.3491E+000,  1.0280E+001
  4.67000E+000,  9.3945E+000,  1.0435E+001
  4.68000E+000,  9.4308E+000,  1.0290E+001
  4.69000E+000,  9.3037E+000,  1.0463E+001
  4.70000E+000,  9.2946E+000,  1.0217E+001
  4.71000E+000,  9.2674E+000,  1.0126E+001
  4.72000E+000,  9.2039E+000,  1.0162E+001
  4.73000E+000,  9.2402E+000,  1.0080E+001
  4.74000E+000,  9.1494E+000,  9.9888E+000
  4.75000E+000,  9.0677E+000,  9.9888E+000
  4.76000E+000,  9.1131E+000,  9.9888E+000
  4.77000E+000,  9.0496E+000,  9.9615E+000
  4.78000E+000,  9.0677E+000,  9.9797E+000
  4.79000E+000,  8.9679E+000,  1.0044E+001
  4.80000E+000,  9.2220E+000,  1.0262E+001
  4.81000E+000,  9.0768E+000,  1.0034E+001
  4.82000E+000,  8.9407E+000,  9.8522E+000
  4.83000E+000,  8.9407E+000,  9.9068E+000
  4.84000E+000,  8.7592E+000,  9.8795E+000
  4.85000E+000,  8.9044E+000,  1.0098E+001
  4.86000E+000,  8.8136E+000,  9.8248E+000
  4.87000E+000,  8.9316E+000,  1.0107E+001
  4.88000E+000,  8.9588E+000,  1.0107E+001
  4.89000E+000,  9.0496E+000,  1.0007E+001
  4.90000E+000,  9.1585E+000,  1.0080E+001
  4.91000E+000,  9.7121E+000,  1.0618E+001
  4.92000E+000,  9.4035E+000,  1.0390E+001
  4.93000E+000,  9.6395E+000,  1.0590E+001
  4.94000E+000,  9.8119E+000,  1.0763E+001
  4.95000E+000,  9.9935E+000,  1.0936E+001
  4.96000E+000,  1.0356E+001,  1.1246E+001
  4.97000E+000,  1.0529E+001,  1.1383E+001
  4.98000E+000,  1.0765E+001,  1.1675E+001
  4.99000E+000,  1.0538E+001,  1.1511E+001
  5.00000E+000,  1.0965E+001,  1.2030E+001
  5.01000E+000,  1.0937E+001,  1.1948E+001
  5.02000E+000,  1.0856E+001,  1.1784E+001
  5.03000E+000,  1.1046E+001,  1.1966E+001
  5.04000E+000,  1.1073E+001,  1.2112E+001
  5.05000E+000,  1.0810E+001,  1.1993E+001
  5.06000E+000,  1.0828E+001,  1.1948E+001
  5.07000E+000,  1.0856E+001,  1.1857E+001
  5.08000E+000,  1.0901E+001,  1.1884E+001
  5.09000E+000,  1.0819E+001,  1.1829E+001
  5.10000E+000,  1.0837E+001,  1.1957E+001
  5.11000E+000,  1.0801E+001,  1.1921E+001
  5.12000E+000,  1.0747E+001,  1.1793E+001
  5.13000E+000,  1.0892E+001,  1.2030E+001
  5.14000E+000,  1.0856E+001,  1.1957E+001
  5.15000E+000,  1.0629E+001,  1.1766E+001
  5.16000E+000,  1.0765E+001,  1.1820E+001
  5.17000E+000,  1.0465E+001,  1.1520E+001
  5.18000E+000,  1.0511E+001,  1.1693E+001
  5.19000E+000,  1.0565E+001,  1.1684E+001
  5.20000E+000,  1.0665E+001,  1.1784E+001
  5.21000E+000,  1.0293E+001,  1.1228E+001
  5.22000E+000,  1.0502E+001,  1.1137E+001
  5.23000E+000,  1.0157E+001,  1.0936E+001
  5.24000E+000,  9.9118E+000,  1.0690E+001
  5.25000E+000,  9.6214E+000,  1.0444E+001
  5.26000E+000,  9.3219E+000,  1.0198E+001
  5.27000E+000,  9.0768E+000,  9.9524E+000
  5.28000E+000,  8.8499E+000,  9.7246E+000
  5.29000E+000,  8.6684E+000,  9.5332E+000
  5.30000E+000,  8.4960E+000,  9.2872E+000
  5.31000E+000,  8.4687E+000,  9.2052E+000
  5.32000E+000,  8.5504E+000,  9.1870E+000
  5.33000E+000,  8.6230E+000,  9.1779E+000
  5.34000E+000,  8.7047E+000,  9.1779E+000
  5.35000E+000,  8.7592E+000,  9.1597E+000
  5.36000E+000,  8.8318E+000,  9.1597E+000
  5.37000E+000,  8.8771E+000,  9.1597E+000
  5.38000E+000,  8.9498E+000,  9.2052E+000
  5.39000E+000,  9.0224E+000,  9.2417E+000
  5.40000E+000,  9.1040E+000,  9.2963E+000
  5.41000E+000,  9.1766E+000,  9.3510E+000
  5.42000E+000,  9.2311E+000,  9.3875E+000
  5.43000E+000,  9.2765E+000,  9.4057E+000
  5.44000E+000,  9.3128E+000,  9.4148E+000
  5.45000E+000,  9.3309E+000,  9.4330E+000
  5.46000E+000,  9.3854E+000,  9.4695E+000
  5.47000E+000,  9.3763E+000,  9.4695E+000
  5.48000E+000,  9.3854E+000,  9.4786E+000
  5.49000E+000,  9.4217E+000,  9.5150E+000
  5.50000E+000,  9.4398E+000,  9.5424E+000
  5.51000E+000,  9.5034E+000,  9.5970E+000
  5.52000E+000,  9.5487E+000,  9.6517E+000
  5.53000E+000,  9.5941E+000,  9.6790E+000
  5.54000E+000,  9.6395E+000,  9.7155E+000
  5.55000E+000,  9.6940E+000,  9.7610E+000
  5.56000E+000,  9.7121E+000,  9.7975E+000
  5.57000E+000,  9.7484E+000,  9.8339E+000
  5.58000E+000,  9.7666E+000,  9.8522E+000
  5.59000E+000,  9.8029E+000,  9.8886E+000
  5.60000E+000,  9.8392E+000,  9.9251E+000
  5.61000E+000,  9.8573E+000,  9.9524E+000
  5.62000E+000,  9.8936E+000,  9.9797E+000
  5.63000E+000,  9.9208E+000,  1.0007E+001
  5.64000E+000,  9.8936E+000,  1.0034E+001
  5.65000E+000,  9.9208E+000,  1.0053E+001
  5.66000E+000,  9.9481E+000,  1.0107E+001
  5.67000E+000,  9.9481E+000,  1.0162E+001
  5.68000E+000,  1.0003E+001,  1.0171E+001
  5.69000E+000,  1.0075E+001,  1.0262E+001
  5.70000E+000,  1.0166E+001,  1.0344E+001
  5.71000E+000,  1.0248E+001,  1.0435E+001
  5.72000E+000,  1.0393E+001,  1.0554E+001
  5.73000E+000,  1.0447E+001,  1.0627E+001
  5.74000E+000,  1.0538E+001,  1.0690E+001
  5.75000E+000,  1.0602E+001,  1.0772E+001
  5.76000E+000,  1.0629E+001,  1.0836E+001
  5.77000E+000,  1.0665E+001,  1.0864E+001
  5.78000E+000,  1.0674E+001,  1.0882E+001
  5.79000E+000,  1.0756E+001,  1.0955E+001
  5.80000E+000,  1.0756E+001,  1.0882E+001
  5.81000E+000,  1.0701E+001,  1.0791E+001
  5.82000E+000,  1.0529E+001,  1.0754E+001
  5.83000E+000,  1.0447E+001,  1.0645E+001
  5.84000E+000,  1.0311E+001,  1.0563E+001
  5.85000E+000,  1.0266E+001,  1.0545E+001
  5.86000E+000,  1.0220E+001,  1.0472E+001
  5.87000E+000,  1.0211E+001,  1.0417E+001
  5.88000E+000,  1.0157E+001,  1.0408E+001
  5.89000E+000,  1.0211E+001,  1.0408E+001
  5.90000E+000,  1.0266E+001,  1.0299E+001
  5.91000E+000,  1.0166E+001,  1.0317E+001
  5.92000E+000,  1.0148E+001,  1.0326E+001
  5.93000E+000,  1.0184E+001,  1.0299E+001
  5.94000E+000,  1.0111E+001,  1.0317E+001
  5.95000E+000,  9.9753E+000,  1.0299E+001
  5.96000E+000,  9.6486E+000,  1.0490E+001
  5.97000E+000,  9.6214E+000,  1.0490E+001
  5.98000E+000,  9.8845E+000,  1.0545E+001
  5.99000E+000,  1.0084E+001,  1.0818E+001
  6.00000E+000,  1.0356E+001,  1.0982E+001
  6.01000E+000,  1.0738E+001,  1.1337E+001
  6.02000E+000,  1.1182E+001,  1.1839E+001
  6.03000E+000,  1.1618E+001,  1.2258E+001
  6.04000E+000,  1.1727E+001,  1.2440E+001
  6.05000E+000,  1.2281E+001,  1.2896E+001
  6.06000E+000,  1.2616E+001,  1.3260E+001
  6.07000E+000,  1.2480E+001,  1.3196E+001
  6.08000E+000,  1.2825E+001,  1.3388E+001
  6.09000E+000,  1.2997E+001,  1.3479E+001
  6.10000E+000,  1.3134E+001,  1.3652E+001
  6.11000E+000,  1.3197E+001,  1.3670E+001
  6.12000E+000,  1.3606E+001,  1.3716E+001
  6.13000E+000,  1.3361E+001,  1.4317E+001
  6.14000E+000,  1.3460E+001,  1.4572E+001
  6.15000E+000,  1.3987E+001,  1.4927E+001
  6.16000E+000,  1.4223E+001,  1.4672E+001
  6.17000E+000,  1.5992E+001,  1.5000E+001
  6.18000E+000,  1.6973E+001,  1.6440E+001
  6.19000E+000,  1.7299E+001,  1.7078E+001
  6.20000E+000,  2.1765E+001,  1.6413E+001
  6.21000E+000,  4.4210E+000,  2.1515E+001
  6.22000E+000,  8.2328E+000,  2.4777E+001
  6.23000E+000,  2.1193E+001,  2.2787E-003
  6.24000E+000,  2.1138E+001,  3.4557E+000
  6.25000E+000,  1.9369E+001,  2.0707E+000
  6.26000E+000,  1.7744E+001,  4.4876E-001
  6.27000E+000,  1.6700E+001, -6.5377E-001
  6.28000E+000,  1.5965E+001,  1.0098E+001
  6.29000E+000,  1.5530E+001,  2.7128E+001
  6.30000E+000,  1.5203E+001,  2.6846E+001
  6.31000E+000,  1.5012E+001,  2.6663E+001
  6.32000E+000,  1.4912E+001,  2.6454E+001
  6.33000E+000,  1.4912E+001,  2.6345E+001
  6.34000E+000,  1.4885E+001,  2.6354E+001
  6.35000E+000,  1.4931E+001,  2.6354E+001
  6.36000E+000,  1.4931E+001,  2.6363E+001
  6.37000E+000,  1.4894E+001,  2.6335E+001
  6.38000E+000,  1.4967E+001,  2.6363E+001
  6.39000E+000,  1.4931E+001,  2.6290E+001
  6.40000E+000,  1.4967E+001,  2.6317E+001
  6.41000E+000,  1.4976E+001,  2.6253E+001
  6.42000E+000,  1.4967E+001,  2.6317E+001
  6.43000E+000,  1.4940E+001,  2.6335E+001
  6.44000E+000,  1.5030E+001,  2.6244E+001
  6.45000E+000,  1.5021E+001,  2.6272E+001
  6.46000E+000,  1.4940E+001,  2.6253E+001
  6.47000E+000,  1.4958E+001,  2.6217E+001
  6.48000E+000,  1.4958E+001,  2.6162E+001
  6.49000E+000,  1.4958E+001,  2.6153E+001
  6.50000E+000,  1.5003E+001,  2.6153E+001
  6.51000E+000,  1.4940E+001,  2.6171E+001
  6.52000E+000,  1.5003E+001,  2.6108E+001
  6.53000E+000,  1.4894E+001,  2.6117E+001
  6.54000E+000,  1.5012E+001,  2.6089E+001
  6.55000E+000,  1.4967E+001,  2.6062E+001
  6.56000E+000,  1.4922E+001,  2.6053E+001
  6.57000E+000,  1.4931E+001,  2.6080E+001
  6.58000E+000,  1.4949E+001,  2.5998E+001
  6.59000E+000,  1.4976E+001,  2.6026E+001
  6.60000E+000,  1.4949E+001,  2.6035E+001
  6.61000E+000,  1.4985E+001,  2.5998E+001
  6.62000E+000,  1.4931E+001,  2.5998E+001
  6.63000E+000,  1.4912E+001,  2.5998E+001
  6.64000E+000,  1.4894E+001,  2.5980E+001
  6.65000E+000,  1.4894E+001,  2.5998E+001
  6.66000E+000,  1.4958E+001,  2.5989E+001
  6.67000E+000,  1.4958E+001,  2.5971E+001
  6.68000E+000,  1.4912E+001,  2.5998E+001
  6.69000E+000,  1.4931E+001,  2.5953E+001
  6.70000E+000,  1.4931E+001,  2.5971E+001
  6.71000E+000,  1.4922E+001,  2.5898E+001
  6.72000E+000,  1.4876E+001,  2.5907E+001
  6.73000E+000,  1.4912E+001,  2.6026E+001
  6.74000E+000,  1.4894E+001,  2.5980E+001
  6.75000E+000,  1.4949E+001,  2.5916E+001
  6.76000E+000,  1.4894E+001,  2.5889E+001
  6.77000E+000,  1.4949E+001,  2.5871E+001
  6.78000E+000,  1.4876E+001,  2.5962E+001
  6.79000E+000,  1.4903E+001,  2.5871E+001
  6.80000E+000,  1.4931E+001,  2.5889E+001
  6.81000E+000,  1.4940E+001,  2.5880E+001
  6.82000E+000,  1.4903E+001,  2.5871E+001
  6.83000E+000,  1.4922E+001,  2.5843E+001
  6.84000E+000,  1.4903E+001,  2.5907E+001
  6.85000E+000,  1.4885E+001,  2.5853E+001
  6.86000E+000,  1.4903E+001,  2.5862E+001
  6.87000E+000,  1.4940E+001,  2.5843E+001
  6.88000E+000,  1.4885E+001,  2.5853E+001
  6.89000E+000,  1.4885E+001,  2.5825E+001
  6.90000E+000,  1.4876E+001,  2.5843E+001
  6.91000E+000,  1.4922E+001,  2.5853E+001
  6.92000E+000,  1.4885E+001,  2.5825E+001
  6.93000E+000,  1.4876E+001,  2.5807E+001
  6.94000E+000,  1.4858E+001,  2.5789E+001
  6.95000E+000,  1.4894E+001,  2.5816E+001
  6.96000E+000,  1.4885E+001,  2.5761E+001
  6.97000E+000,  1.4903E+001,  2.5798E+001
  6.98000E+000,  1.4912E+001,  2.5771E+001
  6.99000E+000,  1.4894E+001,  2.5725E+001
  7.00000E+000,  1.4912E+001,  2.5743E+001
  7.01000E+000,  1.4949E+001,  2.5771E+001
  7.02000E+000,  1.4894E+001,  2.5771E+001
  7.03000E+000,  1.4867E+001,  2.5789E+001
  7.04000E+000,  1.4903E+001,  2.5743E+001
  7.05000E+000,  1.4885E+001,  2.5761E+001
  7.06000E+000,  1.4885E+001,  2.5716E+001
  7.07000E+000,  1.4903E+001,  2.5689E+001
  7.08000E+000,  1.4858E+001,  2.5734E+001
  7.09000E+000,  1.3261E+001,  2.3165E+001
  7.10000E+000,  1.1954E+001,  2.1233E+001
  7.11000E+000,  1.1763E+001,  2.1005E+001
  7.12000E+000,  1.1745E+001,  2.0978E+001
  7.13000E+000,  1.1745E+001,  2.0978E+001
  7.14000E+000,  1.1754E+001,  2.0996E+001
  7.15000E+000,  1.1754E+001,  2.0996E+001
  7.16000E+000,  1.1754E+001,  2.0987E+001
  7.17000E+000,  1.1754E+001,  2.0996E+001
  7.18000E+000,  1.1745E+001,  2.0978E+001
  7.19000E+000,  1.1745E+001,  2.0987E+001
  7.20000E+000,  1.1736E+001,  2.0978E+001
  7.21000E+000,  1.1736E+001,  2.0978E+001
  7.22000E+000,  1.1745E+001,  2.0969E+001
  7.23000E+000,  1.1745E+001,  2.0978E+001
  7.24000E+000,  1.1745E+001,  2.0978E+001
  7.25000E+000,  1.1736E+001,  2.0969E+001
  7.26000E+000,  1.1736E+001,  2.0969E+001
  7.27000E+000,  1.1736E+001,  2.0969E+001
  7.28000E+000,  1.1736E+001,  2.0969E+001
  7.29000E+000,  1.1754E+001,  2.0978E+001
  7.30000E+000,  1.1745E+001,  2.0978E+001
  7.31000E+000,  1.1745E+001,  2.0978E+001
  7.32000E+000,  1.1736E+001,  2.0969E+001
  7.33000E+000,  1.1736E+001,  2.0969E+001
  7.34000E+000,  1.1727E+001,  2.0969E+001
  7.35000E+000,  1.1745E+001,  2.0969E+001
  7.36000E+000,  1.1736E+001,  2.0978E+001
  7.37000E+000,  1.1736E+001,  2.0978E+001
  7.38000E+000,  1.1736E+001,  2.0978E+001
  7.39000E+000,  1.1736E+001,  2.0978E+001
  7.40000E+000,  1.1745E+001,  2.0969E+001
  7.41000E+000,  1.1745E+001,  2.0978E+001
  7.42000E+000,  1.1727E+001,  2.0978E+001
  7.43000E+000,  1.1736E+001,  2.0978E+001
  7.44000E+000,  1.1736E+001,  2.0969E+001
  7.45000E+000,  1.1736E+001,  2.0969E+001
  7.46000E+000,  1.1745E+001,  2.0969E+001
  7.47000E+000,  1.1736E+001,  2.0969E+001
  7.48000E+000,  1.1727E+001,  2.0978E+001
  7.49000E+000,  1.1736E+001,  2.0969E+001
  7.50000E+000,  1.1745E+001,  2.0978E+001
  7.51000E+000,  1.1745E+001,  2.0969E+001
  7.52000E+000,  1.1736E+001,  2.0969E+001
  7.53000E+000,  1.1736E+001,  2.0969E+001
  7.54000E+000,  1.1736E+001,  2.0969E+001
  7.55000E+000,  1.1736E+001,  2.0969E+001
  7.56000E+000,  1.1736E+001,  2.0978E+001
  7.57000E+000,  1.1745E+001,  2.0978E+001
  7.58000E+000,  1.1736E+001,  2.0969E+001
  7.59000E+000,  1.1745E+001,  2.0978E+001
  7.60000E+000,  1.1745E+001,  2.0969E+001
  7.61000E+000,  1.1736E+001,  2.0969E+001
  7.62000E+000,  1.1736E+001,  2.0969E+001
  7.63000E+000,  1.1736E+001,  2.0978E+001
  7.64000E+000,  1.1745E+001,  2.0978E+001
  7.65000E+000,  1.1736E+001,  2.0969E+001
  7.66000E+000,  1.1745E+001,  2.0978E+001
  7.67000E+000,  1.1736E+001,  2.0978E+001
  7.68000E+000,  1.1736E+001,  2.0978E+001
  7.69000E+000,  1.1736E+001,  2.0978E+001
  7.70000E+000,  1.1736E+001,  2.0969E+001
  7.71000E+000,  1.1736E+001,  2.0978E+001
  7.72000E+000,  1.1745E+001,  2.0969E+001
  7.73000E+000,  1.1736E+001,  2.0978E+001
  7.74000E+000,  1.1736E+001,  2.0978E+001
  7.75000E+000,  1.1736E+001,  2.0978E+001
  7.76000E+000,  1.1745E+001,  2.0978E+001
  7.77000E+000,  1.1745E+001,  2.0969E+001
  7.78000E+000,  1.1727E+001,  2.0969E+001
  7.79000E+000,  1.1727E+001,  2.0969E+001
  7.80000E+000,  1.1736E+001,  2.0969E+001
  7.81000E+000,  1.1736E+001,  2.0969E+001
  7.82000E+000,  1.1736E+001,  2.0969E+001
  7.83000E+000,  1.1736E+001,  2.0969E+001
  7.84000E+000,  1.1736E+001,  2.0978E+001
  7.85000E+000,  1.1745E+001,  2.0978E+001
  7.86000E+000,  1.1745E+001,  2.0978E+001
  7.87000E+000,  1.1754E+001,  2.0978E+001
  7.88000E+000,  1.1736E+001,  2.0969E+001
  7.89000E+000,  1.1736E+001,  2.0978E+001
  7.90000E+000,  1.1727E+001,  2.0969E+001
  7.91000E+000,  1.1745E+001,  2.0978E+001
  7.92000E+000,  1.1736E+001,  2.0978E+001
  7.93000E+000,  1.1736E+001,  2.0978E+001
  7.94000E+000,  1.1745E+001,  2.0978E+001
  7.95000E+000,  1.1736E+001,  2.0978E+001
  7.96000E+000,  1.1736E+001,  2.0969E+001
  7.97000E+000,  1.1736E+001,  2.0978E+001
  7.98000E+000,  1.1736E+001,  2.0978E+001
  7.99000E+000,  1.1736E+001,  2.0987E+001
  8.00000E+000,  1.1736E+001,  2.0978E+001
  8.01000E+000,  1.1745E+001,  2.0987E+001
  8.02000E+000,  1.1736E+001,  2.0969E+001
  8.03000E+000,  1.1736E+001,  2.0969E+001
  8.04000E+000,  1.1736E+001,  2.0969E+001
  8.05000E+000,  1.1736E+001,  2.0969E+001
  8.06000E+000,  1.1736E+001,  2.0969E+001
  8.07000E+000,  1.1736E+001,  2.0969E+001
  8.08000E+000,  1.1736E+001,  2.0978E+001
  8.09000E+000,  1.1736E+001,  2.0969E+001
  8.10000E+000,  1.1736E+001,  2.0969E+001
  8.11000E+000,  1.1736E+001,  2.0978E+001
  8.12000E+000,  1.1745E+001,  2.0978E+001
  8.13000E+000,  1.1745E+001,  2.0969E+001
  8.14000E+000,  1.1736E+001,  2.0978E+001
  8.15000E+000,  1.1736E+001,  2.0969E+001
  8.16000E+000,  1.1736E+001,  2.0969E+001
  8.17000E+000,  1.1745E+001,  2.0978E+001
  8.18000E+000,  1.1736E+001,  2.0978E+001
  8.19000E+000,  1.1736E+001,  2.0969E+001
  8.20000E+000,  1.1736E+001,  2.0978E+001
  8.21000E+000,  1.1736E+001,  2.0969E+001
  8.22000E+000,  1.1745E+001,  2.0978E+001
  8.23000E+000,  1.1736E+001,  2.0969E+001
  8.24000E+000,  1.1736E+001,  2.0969E+001
  8.25000E+000,  1.1745E+001,  2.0978E+001
  8.26000E+000,  1.1736E+001,  2.0969E+001
  8.27000E+000,  1.1736E+001,  2.0978E+001
  8.28000E+000,  1.1736E+001,  2.0978E+001
  8.29000E+000,  1.1727E+001,  2.0969E+001
  8.30000E+000,  1.1736E+001,  2.0969E+001
  8.31000E+000,  1.1736E+001,  2.0969E+001
  8.32000E+000,  1.1736E+001,  2.0969E+001
  8.33000E+000,  1.1736E+001,  2.0978E+001
  8.34000E+000,  1.1745E+001,  2.0978E+001
  8.35000E+000,  1.1736E+001,  2.0969E+001
  8.36000E+000,  1.1736E+001,  2.0969E+001
  8.37000E+000,  1.1736E+001,  2.0969E+001
  8.38000E+000,  1.1736E+001,  2.0969E+001
  8.39000E+000,  1.1736E+001,  2.0969E+001
  8.40000E+000,  1.1736E+001,  2.0969E+001
  8.41000E+000,  1.1736E+001,  2.0978E+001
  8.42000E+000,  1.1745E+001,  2.0978E+001
  8.43000E+000,  1.1736E+001,  2.0978E+001
  8.44000E+000,  1.1736E+001,  2.0978E+001
  8.45000E+000,  1.1736E+001,  2.0969E+001
  8.46000E+000,  1.1736E+001,  2.0978E+001
  8.47000E+000,  1.1745E+001,  2.0969E+001
  8.48000E+000,  1.1745E+001,  2.0978E+001
  8.49000E+000,  1.1745E+001,  2.0978E+001
  8.50000E+000,  1.1736E+001,  2.0969E+001
  8.51000E+000,  1.1736E+001,  2.0969E+001
  8.52000E+000,  1.1736E+001,  2.0969E+001
  8.53000E+000,  1.1727E+001,  2.0969E+001
  8.54000E+000,  1.1736E+001,  2.0978E+001
  8.55000E+000,  1.1736E+001,  2.0969E+001
  8.56000E+000,  1.1736E+001,  2.0969E+001
  8.57000E+000,  1.1736E+001,  2.0969E+001
  8.58000E+000,  1.1727E+001,  2.0969E+001
  8.59000E+000,  1.1736E+001,  2.0978E+001
  8.60000E+000,  1.1745E+001,  2.0978E+001
  8.61000E+000,  1.1745E+001,  2.0969E+001
  8.62000E+000,  1.1736E+001,  2.0969E+001
  8.63000E+000,  1.1736E+001,  2.0969E+001
  8.64000E+000,  1.1736E+001,  2.0969E+001
  8.65000E+000,  1.1736E+001,  2.0969E+001
  8.66000E+000,  1.1736E+001,  2.0969E+001
  8.67000E+000,  1.1736E+001,  2.0969E+001
  8.68000E+000,  1.1736E+001,  2.0978E+001
  8.69000E+000,  1.1736E+001,  2.0978E+001
  8.70000E+000,  1.1736E+001,  2.0969E+001
  8.71000E+000,  1.1745E+001,  2.0978E+001
  8.72000E+000,  1.1745E+001,  2.0969E+001
  8.73000E+000,  1.1736E+001,  2.0978E+001
  8.74000E+000,  1.1745E+001,  2.0978E+001
  8.75000E+000,  1.1745E+001,  2.0969E+001
  8.76000E+000,  1.1736E+001,  2.0978E+001
  8.77000E+000,  1.1736E+001,  2.0969E+001
  8.78000E+000,  1.1736E+001,  2.0978E+001
  8.79000E+000,  1.1736E+001,  2.0978E+001
  8.80000E+000,  1.1736E+001,  2.0978E+001
  8.81000E+000,  1.1736E+001,  2.0969E+001
  8.82000E+000,  1.1745E+001,  2.0969E+001
  8.83000E+000,  1.1745E+001,  2.0969E+001
  8.84000E+000,  1.1727E+001,  2.0969E+001
  8.85000E+000,  1.1727E+001,  2.0969E+001
  8.86000E+000,  1.1736E+001,  2.0969E+001
  8.87000E+000,  1.1736E+001,  2.0969E+001
  8.88000E+000,  1.1736E+001,  2.0969E+001
  8.89000E+000,  1.1736E+001,  2.0978E+001
  8.90000E+000,  1.1736E+001,  2.0969E+001
  8.91000E+000,  1.1736E+001,  2.0969E+001
  8.92000E+000,  1.1736E+001,  2.0969E+001
  8.93000E+000,  1.1736E+001,  2.0969E+001
  8.94000E+000,  1.1727E+001,  2.0969E+001
  8.95000E+000,  1.1736E+001,  2.0978E+001
  8.96000E+000,  1.1745E+001,  2.0978E+001
  8.97000E+000,  1.1745E+001,  2.0969E+001
  8.98000E+000,  1.1736E+001,  2.0978E+001
  8.99000E+000,  1.1727E+001,  2.0969E+001
  9.00000E+000,  1.1736E+001,  2.0978E+001
  9.01000E+000,  1.1736E+001,  2.0978E+001
  9.02000E+000,  1.1736E+001,  2.0969E+001
  9.03000E+000,  1.1736E+001,  2.0969E+001
  9.04000E+000,  1.1736E+001,  2.0978E+001
  9.05000E+000,  1.1736E+001,  2.0978E+001
  9.06000E+000,  1.1736E+001,  2.0969E+001
  9.07000E+000,  1.1736E+001,  2.0978E+001
  9.08000E+000,  1.1727E+001,  2.0978E+001
  9.09000E+000,  1.1736E+001,  2.0969E+001
  9.10000E+000,  1.1736E+001,  2.0959E+001
  9.11000E+000,  1.1736E+001,  2.0969E+001
  9.12000E+000,  1.1736E+001,  2.0969E+001
  9.13000E+000,  1.1736E+001,  2.0969E+001
  9.14000E+000,  1.1727E+001,  2.0969E+001
  9.15000E+000,  1.1727E+001,  2.0969E+001
  9.16000E+000,  1.1736E+001,  2.0969E+001
  9.17000E+000,  1.1736E+001,  2.0969E+001
  9.18000E+000,  1.1745E+001,  2.0978E+001
  9.19000E+000,  1.1736E+001,  2.0969E+001
  9.20000E+000,  1.1727E+001,  2.0969E+001
  9.21000E+000,  1.1727E+001,  2.0969E+001
  9.22000E+000,  1.1727E+001,  2.0969E+001
  9.23000E+000,  1.1745E+001,  2.0978E+001
  9.24000E+000,  1.1745E+001,  2.0969E+001
  9.25000E+000,  1.1736E+001,  2.0969E+001
  9.26000E+000,  1.1736E+001,  2.0969E+001
  9.27000E+000,  1.1736E+001,  2.0978E+001
  9.28000E+000,  1.1745E+001,  2.0978E+001
  9.29000E+000,  1.1736E+001,  2.0987E+001
  9.30000E+000,  1.1736E+001,  2.0978E+001
  9.31000E+000,  1.1736E+001,  2.0978E+001
  9.32000E+000,  1.1745E+001,  2.0978E+001
  9.33000E+000,  1.1736E+001,  2.0969E+001
  9.34000E+000,  1.1745E+001,  2.0978E+001
  9.35000E+000,  1.1727E+001,  2.0969E+001
  9.36000E+000,  1.1736E+001,  2.0969E+001
  9.37000E+000,  1.1736E+001,  2.0969E+001
  9.38000E+000,  1.1745E+001,  2.0969E+001
  9.39000E+000,  1.1736E+001,  2.0969E+001
  9.40000E+000,  1.1736E+001,  2.0969E+001
  9.41000E+000,  1.1736E+001,  2.0969E+001
  9.42000E+000,  1.1736E+001,  2.0969E+001
  9.43000E+000,  1.1736E+001,  2.0969E+001
  9.44000E+000,  1.1736E+001,  2.0969E+001
  9.45000E+000,  1.1736E+001,  2.0969E+001
  9.46000E+000,  1.1736E+001,  2.0969E+001
  9.47000E+000,  1.1736E+001,  2.0969E+001
  9.48000E+000,  1.1736E+001,  2.0969E+001
  9.49000E+000,  1.1736E+001,  2.0978E+001
  9.50000E+000,  1.1736E+001,  2.0969E+001
  9.51000E+000,  1.1754E+001,  2.0978E+001
  9.52000E+000,  1.1745E+001,  2.0978E+001
  9.53000E+000,  1.1736E+001,  2.0987E+001
  9.54000E+000,  1.1736E+001,  2.0978E+001
  9.55000E+000,  1.1727E+001,  2.0978E+001
  9.56000E+000,  1.1745E+001,  2.0969E+001
  9.57000E+000,  1.1745E+001,  2.0969E+001
  9.58000E+000,  1.1745E+001,  2.0978E+001
  9.59000E+000,  1.1736E+001,  2.0978E+001
  9.60000E+000,  1.1727E+001,  2.0969E+001
  9.61000E+000,  1.1736E+001,  2.0978E+001
  9.62000E+000,  1.1736E+001,  2.0969E+001
  9.63000E+000,  1.1736E+001,  2.0978E+001
  9.64000E+000,  1.1736E+001,  2.0978E+001
  9.65000E+000,  1.1736E+001,  2.0969E+001
  9.66000E+000,  1.1745E+001,  2.0978E+001
  9.67000E+000,  1.1727E+001,  2.0969E+001
  9.68000E+000,  1.1727E+001,  2.0969E+001
  9.69000E+000,  1.1736E+001,  2.0969E+001
  9.70000E+000,  1.1727E+001,  2.0969E+001
  9.71000E+000,  1.1736E+001,  2.0969E+001
  9.72000E+000,  1.1736E+001,  2.0969E+001
  9.73000E+000,  1.1727E+001,  2.0969E+001
  9.74000E+000,  1.1736E+001,  2.0969E+001
  9.75000E+000,  1.1727E+001,  2.0978E+001
  9.76000E+000,  1.1736E+001,  2.0978E+001
  9.77000E+000,  1.1736E+001,  2.0969E+001
  9.78000E+000,  1.1745E+001,  2.0978E+001
  9.79000E+000,  1.1736E+001,  2.0978E+001
  9.80000E+000,  1.1727E+001,  2.0969E+001
  9.81000E+000,  1.1736E+001,  2.0978E+001
  9.82000E+000,  1.1745E+001,  2.0978E+001
  9.83000E+000,  1.1736E+001,  2.0978E+001
  9.84000E+000,  1.1736E+001,  2.0969E+001
  9.85000E+000,  1.1727E+001,  2.0969E+001
  9.86000E+000,  1.1745E+001,  2.0969E+001
  9.87000E+000,  1.1745E+001,  2.0978E+001
  9.88000E+000,  1.1736E+001,  2.0969E+001
  9.89000E+000,  1.1727E+001,  2.0969E+001
  9.90000E+000,  1.1727E+001,  2.0969E+001
  9.91000E+000,  1.1736E+001,  2.0969E+001
  9.92000E+000,  1.1736E+001,  2.0969E+001
  9.93000E+000,  1.1745E+001,  2.0969E+001
  9.94000E+000,  1.1736E+001,  2.0978E+001
  9.95000E+000,  1.1727E+001,  2.0969E+001
  9.96000E+000,  1.1727E+001,  2.0969E+001
  9.97000E+000,  1.1736E+001,  2.0969E+001
  9.98000E+000,  1.1745E+001,  2.0969E+001
  9.99000E+000,  1.1736E+001,  2.0978E+001
  1.00000E+001,  1.1736E+001,  2.0969E+001
  1.00100E+001,  1.1745E+001,  2.0978E+001
  1.00200E+001,  1.1745E+001,  2.0978E+001
  1.00300E+001,  1.1745E+001,  2.0969E+001
  1.00400E+001,  1.1736E+001,  2.0978E+001
  1.00500E+001,  1.1727E+001,  2.0969E+001
  1.00600E+001,  1.1736E+001,  2.0978E+001
  1.00700E+001,  1.1736E+001,  2.0969E+001
  1.00800E+001,  1.1745E+001,  2.0978E+001
  1.00900E+001,  1.1736E+001,  2.0969E+001
  1.01000E+001,  1.1736E+001,  2.0978E+001
  1.01100E+001,  1.1736E+001,  2.0978E+001
  1.01200E+001,  1.1745E+001,  2.0978E+001
  1.01300E+001,  1.1745E+001,  2.0978E+001
  1.01400E+001,  1.1736E+001,  2.0978E+001
  1.01500E+001,  1.1736E+001,  2.0969E+001
  1.01600E+001,  1.1736E+001,  2.0969E+001
  1.01700E+001,  1.1727E+001,  2.0969E+001
  1.01800E+001,  1.1736E+001,  2.0969E+001
  1.01900E+001,  1.1736E+001,  2.0978E+001
  1.02000E+001,  1.1736E+001,  2.0969E+001
  1.02100E+001,  1.1736E+001,  2.0969E+001
  1.02200E+001,  1.1736E+001,  2.0969E+001
  1.02300E+001,  1.1736E+001,  2.0978E+001
  1.02400E+001,  1.1736E+001,  2.0969E+001
  1.02500E+001,  1.1736E+001,  2.0978E+001
  1.02600E+001,  1.1745E+001,  2.0969E+001
  1.02700E+001,  1.1736E+001,  2.0969E+001
  1.02800E+001,  1.1745E+001,  2.0969E+001
  1.02900E+001,  1.1736E+001,  2.0969E+001
  1.03000E+001,  1.1727E+001,  2.0969E+001
  1.03100E+001,  1.1727E+001,  2.0969E+001
  1.03200E+001,  1.1736E+001,  2.0969E+001
  1.03300E+001,  1.1745E+001,  2.0969E+001
  1.03400E+001,  1.1736E+001,  2.0978E+001
  1.03500E+001,  1.1745E+001,  2.0978E+001
  1.03600E+001,  1.1745E+001,  2.0978E+001
  1.03700E+001,  1.1736E+001,  2.0978E+001
  1.03800E+001,  1.1736E+001,  2.0969E+001
  1.03900E+001,  1.1736E+001,  2.0969E+001
  1.04000E+001,  1.1736E+001,  2.0969E+001
  1.04100E+001,  1.1736E+001,  2.0969E+001
  1.04200E+001,  1.1745E+001,  2.0969E+001
  1.04300E+001,  1.1736E+001,  2.0978E+001
  1.04400E+001,  1.1736E+001,  2.0969E+001
  1.04500E+001,  1.1736E+001,  2.0969E+001
  1.04600E+001,  1.1745E+001,  2.0978E+001
  1.04700E+001,  1.1745E+001,  2.0978E+001
  1.04800E+001,  1.1745E+001,  2.0969E+001
  1.04900E+001,  1.1736E+001,  2.0969E+001
  1.05000E+001,  1.1736E+001,  2.0969E+001
  1.05100E+001,  1.1736E+001,  2.0969E+001
  1.05200E+001,  1.1736E+001,  2.0959E+001
  1.05300E+001,  1.1736E+001,  2.0978E+001
  1.05400E+001,  1.1736E+001,  2.0969E+001
  1.05500E+001,  1.1736E+001,  2.0969E+001
  1.05600E+001,  1.1745E+001,  2.0969E+001
  1.05700E+001,  1.1736E+001,  2.0969E+001
  1.05800E+001,  1.1736E+001,  2.0969E+001
  1.05900E+001,  1.1736E+001,  2.0969E+001
  1.06000E+001,  1.1736E+001,  2.0969E+001
  1.06100E+001,  1.1745E+001,  2.0969E+001
  1.06200E+001,  1.1754E+001,  2.0969E+001
  1.06300E+001,  1.1745E+001,  2.0969E+001
  1.06400E+001,  1.1736E+001,  2.0969E+001
  1.06500E+001,  1.1736E+001,  2.0969E+001
  1.06600E+001,  1.1745E+001,  2.0969E+001
  1.06700E+001,  1.1745E+001,  2.0969E+001
  1.06800E+001,  1.1736E+001,  2.0969E+001
  1.06900E+001,  1.1736E+001,  2.0978E+001
  1.07000E+001,  1.1736E+001,  2.0978E+001
  1.07100E+001,  1.1745E+001,  2.0978E+001
  1.07200E+001,  1.1745E+001,  2.0969E+001
  1.07300E+001,  1.1736E+001,  2.0978E+001
  1.07400E+001,  1.1727E+001,  2.0969E+001
  1.07500E+001,  1.1736E+001,  2.0969E+001
  1.07600E+001,  1.1736E+001,  2.0969E+001
  1.07700E+001,  1.1745E+001,  2.0969E+001
  1.07800E+001,  1.1736E+001,  2.0969E+001
  1.07900E+001,  1.1727E+001,  2.0959E+001
  1.08000E+001,  1.1736E+001,  2.0969E+001
  1.08100E+001,  1.1736E+001,  2.0969E+001
  1.08200E+001,  1.1745E+001,  2.0969E+001
  1.08300E+001,  1.1745E+001,  2.0969E+001
  1.08400E+001,  1.1736E+001,  2.0969E+001
  1.08500E+001,  1.1727E+001,  2.0969E+001
  1.08600E+001,  1.1736E+001,  2.0969E+001
  1.08700E+001,  1.1745E+001,  2.0969E+001
  1.08800E+001,  1.1745E+001,  2.0969E+001
  1.08900E+001,  1.1736E+001,  2.0969E+001
  1.09000E+001,  1.1736E+001,  2.0969E+001
  1.09100E+001,  1.1736E+001,  2.0969E+001
  1.09200E+001,  1.1745E+001,  2.0978E+001
  1.09300E+001,  1.1745E+001,  2.0978E+001
  1.09400E+001,  1.1745E+001,  2.0978E+001
  1.09500E+001,  1.1736E+001,  2.0969E+001
  1.09600E+001,  1.1745E+001,  2.0969E+001
  1.09700E+001,  1.1736E+001,  2.0969E+001
  1.09800E+001,  1.1745E+001,  2.0978E+001
  1.09900E+001,  1.1736E+001,  2.0978E+001
  1.10000E+001,  1.1727E+001,  2.0969E+001
  1.10100E+001,  1.1736E+001,  2.0969E+001
  1.10200E+001,  1.1745E+001,  2.0969E+001
  1.10300E+001,  1.1745E+001,  2.0978E+001
  1.10400E+001,  1.1736E+001,  2.0969E+001
  1.10500E+001,  1.1727E+001,  2.0969E+001
  1.10600E+001,  1.1736E+001,  2.0969E+001
  1.10700E+001,  1.1736E+001,  2.0969E+001
  1.10800E+001,  1.1736E+001,  2.0969E+001
  1.10900E+001,  1.1736E+001,  2.0969E+001
  1.11000E+001,  1.1727E+001,  2.0969E+001
  1.11100E+001,  1.1736E+001,  2.0969E+001
  1.11200E+001,  1.1736E+001,  2.0969E+001
  1.11300E+001,  1.1745E+001,  2.0978E+001
  1.11400E+001,  1.1736E+001,  2.0969E+001
  1.11500E+001,  1.1736E+001,  2.0969E+001
  1.11600E+001,  1.1727E+001,  2.0969E+001
  1.11700E+001,  1.1736E+001,  2.0969E+001
  1.11800E+001,  1.1745E+001,  2.0978E+001
  1.11900E+001,  1.1745E+001,  2.0978E+001
  1.12000E+001,  1.1736E+001,  2.0978E+001
  1.12100E+001,  1.1736E+001,  2.0987E+001
  1.12200E+001,  1.1736E+001,  2.0969E+001
  1.12300E+001,  1.1736E+001,  2.0969E+001
  1.12400E+001,  1.1745E+001,  2.0978E+001
  1.12500E+001,  1.1736E+001,  2.0969E+001
  1.12600E+001,  1.1736E+001,  2.0969E+001
  1.12700E+001,  1.1736E+001,  2.0969E+001
  1.12800E+001,  1.1745E+001,  2.0978E+001
  1.12900E+001,  1.1745E+001,  2.0978E+001
  1.13000E+001,  1.1736E+001,  2.0978E+001
  1.13100E+001,  1.1736E+001,  2.0978E+001
  1.13200E+001,  1.1727E+001,  2.0969E+001
  1.13300E+001,  1.1727E+001,  2.0969E+001
  1.13400E+001,  1.1736E+001,  2.0969E+001
  1.13500E+001,  1.1736E+001,  2.0969E+001
  1.13600E+001,  1.1736E+001,  2.0978E+001
  1.13700E+001,  1.1727E+001,  2.0969E+001
  1.13800E+001,  1.1727E+001,  2.0969E+001
  1.13900E+001,  1.1727E+001,  2.0969E+001
  1.14000E+001,  1.1736E+001,  2.0969E+001
  1.14100E+001,  1.1736E+001,  2.0969E+001
  1.14200E+001,  1.1736E+001,  2.0978E+001
  1.14300E+001,  1.1736E+001,  2.0978E+001
  1.14400E+001,  1.1736E+001,  2.0978E+001
  1.14500E+001,  1.1736E+001,  2.0969E+001
  1.14600E+001,  1.1736E+001,  2.0978E+001
  1.14700E+001,  1.1736E+001,  2.0978E+001
  1.14800E+001,  1.1736E+001,  2.0969E+001
  1.14900E+001,  1.1736E+001,  2.0978E+001
  1.15000E+001,  1.1736E+001,  2.0978E+001
  1.15100E+001,  1.1736E+001,  2.0978E+001
  1.15200E+001,  1.1736E+001,  2.0969E+001
  1.15300E+001,  1.1745E+001,  2.0978E+001
  1.15400E+001,  1.1736E+001,  2.0978E+001
  1.15500E+001,  1.1736E+001,  2.0969E+001
  1.15600E+001,  1.1745E+001,  2.0978E+001
  1.15700E+001,  1.1745E+001,  2.0978E+001
  1.15800E+001,  1.1736E+001,  2.0978E+001
  1.15900E+001,  1.1727E+001,  2.0969E+001
  1.16000E+001,  1.1727E+001,  2.0969E+001
  1.16100E+001,  1.1727E+001,  2.0969E+001
  1.16200E+001,  1.1745E+001,  2.0978E+001
  1.16300E+001,  1.1745E+001,  2.0978E+001
  1.16400E+001,  1.1736E+001,  2.0969E+001
  1.16500E+001,  1.1727E+001,  2.0969E+001
  1.16600E+001,  1.1736E+001,  2.0978E+001
  1.16700E+001,  1.1736E+001,  2.0969E+001
  1.16800E+001,  1.1736E+001,  2.0969E+001
  1.16900E+001,  1.1736E+001,  2.0969E+001
  1.17000E+001,  1.1727E+001,  2.0978E+001
  1.17100E+001,  1.1736E+001,  2.0969E+001
  1.17200E+001,  1.1745E+001,  2.0978E+001
  1.17300E+001,  1.1736E+001,  2.0978E+001
  1.17400E+001,  1.1736E+001,  2.0978E+001
  1.17500E+001,  1.1736E+001,  2.0978E+001
  1.17600E+001,  1.1736E+001,  2.0969E+001
  1.17700E+001,  1.1745E+001,  2.0978E+001
  1.17800E+001,  1.1745E+001,  2.0978E+001
  1.17900E+001,  1.1736E+001,  2.0969E+001
  1.18000E+001,  1.1727E+001,  2.0969E+001
  1.18100E+001,  1.1736E+001,  2.0978E+001
  1.18200E+001,  1.1745E+001,  2.0978E+001
  1.18300E+001,  1.1736E+001,  2.0978E+001
  1.18400E+001,  1.1736E+001,  2.0969E+001
  1.18500E+001,  1.1727E+001,  2.0969E+001
  1.18600E+001,  1.1727E+001,  2.0969E+001
  1.18700E+001,  1.1736E+001,  2.0978E+001
  1.18800E+001,  1.1736E+001,  2.0978E+001
  1.18900E+001,  1.1736E+001,  2.0978E+001
  1.19000E+001,  1.1736E+001,  2.0978E+001
  1.19100E+001,  1.1736E+001,  2.0978E+001
  1.19200E+001,  1.1736E+001,  2.0969E+001
  1.19300E+001,  1.1736E+001,  2.0969E+001
  1.19400E+001,  1.1736E+001,  2.0969E+001
  1.19500E+001,  1.1727E+001,  2.0969E+001
  1.19600E+001,  1.1736E+001,  2.0978E+001
  1.19700E+001,  1.1736E+001,  2.0969E+001
  1.19800E+001,  1.1736E+001,  2.0969E+001
  1.19900E+001,  1.1736E+001,  2.0978E+001
  1.20000E+001,  1.1736E+001,  2.0978E+001
  1.20100E+001,  1.1745E+001,  2.0978E+001
  1.20200E+001,  1.1736E+001,  2.0978E+001
  1.20300E+001,  1.1736E+001,  2.0978E+001
  1.20400E+001,  1.1736E+001,  2.0978E+001
  1.20500E+001,  1.1727E+001,  2.0969E+001
  1.20600E+001,  1.1736E+001,  2.0969E+001
  1.20700E+001,  1.1736E+001,  2.0969E+001
  1.20800E+001,  1.1736E+001,  2.0978E+001
  1.20900E+001,  1.1736E+001,  2.0969E+001
  1.21000E+001,  1.1736E+001,  2.0978E+001
  1.21100E+001,  1.1736E+001,  2.0978E+001
  1.21200E+001,  1.1736E+001,  2.0969E+001
  1.21300E+001,  1.1736E+001,  2.0978E+001
  1.21400E+001,  1.1727E+001,  2.0969E+001
  1.21500E+001,  1.1727E+001,  2.0969E+001
  1.21600E+001,  1.1727E+001,  2.0969E+001
  1.21700E+001,  1.1736E+001,  2.0969E+001
  1.21800E+001,  1.1736E+001,  2.0978E+001
  1.21900E+001,  1.1736E+001,  2.0969E+001
  1.22000E+001,  1.1736E+001,  2.0969E+001
  1.22100E+001,  1.1736E+001,  2.0978E+001
  1.22200E+001,  1.1736E+001,  2.0969E+001
  1.22300E+001,  1.1736E+001,  2.0969E+001
  1.22400E+001,  1.1736E+001,  2.0978E+001
  1.22500E+001,  1.1736E+001,  2.0969E+001
  1.22600E+001,  1.1745E+001,  2.0978E+001
  1.22700E+001,  1.1736E+001,  2.0978E+001
  1.22800E+001,  1.1736E+001,  2.0978E+001
  1.22900E+001,  1.1736E+001,  2.0978E+001
  1.23000E+001,  1.1736E+001,  2.0978E+001
  1.23100E+001,  1.1736E+001,  2.0978E+001
  1.23200E+001,  1.1736E+001,  2.0969E+001
  1.23300E+001,  1.1736E+001,  2.0978E+001
  1.23400E+001,  1.1736E+001,  2.0978E+001
  1.23500E+001,  1.1736E+001,  2.0969E+001
  1.23600E+001,  1.1736E+001,  2.0978E+001
  1.23700E+001,  1.1736E+001,  2.0969E+001
  1.23800E+001,  1.1736E+001,  2.0969E+001
  1.23900E+001,  1.1736E+001,  2.0978E+001
  1.24000E+001,  1.1727E+001,  2.0969E+001
  1.24100E+001,  1.1727E+001,  2.0969E+001
  1.24200E+001,  1.1727E+001,  2.0969E+001
  1.24300E+001,  1.1736E+001,  2.0978E+001
  1.24400E+001,  1.1736E+001,  2.0969E+001
  1.24500E+001,  1.1727E+001,  2.0978E+001
  1.24600E+001,  1.1736E+001,  2.0978E+001
  1.24700E+001,  1.1736E+001,  2.0978E+001
  1.24800E+001,  1.1745E+001,  2.0978E+001
  1.24900E+001,  1.1736E+001,  2.0969E+001
  1.25000E+001,  1.1736E+001,  2.0969E+001
  1.25100E+001,  1.1736E+001,  2.0969E+001
  1.25200E+001,  1.1745E+001,  2.0978E+001
  1.25300E+001,  1.1736E+001,  2.0978E+001
  1.25400E+001,  1.1736E+001,  2.0978E+001
  1.25500E+001,  1.1736E+001,  2.0978E+001
  1.25600E+001,  1.1736E+001,  2.0978E+001
  1.25700E+001,  1.1736E+001,  2.0978E+001
  1.25800E+001,  1.1736E+001,  2.0969E+001
  1.25900E+001,  1.1736E+001,  2.0969E+001
  1.26000E+001,  1.1727E+001,  2.0969E+001
  1.26100E+001,  1.1736E+001,  2.0969E+001
  1.26200E+001,  1.1736E+001,  2.0969E+001
  1.26300E+001,  1.1736E+001,  2.0978E+001
  1.26400E+001,  1.1736E+001,  2.0969E+001
  1.26500E+001,  1.1736E+001,  2.0969E+001
  1.26600E+001,  1.1727E+001,  2.0969E+001
  1.26700E+001,  1.1736E+001,  2.0969E+001
  1.26800E+001,  1.1727E+001,  2.0969E+001
  1.26900E+001,  1.1727E+001,  2.0969E+001
  1.27000E+001,  1.1727E+001,  2.0969E+001
  1.27100E+001,  1.1736E+001,  2.0978E+001
  1.27200E+001,  1.1745E+001,  2.0969E+001
  1.27300E+001,  1.1745E+001,  2.0978E+001
  1.27400E+001,  1.1736E+001,  2.0978E+001
  1.27500E+001,  1.1736E+001,  2.0978E+001
  1.27600E+001,  1.1736E+001,  2.0978E+001
  1.27700E+001,  1.1745E+001,  2.0969E+001
  1.27800E+001,  1.1736E+001,  2.0978E+001
  1.27900E+001,  1.1736E+001,  2.0978E+001
  1.28000E+001,  1.1736E+001,  2.0969E+001
  1.28100E+001,  1.1736E+001,  2.0969E+001
  1.28200E+001,  1.1736E+001,  2.0978E+001
  1.28300E+001,  1.1736E+001,  2.0978E+001
  1.28400E+001,  1.1736E+001,  2.0978E+001
  1.28500E+001,  1.1727E+001,  2.0969E+001
  1.28600E+001,  1.1745E+001,  2.0978E+001
  1.28700E+001,  1.1736E+001,  2.0969E+001
  1.28800E+001,  1.1736E+001,  2.0969E+001
  1.28900E+001,  1.1727E+001,  2.0969E+001
  1.29000E+001,  1.1727E+001,  2.0969E+001
  1.29100E+001,  1.1736E+001,  2.0969E+001
  1.29200E+001,  1.1736E+001,  2.0978E+001
  1.29300E+001,  1.1736E+001,  2.0969E+001
  1.29400E+001,  1.1727E+001,  2.0969E+001
  1.29500E+001,  1.1736E+001,  2.0969E+001
  1.29600E+001,  1.1727E+001,  2.0978E+001
  1.29700E+001,  1.1736E+001,  2.0969E+001
  1.29800E+001,  1.1736E+001,  2.0978E+001
  1.29900E+001,  1.1736E+001,  2.0978E+001
  1.30000E+001,  1.1736E+001,  2.0978E+001
  1.30100E+001,  1.1736E+001,  2.0978E+001
  1.30200E+001,  1.1736E+001,  2.0978E+001
  1.30300E+001,  1.1736E+001,  2.0969E+001
  1.30400E+001,  1.1727E+001,  2.0969E+001
  1.30500E+001,  1.1727E+001,  2.0969E+001
  1.30600E+001,  1.1727E+001,  2.0969E+001
  1.30700E+001,  1.1745E+001,  2.0978E+001
  1.30800E+001,  1.1736E+001,  2.0969E+001
  1.30900E+001,  1.1736E+001,  2.0978E+001
  1.31000E+001,  1.1727E+001,  2.0969E+001
  1.31100E+001,  1.1736E+001,  2.0978E+001
  1.31200E+001,  1.1727E+001,  2.0978E+001
  1.31300E+001,  1.1736E+001,  2.0969E+001
  1.31400E+001,  1.1736E+001,  2.0969E+001
  1.31500E+001,  1.1727E+001,  2.0969E+001
  1.31600E+001,  1.1727E+001,  2.0978E+001
  1.31700E+001,  1.1736E+001,  2.0969E+001
  1.31800E+001,  1.1727E+001,  2.0969E+001
  1.31900E+001,  1.1736E+001,  2.0969E+001
  1.32000E+001,  1.1736E+001,  2.0978E+001
