# [Parameters]
# Name = 'firc'
# ShotNo = 176727
# Date = '01/22/2022 01:19'
# 
# DimNo = 1
# DimName = 'Time'
# DimSize = 1311
# DimUnit = 's'
# 
# ValNo = 2
# ValName = 'nL(3669)', 'nL(3759)'
# ValUnit = 'e19m-2', 'e19m-2'
# [Comments]
#  
# [data]
  1.00000E-001, -6.1721E-003, -3.0252E-003
  1.10000E-001,  2.9041E-003, -3.0252E-003
  1.20000E-001,  2.9041E-003,  6.0863E-003
  1.30000E-001,  2.9041E-003,  6.0863E-003
  1.40000E-001,  2.9041E-003, -3.0252E-003
  1.50000E-001, -6.1721E-003, -3.0252E-003
  1.60000E-001,  2.9041E-003, -3.0252E-003
  1.70000E-001, -6.1721E-003, -3.0252E-003
  1.80000E-001, -6.1721E-003, -1.2137E-002
  1.90000E-001, -6.1721E-003, -3.0252E-003
  2.00000E-001, -1.5247E-002, -3.0252E-003
  2.10000E-001, -6.1721E-003, -3.0252E-003
  2.20000E-001,  2.9041E-003,  6.0863E-003
  2.30000E-001, -6.1721E-003,  6.0863E-003
  2.40000E-001,  2.9041E-003, -3.0252E-003
  2.50000E-001,  2.9041E-003, -3.0252E-003
  2.60000E-001,  2.9041E-003, -3.0252E-003
  2.70000E-001,  2.9041E-003,  6.0863E-003
  2.80000E-001,  2.9041E-003, -3.0252E-003
  2.90000E-001,  2.9041E-003, -3.0252E-003
  3.00000E-001, -6.1721E-003,  6.0863E-003
  3.10000E-001,  2.9041E-003,  6.0863E-003
  3.20000E-001, -6.1721E-003, -3.0252E-003
  3.30000E-001, -6.1721E-003,  6.0863E-003
  3.40000E-001,  2.9041E-003, -3.0252E-003
  3.50000E-001,  2.9041E-003, -3.0252E-003
  3.60000E-001, -6.1721E-003, -3.0252E-003
  3.70000E-001,  2.9041E-003, -3.0252E-003
  3.80000E-001, -6.1721E-003,  6.0863E-003
  3.90000E-001, -6.1721E-003, -3.0252E-003
  4.00000E-001, -6.1721E-003, -3.0252E-003
  4.10000E-001, -6.1721E-003, -3.0252E-003
  4.20000E-001, -6.1721E-003, -3.0252E-003
  4.30000E-001, -6.1721E-003, -1.2137E-002
  4.40000E-001,  2.9041E-003,  6.0863E-003
  4.50000E-001,  2.9041E-003, -3.0252E-003
  4.60000E-001,  2.9041E-003,  6.0863E-003
  4.70000E-001,  2.9041E-003,  6.0863E-003
  4.80000E-001, -6.1721E-003,  6.0863E-003
  4.90000E-001,  1.1979E-002,  6.0863E-003
  5.00000E-001,  2.9041E-003,  6.0863E-003
  5.10000E-001,  1.1979E-002,  6.0863E-003
  5.20000E-001,  2.9041E-003, -3.0252E-003
  5.30000E-001, -6.1721E-003, -1.2137E-002
  5.40000E-001, -6.1721E-003, -3.0252E-003
  5.50000E-001,  2.9041E-003, -3.0252E-003
  5.60000E-001,  1.1979E-002,  6.0863E-003
  5.70000E-001,  2.9041E-003,  6.0863E-003
  5.80000E-001,  1.1979E-002,  6.0863E-003
  5.90000E-001,  2.1055E-002,  6.0863E-003
  6.00000E-001,  2.9041E-003,  6.0863E-003
  6.10000E-001,  2.9041E-003,  6.0863E-003
  6.20000E-001, -6.1721E-003, -3.0252E-003
  6.30000E-001, -6.1721E-003, -1.2137E-002
  6.40000E-001, -6.1721E-003, -1.2137E-002
  6.50000E-001, -6.1721E-003, -3.0252E-003
  6.60000E-001, -6.1721E-003, -3.0252E-003
  6.70000E-001, -6.1721E-003, -3.0252E-003
  6.80000E-001, -6.1721E-003, -1.2137E-002
  6.90000E-001,  2.9041E-003,  6.0863E-003
  7.00000E-001,  2.9041E-003,  6.0863E-003
  7.10000E-001,  2.9041E-003, -3.0252E-003
  7.20000E-001, -6.1721E-003, -3.0252E-003
  7.30000E-001, -6.1721E-003, -3.0252E-003
  7.40000E-001,  2.9041E-003, -3.0252E-003
  7.50000E-001,  2.9041E-003, -1.2137E-002
  7.60000E-001, -6.1721E-003,  6.0863E-003
  7.70000E-001,  2.9041E-003, -3.0252E-003
  7.80000E-001,  2.9041E-003,  6.0863E-003
  7.90000E-001,  1.1979E-002,  6.0863E-003
  8.00000E-001,  2.9041E-003,  6.0863E-003
  8.10000E-001,  2.9041E-003,  6.0863E-003
  8.20000E-001,  2.9041E-003,  6.0863E-003
  8.30000E-001, -6.1721E-003,  6.0863E-003
  8.40000E-001, -6.1721E-003, -3.0252E-003
  8.50000E-001,  1.1979E-002, -3.0252E-003
  8.60000E-001,  2.9041E-003, -3.0252E-003
  8.70000E-001,  2.9041E-003,  6.0863E-003
  8.80000E-001, -6.1721E-003, -3.0252E-003
  8.90000E-001, -6.1721E-003, -3.0252E-003
  9.00000E-001, -6.1721E-003, -1.2137E-002
  9.10000E-001,  2.9041E-003, -3.0252E-003
  9.20000E-001,  1.1979E-002,  6.0863E-003
  9.30000E-001,  2.9041E-003,  6.0863E-003
  9.40000E-001,  2.9041E-003,  6.0863E-003
  9.50000E-001, -6.1721E-003, -3.0252E-003
  9.60000E-001, -6.1721E-003, -3.0252E-003
  9.70000E-001, -6.1721E-003, -3.0252E-003
  9.80000E-001, -6.1721E-003, -3.0252E-003
  9.90000E-001, -6.1721E-003, -3.0252E-003
  1.00000E+000, -6.1721E-003, -3.0252E-003
  1.01000E+000,  2.9041E-003,  6.0863E-003
  1.02000E+000,  2.9041E-003,  6.0863E-003
  1.03000E+000,  2.9041E-003,  6.0863E-003
  1.04000E+000,  2.9041E-003,  6.0863E-003
  1.05000E+000,  1.1979E-002,  6.0863E-003
  1.06000E+000,  1.1979E-002,  1.5199E-002
  1.07000E+000,  1.1979E-002,  6.0863E-003
  1.08000E+000, -6.1721E-003,  6.0863E-003
  1.09000E+000, -6.1721E-003, -3.0252E-003
  1.10000E+000, -6.1721E-003, -3.0252E-003
  1.11000E+000, -6.1721E-003, -3.0252E-003
  1.12000E+000,  1.1979E-002, -3.0252E-003
  1.13000E+000,  2.9041E-003,  6.0863E-003
  1.14000E+000,  2.9041E-003,  6.0863E-003
  1.15000E+000, -6.1721E-003,  6.0863E-003
  1.16000E+000,  2.9041E-003,  6.0863E-003
  1.17000E+000,  2.9041E-003,  6.0863E-003
  1.18000E+000, -6.1721E-003,  6.0863E-003
  1.19000E+000,  2.9041E-003,  6.0863E-003
  1.20000E+000, -6.1721E-003, -3.0252E-003
  1.21000E+000, -6.1721E-003, -3.0252E-003
  1.22000E+000, -6.1721E-003, -3.0252E-003
  1.23000E+000, -1.5247E-002, -1.2137E-002
  1.24000E+000, -6.1721E-003, -3.0252E-003
  1.25000E+000,  2.9041E-003, -3.0252E-003
  1.26000E+000,  2.9041E-003,  6.0863E-003
  1.27000E+000,  2.9041E-003, -3.0252E-003
  1.28000E+000,  2.9041E-003, -3.0252E-003
  1.29000E+000, -1.5247E-002,  6.0863E-003
  1.30000E+000, -6.1721E-003,  6.0863E-003
  1.31000E+000,  2.9041E-003,  6.0863E-003
  1.32000E+000,  1.1979E-002,  6.0863E-003
  1.33000E+000,  2.9041E-003, -3.0252E-003
  1.34000E+000, -6.1721E-003, -3.0252E-003
  1.35000E+000, -6.1721E-003, -3.0252E-003
  1.36000E+000,  2.9041E-003,  6.0863E-003
  1.37000E+000,  2.9041E-003, -3.0252E-003
  1.38000E+000,  2.9041E-003,  6.0863E-003
  1.39000E+000,  1.1979E-002,  6.0863E-003
  1.40000E+000,  1.1979E-002,  6.0863E-003
  1.41000E+000,  2.9041E-003,  6.0863E-003
  1.42000E+000, -6.1721E-003, -3.0252E-003
  1.43000E+000, -6.1721E-003, -3.0252E-003
  1.44000E+000, -6.1721E-003, -3.0252E-003
  1.45000E+000, -6.1721E-003, -3.0252E-003
  1.46000E+000, -6.1721E-003,  6.0863E-003
  1.47000E+000, -6.1721E-003, -3.0252E-003
  1.48000E+000,  2.9041E-003,  6.0863E-003
  1.49000E+000, -6.1721E-003,  6.0863E-003
  1.50000E+000,  2.9041E-003,  6.0863E-003
  1.51000E+000, -6.1721E-003, -3.0252E-003
  1.52000E+000,  2.9041E-003,  6.0863E-003
  1.53000E+000, -6.1721E-003, -3.0252E-003
  1.54000E+000,  2.9041E-003, -3.0252E-003
  1.55000E+000, -6.1721E-003, -1.2137E-002
  1.56000E+000, -6.1721E-003, -3.0252E-003
  1.57000E+000, -6.1721E-003, -3.0252E-003
  1.58000E+000, -6.1721E-003,  6.0863E-003
  1.59000E+000, -6.1721E-003, -3.0252E-003
  1.60000E+000,  2.9041E-003,  6.0863E-003
  1.61000E+000,  1.1979E-002,  6.0863E-003
  1.62000E+000,  2.9041E-003,  6.0863E-003
  1.63000E+000,  2.9041E-003,  6.0863E-003
  1.64000E+000, -6.1721E-003, -3.0252E-003
  1.65000E+000, -6.1721E-003, -3.0252E-003
  1.66000E+000, -6.1721E-003, -3.0252E-003
  1.67000E+000,  2.9041E-003, -3.0252E-003
  1.68000E+000, -6.1721E-003, -3.0252E-003
  1.69000E+000, -6.1721E-003, -1.2137E-002
  1.70000E+000,  2.9041E-003, -3.0252E-003
  1.71000E+000, -6.1721E-003, -3.0252E-003
  1.72000E+000,  2.9041E-003,  6.0863E-003
  1.73000E+000,  2.9041E-003, -3.0252E-003
  1.74000E+000,  2.9041E-003,  6.0863E-003
  1.75000E+000, -6.1721E-003, -3.0252E-003
  1.76000E+000, -6.1721E-003, -3.0252E-003
  1.77000E+000, -6.1721E-003, -3.0252E-003
  1.78000E+000, -6.1721E-003, -1.2137E-002
  1.79000E+000, -6.1721E-003, -3.0252E-003
  1.80000E+000,  2.9041E-003, -3.0252E-003
  1.81000E+000,  2.9041E-003,  6.0863E-003
  1.82000E+000,  2.9041E-003, -3.0252E-003
  1.83000E+000, -6.1721E-003,  6.0863E-003
  1.84000E+000, -6.1721E-003,  6.0863E-003
  1.85000E+000, -6.1721E-003,  6.0863E-003
  1.86000E+000,  2.9041E-003, -3.0252E-003
  1.87000E+000,  2.9041E-003, -3.0252E-003
  1.88000E+000,  2.9041E-003, -3.0252E-003
  1.89000E+000,  2.9041E-003, -3.0252E-003
  1.90000E+000, -6.1721E-003, -3.0252E-003
  1.91000E+000, -6.1721E-003,  6.0863E-003
  1.92000E+000,  2.9041E-003, -3.0252E-003
  1.93000E+000, -6.1721E-003,  6.0863E-003
  1.94000E+000,  2.9041E-003,  6.0863E-003
  1.95000E+000,  1.1979E-002,  6.0863E-003
  1.96000E+000,  1.1979E-002,  6.0863E-003
  1.97000E+000,  2.9041E-003,  6.0863E-003
  1.98000E+000, -6.1721E-003, -3.0252E-003
  1.99000E+000, -6.1721E-003, -3.0252E-003
  2.00000E+000, -6.1721E-003, -3.0252E-003
  2.01000E+000, -6.1721E-003, -3.0252E-003
  2.02000E+000,  2.9041E-003, -3.0252E-003
  2.03000E+000, -6.1721E-003, -3.0252E-003
  2.04000E+000, -6.1721E-003, -3.0252E-003
  2.05000E+000, -6.1721E-003,  6.0863E-003
  2.06000E+000,  2.9041E-003,  6.0863E-003
  2.07000E+000,  2.9041E-003, -3.0252E-003
  2.08000E+000, -6.1721E-003, -3.0252E-003
  2.09000E+000,  2.9041E-003,  6.0863E-003
  2.10000E+000, -6.1721E-003, -3.0252E-003
  2.11000E+000,  2.9041E-003, -3.0252E-003
  2.12000E+000, -6.1721E-003, -3.0252E-003
  2.13000E+000, -6.1721E-003, -3.0252E-003
  2.14000E+000, -6.1721E-003, -3.0252E-003
  2.15000E+000,  2.9041E-003, -3.0252E-003
  2.16000E+000,  1.1979E-002,  6.0863E-003
  2.17000E+000,  1.1979E-002, -3.0252E-003
  2.18000E+000, -6.1721E-003, -3.0252E-003
  2.19000E+000,  2.9041E-003,  6.0863E-003
  2.20000E+000,  2.9041E-003, -3.0252E-003
  2.21000E+000,  2.9041E-003,  6.0863E-003
  2.22000E+000,  1.1979E-002, -3.0252E-003
  2.23000E+000,  2.9041E-003,  6.0863E-003
  2.24000E+000,  2.9041E-003, -3.0252E-003
  2.25000E+000, -1.5247E-002, -3.0252E-003
  2.26000E+000, -6.1721E-003, -3.0252E-003
  2.27000E+000,  2.9041E-003, -3.0252E-003
  2.28000E+000,  2.9041E-003,  6.0863E-003
  2.29000E+000,  2.9041E-003, -3.0252E-003
  2.30000E+000,  1.1979E-002,  6.0863E-003
  2.31000E+000,  2.9041E-003, -3.0252E-003
  2.32000E+000,  1.1979E-002, -3.0252E-003
  2.33000E+000, -6.1721E-003, -1.2137E-002
  2.34000E+000, -6.1721E-003, -3.0252E-003
  2.35000E+000,  2.9041E-003, -1.2137E-002
  2.36000E+000, -6.1721E-003, -3.0252E-003
  2.37000E+000, -6.1721E-003,  6.0863E-003
  2.38000E+000, -6.1721E-003, -3.0252E-003
  2.39000E+000,  2.9041E-003,  6.0863E-003
  2.40000E+000,  2.9041E-003, -3.0252E-003
  2.41000E+000,  1.1979E-002,  6.0863E-003
  2.42000E+000,  2.9041E-003,  6.0863E-003
  2.43000E+000,  1.1979E-002, -3.0252E-003
  2.44000E+000,  2.9041E-003, -3.0252E-003
  2.45000E+000,  2.9041E-003, -3.0252E-003
  2.46000E+000,  2.9041E-003, -3.0252E-003
  2.47000E+000,  1.1979E-002,  6.0863E-003
  2.48000E+000,  2.9041E-003, -3.0252E-003
  2.49000E+000,  1.1979E-002,  6.0863E-003
  2.50000E+000,  2.9041E-003,  6.0863E-003
  2.51000E+000,  2.1055E-002,  6.0863E-003
  2.52000E+000,  2.9041E-003,  6.0863E-003
  2.53000E+000,  2.9041E-003,  6.0863E-003
  2.54000E+000, -1.5247E-002,  6.0863E-003
  2.55000E+000,  2.9041E-003, -3.0252E-003
  2.56000E+000,  2.9041E-003, -3.0252E-003
  2.57000E+000,  2.9041E-003, -3.0252E-003
  2.58000E+000, -6.1721E-003, -3.0252E-003
  2.59000E+000, -6.1721E-003, -3.0252E-003
  2.60000E+000, -6.1721E-003, -1.2137E-002
  2.61000E+000, -6.1721E-003, -3.0252E-003
  2.62000E+000, -6.1721E-003, -3.0252E-003
  2.63000E+000,  2.9041E-003, -3.0252E-003
  2.64000E+000,  2.9041E-003, -3.0252E-003
  2.65000E+000,  2.9041E-003, -3.0252E-003
  2.66000E+000, -6.1721E-003, -3.0252E-003
  2.67000E+000,  2.9041E-003,  6.0863E-003
  2.68000E+000,  2.9041E-003, -3.0252E-003
  2.69000E+000,  2.9041E-003,  6.0863E-003
  2.70000E+000,  1.1979E-002, -3.0252E-003
  2.71000E+000,  2.9041E-003, -3.0252E-003
  2.72000E+000, -6.1721E-003,  6.0863E-003
  2.73000E+000,  1.1979E-002, -3.0252E-003
  2.74000E+000,  1.1979E-002,  6.0863E-003
  2.75000E+000,  2.9041E-003,  6.0863E-003
  2.76000E+000,  1.1979E-002,  6.0863E-003
  2.77000E+000,  1.1979E-002,  6.0863E-003
  2.78000E+000,  1.1979E-002,  6.0863E-003
  2.79000E+000,  1.1979E-002,  6.0863E-003
  2.80000E+000, -6.1721E-003, -3.0252E-003
  2.81000E+000, -6.1721E-003, -3.0252E-003
  2.82000E+000, -6.1721E-003, -3.0252E-003
  2.83000E+000, -6.1721E-003, -3.0252E-003
  2.84000E+000,  2.9041E-003,  6.0863E-003
  2.85000E+000,  2.9041E-003, -3.0252E-003
  2.86000E+000,  2.9041E-003, -3.0252E-003
  2.87000E+000, -6.1721E-003, -3.0252E-003
  2.88000E+000,  2.9041E-003, -3.0252E-003
  2.89000E+000,  2.9041E-003,  6.0863E-003
  2.90000E+000,  2.9041E-003, -3.0252E-003
  2.91000E+000, -6.1721E-003, -3.0252E-003
  2.92000E+000, -6.1721E-003, -3.0252E-003
  2.93000E+000,  2.9041E-003, -3.0252E-003
  2.94000E+000,  2.9041E-003, -3.0252E-003
  2.95000E+000, -6.1721E-003, -3.0252E-003
  2.96000E+000,  2.9041E-003,  6.0863E-003
  2.97000E+000,  2.9041E-003,  6.0863E-003
  2.98000E+000,  1.1979E-002,  6.0863E-003
  2.99000E+000,  1.1979E-002,  6.0863E-003
  3.00000E+000,  2.9041E-003,  6.0863E-003
  3.01000E+000,  2.5702E-001,  2.6122E-001
  3.02000E+000,  2.8425E-001,  2.9767E-001
  3.03000E+000,  3.1148E-001,  3.2500E-001
  3.04000E+000,  3.2963E-001,  3.5234E-001
  3.05000E+000,  3.4778E-001,  3.7056E-001
  3.06000E+000,  3.7501E-001,  3.8878E-001
  3.07000E+000,  3.8408E-001,  4.0701E-001
  3.08000E+000,  3.9316E-001,  4.1612E-001
  3.09000E+000,  4.0223E-001,  4.2523E-001
  3.10000E+000,  4.1131E-001,  4.2523E-001
  3.11000E+000,  4.2038E-001,  4.4345E-001
  3.12000E+000,  4.1131E-001,  4.4345E-001
  3.13000E+000,  4.1131E-001,  4.3434E-001
  3.14000E+000,  4.1131E-001,  4.3434E-001
  3.15000E+000,  4.0223E-001,  4.2523E-001
  3.16000E+000,  3.9316E-001,  4.1612E-001
  3.17000E+000,  3.9316E-001,  4.1612E-001
  3.18000E+000,  3.8408E-001,  4.0701E-001
  3.19000E+000,  3.9316E-001,  4.0701E-001
  3.20000E+000,  3.8408E-001,  4.0701E-001
  3.21000E+000,  3.9316E-001,  4.0701E-001
  3.22000E+000,  3.9316E-001,  4.1612E-001
  3.23000E+000,  3.8408E-001,  4.0701E-001
  3.24000E+000,  3.8408E-001,  4.0701E-001
  3.25000E+000,  3.7501E-001,  3.9790E-001
  3.26000E+000,  3.8408E-001,  4.0701E-001
  3.27000E+000,  3.8408E-001,  4.0701E-001
  3.28000E+000,  3.9316E-001,  4.1612E-001
  3.29000E+000,  3.8408E-001,  4.1612E-001
  3.30000E+000,  3.9316E-001,  4.1612E-001
  3.31000E+000,  4.2946E-001,  4.6168E-001
  3.32000E+000,  7.1081E-001,  7.1681E-001
  3.33000E+000,  1.2190E+000,  1.1997E+000
  3.34000E+000,  1.7908E+000,  1.8193E+000
  3.35000E+000,  2.2990E+000,  2.5118E+000
  3.36000E+000,  3.0977E+000,  3.0221E+000
  3.37000E+000,  3.5878E+000,  3.2863E+000
  3.38000E+000,  3.8056E+000,  3.4959E+000
  3.39000E+000,  3.6422E+000,  3.5324E+000
  3.40000E+000,  3.7058E+000,  3.7055E+000
  3.41000E+000,  3.7965E+000,  3.8331E+000
  3.42000E+000,  3.6332E+000,  3.7055E+000
  3.43000E+000,  3.4517E+000,  3.5597E+000
  3.44000E+000,  3.3337E+000,  3.4504E+000
  3.45000E+000,  3.2883E+000,  3.3957E+000
  3.46000E+000,  3.3064E+000,  3.4048E+000
  3.47000E+000,  3.3700E+000,  3.4504E+000
  3.48000E+000,  3.4607E+000,  3.5324E+000
  3.49000E+000,  3.5696E+000,  3.6235E+000
  3.50000E+000,  3.6785E+000,  3.7146E+000
  3.51000E+000,  3.7875E+000,  3.8148E+000
  3.52000E+000,  3.8873E+000,  3.9242E+000
  3.53000E+000,  3.9962E+000,  4.0153E+000
  3.54000E+000,  4.1051E+000,  4.1155E+000
  3.55000E+000,  4.2140E+000,  4.2249E+000
  3.56000E+000,  4.3229E+000,  4.3251E+000
  3.57000E+000,  4.4500E+000,  4.4253E+000
  3.58000E+000,  4.5498E+000,  4.5438E+000
  3.59000E+000,  4.6496E+000,  4.6440E+000
  3.60000E+000,  4.7495E+000,  4.7351E+000
  3.61000E+000,  4.8493E+000,  4.8354E+000
  3.62000E+000,  4.9491E+000,  4.9356E+000
  3.63000E+000,  5.0490E+000,  5.0358E+000
  3.64000E+000,  5.1579E+000,  5.1452E+000
  3.65000E+000,  5.2577E+000,  5.2363E+000
  3.66000E+000,  5.3575E+000,  5.3365E+000
  3.67000E+000,  5.4574E+000,  5.4367E+000
  3.68000E+000,  5.5572E+000,  5.5461E+000
  3.69000E+000,  5.6570E+000,  5.6463E+000
  3.70000E+000,  5.7387E+000,  5.7283E+000
  3.71000E+000,  5.8386E+000,  5.8194E+000
  3.72000E+000,  5.9475E+000,  5.9197E+000
  3.73000E+000,  6.0291E+000,  6.0108E+000
  3.74000E+000,  6.1199E+000,  6.1019E+000
  3.75000E+000,  6.2107E+000,  6.1839E+000
  3.76000E+000,  6.3105E+000,  6.2841E+000
  3.77000E+000,  6.4012E+000,  6.3844E+000
  3.78000E+000,  6.4920E+000,  6.4664E+000
  3.79000E+000,  6.5737E+000,  6.5484E+000
  3.80000E+000,  6.6463E+000,  6.6304E+000
  3.81000E+000,  6.7280E+000,  6.7306E+000
  3.82000E+000,  6.8097E+000,  6.8035E+000
  3.83000E+000,  6.8823E+000,  6.8764E+000
  3.84000E+000,  6.9821E+000,  6.9675E+000
  3.85000E+000,  7.0456E+000,  7.0495E+000
  3.86000E+000,  7.1364E+000,  7.1498E+000
  3.87000E+000,  7.2362E+000,  7.2409E+000
  3.88000E+000,  7.3088E+000,  7.3047E+000
  3.89000E+000,  7.3814E+000,  7.4049E+000
  3.90000E+000,  7.4722E+000,  7.4869E+000
  3.91000E+000,  7.5448E+000,  7.5780E+000
  3.92000E+000,  7.6174E+000,  7.6600E+000
  3.93000E+000,  7.7172E+000,  7.7694E+000
  3.94000E+000,  7.8171E+000,  7.8331E+000
  3.95000E+000,  7.9169E+000,  7.9152E+000
  3.96000E+000,  7.9986E+000,  8.0336E+000
  3.97000E+000,  8.1075E+000,  8.1794E+000
  3.98000E+000,  8.2164E+000,  8.2796E+000
  3.99000E+000,  8.3253E+000,  8.3981E+000
  4.00000E+000,  8.4251E+000,  8.5530E+000
  4.01000E+000,  8.6157E+000,  8.6897E+000
  4.02000E+000,  8.7246E+000,  8.8628E+000
  4.03000E+000,  8.8698E+000,  9.0177E+000
  4.04000E+000,  9.0786E+000,  9.2728E+000
  4.05000E+000,  9.4870E+000,  9.5917E+000
  4.06000E+000,  9.8682E+000,  9.7922E+000
  4.07000E+000,  9.9952E+000,  9.9289E+000
  4.08000E+000,  1.0794E+001,  1.1041E+001
  4.09000E+000,  1.0032E+001,  9.9926E+000
  4.10000E+000,  1.0821E+001,  1.0548E+001
  4.11000E+000,  1.1230E+001,  1.0931E+001
  4.12000E+000,  1.1792E+001,  1.1451E+001
  4.13000E+000,  1.2282E+001,  1.2198E+001
  4.14000E+000,  1.3063E+001,  1.2808E+001
  4.15000E+000,  1.3489E+001,  1.3082E+001
  4.16000E+000,  1.3698E+001,  1.3446E+001
  4.17000E+000,  1.3907E+001,  1.3564E+001
  4.18000E+000,  1.3507E+001,  1.3264E+001
  4.19000E+000,  1.3725E+001,  1.3564E+001
  4.20000E+000,  1.3344E+001,  1.3255E+001
  4.21000E+000,  1.3462E+001,  1.3355E+001
  4.22000E+000,  1.2663E+001,  1.2981E+001
  4.23000E+000,  1.2654E+001,  1.2963E+001
  4.24000E+000,  1.2573E+001,  1.2808E+001
  4.25000E+000,  1.2074E+001,  1.2489E+001
  4.26000E+000,  1.1983E+001,  1.2571E+001
  4.27000E+000,  1.1919E+001,  1.2553E+001
  4.28000E+000,  1.1874E+001,  1.2444E+001
  4.29000E+000,  1.2046E+001,  1.2617E+001
  4.30000E+000,  1.2192E+001,  1.2608E+001
  4.31000E+000,  1.2709E+001,  1.3145E+001
  4.32000E+000,  1.2055E+001,  1.2690E+001
  4.33000E+000,  1.2155E+001,  1.2653E+001
  4.34000E+000,  1.2201E+001,  1.2772E+001
  4.35000E+000,  1.2291E+001,  1.3036E+001
  4.36000E+000,  1.2373E+001,  1.2799E+001
  4.37000E+000,  1.2781E+001,  1.3118E+001
  4.38000E+000,  1.2700E+001,  1.3209E+001
  4.39000E+000,  1.2990E+001,  1.3300E+001
  4.40000E+000,  1.2845E+001,  1.3191E+001
  4.41000E+000,  1.3253E+001,  1.3546E+001
  4.42000E+000,  1.3081E+001,  1.3373E+001
  4.43000E+000,  1.3562E+001,  1.3674E+001
  4.44000E+000,  1.2990E+001,  1.3337E+001
  4.45000E+000,  1.3135E+001,  1.3355E+001
  4.46000E+000,  1.2818E+001,  1.3337E+001
  4.47000E+000,  1.2836E+001,  1.3218E+001
  4.48000E+000,  1.2745E+001,  1.3282E+001
  4.49000E+000,  1.2718E+001,  1.3145E+001
  4.50000E+000,  1.2872E+001,  1.3246E+001
  4.51000E+000,  1.2936E+001,  1.3419E+001
  4.52000E+000,  1.2800E+001,  1.3264E+001
  4.53000E+000,  1.2700E+001,  1.3045E+001
  4.54000E+000,  1.2963E+001,  1.3291E+001
  4.55000E+000,  1.2663E+001,  1.3100E+001
  4.56000E+000,  1.2754E+001,  1.3200E+001
  4.57000E+000,  1.2845E+001,  1.3300E+001
  4.58000E+000,  1.2972E+001,  1.3410E+001
  4.59000E+000,  1.2881E+001,  1.3191E+001
  4.60000E+000,  1.3017E+001,  1.3455E+001
  4.61000E+000,  1.3272E+001,  1.3464E+001
  4.62000E+000,  1.3017E+001,  1.3328E+001
  4.63000E+000,  1.2972E+001,  1.3328E+001
  4.64000E+000,  1.3199E+001,  1.3428E+001
  4.65000E+000,  1.2618E+001,  1.3236E+001
  4.66000E+000,  1.2945E+001,  1.3246E+001
  4.67000E+000,  1.3108E+001,  1.3555E+001
  4.68000E+000,  1.2663E+001,  1.3072E+001
  4.69000E+000,  1.2673E+001,  1.3136E+001
  4.70000E+000,  1.3308E+001,  1.3610E+001
  4.71000E+000,  1.3244E+001,  1.3300E+001
  4.72000E+000,  1.3244E+001,  1.3391E+001
  4.73000E+000,  1.3126E+001,  1.3400E+001
  4.74000E+000,  1.3144E+001,  1.3291E+001
  4.75000E+000,  1.2709E+001,  1.3164E+001
  4.76000E+000,  1.3489E+001,  1.3373E+001
  4.77000E+000,  1.2963E+001,  1.3264E+001
  4.78000E+000,  1.3253E+001,  1.3446E+001
  4.79000E+000,  1.3008E+001,  1.3218E+001
  4.80000E+000,  1.3045E+001,  1.3300E+001
  4.81000E+000,  1.3771E+001,  1.3656E+001
  4.82000E+000,  1.2990E+001,  1.3455E+001
  4.83000E+000,  1.2899E+001,  1.3382E+001
  4.84000E+000,  1.3444E+001,  1.3555E+001
  4.85000E+000,  1.3226E+001,  1.3364E+001
  4.86000E+000,  1.2818E+001,  1.3291E+001
  4.87000E+000,  1.3054E+001,  1.3264E+001
  4.88000E+000,  1.3063E+001,  1.3291E+001
  4.89000E+000,  1.3090E+001,  1.3428E+001
  4.90000E+000,  1.2909E+001,  1.3218E+001
  4.91000E+000,  1.2963E+001,  1.3346E+001
  4.92000E+000,  1.2899E+001,  1.3282E+001
  4.93000E+000,  1.3017E+001,  1.3328E+001
  4.94000E+000,  1.3308E+001,  1.3592E+001
  4.95000E+000,  1.3471E+001,  1.3646E+001
  4.96000E+000,  1.2954E+001,  1.3373E+001
  4.97000E+000,  1.3408E+001,  1.3492E+001
  4.98000E+000,  1.3226E+001,  1.3482E+001
  4.99000E+000,  1.3507E+001,  1.3510E+001
  5.00000E+000,  1.3163E+001,  1.3519E+001
  5.01000E+000,  1.2872E+001,  1.3391E+001
  5.02000E+000,  1.2800E+001,  1.3227E+001
  5.03000E+000,  1.3054E+001,  1.3328E+001
  5.04000E+000,  1.2954E+001,  1.3355E+001
  5.05000E+000,  1.2963E+001,  1.3264E+001
  5.06000E+000,  1.2827E+001,  1.3236E+001
  5.07000E+000,  1.3217E+001,  1.3318E+001
  5.08000E+000,  1.3235E+001,  1.3419E+001
  5.09000E+000,  1.2909E+001,  1.3346E+001
  5.10000E+000,  1.2673E+001,  1.3291E+001
  5.11000E+000,  1.3426E+001,  1.3701E+001
  5.12000E+000,  1.3045E+001,  1.3264E+001
  5.13000E+000,  1.2954E+001,  1.3337E+001
  5.14000E+000,  1.3135E+001,  1.3528E+001
  5.15000E+000,  1.3090E+001,  1.3300E+001
  5.16000E+000,  1.2700E+001,  1.3100E+001
  5.17000E+000,  1.3172E+001,  1.3200E+001
  5.18000E+000,  1.2927E+001,  1.3373E+001
  5.19000E+000,  1.3054E+001,  1.3446E+001
  5.20000E+000,  1.2945E+001,  1.3364E+001
  5.21000E+000,  1.2954E+001,  1.3391E+001
  5.22000E+000,  1.3371E+001,  1.3510E+001
  5.23000E+000,  1.3108E+001,  1.3564E+001
  5.24000E+000,  1.3190E+001,  1.3583E+001
  5.25000E+000,  1.2981E+001,  1.3391E+001
  5.26000E+000,  1.3562E+001,  1.3674E+001
  5.27000E+000,  1.3081E+001,  1.3337E+001
  5.28000E+000,  1.2473E+001,  1.3000E+001
  5.29000E+000,  1.2409E+001,  1.2954E+001
  5.30000E+000,  1.2409E+001,  1.2899E+001
  5.31000E+000,  1.2319E+001,  1.2799E+001
  5.32000E+000,  1.2146E+001,  1.2763E+001
  5.33000E+000,  1.2128E+001,  1.2772E+001
  5.34000E+000,  1.2300E+001,  1.2899E+001
  5.35000E+000,  1.2754E+001,  1.3027E+001
  5.36000E+000,  1.2636E+001,  1.2881E+001
  5.37000E+000,  1.2545E+001,  1.2781E+001
  5.38000E+000,  1.2500E+001,  1.2699E+001
  5.39000E+000,  1.2863E+001,  1.3027E+001
  5.40000E+000,  1.2909E+001,  1.2990E+001
  5.41000E+000,  1.3090E+001,  1.3255E+001
  5.42000E+000,  1.3326E+001,  1.3282E+001
  5.43000E+000,  1.3045E+001,  1.3337E+001
  5.44000E+000,  1.3135E+001,  1.3236E+001
  5.45000E+000,  1.3036E+001,  1.3328E+001
  5.46000E+000,  1.2800E+001,  1.3200E+001
  5.47000E+000,  1.2845E+001,  1.3100E+001
  5.48000E+000,  1.2818E+001,  1.3227E+001
  5.49000E+000,  1.2700E+001,  1.2972E+001
  5.50000E+000,  1.2618E+001,  1.2990E+001
  5.51000E+000,  1.2482E+001,  1.3009E+001
  5.52000E+000,  1.2455E+001,  1.2936E+001
  5.53000E+000,  1.2264E+001,  1.2781E+001
  5.54000E+000,  1.2046E+001,  1.2635E+001
  5.55000E+000,  1.1783E+001,  1.2471E+001
  5.56000E+000,  1.1602E+001,  1.2298E+001
  5.57000E+000,  1.1892E+001,  1.2517E+001
  5.58000E+000,  1.2155E+001,  1.2717E+001
  5.59000E+000,  1.1375E+001,  1.2079E+001
  5.60000E+000,  1.1611E+001,  1.2280E+001
  5.61000E+000,  1.1148E+001,  1.1997E+001
  5.62000E+000,  1.1565E+001,  1.2234E+001
  5.63000E+000,  1.0894E+001,  1.1760E+001
  5.64000E+000,  1.1130E+001,  1.1815E+001
  5.65000E+000,  1.0739E+001,  1.1605E+001
  5.66000E+000,  1.0794E+001,  1.1651E+001
  5.67000E+000,  1.0966E+001,  1.1633E+001
  5.68000E+000,  1.0730E+001,  1.1505E+001
  5.69000E+000,  1.0440E+001,  1.1441E+001
  5.70000E+000,  1.0685E+001,  1.1232E+001
  5.71000E+000,  1.0385E+001,  1.1341E+001
  5.72000E+000,  1.0513E+001,  1.0995E+001
  5.73000E+000,  1.0277E+001,  1.1232E+001
  5.74000E+000,  1.0231E+001,  1.0876E+001
  5.75000E+000,  1.0149E+001,  1.1123E+001
  5.76000E+000,  1.0186E+001,  1.1077E+001
  5.77000E+000,  9.9317E+000,  1.0749E+001
  5.78000E+000,  9.9317E+000,  1.0922E+001
  5.79000E+000,  9.9317E+000,  1.0840E+001
  5.80000E+000,  9.8591E+000,  1.0767E+001
  5.81000E+000,  9.7139E+000,  1.0667E+001
  5.82000E+000,  9.6413E+000,  1.0612E+001
  5.83000E+000,  9.4870E+000,  1.0430E+001
  5.84000E+000,  9.5051E+000,  1.0448E+001
  5.85000E+000,  9.3781E+000,  1.0330E+001
  5.86000E+000,  9.3236E+000,  1.0302E+001
  5.87000E+000,  9.2419E+000,  1.0211E+001
  5.88000E+000,  9.1058E+000,  1.0029E+001
  5.89000E+000,  9.0786E+000,  1.0029E+001
  5.90000E+000,  8.9606E+000,  9.9106E+000
  5.91000E+000,  8.8335E+000,  9.7557E+000
  5.92000E+000,  8.7609E+000,  9.6828E+000
  5.93000E+000,  8.6702E+000,  9.6008E+000
  5.94000E+000,  8.5976E+000,  9.5188E+000
  5.95000E+000,  8.4796E+000,  9.4551E+000
  5.96000E+000,  8.3888E+000,  9.3001E+000
  5.97000E+000,  8.3344E+000,  9.2637E+000
  5.98000E+000,  8.2436E+000,  9.1635E+000
  5.99000E+000,  8.1801E+000,  9.0724E+000
  6.00000E+000,  8.0621E+000,  8.9448E+000
  6.01000E+000,  7.9713E+000,  8.8537E+000
  6.02000E+000,  7.8715E+000,  8.7352E+000
  6.03000E+000,  7.7898E+000,  8.6532E+000
  6.04000E+000,  7.6900E+000,  8.5621E+000
  6.05000E+000,  7.6355E+000,  8.4983E+000
  6.06000E+000,  7.5357E+000,  8.3981E+000
  6.07000E+000,  7.4359E+000,  8.2978E+000
  6.08000E+000,  7.3633E+000,  8.2158E+000
  6.09000E+000,  7.2907E+000,  8.1156E+000
  6.10000E+000,  7.1999E+000,  8.0154E+000
  6.11000E+000,  7.1273E+000,  7.9152E+000
  6.12000E+000,  7.0547E+000,  7.8331E+000
  6.13000E+000,  6.9639E+000,  7.7511E+000
  6.14000E+000,  6.9004E+000,  7.6691E+000
  6.15000E+000,  6.8369E+000,  7.5689E+000
  6.16000E+000,  6.7461E+000,  7.4687E+000
  6.17000E+000,  6.6735E+000,  7.3776E+000
  6.18000E+000,  6.6372E+000,  7.3320E+000
  6.19000E+000,  6.5465E+000,  7.2135E+000
  6.20000E+000,  6.5011E+000,  7.1406E+000
  6.21000E+000,  6.4376E+000,  7.0586E+000
  6.22000E+000,  6.3740E+000,  6.9675E+000
  6.23000E+000,  6.3196E+000,  6.9037E+000
  6.24000E+000,  6.2288E+000,  6.8126E+000
  6.25000E+000,  6.1925E+000,  6.7397E+000
  6.26000E+000,  6.1290E+000,  6.6668E+000
  6.27000E+000,  6.0745E+000,  6.5939E+000
  6.28000E+000,  6.0019E+000,  6.5302E+000
  6.29000E+000,  5.9384E+000,  6.4481E+000
  6.30000E+000,  5.8839E+000,  6.3935E+000
  6.31000E+000,  5.8476E+000,  6.3388E+000
  6.32000E+000,  5.8023E+000,  6.2659E+000
  6.33000E+000,  5.7841E+000,  6.2204E+000
  6.34000E+000,  5.7206E+000,  6.1566E+000
  6.35000E+000,  5.6752E+000,  6.0837E+000
  6.36000E+000,  5.6117E+000,  6.0199E+000
  6.37000E+000,  5.5391E+000,  5.9288E+000
  6.38000E+000,  5.5028E+000,  5.8741E+000
  6.39000E+000,  5.4574E+000,  5.8285E+000
  6.40000E+000,  5.4029E+000,  5.7648E+000
  6.41000E+000,  5.3848E+000,  5.7192E+000
  6.42000E+000,  5.3485E+000,  5.6736E+000
  6.43000E+000,  5.3031E+000,  5.6099E+000
  6.44000E+000,  5.2486E+000,  5.5643E+000
  6.45000E+000,  5.2033E+000,  5.5096E+000
  6.46000E+000,  5.1579E+000,  5.4732E+000
  6.47000E+000,  5.1216E+000,  5.4094E+000
  6.48000E+000,  5.0762E+000,  5.3547E+000
  6.49000E+000,  5.0490E+000,  5.3274E+000
  6.50000E+000,  4.9945E+000,  5.2727E+000
  6.51000E+000,  4.9582E+000,  5.2181E+000
  6.52000E+000,  4.9128E+000,  5.1725E+000
  6.53000E+000,  4.8765E+000,  5.1178E+000
  6.54000E+000,  4.8402E+000,  5.0723E+000
  6.55000E+000,  4.7949E+000,  5.0358E+000
  6.56000E+000,  4.7858E+000,  5.0085E+000
  6.57000E+000,  4.7495E+000,  4.9629E+000
  6.58000E+000,  4.7041E+000,  4.9265E+000
  6.59000E+000,  4.6859E+000,  4.8900E+000
  6.60000E+000,  4.6406E+000,  4.8536E+000
  6.61000E+000,  4.6133E+000,  4.8080E+000
  6.62000E+000,  4.6043E+000,  4.7898E+000
  6.63000E+000,  4.6315E+000,  4.8171E+000
  6.64000E+000,  4.6678E+000,  4.8627E+000
  6.65000E+000,  4.7132E+000,  4.9082E+000
  6.66000E+000,  4.7767E+000,  4.9629E+000
  6.67000E+000,  4.8493E+000,  5.0631E+000
  6.68000E+000,  4.9219E+000,  5.0996E+000
  6.69000E+000,  4.9854E+000,  5.0814E+000
  6.70000E+000,  4.8130E+000,  4.8809E+000
  6.71000E+000,  4.9764E+000,  5.0267E+000
  6.72000E+000,  5.2123E+000,  5.2545E+000
  6.73000E+000,  5.3757E+000,  5.4367E+000
  6.74000E+000,  5.4665E+000,  5.5279E+000
  6.75000E+000,  5.5754E+000,  5.6281E+000
  6.76000E+000,  5.6843E+000,  5.7010E+000
  6.77000E+000,  6.0473E+000,  5.8559E+000
  6.78000E+000,  6.5918E+000,  6.2112E+000
  6.79000E+000,  7.0728E+000,  6.5848E+000
  6.80000E+000,  5.4211E+000,  7.2227E+000
  6.81000E+000,  4.0597E+000,  5.1360E+000
  6.82000E+000,  1.2463E+000,  1.5004E+000
  6.83000E+000,  2.8425E-001,  3.3411E-001
  6.84000E+000,  5.7358E-002,  5.1646E-002
  6.85000E+000,  2.1055E-002,  1.5199E-002
  6.86000E+000,  1.1979E-002,  1.5199E-002
  6.87000E+000,  1.1979E-002,  6.0863E-003
  6.88000E+000,  2.9041E-003, -3.0252E-003
  6.89000E+000,  2.9041E-003,  6.0863E-003
  6.90000E+000,  1.1979E-002, -3.0252E-003
  6.91000E+000,  2.9041E-003, -3.0252E-003
  6.92000E+000,  2.9041E-003, -3.0252E-003
  6.93000E+000,  2.9041E-003, -3.0252E-003
  6.94000E+000,  1.1979E-002,  6.0863E-003
  6.95000E+000,  1.1979E-002, -3.0252E-003
  6.96000E+000,  2.1055E-002,  6.0863E-003
  6.97000E+000,  1.1979E-002, -3.0252E-003
  6.98000E+000,  1.1979E-002, -3.0252E-003
  6.99000E+000,  1.1979E-002,  6.0863E-003
  7.00000E+000,  2.9041E-003,  6.0863E-003
  7.01000E+000,  2.9041E-003,  6.0863E-003
  7.02000E+000,  2.1055E-002,  6.0863E-003
  7.03000E+000,  2.1055E-002,  6.0863E-003
  7.04000E+000,  1.1979E-002,  1.5199E-002
  7.05000E+000,  1.1979E-002,  6.0863E-003
  7.06000E+000,  1.1979E-002,  6.0863E-003
  7.07000E+000,  2.9041E-003,  6.0863E-003
  7.08000E+000,  1.1979E-002, -3.0252E-003
  7.09000E+000,  1.1979E-002, -3.0252E-003
  7.10000E+000,  2.9041E-003, -3.0252E-003
  7.11000E+000,  2.9041E-003, -3.0252E-003
  7.12000E+000,  2.9041E-003, -3.0252E-003
  7.13000E+000,  1.1979E-002,  6.0863E-003
  7.14000E+000,  1.1979E-002,  6.0863E-003
  7.15000E+000,  1.1979E-002,  6.0863E-003
  7.16000E+000,  1.1979E-002,  6.0863E-003
  7.17000E+000,  1.1979E-002,  6.0863E-003
  7.18000E+000,  1.1979E-002, -3.0252E-003
  7.19000E+000,  1.1979E-002, -3.0252E-003
  7.20000E+000,  1.1979E-002, -3.0252E-003
  7.21000E+000,  2.9041E-003, -3.0252E-003
  7.22000E+000,  2.9041E-003,  6.0863E-003
  7.23000E+000,  1.1979E-002, -3.0252E-003
  7.24000E+000,  2.9041E-003, -3.0252E-003
  7.25000E+000,  1.1979E-002,  6.0863E-003
  7.26000E+000,  1.1979E-002,  6.0863E-003
  7.27000E+000,  1.1979E-002,  6.0863E-003
  7.28000E+000,  2.9041E-003,  6.0863E-003
  7.29000E+000,  1.1979E-002,  6.0863E-003
  7.30000E+000,  1.1979E-002,  6.0863E-003
  7.31000E+000,  2.1055E-002,  6.0863E-003
  7.32000E+000,  1.1979E-002,  6.0863E-003
  7.33000E+000,  1.1979E-002, -3.0252E-003
  7.34000E+000,  1.1979E-002, -3.0252E-003
  7.35000E+000,  2.9041E-003,  6.0863E-003
  7.36000E+000,  1.1979E-002,  6.0863E-003
  7.37000E+000, -6.1721E-003,  6.0863E-003
  7.38000E+000,  1.1979E-002,  6.0863E-003
  7.39000E+000,  1.1979E-002,  6.0863E-003
  7.40000E+000,  2.9041E-003,  6.0863E-003
  7.41000E+000,  2.9041E-003,  6.0863E-003
  7.42000E+000,  2.9041E-003,  6.0863E-003
  7.43000E+000,  1.1979E-002,  6.0863E-003
  7.44000E+000,  2.9041E-003,  6.0863E-003
  7.45000E+000,  2.9041E-003, -3.0252E-003
  7.46000E+000,  2.9041E-003,  6.0863E-003
  7.47000E+000,  1.1979E-002,  6.0863E-003
  7.48000E+000, -6.1721E-003, -3.0252E-003
  7.49000E+000,  2.9041E-003,  6.0863E-003
  7.50000E+000,  1.1979E-002,  6.0863E-003
  7.51000E+000,  1.1979E-002,  6.0863E-003
  7.52000E+000,  1.1979E-002,  6.0863E-003
  7.53000E+000,  1.1979E-002,  6.0863E-003
  7.54000E+000,  2.9041E-003,  6.0863E-003
  7.55000E+000,  2.9041E-003,  6.0863E-003
  7.56000E+000,  2.9041E-003,  6.0863E-003
  7.57000E+000,  2.9041E-003,  6.0863E-003
  7.58000E+000,  2.9041E-003, -3.0252E-003
  7.59000E+000,  2.9041E-003,  6.0863E-003
  7.60000E+000,  1.1979E-002,  6.0863E-003
  7.61000E+000,  1.1979E-002,  6.0863E-003
  7.62000E+000,  1.1979E-002,  6.0863E-003
  7.63000E+000,  1.1979E-002,  6.0863E-003
  7.64000E+000,  2.9041E-003,  6.0863E-003
  7.65000E+000,  2.9041E-003,  6.0863E-003
  7.66000E+000,  2.1055E-002,  6.0863E-003
  7.67000E+000,  2.9041E-003,  6.0863E-003
  7.68000E+000,  2.9041E-003,  6.0863E-003
  7.69000E+000,  2.9041E-003,  6.0863E-003
  7.70000E+000, -6.1721E-003,  6.0863E-003
  7.71000E+000,  2.9041E-003,  6.0863E-003
  7.72000E+000,  2.9041E-003,  6.0863E-003
  7.73000E+000,  2.9041E-003, -3.0252E-003
  7.74000E+000,  2.9041E-003,  6.0863E-003
  7.75000E+000,  2.9041E-003,  6.0863E-003
  7.76000E+000,  1.1979E-002,  6.0863E-003
  7.77000E+000,  2.9041E-003,  6.0863E-003
  7.78000E+000,  2.9041E-003,  6.0863E-003
  7.79000E+000,  1.1979E-002, -3.0252E-003
  7.80000E+000,  2.9041E-003,  6.0863E-003
  7.81000E+000,  2.9041E-003,  6.0863E-003
  7.82000E+000,  2.9041E-003,  6.0863E-003
  7.83000E+000,  2.9041E-003,  6.0863E-003
  7.84000E+000,  2.9041E-003,  6.0863E-003
  7.85000E+000,  1.1979E-002,  6.0863E-003
  7.86000E+000,  1.1979E-002,  1.5199E-002
  7.87000E+000,  2.1055E-002,  6.0863E-003
  7.88000E+000,  1.1979E-002,  6.0863E-003
  7.89000E+000,  2.9041E-003,  6.0863E-003
  7.90000E+000,  1.1979E-002,  6.0863E-003
  7.91000E+000,  1.1979E-002,  6.0863E-003
  7.92000E+000,  1.1979E-002,  6.0863E-003
  7.93000E+000,  2.9041E-003,  6.0863E-003
  7.94000E+000,  2.9041E-003, -3.0252E-003
  7.95000E+000, -6.1721E-003,  6.0863E-003
  7.96000E+000,  2.9041E-003,  6.0863E-003
  7.97000E+000,  2.9041E-003,  6.0863E-003
  7.98000E+000,  1.1979E-002,  6.0863E-003
  7.99000E+000,  1.1979E-002,  1.5199E-002
  8.00000E+000,  2.9041E-003,  6.0863E-003
  8.01000E+000, -6.1721E-003,  6.0863E-003
  8.02000E+000,  2.9041E-003,  6.0863E-003
  8.03000E+000,  2.9041E-003, -3.0252E-003
  8.04000E+000,  2.9041E-003,  6.0863E-003
  8.05000E+000, -6.1721E-003, -3.0252E-003
  8.06000E+000,  2.9041E-003, -3.0252E-003
  8.07000E+000,  2.9041E-003, -3.0252E-003
  8.08000E+000, -6.1721E-003,  6.0863E-003
  8.09000E+000,  2.9041E-003,  6.0863E-003
  8.10000E+000,  1.1979E-002,  6.0863E-003
  8.11000E+000,  1.1979E-002,  6.0863E-003
  8.12000E+000,  1.1979E-002,  6.0863E-003
  8.13000E+000,  2.9041E-003,  6.0863E-003
  8.14000E+000,  1.1979E-002,  6.0863E-003
  8.15000E+000,  2.9041E-003,  6.0863E-003
  8.16000E+000,  2.9041E-003,  6.0863E-003
  8.17000E+000,  2.1055E-002,  6.0863E-003
  8.18000E+000,  2.9041E-003,  6.0863E-003
  8.19000E+000,  1.1979E-002,  6.0863E-003
  8.20000E+000,  2.9041E-003,  6.0863E-003
  8.21000E+000,  1.1979E-002,  1.5199E-002
  8.22000E+000,  1.1979E-002,  1.5199E-002
  8.23000E+000,  2.9041E-003,  1.5199E-002
  8.24000E+000,  1.1979E-002,  6.0863E-003
  8.25000E+000,  1.1979E-002, -3.0252E-003
  8.26000E+000,  2.9041E-003,  6.0863E-003
  8.27000E+000,  2.9041E-003,  6.0863E-003
  8.28000E+000,  2.9041E-003,  6.0863E-003
  8.29000E+000, -6.1721E-003,  6.0863E-003
  8.30000E+000, -6.1721E-003, -3.0252E-003
  8.31000E+000, -6.1721E-003,  6.0863E-003
  8.32000E+000,  2.9041E-003,  6.0863E-003
  8.33000E+000,  2.9041E-003,  6.0863E-003
  8.34000E+000,  2.9041E-003,  6.0863E-003
  8.35000E+000,  1.1979E-002,  6.0863E-003
  8.36000E+000,  2.9041E-003,  6.0863E-003
  8.37000E+000,  1.1979E-002,  6.0863E-003
  8.38000E+000,  1.1979E-002,  6.0863E-003
  8.39000E+000,  2.9041E-003,  6.0863E-003
  8.40000E+000,  2.9041E-003, -3.0252E-003
  8.41000E+000,  2.9041E-003,  6.0863E-003
  8.42000E+000,  2.9041E-003,  6.0863E-003
  8.43000E+000,  2.9041E-003,  6.0863E-003
  8.44000E+000,  1.1979E-002,  6.0863E-003
  8.45000E+000,  1.1979E-002,  1.5199E-002
  8.46000E+000,  1.1979E-002,  1.5199E-002
  8.47000E+000,  2.9041E-003,  1.5199E-002
  8.48000E+000,  3.0131E-002,  1.5199E-002
  8.49000E+000,  2.9041E-003,  6.0863E-003
  8.50000E+000,  2.9041E-003,  6.0863E-003
  8.51000E+000,  2.9041E-003,  6.0863E-003
  8.52000E+000,  1.1979E-002,  6.0863E-003
  8.53000E+000, -6.1721E-003,  6.0863E-003
  8.54000E+000, -6.1721E-003,  6.0863E-003
  8.55000E+000, -6.1721E-003,  6.0863E-003
  8.56000E+000,  2.9041E-003,  6.0863E-003
  8.57000E+000,  2.9041E-003,  6.0863E-003
  8.58000E+000,  1.1979E-002,  6.0863E-003
  8.59000E+000,  2.9041E-003,  6.0863E-003
  8.60000E+000,  2.9041E-003,  6.0863E-003
  8.61000E+000,  1.1979E-002,  6.0863E-003
  8.62000E+000,  2.9041E-003, -3.0252E-003
  8.63000E+000, -6.1721E-003, -3.0252E-003
  8.64000E+000,  1.1979E-002,  6.0863E-003
  8.65000E+000,  2.9041E-003,  6.0863E-003
  8.66000E+000,  2.9041E-003,  6.0863E-003
  8.67000E+000,  2.9041E-003,  6.0863E-003
  8.68000E+000,  1.1979E-002,  6.0863E-003
  8.69000E+000,  1.1979E-002,  1.5199E-002
  8.70000E+000,  1.1979E-002,  1.5199E-002
  8.71000E+000,  1.1979E-002,  1.5199E-002
  8.72000E+000,  1.1979E-002,  6.0863E-003
  8.73000E+000,  1.1979E-002,  6.0863E-003
  8.74000E+000,  1.1979E-002,  1.5199E-002
  8.75000E+000,  2.9041E-003,  6.0863E-003
  8.76000E+000,  2.9041E-003,  6.0863E-003
  8.77000E+000,  2.9041E-003,  6.0863E-003
  8.78000E+000,  1.1979E-002,  6.0863E-003
  8.79000E+000,  1.1979E-002,  1.5199E-002
  8.80000E+000,  1.1979E-002,  1.5199E-002
  8.81000E+000,  1.1979E-002,  6.0863E-003
  8.82000E+000,  1.1979E-002,  6.0863E-003
  8.83000E+000,  1.1979E-002,  6.0863E-003
  8.84000E+000,  2.9041E-003,  6.0863E-003
  8.85000E+000,  2.9041E-003,  6.0863E-003
  8.86000E+000,  2.9041E-003,  6.0863E-003
  8.87000E+000,  1.1979E-002,  6.0863E-003
  8.88000E+000,  2.9041E-003, -3.0252E-003
  8.89000E+000, -6.1721E-003,  6.0863E-003
  8.90000E+000,  1.1979E-002,  6.0863E-003
  8.91000E+000,  1.1979E-002,  6.0863E-003
  8.92000E+000,  2.9041E-003,  6.0863E-003
  8.93000E+000, -6.1721E-003, -3.0252E-003
  8.94000E+000,  1.1979E-002, -3.0252E-003
  8.95000E+000,  1.1979E-002,  6.0863E-003
  8.96000E+000,  1.1979E-002,  1.5199E-002
  8.97000E+000,  2.9041E-003,  1.5199E-002
  8.98000E+000,  1.1979E-002,  6.0863E-003
  8.99000E+000, -6.1721E-003,  6.0863E-003
  9.00000E+000,  1.1979E-002,  6.0863E-003
  9.01000E+000,  2.9041E-003,  6.0863E-003
  9.02000E+000,  1.1979E-002,  1.5199E-002
  9.03000E+000,  2.9041E-003,  1.5199E-002
  9.04000E+000,  2.9041E-003,  6.0863E-003
  9.05000E+000,  1.1979E-002,  6.0863E-003
  9.06000E+000,  1.1979E-002,  6.0863E-003
  9.07000E+000,  1.1979E-002,  1.5199E-002
  9.08000E+000,  1.1979E-002,  6.0863E-003
  9.09000E+000, -6.1721E-003,  6.0863E-003
  9.10000E+000,  2.9041E-003,  6.0863E-003
  9.11000E+000,  2.9041E-003,  6.0863E-003
  9.12000E+000,  2.9041E-003,  6.0863E-003
  9.13000E+000,  1.1979E-002,  6.0863E-003
  9.14000E+000,  2.9041E-003,  6.0863E-003
  9.15000E+000,  2.9041E-003,  6.0863E-003
  9.16000E+000,  2.9041E-003,  6.0863E-003
  9.17000E+000,  1.1979E-002,  1.5199E-002
  9.18000E+000,  2.9041E-003,  6.0863E-003
  9.19000E+000,  2.9041E-003,  6.0863E-003
  9.20000E+000,  2.9041E-003,  1.5199E-002
  9.21000E+000,  1.1979E-002,  6.0863E-003
  9.22000E+000,  1.1979E-002,  1.5199E-002
  9.23000E+000,  2.9041E-003,  6.0863E-003
  9.24000E+000, -6.1721E-003,  6.0863E-003
  9.25000E+000, -6.1721E-003,  6.0863E-003
  9.26000E+000, -6.1721E-003,  6.0863E-003
  9.27000E+000,  2.9041E-003,  6.0863E-003
  9.28000E+000,  1.1979E-002,  1.5199E-002
  9.29000E+000,  1.1979E-002,  6.0863E-003
  9.30000E+000,  1.1979E-002,  6.0863E-003
  9.31000E+000,  2.9041E-003,  6.0863E-003
  9.32000E+000,  2.9041E-003,  6.0863E-003
  9.33000E+000,  2.9041E-003,  6.0863E-003
  9.34000E+000,  1.1979E-002,  6.0863E-003
  9.35000E+000,  2.9041E-003,  6.0863E-003
  9.36000E+000,  2.9041E-003,  6.0863E-003
  9.37000E+000,  2.9041E-003,  6.0863E-003
  9.38000E+000, -6.1721E-003,  6.0863E-003
  9.39000E+000,  2.9041E-003,  6.0863E-003
  9.40000E+000,  2.9041E-003,  6.0863E-003
  9.41000E+000,  1.1979E-002,  6.0863E-003
  9.42000E+000,  2.9041E-003,  1.5199E-002
  9.43000E+000, -6.1721E-003,  6.0863E-003
  9.44000E+000,  1.1979E-002,  6.0863E-003
  9.45000E+000, -6.1721E-003,  6.0863E-003
  9.46000E+000, -6.1721E-003,  6.0863E-003
  9.47000E+000, -6.1721E-003,  6.0863E-003
  9.48000E+000,  2.9041E-003, -3.0252E-003
  9.49000E+000,  1.1979E-002,  6.0863E-003
  9.50000E+000,  2.9041E-003,  6.0863E-003
  9.51000E+000,  2.9041E-003,  6.0863E-003
  9.52000E+000, -6.1721E-003,  6.0863E-003
  9.53000E+000, -6.1721E-003,  6.0863E-003
  9.54000E+000,  1.1979E-002,  6.0863E-003
  9.55000E+000,  2.9041E-003,  6.0863E-003
  9.56000E+000,  1.1979E-002,  6.0863E-003
  9.57000E+000,  2.9041E-003,  6.0863E-003
  9.58000E+000, -6.1721E-003,  6.0863E-003
  9.59000E+000, -6.1721E-003, -3.0252E-003
  9.60000E+000,  2.9041E-003, -3.0252E-003
  9.61000E+000,  1.1979E-002,  6.0863E-003
  9.62000E+000,  1.1979E-002,  6.0863E-003
  9.63000E+000,  2.9041E-003,  6.0863E-003
  9.64000E+000,  2.9041E-003,  6.0863E-003
  9.65000E+000,  2.9041E-003,  6.0863E-003
  9.66000E+000,  2.9041E-003,  6.0863E-003
  9.67000E+000,  2.9041E-003,  6.0863E-003
  9.68000E+000,  2.9041E-003,  6.0863E-003
  9.69000E+000,  2.9041E-003,  6.0863E-003
  9.70000E+000,  2.9041E-003,  6.0863E-003
  9.71000E+000,  2.9041E-003,  6.0863E-003
  9.72000E+000, -6.1721E-003,  6.0863E-003
  9.73000E+000,  2.9041E-003, -3.0252E-003
  9.74000E+000, -6.1721E-003,  6.0863E-003
  9.75000E+000, -6.1721E-003,  6.0863E-003
  9.76000E+000,  2.9041E-003,  6.0863E-003
  9.77000E+000,  1.1979E-002,  6.0863E-003
  9.78000E+000,  2.9041E-003,  6.0863E-003
  9.79000E+000, -6.1721E-003,  6.0863E-003
  9.80000E+000, -6.1721E-003,  6.0863E-003
  9.81000E+000, -6.1721E-003,  6.0863E-003
  9.82000E+000,  2.9041E-003, -1.2137E-002
  9.83000E+000, -6.1721E-003, -3.0252E-003
  9.84000E+000,  1.1979E-002,  6.0863E-003
  9.85000E+000,  2.9041E-003,  6.0863E-003
  9.86000E+000,  2.9041E-003,  6.0863E-003
  9.87000E+000, -6.1721E-003,  6.0863E-003
  9.88000E+000,  2.9041E-003,  6.0863E-003
  9.89000E+000,  1.1979E-002,  6.0863E-003
  9.90000E+000,  1.1979E-002,  6.0863E-003
  9.91000E+000,  2.9041E-003,  6.0863E-003
  9.92000E+000,  2.9041E-003,  6.0863E-003
  9.93000E+000,  2.9041E-003,  6.0863E-003
  9.94000E+000,  2.9041E-003,  6.0863E-003
  9.95000E+000,  2.9041E-003,  6.0863E-003
  9.96000E+000, -6.1721E-003,  6.0863E-003
  9.97000E+000,  1.1979E-002,  6.0863E-003
  9.98000E+000,  1.1979E-002,  6.0863E-003
  9.99000E+000,  1.1979E-002,  6.0863E-003
  1.00000E+001,  2.9041E-003,  6.0863E-003
  1.00100E+001, -6.1721E-003,  6.0863E-003
  1.00200E+001,  1.1979E-002,  6.0863E-003
  1.00300E+001,  1.1979E-002,  6.0863E-003
  1.00400E+001,  2.9041E-003, -3.0252E-003
  1.00500E+001, -6.1721E-003,  6.0863E-003
  1.00600E+001, -6.1721E-003, -3.0252E-003
  1.00700E+001,  2.9041E-003,  6.0863E-003
  1.00800E+001, -6.1721E-003, -3.0252E-003
  1.00900E+001,  2.9041E-003,  6.0863E-003
  1.01000E+001, -6.1721E-003,  6.0863E-003
  1.01100E+001,  1.1979E-002,  6.0863E-003
  1.01200E+001,  1.1979E-002,  6.0863E-003
  1.01300E+001,  2.9041E-003,  6.0863E-003
  1.01400E+001,  2.9041E-003,  6.0863E-003
  1.01500E+001,  2.9041E-003,  6.0863E-003
  1.01600E+001,  2.9041E-003,  6.0863E-003
  1.01700E+001,  2.9041E-003, -3.0252E-003
  1.01800E+001,  2.9041E-003,  6.0863E-003
  1.01900E+001,  2.9041E-003,  6.0863E-003
  1.02000E+001,  1.1979E-002,  6.0863E-003
  1.02100E+001, -6.1721E-003,  6.0863E-003
  1.02200E+001,  2.9041E-003,  6.0863E-003
  1.02300E+001,  2.9041E-003,  6.0863E-003
  1.02400E+001,  1.1979E-002,  6.0863E-003
  1.02500E+001,  1.1979E-002,  6.0863E-003
  1.02600E+001,  2.9041E-003,  6.0863E-003
  1.02700E+001,  2.9041E-003,  6.0863E-003
  1.02800E+001, -6.1721E-003,  6.0863E-003
  1.02900E+001,  2.9041E-003,  6.0863E-003
  1.03000E+001,  2.9041E-003, -3.0252E-003
  1.03100E+001,  2.9041E-003, -3.0252E-003
  1.03200E+001,  2.9041E-003, -3.0252E-003
  1.03300E+001, -6.1721E-003,  6.0863E-003
  1.03400E+001,  1.1979E-002,  6.0863E-003
  1.03500E+001,  1.1979E-002,  6.0863E-003
  1.03600E+001,  2.9041E-003,  6.0863E-003
  1.03700E+001,  1.1979E-002,  6.0863E-003
  1.03800E+001,  2.9041E-003,  6.0863E-003
  1.03900E+001,  1.1979E-002,  6.0863E-003
  1.04000E+001,  1.1979E-002,  6.0863E-003
  1.04100E+001,  2.9041E-003, -3.0252E-003
  1.04200E+001,  2.9041E-003,  6.0863E-003
  1.04300E+001, -6.1721E-003, -3.0252E-003
  1.04400E+001,  2.9041E-003,  6.0863E-003
  1.04500E+001,  2.9041E-003,  6.0863E-003
  1.04600E+001,  2.1055E-002,  6.0863E-003
  1.04700E+001,  2.9041E-003,  6.0863E-003
  1.04800E+001,  2.9041E-003,  6.0863E-003
  1.04900E+001,  2.9041E-003,  6.0863E-003
  1.05000E+001,  2.9041E-003,  6.0863E-003
  1.05100E+001,  1.1979E-002, -3.0252E-003
  1.05200E+001,  2.9041E-003, -3.0252E-003
  1.05300E+001,  2.9041E-003, -3.0252E-003
  1.05400E+001,  2.9041E-003,  6.0863E-003
  1.05500E+001, -6.1721E-003, -3.0252E-003
  1.05600E+001, -6.1721E-003,  6.0863E-003
  1.05700E+001, -6.1721E-003,  6.0863E-003
  1.05800E+001,  1.1979E-002,  6.0863E-003
  1.05900E+001,  1.1979E-002,  6.0863E-003
  1.06000E+001,  1.1979E-002,  6.0863E-003
  1.06100E+001,  2.9041E-003,  6.0863E-003
  1.06200E+001,  2.9041E-003,  6.0863E-003
  1.06300E+001,  1.1979E-002,  6.0863E-003
  1.06400E+001, -6.1721E-003,  6.0863E-003
  1.06500E+001, -6.1721E-003, -3.0252E-003
  1.06600E+001,  2.9041E-003,  6.0863E-003
  1.06700E+001,  1.1979E-002,  6.0863E-003
  1.06800E+001,  2.9041E-003,  6.0863E-003
  1.06900E+001,  2.9041E-003,  6.0863E-003
  1.07000E+001,  2.9041E-003,  6.0863E-003
  1.07100E+001,  2.9041E-003,  6.0863E-003
  1.07200E+001,  1.1979E-002,  6.0863E-003
  1.07300E+001,  2.9041E-003,  6.0863E-003
  1.07400E+001,  2.9041E-003,  6.0863E-003
  1.07500E+001, -6.1721E-003, -1.2137E-002
  1.07600E+001,  2.9041E-003,  6.0863E-003
  1.07700E+001,  2.9041E-003, -3.0252E-003
  1.07800E+001,  2.9041E-003,  6.0863E-003
  1.07900E+001,  2.9041E-003,  6.0863E-003
  1.08000E+001,  2.9041E-003,  6.0863E-003
  1.08100E+001,  1.1979E-002,  6.0863E-003
  1.08200E+001,  1.1979E-002,  6.0863E-003
  1.08300E+001,  1.1979E-002, -3.0252E-003
  1.08400E+001,  2.9041E-003,  6.0863E-003
  1.08500E+001,  2.9041E-003, -3.0252E-003
  1.08600E+001,  2.9041E-003,  6.0863E-003
  1.08700E+001,  2.9041E-003,  6.0863E-003
  1.08800E+001,  1.1979E-002,  6.0863E-003
  1.08900E+001,  1.1979E-002, -3.0252E-003
  1.09000E+001,  2.9041E-003,  6.0863E-003
  1.09100E+001,  2.9041E-003,  6.0863E-003
  1.09200E+001,  2.9041E-003, -3.0252E-003
  1.09300E+001,  1.1979E-002, -3.0252E-003
  1.09400E+001,  2.9041E-003, -3.0252E-003
  1.09500E+001,  1.1979E-002,  1.5199E-002
  1.09600E+001,  2.9041E-003,  6.0863E-003
  1.09700E+001,  2.9041E-003,  6.0863E-003
  1.09800E+001, -6.1721E-003, -3.0252E-003
  1.09900E+001,  2.9041E-003,  6.0863E-003
  1.10000E+001,  2.9041E-003,  6.0863E-003
  1.10100E+001,  1.1979E-002, -3.0252E-003
  1.10200E+001, -6.1721E-003, -3.0252E-003
  1.10300E+001, -6.1721E-003, -3.0252E-003
  1.10400E+001,  2.9041E-003,  6.0863E-003
  1.10500E+001,  1.1979E-002,  6.0863E-003
  1.10600E+001,  2.9041E-003,  6.0863E-003
  1.10700E+001,  2.9041E-003, -3.0252E-003
  1.10800E+001,  2.9041E-003,  6.0863E-003
  1.10900E+001,  1.1979E-002,  6.0863E-003
  1.11000E+001,  2.9041E-003, -3.0252E-003
  1.11100E+001,  2.9041E-003,  6.0863E-003
  1.11200E+001,  2.9041E-003,  6.0863E-003
  1.11300E+001, -6.1721E-003,  6.0863E-003
  1.11400E+001,  2.9041E-003,  6.0863E-003
  1.11500E+001,  1.1979E-002,  6.0863E-003
  1.11600E+001,  2.9041E-003,  6.0863E-003
  1.11700E+001,  2.9041E-003,  6.0863E-003
  1.11800E+001,  2.1055E-002,  6.0863E-003
  1.11900E+001,  1.1979E-002, -3.0252E-003
  1.12000E+001,  2.9041E-003, -3.0252E-003
  1.12100E+001,  1.1979E-002,  6.0863E-003
  1.12200E+001, -6.1721E-003, -3.0252E-003
  1.12300E+001, -6.1721E-003, -3.0252E-003
  1.12400E+001,  2.9041E-003,  6.0863E-003
  1.12500E+001,  1.1979E-002, -3.0252E-003
  1.12600E+001,  2.9041E-003, -3.0252E-003
  1.12700E+001, -6.1721E-003,  6.0863E-003
  1.12800E+001,  1.1979E-002,  6.0863E-003
  1.12900E+001,  2.9041E-003,  6.0863E-003
  1.13000E+001,  1.1979E-002, -3.0252E-003
  1.13100E+001,  2.9041E-003,  6.0863E-003
  1.13200E+001, -6.1721E-003, -3.0252E-003
  1.13300E+001,  1.1979E-002,  6.0863E-003
  1.13400E+001,  2.9041E-003,  6.0863E-003
  1.13500E+001,  1.1979E-002,  6.0863E-003
  1.13600E+001,  2.9041E-003,  1.5199E-002
  1.13700E+001,  2.9041E-003,  6.0863E-003
  1.13800E+001,  2.9041E-003,  6.0863E-003
  1.13900E+001,  2.9041E-003,  6.0863E-003
  1.14000E+001,  2.9041E-003, -3.0252E-003
  1.14100E+001,  1.1979E-002,  6.0863E-003
  1.14200E+001,  1.1979E-002,  6.0863E-003
  1.14300E+001,  1.1979E-002,  6.0863E-003
  1.14400E+001,  2.9041E-003,  6.0863E-003
  1.14500E+001,  2.9041E-003, -3.0252E-003
  1.14600E+001,  1.1979E-002,  6.0863E-003
  1.14700E+001,  1.1979E-002, -3.0252E-003
  1.14800E+001,  2.9041E-003,  6.0863E-003
  1.14900E+001,  2.9041E-003,  6.0863E-003
  1.15000E+001,  1.1979E-002,  6.0863E-003
  1.15100E+001,  1.1979E-002,  6.0863E-003
  1.15200E+001,  2.9041E-003,  6.0863E-003
  1.15300E+001, -6.1721E-003,  6.0863E-003
  1.15400E+001,  2.9041E-003,  6.0863E-003
  1.15500E+001,  2.9041E-003,  6.0863E-003
  1.15600E+001,  2.9041E-003, -3.0252E-003
  1.15700E+001, -6.1721E-003, -3.0252E-003
  1.15800E+001, -6.1721E-003, -1.2137E-002
  1.15900E+001, -6.1721E-003, -3.0252E-003
  1.16000E+001,  2.9041E-003,  6.0863E-003
  1.16100E+001,  2.9041E-003, -3.0252E-003
  1.16200E+001,  1.1979E-002,  6.0863E-003
  1.16300E+001,  2.9041E-003,  6.0863E-003
  1.16400E+001,  2.9041E-003,  1.5199E-002
  1.16500E+001,  2.9041E-003,  6.0863E-003
  1.16600E+001,  1.1979E-002,  6.0863E-003
  1.16700E+001,  1.1979E-002,  6.0863E-003
  1.16800E+001,  2.9041E-003,  6.0863E-003
  1.16900E+001,  2.9041E-003,  6.0863E-003
  1.17000E+001, -6.1721E-003,  6.0863E-003
  1.17100E+001,  2.9041E-003, -3.0252E-003
  1.17200E+001,  2.9041E-003, -3.0252E-003
  1.17300E+001, -6.1721E-003, -3.0252E-003
  1.17400E+001,  2.9041E-003, -3.0252E-003
  1.17500E+001,  2.9041E-003,  6.0863E-003
  1.17600E+001,  1.1979E-002,  6.0863E-003
  1.17700E+001,  1.1979E-002, -3.0252E-003
  1.17800E+001, -6.1721E-003, -3.0252E-003
  1.17900E+001, -6.1721E-003, -3.0252E-003
  1.18000E+001,  2.9041E-003, -3.0252E-003
  1.18100E+001,  1.1979E-002, -3.0252E-003
  1.18200E+001,  2.9041E-003, -3.0252E-003
  1.18300E+001, -6.1721E-003, -3.0252E-003
  1.18400E+001, -6.1721E-003, -3.0252E-003
  1.18500E+001,  2.9041E-003, -3.0252E-003
  1.18600E+001,  1.1979E-002,  6.0863E-003
  1.18700E+001,  2.9041E-003,  6.0863E-003
  1.18800E+001,  2.9041E-003, -3.0252E-003
  1.18900E+001,  2.9041E-003, -3.0252E-003
  1.19000E+001,  2.9041E-003, -3.0252E-003
  1.19100E+001,  2.9041E-003, -3.0252E-003
  1.19200E+001,  2.9041E-003,  6.0863E-003
  1.19300E+001,  2.9041E-003,  6.0863E-003
  1.19400E+001,  2.9041E-003,  6.0863E-003
  1.19500E+001,  2.9041E-003, -3.0252E-003
  1.19600E+001,  2.9041E-003, -3.0252E-003
  1.19700E+001,  2.9041E-003,  6.0863E-003
  1.19800E+001,  2.9041E-003,  6.0863E-003
  1.19900E+001,  2.9041E-003,  6.0863E-003
  1.20000E+001,  2.9041E-003, -3.0252E-003
  1.20100E+001, -6.1721E-003,  6.0863E-003
  1.20200E+001,  1.1979E-002,  6.0863E-003
  1.20300E+001,  2.9041E-003, -3.0252E-003
  1.20400E+001,  2.9041E-003,  6.0863E-003
  1.20500E+001, -6.1721E-003, -1.2137E-002
  1.20600E+001, -6.1721E-003, -3.0252E-003
  1.20700E+001, -6.1721E-003, -3.0252E-003
  1.20800E+001, -6.1721E-003, -3.0252E-003
  1.20900E+001,  2.9041E-003, -3.0252E-003
  1.21000E+001,  1.1979E-002, -3.0252E-003
  1.21100E+001, -6.1721E-003,  6.0863E-003
  1.21200E+001,  2.9041E-003,  6.0863E-003
  1.21300E+001, -6.1721E-003, -3.0252E-003
  1.21400E+001,  2.9041E-003, -3.0252E-003
  1.21500E+001,  2.9041E-003, -3.0252E-003
  1.21600E+001, -6.1721E-003,  6.0863E-003
  1.21700E+001, -6.1721E-003, -3.0252E-003
  1.21800E+001,  2.9041E-003, -3.0252E-003
  1.21900E+001,  2.9041E-003,  6.0863E-003
  1.22000E+001,  1.1979E-002, -3.0252E-003
  1.22100E+001, -6.1721E-003, -3.0252E-003
  1.22200E+001,  2.9041E-003,  6.0863E-003
  1.22300E+001, -6.1721E-003, -3.0252E-003
  1.22400E+001,  2.9041E-003,  6.0863E-003
  1.22500E+001, -6.1721E-003, -3.0252E-003
  1.22600E+001,  1.1979E-002,  6.0863E-003
  1.22700E+001,  2.9041E-003, -3.0252E-003
  1.22800E+001,  2.9041E-003, -3.0252E-003
  1.22900E+001, -6.1721E-003,  6.0863E-003
  1.23000E+001, -6.1721E-003, -3.0252E-003
  1.23100E+001,  2.9041E-003, -3.0252E-003
  1.23200E+001,  2.9041E-003,  6.0863E-003
  1.23300E+001, -6.1721E-003, -3.0252E-003
  1.23400E+001,  2.9041E-003, -3.0252E-003
  1.23500E+001,  1.1979E-002, -3.0252E-003
  1.23600E+001,  2.9041E-003, -3.0252E-003
  1.23700E+001, -6.1721E-003,  6.0863E-003
  1.23800E+001, -6.1721E-003, -3.0252E-003
  1.23900E+001, -6.1721E-003, -3.0252E-003
  1.24000E+001, -6.1721E-003, -3.0252E-003
  1.24100E+001,  2.9041E-003, -3.0252E-003
  1.24200E+001, -6.1721E-003, -3.0252E-003
  1.24300E+001,  2.9041E-003, -1.2137E-002
  1.24400E+001, -6.1721E-003, -3.0252E-003
  1.24500E+001, -6.1721E-003, -3.0252E-003
  1.24600E+001,  1.1979E-002,  6.0863E-003
  1.24700E+001,  2.9041E-003,  6.0863E-003
  1.24800E+001,  2.9041E-003, -3.0252E-003
  1.24900E+001,  2.9041E-003,  6.0863E-003
  1.25000E+001, -6.1721E-003, -1.2137E-002
  1.25100E+001,  2.9041E-003, -3.0252E-003
  1.25200E+001,  2.9041E-003, -3.0252E-003
  1.25300E+001, -6.1721E-003, -3.0252E-003
  1.25400E+001, -6.1721E-003, -3.0252E-003
  1.25500E+001,  2.9041E-003, -3.0252E-003
  1.25600E+001,  2.9041E-003,  6.0863E-003
  1.25700E+001,  1.1979E-002, -3.0252E-003
  1.25800E+001,  2.9041E-003, -3.0252E-003
  1.25900E+001,  2.9041E-003, -3.0252E-003
  1.26000E+001, -6.1721E-003, -3.0252E-003
  1.26100E+001, -6.1721E-003,  6.0863E-003
  1.26200E+001,  2.9041E-003, -3.0252E-003
  1.26300E+001, -6.1721E-003, -1.2137E-002
  1.26400E+001,  2.9041E-003, -3.0252E-003
  1.26500E+001,  2.9041E-003, -3.0252E-003
  1.26600E+001,  2.9041E-003, -3.0252E-003
  1.26700E+001, -6.1721E-003,  6.0863E-003
  1.26800E+001,  2.9041E-003, -3.0252E-003
  1.26900E+001,  2.9041E-003, -3.0252E-003
  1.27000E+001,  2.9041E-003, -3.0252E-003
  1.27100E+001,  2.9041E-003, -3.0252E-003
  1.27200E+001,  2.9041E-003,  6.0863E-003
  1.27300E+001,  2.9041E-003,  6.0863E-003
  1.27400E+001,  2.9041E-003, -3.0252E-003
  1.27500E+001, -6.1721E-003, -3.0252E-003
  1.27600E+001,  1.1979E-002, -3.0252E-003
  1.27700E+001,  2.9041E-003,  6.0863E-003
  1.27800E+001, -6.1721E-003, -3.0252E-003
  1.27900E+001, -6.1721E-003, -3.0252E-003
  1.28000E+001,  2.9041E-003, -3.0252E-003
  1.28100E+001,  1.1979E-002, -3.0252E-003
  1.28200E+001,  1.1979E-002,  6.0863E-003
  1.28300E+001,  2.9041E-003,  6.0863E-003
  1.28400E+001,  1.1979E-002,  6.0863E-003
  1.28500E+001,  2.9041E-003, -3.0252E-003
  1.28600E+001,  2.9041E-003,  6.0863E-003
  1.28700E+001,  2.9041E-003, -3.0252E-003
  1.28800E+001,  2.9041E-003, -3.0252E-003
  1.28900E+001, -6.1721E-003, -3.0252E-003
  1.29000E+001, -6.1721E-003, -3.0252E-003
  1.29100E+001,  2.9041E-003, -3.0252E-003
  1.29200E+001, -6.1721E-003, -3.0252E-003
  1.29300E+001,  2.9041E-003, -3.0252E-003
  1.29400E+001,  2.9041E-003, -3.0252E-003
  1.29500E+001,  2.9041E-003, -3.0252E-003
  1.29600E+001, -6.1721E-003, -3.0252E-003
  1.29700E+001,  2.9041E-003, -3.0252E-003
  1.29800E+001,  2.9041E-003, -3.0252E-003
  1.29900E+001,  1.1979E-002, -3.0252E-003
  1.30000E+001, -6.1721E-003, -1.2137E-002
  1.30100E+001, -6.1721E-003, -3.0252E-003
  1.30200E+001, -6.1721E-003, -3.0252E-003
  1.30300E+001, -6.1721E-003, -3.0252E-003
  1.30400E+001,  2.9041E-003, -3.0252E-003
  1.30500E+001, -6.1721E-003, -3.0252E-003
  1.30600E+001,  2.9041E-003,  6.0863E-003
  1.30700E+001,  2.9041E-003, -3.0252E-003
  1.30800E+001,  1.1979E-002, -3.0252E-003
  1.30900E+001,  2.9041E-003,  6.0863E-003
  1.31000E+001,  2.9041E-003, -3.0252E-003
  1.31100E+001,  1.1979E-002,  6.0863E-003
  1.31200E+001, -6.1721E-003, -3.0252E-003
  1.31300E+001,  2.9041E-003,  6.0863E-003
  1.31400E+001,  2.9041E-003, -1.2137E-002
  1.31500E+001,  2.9041E-003, -3.0252E-003
  1.31600E+001, -6.1721E-003, -3.0252E-003
  1.31700E+001, -6.1721E-003, -3.0252E-003
  1.31800E+001, -6.1721E-003, -1.2137E-002
  1.31900E+001,  1.1979E-002, -3.0252E-003
  1.32000E+001,  2.9041E-003,  6.0863E-003
