# [Parameters]
# Name = 'firc'
# ShotNo = 174629
# Date = '12/09/2021 10:34'
# 
# DimNo = 1
# DimName = 'Time'
# DimSize = 1311
# DimUnit = 's'
# 
# ValNo = 2
# ValName = 'nL(3669)', 'nL(3759)'
# ValUnit = 'e19m-2', 'e19m-2'
# [Comments]
#  
# [data]
  1.00000E-001, -6.3527E-003,  2.0956E-003
  1.10000E-001, -6.3527E-003,  2.0956E-003
  1.20000E-001,  2.7226E-003,  2.0956E-003
  1.30000E-001,  2.7226E-003,  2.0956E-003
  1.40000E-001,  2.7226E-003, -7.0167E-003
  1.50000E-001,  2.7226E-003,  2.0956E-003
  1.60000E-001,  1.1799E-002,  2.0956E-003
  1.70000E-001,  1.1799E-002,  2.0956E-003
  1.80000E-001,  1.1799E-002,  1.1207E-002
  1.90000E-001,  1.1799E-002,  2.0956E-003
  2.00000E-001, -6.3527E-003,  2.0956E-003
  2.10000E-001, -6.3527E-003,  2.0956E-003
  2.20000E-001,  2.7226E-003,  2.0956E-003
  2.30000E-001, -6.3527E-003,  2.0956E-003
  2.40000E-001, -6.3527E-003, -7.0167E-003
  2.50000E-001, -6.3527E-003, -7.0167E-003
  2.60000E-001, -6.3527E-003,  2.0956E-003
  2.70000E-001,  2.7226E-003,  2.0956E-003
  2.80000E-001,  2.7226E-003,  2.0956E-003
  2.90000E-001,  2.7226E-003,  2.0956E-003
  3.00000E-001,  1.1799E-002,  1.1207E-002
  3.10000E-001, -6.3527E-003,  2.0956E-003
  3.20000E-001, -6.3527E-003,  2.0956E-003
  3.30000E-001,  2.7226E-003, -7.0167E-003
  3.40000E-001,  2.7226E-003,  2.0956E-003
  3.50000E-001,  1.1799E-002,  2.0956E-003
  3.60000E-001,  2.7226E-003,  2.0956E-003
  3.70000E-001, -6.3527E-003,  2.0956E-003
  3.80000E-001,  2.7226E-003,  2.0956E-003
  3.90000E-001,  2.7226E-003,  2.0956E-003
  4.00000E-001,  1.1799E-002,  1.1207E-002
  4.10000E-001,  1.1799E-002,  1.1207E-002
  4.20000E-001, -6.3527E-003,  2.0956E-003
  4.30000E-001,  2.7226E-003,  2.0956E-003
  4.40000E-001, -6.3527E-003, -7.0167E-003
  4.50000E-001,  2.7226E-003, -7.0167E-003
  4.60000E-001, -6.3527E-003, -7.0167E-003
  4.70000E-001, -6.3527E-003,  2.0956E-003
  4.80000E-001, -6.3527E-003,  2.0956E-003
  4.90000E-001,  2.7226E-003,  2.0956E-003
  5.00000E-001,  2.7226E-003,  2.0956E-003
  5.10000E-001,  2.7226E-003,  2.0956E-003
  5.20000E-001, -6.3527E-003,  2.0956E-003
  5.30000E-001,  2.7226E-003,  2.0956E-003
  5.40000E-001,  2.7226E-003,  2.0956E-003
  5.50000E-001, -6.3527E-003, -7.0167E-003
  5.60000E-001,  2.7226E-003,  2.0956E-003
  5.70000E-001,  2.7226E-003,  2.0956E-003
  5.80000E-001,  2.7226E-003,  2.0956E-003
  5.90000E-001,  2.7226E-003,  2.0956E-003
  6.00000E-001,  1.1799E-002,  2.0956E-003
  6.10000E-001,  1.1799E-002,  2.0956E-003
  6.20000E-001,  2.7226E-003,  1.1207E-002
  6.30000E-001,  2.7226E-003,  2.0956E-003
  6.40000E-001,  1.1799E-002,  2.0956E-003
  6.50000E-001,  2.7226E-003,  2.0956E-003
  6.60000E-001,  2.7226E-003,  2.0956E-003
  6.70000E-001, -6.3527E-003,  2.0956E-003
  6.80000E-001,  2.7226E-003,  2.0956E-003
  6.90000E-001,  2.7226E-003,  2.0956E-003
  7.00000E-001,  1.1799E-002,  2.0956E-003
  7.10000E-001, -6.3527E-003,  2.0956E-003
  7.20000E-001, -6.3527E-003,  2.0956E-003
  7.30000E-001,  2.7226E-003,  2.0956E-003
  7.40000E-001,  2.7226E-003,  2.0956E-003
  7.50000E-001,  1.1799E-002,  2.0956E-003
  7.60000E-001,  2.7226E-003,  2.0956E-003
  7.70000E-001,  2.7226E-003,  2.0956E-003
  7.80000E-001,  2.7226E-003,  2.0956E-003
  7.90000E-001, -6.3527E-003,  2.0956E-003
  8.00000E-001, -6.3527E-003, -7.0167E-003
  8.10000E-001,  2.7226E-003, -7.0167E-003
  8.20000E-001, -6.3527E-003,  2.0956E-003
  8.30000E-001, -6.3527E-003,  2.0956E-003
  8.40000E-001,  2.7226E-003,  2.0956E-003
  8.50000E-001,  1.1799E-002,  2.0956E-003
  8.60000E-001,  1.1799E-002,  1.1207E-002
  8.70000E-001,  1.1799E-002,  1.1207E-002
  8.80000E-001,  2.7226E-003,  2.0956E-003
  8.90000E-001,  1.1799E-002,  2.0956E-003
  9.00000E-001,  2.7226E-003,  2.0956E-003
  9.10000E-001,  2.7226E-003, -7.0167E-003
  9.20000E-001,  1.1799E-002,  2.0956E-003
  9.30000E-001,  2.7226E-003, -7.0167E-003
  9.40000E-001, -6.3527E-003,  2.0956E-003
  9.50000E-001,  2.7226E-003,  2.0956E-003
  9.60000E-001,  2.7226E-003,  2.0956E-003
  9.70000E-001,  1.1799E-002,  1.1207E-002
  9.80000E-001,  2.7226E-003,  2.0956E-003
  9.90000E-001,  2.7226E-003,  2.0956E-003
  1.00000E+000, -6.3527E-003,  2.0956E-003
  1.01000E+000, -6.3527E-003, -7.0167E-003
  1.02000E+000,  2.7226E-003, -7.0167E-003
  1.03000E+000,  2.7226E-003,  2.0956E-003
  1.04000E+000, -6.3527E-003, -7.0167E-003
  1.05000E+000, -6.3527E-003, -7.0167E-003
  1.06000E+000,  2.7226E-003, -7.0167E-003
  1.07000E+000,  2.7226E-003, -7.0167E-003
  1.08000E+000,  1.1799E-002,  1.1207E-002
  1.09000E+000,  2.7226E-003,  1.1207E-002
  1.10000E+000, -6.3527E-003,  2.0956E-003
  1.11000E+000, -6.3527E-003, -7.0167E-003
  1.12000E+000,  2.7226E-003, -7.0167E-003
  1.13000E+000,  2.7226E-003,  2.0956E-003
  1.14000E+000, -6.3527E-003, -7.0167E-003
  1.15000E+000,  2.7226E-003,  2.0956E-003
  1.16000E+000,  2.7226E-003,  2.0956E-003
  1.17000E+000,  1.1799E-002,  2.0956E-003
  1.18000E+000,  1.1799E-002,  2.0956E-003
  1.19000E+000,  1.1799E-002,  1.1207E-002
  1.20000E+000,  1.1799E-002,  1.1207E-002
  1.21000E+000,  2.7226E-003,  2.0956E-003
  1.22000E+000,  2.7226E-003,  2.0956E-003
  1.23000E+000,  2.7226E-003,  2.0956E-003
  1.24000E+000,  2.7226E-003, -7.0167E-003
  1.25000E+000,  2.7226E-003,  2.0956E-003
  1.26000E+000,  2.7226E-003, -7.0167E-003
  1.27000E+000,  2.7226E-003, -7.0167E-003
  1.28000E+000,  1.1799E-002,  2.0956E-003
  1.29000E+000,  2.7226E-003,  2.0956E-003
  1.30000E+000,  2.7226E-003,  2.0956E-003
  1.31000E+000,  2.7226E-003,  2.0956E-003
  1.32000E+000,  1.1799E-002,  2.0956E-003
  1.33000E+000,  2.7226E-003,  2.0956E-003
  1.34000E+000,  2.7226E-003, -7.0167E-003
  1.35000E+000, -6.3527E-003, -7.0167E-003
  1.36000E+000,  2.7226E-003,  2.0956E-003
  1.37000E+000,  2.7226E-003, -7.0167E-003
  1.38000E+000,  2.7226E-003,  2.0956E-003
  1.39000E+000,  2.7226E-003,  2.0956E-003
  1.40000E+000, -6.3527E-003,  2.0956E-003
  1.41000E+000,  2.7226E-003, -7.0167E-003
  1.42000E+000,  1.1799E-002,  2.0956E-003
  1.43000E+000,  1.1799E-002,  2.0956E-003
  1.44000E+000,  2.7226E-003,  2.0956E-003
  1.45000E+000,  2.7226E-003,  2.0956E-003
  1.46000E+000,  2.7226E-003,  2.0956E-003
  1.47000E+000,  2.7226E-003,  2.0956E-003
  1.48000E+000,  1.1799E-002,  2.0956E-003
  1.49000E+000,  1.1799E-002,  2.0956E-003
  1.50000E+000,  2.7226E-003,  2.0956E-003
  1.51000E+000, -6.3527E-003,  2.0956E-003
  1.52000E+000, -6.3527E-003,  2.0956E-003
  1.53000E+000,  1.1799E-002,  1.1207E-002
  1.54000E+000,  1.1799E-002,  2.0956E-003
  1.55000E+000,  2.7226E-003,  2.0956E-003
  1.56000E+000,  2.7226E-003,  2.0956E-003
  1.57000E+000,  2.7226E-003,  2.0956E-003
  1.58000E+000, -6.3527E-003,  2.0956E-003
  1.59000E+000, -6.3527E-003, -1.6128E-002
  1.60000E+000,  2.7226E-003, -7.0167E-003
  1.61000E+000,  2.7226E-003,  2.0956E-003
  1.62000E+000, -6.3527E-003,  2.0956E-003
  1.63000E+000,  2.7226E-003,  2.0956E-003
  1.64000E+000,  2.7226E-003,  2.0956E-003
  1.65000E+000,  1.1799E-002,  2.0956E-003
  1.66000E+000,  1.1799E-002,  2.0956E-003
  1.67000E+000,  1.1799E-002,  2.0956E-003
  1.68000E+000,  1.1799E-002,  2.0956E-003
  1.69000E+000,  2.7226E-003,  2.0956E-003
  1.70000E+000,  2.7226E-003,  2.0956E-003
  1.71000E+000,  2.7226E-003, -7.0167E-003
  1.72000E+000,  2.7226E-003, -7.0167E-003
  1.73000E+000,  2.7226E-003,  2.0956E-003
  1.74000E+000, -6.3527E-003,  2.0956E-003
  1.75000E+000,  2.7226E-003,  2.0956E-003
  1.76000E+000, -6.3527E-003,  2.0956E-003
  1.77000E+000,  1.1799E-002,  1.1207E-002
  1.78000E+000,  1.1799E-002,  1.1207E-002
  1.79000E+000,  2.7226E-003,  2.0956E-003
  1.80000E+000, -6.3527E-003,  2.0956E-003
  1.81000E+000,  1.1799E-002,  2.0956E-003
  1.82000E+000,  2.7226E-003, -7.0167E-003
  1.83000E+000,  2.7226E-003,  2.0956E-003
  1.84000E+000, -6.3527E-003,  2.0956E-003
  1.85000E+000,  2.7226E-003,  2.0956E-003
  1.86000E+000,  2.7226E-003,  2.0956E-003
  1.87000E+000,  2.7226E-003,  2.0956E-003
  1.88000E+000,  2.7226E-003,  2.0956E-003
  1.89000E+000,  2.7226E-003,  2.0956E-003
  1.90000E+000,  1.1799E-002,  2.0956E-003
  1.91000E+000,  2.7226E-003,  2.0956E-003
  1.92000E+000,  2.7226E-003,  2.0956E-003
  1.93000E+000,  2.7226E-003, -7.0167E-003
  1.94000E+000,  2.7226E-003, -7.0167E-003
  1.95000E+000,  2.7226E-003,  2.0956E-003
  1.96000E+000,  2.7226E-003,  2.0956E-003
  1.97000E+000,  2.7226E-003,  2.0956E-003
  1.98000E+000,  2.7226E-003,  2.0956E-003
  1.99000E+000,  1.1799E-002,  2.0956E-003
  2.00000E+000,  2.7226E-003,  2.0956E-003
  2.01000E+000,  1.1799E-002,  2.0956E-003
  2.02000E+000,  1.1799E-002,  1.1207E-002
  2.03000E+000,  2.7226E-003,  2.0956E-003
  2.04000E+000, -6.3527E-003,  2.0956E-003
  2.05000E+000,  2.7226E-003,  2.0956E-003
  2.06000E+000,  2.7226E-003,  2.0956E-003
  2.07000E+000, -6.3527E-003,  2.0956E-003
  2.08000E+000,  1.1799E-002,  2.0956E-003
  2.09000E+000,  2.7226E-003,  2.0956E-003
  2.10000E+000,  1.1799E-002,  2.0956E-003
  2.11000E+000,  2.7226E-003,  2.0956E-003
  2.12000E+000,  2.7226E-003,  2.0956E-003
  2.13000E+000,  2.7226E-003,  2.0956E-003
  2.14000E+000,  2.7226E-003,  2.0956E-003
  2.15000E+000,  2.7226E-003,  2.0956E-003
  2.16000E+000,  2.7226E-003,  2.0956E-003
  2.17000E+000,  2.7226E-003,  2.0956E-003
  2.18000E+000,  2.7226E-003,  2.0956E-003
  2.19000E+000,  2.7226E-003,  2.0956E-003
  2.20000E+000,  1.1799E-002,  2.0956E-003
  2.21000E+000,  2.7226E-003,  2.0956E-003
  2.22000E+000,  2.7226E-003,  2.0956E-003
  2.23000E+000,  1.1799E-002,  2.0956E-003
  2.24000E+000,  1.1799E-002,  2.0956E-003
  2.25000E+000,  2.7226E-003,  2.0956E-003
  2.26000E+000,  2.7226E-003,  2.0956E-003
  2.27000E+000, -6.3527E-003,  2.0956E-003
  2.28000E+000,  2.7226E-003,  2.0956E-003
  2.29000E+000,  2.7226E-003,  2.0956E-003
  2.30000E+000,  2.7226E-003,  2.0956E-003
  2.31000E+000,  2.7226E-003,  2.0956E-003
  2.32000E+000, -6.3527E-003,  2.0956E-003
  2.33000E+000,  1.1799E-002,  2.0956E-003
  2.34000E+000,  1.1799E-002,  1.1207E-002
  2.35000E+000,  1.1799E-002,  2.0956E-003
  2.36000E+000,  2.7226E-003,  2.0956E-003
  2.37000E+000,  1.1799E-002,  2.0956E-003
  2.38000E+000,  1.1799E-002,  2.0956E-003
  2.39000E+000, -6.3527E-003, -7.0167E-003
  2.40000E+000,  2.7226E-003,  2.0956E-003
  2.41000E+000,  2.7226E-003,  2.0956E-003
  2.42000E+000,  2.7226E-003,  2.0956E-003
  2.43000E+000,  2.7226E-003,  2.0956E-003
  2.44000E+000, -6.3527E-003,  2.0956E-003
  2.45000E+000,  2.7226E-003,  2.0956E-003
  2.46000E+000,  2.7226E-003,  2.0956E-003
  2.47000E+000,  1.1799E-002,  2.0956E-003
  2.48000E+000, -6.3527E-003,  2.0956E-003
  2.49000E+000,  2.7226E-003,  2.0956E-003
  2.50000E+000,  2.7226E-003, -7.0167E-003
  2.51000E+000,  2.7226E-003,  2.0956E-003
  2.52000E+000,  2.7226E-003,  2.0956E-003
  2.53000E+000,  2.7226E-003,  2.0956E-003
  2.54000E+000, -6.3527E-003, -7.0167E-003
  2.55000E+000,  2.7226E-003,  2.0956E-003
  2.56000E+000,  1.1799E-002,  1.1207E-002
  2.57000E+000,  1.1799E-002,  1.1207E-002
  2.58000E+000,  1.1799E-002,  1.1207E-002
  2.59000E+000,  1.1799E-002,  2.0956E-003
  2.60000E+000,  2.7226E-003,  2.0956E-003
  2.61000E+000,  2.7226E-003,  2.0956E-003
  2.62000E+000,  1.1799E-002,  2.0956E-003
  2.63000E+000,  2.7226E-003,  2.0956E-003
  2.64000E+000,  2.7226E-003,  2.0956E-003
  2.65000E+000,  1.1799E-002,  2.0956E-003
  2.66000E+000,  1.1799E-002,  2.0956E-003
  2.67000E+000,  2.7226E-003,  2.0956E-003
  2.68000E+000,  1.1799E-002,  1.1207E-002
  2.69000E+000, -6.3527E-003,  1.1207E-002
  2.70000E+000,  2.7226E-003,  2.0956E-003
  2.71000E+000,  2.7226E-003,  2.0956E-003
  2.72000E+000,  2.7226E-003,  2.0956E-003
  2.73000E+000,  2.7226E-003,  2.0956E-003
  2.74000E+000, -6.3527E-003,  2.0956E-003
  2.75000E+000, -6.3527E-003,  2.0956E-003
  2.76000E+000, -6.3527E-003, -7.0167E-003
  2.77000E+000,  2.7226E-003,  2.0956E-003
  2.78000E+000,  2.7226E-003,  2.0956E-003
  2.79000E+000,  1.1799E-002,  2.0956E-003
  2.80000E+000,  1.1799E-002,  2.0956E-003
  2.81000E+000,  2.7226E-003,  2.0956E-003
  2.82000E+000,  2.7226E-003,  2.0956E-003
  2.83000E+000,  1.1799E-002,  1.1207E-002
  2.84000E+000,  2.7226E-003,  2.0956E-003
  2.85000E+000,  1.1799E-002,  2.0956E-003
  2.86000E+000,  1.1799E-002,  2.0956E-003
  2.87000E+000,  1.1799E-002,  2.0956E-003
  2.88000E+000,  2.7226E-003,  1.1207E-002
  2.89000E+000,  2.7226E-003,  2.0956E-003
  2.90000E+000,  2.7226E-003,  1.1207E-002
  2.91000E+000,  1.1799E-002,  1.1207E-002
  2.92000E+000,  2.7226E-003,  2.0956E-003
  2.93000E+000,  1.1799E-002,  2.0956E-003
  2.94000E+000,  2.7226E-003,  2.0956E-003
  2.95000E+000,  2.7226E-003,  2.0956E-003
  2.96000E+000, -6.3527E-003,  2.0956E-003
  2.97000E+000,  2.7226E-003,  2.0956E-003
  2.98000E+000,  2.7226E-003,  2.0956E-003
  2.99000E+000,  2.7226E-003,  2.0956E-003
  3.00000E+000,  1.1799E-002,  2.0956E-003
  3.01000E+000,  2.7226E-003,  2.0956E-003
  3.02000E+000, -6.3527E-003,  2.0956E-003
  3.03000E+000,  2.7226E-003,  2.0956E-003
  3.04000E+000,  2.7226E-003,  2.0956E-003
  3.05000E+000,  2.7226E-003,  2.0956E-003
  3.06000E+000,  1.1799E-002,  2.0956E-003
  3.07000E+000,  2.7226E-003,  2.0956E-003
  3.08000E+000, -6.3527E-003,  2.0956E-003
  3.09000E+000, -6.3527E-003,  2.0956E-003
  3.10000E+000, -6.3527E-003,  2.0956E-003
  3.11000E+000,  2.7226E-003,  2.0956E-003
  3.12000E+000,  1.1799E-002,  2.0956E-003
  3.13000E+000,  2.7226E-003,  1.1207E-002
  3.14000E+000,  1.1799E-002,  1.1207E-002
  3.15000E+000,  1.1799E-002,  1.1207E-002
  3.16000E+000,  2.7226E-003,  2.0956E-003
  3.17000E+000,  2.7226E-003,  1.1207E-002
  3.18000E+000,  1.1799E-002,  1.1207E-002
  3.19000E+000,  1.1799E-002,  1.1207E-002
  3.20000E+000,  1.1799E-002,  1.1207E-002
  3.21000E+000,  2.7226E-003,  2.0956E-003
  3.22000E+000,  2.7226E-003,  2.0956E-003
  3.23000E+000,  2.7226E-003,  1.1207E-002
  3.24000E+000,  1.1799E-002,  1.1207E-002
  3.25000E+000,  1.1799E-002,  1.1207E-002
  3.26000E+000,  2.7226E-003,  1.1207E-002
  3.27000E+000,  1.1799E-002,  2.0956E-003
  3.28000E+000,  2.7226E-003,  2.0956E-003
  3.29000E+000, -6.3527E-003,  1.1207E-002
  3.30000E+000,  1.1799E-002,  2.0319E-002
  3.31000E+000,  2.5684E-001,  2.6634E-001
  3.32000E+000,  3.2037E-001,  3.4834E-001
  3.33000E+000,  3.1130E-001,  3.2101E-001
  3.34000E+000,  3.0222E-001,  3.1190E-001
  3.35000E+000,  3.0222E-001,  3.1190E-001
  3.36000E+000,  3.1130E-001,  3.1190E-001
  3.37000E+000,  3.1130E-001,  3.3012E-001
  3.38000E+000,  3.2037E-001,  3.3012E-001
  3.39000E+000,  3.2945E-001,  3.3012E-001
  3.40000E+000,  3.2945E-001,  3.4834E-001
  3.41000E+000,  3.4760E-001,  3.4834E-001
  3.42000E+000,  3.5667E-001,  3.5746E-001
  3.43000E+000,  3.5667E-001,  3.6657E-001
  3.44000E+000,  3.5667E-001,  3.7568E-001
  3.45000E+000,  3.6575E-001,  3.8479E-001
  3.46000E+000,  3.8390E-001,  3.9390E-001
  3.47000E+000,  3.9298E-001,  4.0302E-001
  3.48000E+000,  4.0205E-001,  4.1213E-001
  3.49000E+000,  4.0205E-001,  4.2124E-001
  3.50000E+000,  4.1113E-001,  4.2124E-001
  3.51000E+000,  4.2020E-001,  4.3035E-001
  3.52000E+000,  4.2928E-001,  4.4857E-001
  3.53000E+000,  4.3836E-001,  4.4857E-001
  3.54000E+000,  4.5651E-001,  4.6680E-001
  3.55000E+000,  5.0188E-001,  5.0325E-001
  3.56000E+000,  5.5634E-001,  5.6703E-001
  3.57000E+000,  6.2894E-001,  6.3992E-001
  3.58000E+000,  7.1970E-001,  7.2193E-001
  3.59000E+000,  8.1046E-001,  8.1305E-001
  3.60000E+000,  9.1937E-001,  9.2239E-001
  3.61000E+000,  1.0464E+000,  1.0408E+000
  3.62000E+000,  1.1644E+000,  1.1593E+000
  3.63000E+000,  1.2824E+000,  1.2686E+000
  3.64000E+000,  1.3913E+000,  1.3871E+000
  3.65000E+000,  1.4821E+000,  1.4691E+000
  3.66000E+000,  1.5547E+000,  1.5420E+000
  3.67000E+000,  1.6273E+000,  1.6149E+000
  3.68000E+000,  1.6817E+000,  1.6787E+000
  3.69000E+000,  1.7362E+000,  1.7333E+000
  3.70000E+000,  1.7816E+000,  1.7789E+000
  3.71000E+000,  1.8179E+000,  1.8153E+000
  3.72000E+000,  1.8451E+000,  1.8518E+000
  3.73000E+000,  1.8723E+000,  1.8700E+000
  3.74000E+000,  1.8814E+000,  1.8882E+000
  3.75000E+000,  1.8905E+000,  1.9065E+000
  3.76000E+000,  1.9086E+000,  1.9156E+000
  3.77000E+000,  1.9177E+000,  1.9247E+000
  3.78000E+000,  1.9268E+000,  1.9429E+000
  3.79000E+000,  1.9358E+000,  1.9429E+000
  3.80000E+000,  1.9358E+000,  1.9520E+000
  3.81000E+000,  1.9358E+000,  1.9520E+000
  3.82000E+000,  1.9449E+000,  1.9520E+000
  3.83000E+000,  1.9358E+000,  1.9520E+000
  3.84000E+000,  1.9268E+000,  1.9520E+000
  3.85000E+000,  1.9268E+000,  1.9429E+000
  3.86000E+000,  1.9177E+000,  1.9338E+000
  3.87000E+000,  1.9177E+000,  1.9338E+000
  3.88000E+000,  1.9086E+000,  1.9247E+000
  3.89000E+000,  1.8905E+000,  1.9156E+000
  3.90000E+000,  1.8995E+000,  1.9156E+000
  3.91000E+000,  1.8905E+000,  1.9065E+000
  3.92000E+000,  1.8814E+000,  1.8974E+000
  3.93000E+000,  1.8723E+000,  1.8791E+000
  3.94000E+000,  1.8632E+000,  1.8791E+000
  3.95000E+000,  1.8632E+000,  1.8700E+000
  3.96000E+000,  1.8542E+000,  1.8518E+000
  3.97000E+000,  1.8269E+000,  1.8336E+000
  3.98000E+000,  1.8269E+000,  1.8245E+000
  3.99000E+000,  1.8088E+000,  1.8062E+000
  4.00000E+000,  1.7906E+000,  1.8062E+000
  4.01000E+000,  1.7725E+000,  1.7789E+000
  4.02000E+000,  1.7725E+000,  1.7698E+000
  4.03000E+000,  1.7543E+000,  1.7607E+000
  4.04000E+000,  1.7362E+000,  1.7425E+000
  4.05000E+000,  1.7271E+000,  1.7333E+000
  4.06000E+000,  1.7089E+000,  1.7151E+000
  4.07000E+000,  1.6908E+000,  1.6969E+000
  4.08000E+000,  1.6726E+000,  1.6787E+000
  4.09000E+000,  1.6545E+000,  1.6604E+000
  4.10000E+000,  1.6363E+000,  1.6513E+000
  4.11000E+000,  1.6363E+000,  1.6331E+000
  4.12000E+000,  1.6182E+000,  1.6149E+000
  4.13000E+000,  1.6091E+000,  1.6058E+000
  4.14000E+000,  1.5819E+000,  1.5967E+000
  4.15000E+000,  1.5637E+000,  1.5784E+000
  4.16000E+000,  1.5637E+000,  1.5602E+000
  4.17000E+000,  1.5456E+000,  1.5511E+000
  4.18000E+000,  1.5365E+000,  1.5420E+000
  4.19000E+000,  1.5184E+000,  1.5238E+000
  4.20000E+000,  1.5002E+000,  1.5147E+000
  4.21000E+000,  1.5093E+000,  1.4964E+000
  4.22000E+000,  1.4821E+000,  1.4873E+000
  4.23000E+000,  1.4730E+000,  1.4873E+000
  4.24000E+000,  1.4639E+000,  1.4691E+000
  4.25000E+000,  1.4458E+000,  1.4600E+000
  4.26000E+000,  1.4458E+000,  1.4509E+000
  4.27000E+000,  1.4458E+000,  1.4509E+000
  4.28000E+000,  1.4367E+000,  1.4327E+000
  4.29000E+000,  1.4185E+000,  1.4235E+000
  4.30000E+000,  1.4095E+000,  1.4144E+000
  4.31000E+000,  1.3913E+000,  1.4053E+000
  4.32000E+000,  1.3822E+000,  1.3962E+000
  4.33000E+000,  1.3641E+000,  1.3871E+000
  4.34000E+000,  1.3641E+000,  1.3780E+000
  4.35000E+000,  1.3459E+000,  1.3598E+000
  4.36000E+000,  1.3368E+000,  1.3506E+000
  4.37000E+000,  1.3278E+000,  1.3415E+000
  4.38000E+000,  1.3278E+000,  1.3324E+000
  4.39000E+000,  1.3187E+000,  1.3324E+000
  4.40000E+000,  1.3005E+000,  1.3142E+000
  4.41000E+000,  1.2915E+000,  1.2960E+000
  4.42000E+000,  1.2915E+000,  1.2960E+000
  4.43000E+000,  1.2824E+000,  1.2869E+000
  4.44000E+000,  1.2733E+000,  1.2778E+000
  4.45000E+000,  1.2552E+000,  1.2686E+000
  4.46000E+000,  1.2461E+000,  1.2595E+000
  4.47000E+000,  1.2279E+000,  1.2413E+000
  4.48000E+000,  1.2370E+000,  1.2413E+000
  4.49000E+000,  1.2370E+000,  1.2413E+000
  4.50000E+000,  1.2279E+000,  1.2322E+000
  4.51000E+000,  1.2189E+000,  1.2231E+000
  4.52000E+000,  1.2098E+000,  1.2231E+000
  4.53000E+000,  1.2007E+000,  1.2140E+000
  4.54000E+000,  1.2098E+000,  1.2322E+000
  4.55000E+000,  1.2370E+000,  1.2504E+000
  4.56000E+000,  1.2915E+000,  1.2960E+000
  4.57000E+000,  1.3731E+000,  1.3780E+000
  4.58000E+000,  1.4730E+000,  1.4691E+000
  4.59000E+000,  1.5728E+000,  1.5693E+000
  4.60000E+000,  1.6726E+000,  1.6604E+000
  4.61000E+000,  1.7634E+000,  1.7607E+000
  4.62000E+000,  1.8723E+000,  1.8518E+000
  4.63000E+000,  1.9721E+000,  1.9520E+000
  4.64000E+000,  2.0629E+000,  2.0523E+000
  4.65000E+000,  2.1537E+000,  2.1434E+000
  4.66000E+000,  2.2353E+000,  2.2345E+000
  4.67000E+000,  2.3261E+000,  2.3165E+000
  4.68000E+000,  2.3987E+000,  2.3894E+000
  4.69000E+000,  2.4713E+000,  2.4532E+000
  4.70000E+000,  2.5348E+000,  2.5170E+000
  4.71000E+000,  2.5893E+000,  2.5807E+000
  4.72000E+000,  2.6347E+000,  2.6263E+000
  4.73000E+000,  2.6891E+000,  2.6719E+000
  4.74000E+000,  2.7254E+000,  2.7174E+000
  4.75000E+000,  2.7617E+000,  2.7448E+000
  4.76000E+000,  2.7799E+000,  2.7630E+000
  4.77000E+000,  2.7708E+000,  2.7539E+000
  4.78000E+000,  2.7799E+000,  2.7630E+000
  4.79000E+000,  2.7708E+000,  2.7448E+000
  4.80000E+000,  2.7617E+000,  2.7448E+000
  4.81000E+000,  2.7527E+000,  2.7265E+000
  4.82000E+000,  2.7345E+000,  2.7174E+000
  4.83000E+000,  2.7345E+000,  2.7083E+000
  4.84000E+000,  2.7073E+000,  2.6901E+000
  4.85000E+000,  2.6982E+000,  2.6810E+000
  4.86000E+000,  2.6891E+000,  2.6719E+000
  4.87000E+000,  2.6800E+000,  2.6536E+000
  4.88000E+000,  2.6619E+000,  2.6445E+000
  4.89000E+000,  2.6437E+000,  2.6263E+000
  4.90000E+000,  2.6256E+000,  2.6081E+000
  4.91000E+000,  2.6074E+000,  2.5990E+000
  4.92000E+000,  2.5984E+000,  2.5807E+000
  4.93000E+000,  2.5893E+000,  2.5716E+000
  4.94000E+000,  2.5711E+000,  2.5534E+000
  4.95000E+000,  2.5530E+000,  2.5534E+000
  4.96000E+000,  2.5530E+000,  2.5352E+000
  4.97000E+000,  2.5258E+000,  2.5170E+000
  4.98000E+000,  2.5167E+000,  2.5078E+000
  4.99000E+000,  2.4895E+000,  2.4805E+000
  5.00000E+000,  2.4804E+000,  2.4714E+000
  5.01000E+000,  2.4622E+000,  2.4532E+000
  5.02000E+000,  2.4441E+000,  2.4441E+000
  5.03000E+000,  2.4350E+000,  2.4258E+000
  5.04000E+000,  2.4078E+000,  2.4076E+000
  5.05000E+000,  2.3896E+000,  2.3894E+000
  5.06000E+000,  2.3805E+000,  2.3803E+000
  5.07000E+000,  2.3624E+000,  2.3529E+000
  5.08000E+000,  2.3352E+000,  2.3438E+000
  5.09000E+000,  2.3170E+000,  2.3256E+000
  5.10000E+000,  2.3079E+000,  2.3165E+000
  5.11000E+000,  2.2898E+000,  2.2892E+000
  5.12000E+000,  2.2716E+000,  2.2709E+000
  5.13000E+000,  2.2535E+000,  2.2618E+000
  5.14000E+000,  2.2353E+000,  2.2527E+000
  5.15000E+000,  2.2263E+000,  2.2436E+000
  5.16000E+000,  2.2263E+000,  2.2254E+000
  5.17000E+000,  2.2081E+000,  2.2163E+000
  5.18000E+000,  2.1990E+000,  2.2072E+000
  5.19000E+000,  2.1809E+000,  2.1980E+000
  5.20000E+000,  2.1809E+000,  2.1889E+000
  5.21000E+000,  2.1627E+000,  2.1798E+000
  5.22000E+000,  2.1627E+000,  2.1707E+000
  5.23000E+000,  2.1446E+000,  2.1616E+000
  5.24000E+000,  2.1264E+000,  2.1434E+000
  5.25000E+000,  2.1174E+000,  2.1252E+000
  5.26000E+000,  2.0992E+000,  2.1252E+000
  5.27000E+000,  2.0992E+000,  2.1069E+000
  5.28000E+000,  2.0901E+000,  2.0978E+000
  5.29000E+000,  2.0811E+000,  2.0887E+000
  5.30000E+000,  2.0629E+000,  2.0705E+000
  5.31000E+000,  2.0629E+000,  2.0705E+000
  5.32000E+000,  2.0447E+000,  2.0614E+000
  5.33000E+000,  2.0447E+000,  2.0523E+000
  5.34000E+000,  2.0266E+000,  2.0340E+000
  5.35000E+000,  2.0084E+000,  2.0340E+000
  5.36000E+000,  2.0175E+000,  2.0158E+000
  5.37000E+000,  2.0084E+000,  2.0067E+000
  5.38000E+000,  1.9903E+000,  2.0067E+000
  5.39000E+000,  1.9721E+000,  1.9976E+000
  5.40000E+000,  1.9721E+000,  1.9885E+000
  5.41000E+000,  1.9631E+000,  1.9794E+000
  5.42000E+000,  1.9631E+000,  1.9702E+000
  5.43000E+000,  1.9540E+000,  1.9702E+000
  5.44000E+000,  1.9540E+000,  1.9611E+000
  5.45000E+000,  1.9358E+000,  1.9520E+000
  5.46000E+000,  1.9358E+000,  1.9429E+000
  5.47000E+000,  1.9177E+000,  1.9338E+000
  5.48000E+000,  1.9086E+000,  1.9338E+000
  5.49000E+000,  1.8995E+000,  1.9156E+000
  5.50000E+000,  1.8905E+000,  1.9065E+000
  5.51000E+000,  1.8814E+000,  1.8974E+000
  5.52000E+000,  1.8723E+000,  1.8609E+000
  5.53000E+000,  1.8451E+000,  1.8427E+000
  5.54000E+000,  1.8269E+000,  1.8153E+000
  5.55000E+000,  1.8088E+000,  1.8062E+000
  5.56000E+000,  1.7997E+000,  1.7880E+000
  5.57000E+000,  1.7997E+000,  1.7789E+000
  5.58000E+000,  1.7997E+000,  1.7698E+000
  5.59000E+000,  1.7906E+000,  1.7698E+000
  5.60000E+000,  1.7997E+000,  1.7698E+000
  5.61000E+000,  1.7906E+000,  1.7698E+000
  5.62000E+000,  1.7997E+000,  1.7789E+000
  5.63000E+000,  1.7997E+000,  1.7880E+000
  5.64000E+000,  1.8179E+000,  1.7971E+000
  5.65000E+000,  1.8269E+000,  1.7971E+000
  5.66000E+000,  1.8269E+000,  1.7971E+000
  5.67000E+000,  1.8269E+000,  1.8062E+000
  5.68000E+000,  1.8360E+000,  1.8153E+000
  5.69000E+000,  1.8360E+000,  1.8062E+000
  5.70000E+000,  1.8451E+000,  1.8153E+000
  5.71000E+000,  1.8360E+000,  1.8153E+000
  5.72000E+000,  1.8360E+000,  1.8153E+000
  5.73000E+000,  1.8360E+000,  1.8153E+000
  5.74000E+000,  1.8360E+000,  1.8153E+000
  5.75000E+000,  1.8360E+000,  1.8153E+000
  5.76000E+000,  1.8360E+000,  1.8062E+000
  5.77000E+000,  1.8269E+000,  1.8062E+000
  5.78000E+000,  1.8179E+000,  1.8062E+000
  5.79000E+000,  1.8269E+000,  1.8062E+000
  5.80000E+000,  1.8269E+000,  1.7971E+000
  5.81000E+000,  1.8088E+000,  1.7880E+000
  5.82000E+000,  1.8088E+000,  1.7880E+000
  5.83000E+000,  1.7906E+000,  1.7698E+000
  5.84000E+000,  1.7906E+000,  1.7789E+000
  5.85000E+000,  1.7906E+000,  1.7698E+000
  5.86000E+000,  1.7906E+000,  1.7698E+000
  5.87000E+000,  1.7816E+000,  1.7698E+000
  5.88000E+000,  1.7725E+000,  1.7607E+000
  5.89000E+000,  1.7725E+000,  1.7607E+000
  5.90000E+000,  1.7634E+000,  1.7516E+000
  5.91000E+000,  1.7543E+000,  1.7425E+000
  5.92000E+000,  1.7543E+000,  1.7516E+000
  5.93000E+000,  1.7634E+000,  1.7333E+000
  5.94000E+000,  1.7634E+000,  1.7425E+000
  5.95000E+000,  1.7362E+000,  1.7333E+000
  5.96000E+000,  1.7453E+000,  1.7333E+000
  5.97000E+000,  1.7453E+000,  1.7333E+000
  5.98000E+000,  1.7362E+000,  1.7333E+000
  5.99000E+000,  1.7271E+000,  1.7242E+000
  6.00000E+000,  1.7362E+000,  1.7333E+000
  6.01000E+000,  1.7362E+000,  1.7242E+000
  6.02000E+000,  1.7271E+000,  1.7242E+000
  6.03000E+000,  1.7089E+000,  1.7060E+000
  6.04000E+000,  1.6999E+000,  1.6878E+000
  6.05000E+000,  1.6817E+000,  1.6787E+000
  6.06000E+000,  1.6545E+000,  1.6604E+000
  6.07000E+000,  1.6454E+000,  1.6422E+000
  6.08000E+000,  1.6182E+000,  1.6331E+000
  6.09000E+000,  1.6091E+000,  1.6240E+000
  6.10000E+000,  1.6091E+000,  1.6058E+000
  6.11000E+000,  1.5910E+000,  1.6058E+000
  6.12000E+000,  1.5910E+000,  1.5876E+000
  6.13000E+000,  1.5819E+000,  1.5784E+000
  6.14000E+000,  1.5637E+000,  1.5784E+000
  6.15000E+000,  1.5547E+000,  1.5602E+000
  6.16000E+000,  1.5456E+000,  1.5511E+000
  6.17000E+000,  1.5365E+000,  1.5420E+000
  6.18000E+000,  1.5365E+000,  1.5420E+000
  6.19000E+000,  1.5184E+000,  1.5238E+000
  6.20000E+000,  1.5093E+000,  1.5238E+000
  6.21000E+000,  1.5093E+000,  1.5147E+000
  6.22000E+000,  1.5002E+000,  1.5055E+000
  6.23000E+000,  1.4911E+000,  1.5055E+000
  6.24000E+000,  1.4821E+000,  1.4964E+000
  6.25000E+000,  1.4730E+000,  1.4873E+000
  6.26000E+000,  1.4730E+000,  1.4782E+000
  6.27000E+000,  1.4730E+000,  1.4782E+000
  6.28000E+000,  1.4639E+000,  1.4691E+000
  6.29000E+000,  1.4548E+000,  1.4691E+000
  6.30000E+000,  1.4458E+000,  1.4600E+000
  6.31000E+000,  1.4458E+000,  1.4600E+000
  6.32000E+000,  1.4367E+000,  1.4509E+000
  6.33000E+000,  1.4367E+000,  1.4418E+000
  6.34000E+000,  1.4367E+000,  1.4509E+000
  6.35000E+000,  1.4367E+000,  1.4418E+000
  6.36000E+000,  1.4367E+000,  1.4418E+000
  6.37000E+000,  1.4276E+000,  1.4418E+000
  6.38000E+000,  1.4276E+000,  1.4327E+000
  6.39000E+000,  1.4276E+000,  1.4235E+000
  6.40000E+000,  1.4185E+000,  1.4144E+000
  6.41000E+000,  1.4095E+000,  1.4144E+000
  6.42000E+000,  1.4095E+000,  1.4053E+000
  6.43000E+000,  1.3913E+000,  1.3962E+000
  6.44000E+000,  1.3822E+000,  1.3871E+000
  6.45000E+000,  1.3822E+000,  1.3871E+000
  6.46000E+000,  1.3641E+000,  1.3780E+000
  6.47000E+000,  1.3641E+000,  1.3780E+000
  6.48000E+000,  1.3550E+000,  1.3689E+000
  6.49000E+000,  1.3459E+000,  1.3689E+000
  6.50000E+000,  1.3459E+000,  1.3506E+000
  6.51000E+000,  1.3368E+000,  1.3415E+000
  6.52000E+000,  1.3187E+000,  1.3324E+000
  6.53000E+000,  1.3187E+000,  1.3233E+000
  6.54000E+000,  1.3096E+000,  1.3142E+000
  6.55000E+000,  1.3096E+000,  1.3142E+000
  6.56000E+000,  1.3005E+000,  1.3142E+000
  6.57000E+000,  1.3005E+000,  1.3051E+000
  6.58000E+000,  1.2915E+000,  1.3051E+000
  6.59000E+000,  1.2824E+000,  1.2960E+000
  6.60000E+000,  1.2824E+000,  1.2869E+000
  6.61000E+000,  1.2824E+000,  1.2869E+000
  6.62000E+000,  1.2642E+000,  1.2778E+000
  6.63000E+000,  1.2733E+000,  1.2686E+000
  6.64000E+000,  1.2552E+000,  1.2595E+000
  6.65000E+000,  1.2461E+000,  1.2504E+000
  6.66000E+000,  1.2370E+000,  1.2504E+000
  6.67000E+000,  1.2461E+000,  1.2504E+000
  6.68000E+000,  1.2370E+000,  1.2504E+000
  6.69000E+000,  1.2370E+000,  1.2413E+000
  6.70000E+000,  1.2370E+000,  1.2504E+000
  6.71000E+000,  1.2279E+000,  1.2413E+000
  6.72000E+000,  1.2189E+000,  1.2322E+000
  6.73000E+000,  1.2189E+000,  1.2413E+000
  6.74000E+000,  1.2189E+000,  1.2413E+000
  6.75000E+000,  1.2279E+000,  1.2322E+000
  6.76000E+000,  1.2098E+000,  1.2231E+000
  6.77000E+000,  1.2098E+000,  1.2231E+000
  6.78000E+000,  1.2098E+000,  1.2231E+000
  6.79000E+000,  1.2007E+000,  1.2231E+000
  6.80000E+000,  1.2007E+000,  1.2140E+000
  6.81000E+000,  1.2007E+000,  1.2140E+000
  6.82000E+000,  1.1916E+000,  1.2049E+000
  6.83000E+000,  1.2098E+000,  1.2049E+000
  6.84000E+000,  1.2007E+000,  1.1957E+000
  6.85000E+000,  1.1916E+000,  1.1866E+000
  6.86000E+000,  1.1826E+000,  1.1866E+000
  6.87000E+000,  1.1735E+000,  1.1684E+000
  6.88000E+000,  1.1644E+000,  1.1684E+000
  6.89000E+000,  1.1644E+000,  1.1684E+000
  6.90000E+000,  1.1553E+000,  1.1684E+000
  6.91000E+000,  1.1553E+000,  1.1593E+000
  6.92000E+000,  1.1553E+000,  1.1502E+000
  6.93000E+000,  1.1553E+000,  1.1593E+000
  6.94000E+000,  1.1463E+000,  1.1593E+000
  6.95000E+000,  1.1553E+000,  1.1593E+000
  6.96000E+000,  1.1553E+000,  1.1593E+000
  6.97000E+000,  1.1553E+000,  1.1593E+000
  6.98000E+000,  1.1463E+000,  1.1502E+000
  6.99000E+000,  1.1372E+000,  1.1411E+000
  7.00000E+000,  1.1281E+000,  1.1320E+000
  7.01000E+000,  1.1281E+000,  1.1229E+000
  7.02000E+000,  1.1190E+000,  1.1137E+000
  7.03000E+000,  1.1190E+000,  1.1137E+000
  7.04000E+000,  1.1100E+000,  1.1137E+000
  7.05000E+000,  1.1009E+000,  1.1046E+000
  7.06000E+000,  1.1009E+000,  1.0955E+000
  7.07000E+000,  1.0918E+000,  1.0955E+000
  7.08000E+000,  1.0918E+000,  1.0864E+000
  7.09000E+000,  1.0737E+000,  1.0773E+000
  7.10000E+000,  1.0737E+000,  1.0773E+000
  7.11000E+000,  1.0646E+000,  1.0682E+000
  7.12000E+000,  1.0555E+000,  1.0682E+000
  7.13000E+000,  1.0555E+000,  1.0591E+000
  7.14000E+000,  1.0464E+000,  1.0591E+000
  7.15000E+000,  1.0464E+000,  1.0591E+000
  7.16000E+000,  1.0373E+000,  1.0500E+000
  7.17000E+000,  1.0373E+000,  1.0408E+000
  7.18000E+000,  1.0373E+000,  1.0408E+000
  7.19000E+000,  1.0283E+000,  1.0408E+000
  7.20000E+000,  1.0192E+000,  1.0226E+000
  7.21000E+000,  1.0101E+000,  1.0226E+000
  7.22000E+000,  1.0010E+000,  1.0135E+000
  7.23000E+000,  1.0010E+000,  1.0135E+000
  7.24000E+000,  1.0010E+000,  1.0044E+000
  7.25000E+000,  9.9197E-001,  9.9528E-001
  7.26000E+000,  9.8289E-001,  9.8617E-001
  7.27000E+000,  9.8289E-001,  9.7706E-001
  7.28000E+000,  9.7382E-001,  9.8617E-001
  7.29000E+000,  9.8289E-001,  9.8617E-001
  7.30000E+000,  9.8289E-001,  9.7706E-001
  7.31000E+000,  9.7382E-001,  9.7706E-001
  7.32000E+000,  9.8289E-001,  9.7706E-001
  7.33000E+000,  9.8289E-001,  9.8617E-001
  7.34000E+000,  9.9197E-001,  9.8617E-001
  7.35000E+000,  1.0101E+000,  1.0044E+000
  7.36000E+000,  1.0192E+000,  1.0135E+000
  7.37000E+000,  1.0373E+000,  1.0226E+000
  7.38000E+000,  1.0646E+000,  1.0500E+000
  7.39000E+000,  1.0737E+000,  1.0591E+000
  7.40000E+000,  1.0827E+000,  1.0773E+000
  7.41000E+000,  1.0918E+000,  1.0955E+000
  7.42000E+000,  1.1009E+000,  1.1046E+000
  7.43000E+000,  1.1100E+000,  1.1229E+000
  7.44000E+000,  1.1281E+000,  1.1411E+000
  7.45000E+000,  1.1463E+000,  1.1502E+000
  7.46000E+000,  1.1553E+000,  1.1502E+000
  7.47000E+000,  1.1463E+000,  1.1593E+000
  7.48000E+000,  1.1463E+000,  1.1684E+000
  7.49000E+000,  1.1463E+000,  1.1684E+000
  7.50000E+000,  1.1553E+000,  1.1684E+000
  7.51000E+000,  1.1463E+000,  1.1593E+000
  7.52000E+000,  1.1553E+000,  1.1593E+000
  7.53000E+000,  1.1826E+000,  1.1593E+000
  7.54000E+000,  1.1372E+000,  1.1229E+000
  7.55000E+000,  1.0101E+000,  1.0044E+000
  7.56000E+000,  9.1029E-001,  8.9505E-001
  7.57000E+000,  8.3768E-001,  8.2216E-001
  7.58000E+000,  7.8323E-001,  7.6749E-001
  7.59000E+000,  7.1062E-001,  7.0371E-001
  7.60000E+000,  6.6525E-001,  6.4904E-001
  7.61000E+000,  6.1079E-001,  5.9436E-001
  7.62000E+000,  5.5634E-001,  5.3969E-001
  7.63000E+000,  4.9281E-001,  4.9413E-001
  7.64000E+000,  4.4743E-001,  4.3946E-001
  7.65000E+000,  4.0205E-001,  3.8479E-001
  7.66000E+000,  3.3852E-001,  3.3012E-001
  7.67000E+000,  2.9314E-001,  2.9367E-001
  7.68000E+000,  2.3869E-001,  2.3900E-001
  7.69000E+000,  1.9331E-001,  1.9344E-001
  7.70000E+000,  1.4793E-001,  1.3877E-001
  7.71000E+000,  1.1163E-001,  1.1144E-001
  7.72000E+000,  9.3479E-002,  9.3213E-002
  7.73000E+000,  8.4404E-002,  7.4990E-002
  7.74000E+000,  7.5328E-002,  6.5878E-002
  7.75000E+000,  4.8101E-002,  4.7655E-002
  7.76000E+000,  4.8101E-002,  3.8542E-002
  7.77000E+000,  2.9949E-002,  2.9431E-002
  7.78000E+000,  2.9949E-002,  2.9431E-002
  7.79000E+000,  2.9949E-002,  2.9431E-002
  7.80000E+000,  2.9949E-002,  2.0319E-002
  7.81000E+000,  1.1799E-002,  2.0319E-002
  7.82000E+000,  2.0874E-002,  1.1207E-002
  7.83000E+000,  2.0874E-002,  1.1207E-002
  7.84000E+000,  2.0874E-002,  2.0319E-002
  7.85000E+000,  2.0874E-002,  2.0319E-002
  7.86000E+000,  1.1799E-002,  1.1207E-002
  7.87000E+000,  2.0874E-002,  1.1207E-002
  7.88000E+000,  2.0874E-002,  1.1207E-002
  7.89000E+000,  1.1799E-002,  2.0319E-002
  7.90000E+000,  1.1799E-002,  2.0319E-002
  7.91000E+000,  2.0874E-002,  2.0319E-002
  7.92000E+000,  2.0874E-002,  1.1207E-002
  7.93000E+000,  2.0874E-002,  2.0319E-002
  7.94000E+000,  2.0874E-002,  2.0319E-002
  7.95000E+000,  2.0874E-002,  2.0319E-002
  7.96000E+000,  1.1799E-002,  2.0319E-002
  7.97000E+000,  1.1799E-002,  1.1207E-002
  7.98000E+000,  1.1799E-002,  1.1207E-002
  7.99000E+000,  2.0874E-002,  2.0319E-002
  8.00000E+000,  2.0874E-002,  2.0319E-002
  8.01000E+000,  2.0874E-002,  2.0319E-002
  8.02000E+000,  1.1799E-002,  1.1207E-002
  8.03000E+000,  1.1799E-002,  1.1207E-002
  8.04000E+000,  2.7226E-003,  1.1207E-002
  8.05000E+000,  1.1799E-002,  1.1207E-002
  8.06000E+000,  1.1799E-002,  1.1207E-002
  8.07000E+000,  1.1799E-002,  1.1207E-002
  8.08000E+000,  2.7226E-003,  2.0956E-003
  8.09000E+000,  1.1799E-002,  1.1207E-002
  8.10000E+000,  2.0874E-002,  2.0319E-002
  8.11000E+000,  2.0874E-002,  2.0319E-002
  8.12000E+000,  1.1799E-002,  2.0319E-002
  8.13000E+000,  1.1799E-002,  1.1207E-002
  8.14000E+000,  2.7226E-003,  1.1207E-002
  8.15000E+000,  2.0874E-002,  1.1207E-002
  8.16000E+000,  2.0874E-002,  1.1207E-002
  8.17000E+000,  1.1799E-002,  1.1207E-002
  8.18000E+000,  1.1799E-002,  2.0319E-002
  8.19000E+000,  1.1799E-002,  1.1207E-002
  8.20000E+000,  2.0874E-002,  2.0319E-002
  8.21000E+000,  2.0874E-002,  2.0319E-002
  8.22000E+000,  2.0874E-002,  2.0319E-002
  8.23000E+000,  2.0874E-002,  2.0319E-002
  8.24000E+000,  1.1799E-002,  2.0319E-002
  8.25000E+000,  1.1799E-002,  1.1207E-002
  8.26000E+000,  2.0874E-002,  2.0319E-002
  8.27000E+000,  2.0874E-002,  1.1207E-002
  8.28000E+000,  2.0874E-002,  2.0319E-002
  8.29000E+000,  1.1799E-002,  1.1207E-002
  8.30000E+000,  1.1799E-002,  1.1207E-002
  8.31000E+000,  1.1799E-002,  1.1207E-002
  8.32000E+000,  1.1799E-002,  1.1207E-002
  8.33000E+000,  2.0874E-002,  1.1207E-002
  8.34000E+000,  2.7226E-003,  1.1207E-002
  8.35000E+000,  1.1799E-002,  1.1207E-002
  8.36000E+000,  1.1799E-002,  1.1207E-002
  8.37000E+000,  1.1799E-002,  1.1207E-002
  8.38000E+000,  1.1799E-002,  1.1207E-002
  8.39000E+000,  2.7226E-003,  2.0956E-003
  8.40000E+000,  2.0874E-002,  1.1207E-002
  8.41000E+000,  2.0874E-002,  1.1207E-002
  8.42000E+000,  1.1799E-002,  1.1207E-002
  8.43000E+000,  1.1799E-002,  1.1207E-002
  8.44000E+000,  1.1799E-002,  1.1207E-002
  8.45000E+000,  2.0874E-002,  1.1207E-002
  8.46000E+000,  1.1799E-002,  2.0319E-002
  8.47000E+000,  2.0874E-002,  1.1207E-002
  8.48000E+000,  1.1799E-002,  2.0319E-002
  8.49000E+000,  1.1799E-002,  2.0319E-002
  8.50000E+000,  1.1799E-002,  2.0319E-002
  8.51000E+000,  1.1799E-002,  1.1207E-002
  8.52000E+000,  2.7226E-003,  1.1207E-002
  8.53000E+000,  1.1799E-002,  1.1207E-002
  8.54000E+000,  1.1799E-002,  1.1207E-002
  8.55000E+000,  2.0874E-002,  2.0319E-002
  8.56000E+000,  2.0874E-002,  2.0319E-002
  8.57000E+000,  1.1799E-002,  1.1207E-002
  8.58000E+000,  1.1799E-002,  1.1207E-002
  8.59000E+000,  1.1799E-002,  1.1207E-002
  8.60000E+000,  1.1799E-002,  2.0956E-003
  8.61000E+000,  1.1799E-002,  1.1207E-002
  8.62000E+000,  1.1799E-002,  2.0956E-003
  8.63000E+000,  1.1799E-002,  2.0956E-003
  8.64000E+000,  1.1799E-002,  1.1207E-002
  8.65000E+000,  1.1799E-002,  1.1207E-002
  8.66000E+000,  1.1799E-002,  1.1207E-002
  8.67000E+000,  1.1799E-002,  1.1207E-002
  8.68000E+000,  1.1799E-002,  1.1207E-002
  8.69000E+000,  2.7226E-003,  2.0956E-003
  8.70000E+000,  2.7226E-003,  1.1207E-002
  8.71000E+000,  2.7226E-003,  1.1207E-002
  8.72000E+000,  1.1799E-002,  1.1207E-002
  8.73000E+000,  1.1799E-002,  1.1207E-002
  8.74000E+000,  1.1799E-002,  1.1207E-002
  8.75000E+000,  2.0874E-002,  2.0319E-002
  8.76000E+000,  1.1799E-002,  1.1207E-002
  8.77000E+000,  2.0874E-002,  1.1207E-002
  8.78000E+000,  2.0874E-002,  1.1207E-002
  8.79000E+000,  2.7226E-003,  1.1207E-002
  8.80000E+000,  2.0874E-002,  1.1207E-002
  8.81000E+000,  1.1799E-002,  2.0319E-002
  8.82000E+000,  2.0874E-002,  2.0319E-002
  8.83000E+000,  2.0874E-002,  2.0319E-002
  8.84000E+000,  1.1799E-002,  1.1207E-002
  8.85000E+000,  2.0874E-002,  1.1207E-002
  8.86000E+000,  2.0874E-002,  1.1207E-002
  8.87000E+000,  1.1799E-002,  2.0956E-003
  8.88000E+000,  2.7226E-003,  1.1207E-002
  8.89000E+000,  2.7226E-003,  2.0956E-003
  8.90000E+000,  2.0874E-002,  1.1207E-002
  8.91000E+000,  2.0874E-002,  1.1207E-002
  8.92000E+000,  1.1799E-002,  1.1207E-002
  8.93000E+000,  1.1799E-002,  1.1207E-002
  8.94000E+000,  1.1799E-002,  2.0956E-003
  8.95000E+000,  1.1799E-002,  1.1207E-002
  8.96000E+000,  2.0874E-002,  1.1207E-002
  8.97000E+000,  1.1799E-002,  2.0956E-003
  8.98000E+000,  1.1799E-002,  1.1207E-002
  8.99000E+000,  2.0874E-002,  2.0956E-003
  9.00000E+000,  1.1799E-002,  2.0319E-002
  9.01000E+000,  2.0874E-002,  1.1207E-002
  9.02000E+000,  2.0874E-002,  1.1207E-002
  9.03000E+000,  1.1799E-002,  1.1207E-002
  9.04000E+000,  1.1799E-002,  2.0319E-002
  9.05000E+000,  2.0874E-002,  2.0319E-002
  9.06000E+000,  2.0874E-002,  2.0319E-002
  9.07000E+000,  1.1799E-002,  2.0319E-002
  9.08000E+000,  2.0874E-002,  1.1207E-002
  9.09000E+000,  1.1799E-002,  2.0319E-002
  9.10000E+000,  1.1799E-002,  1.1207E-002
  9.11000E+000,  1.1799E-002,  1.1207E-002
  9.12000E+000,  2.7226E-003,  1.1207E-002
  9.13000E+000,  2.0874E-002,  1.1207E-002
  9.14000E+000,  1.1799E-002,  1.1207E-002
  9.15000E+000,  1.1799E-002,  1.1207E-002
  9.16000E+000,  2.0874E-002,  1.1207E-002
  9.17000E+000,  2.0874E-002,  1.1207E-002
  9.18000E+000,  2.7226E-003,  1.1207E-002
  9.19000E+000,  2.7226E-003,  2.0956E-003
  9.20000E+000,  1.1799E-002,  2.0956E-003
  9.21000E+000,  1.1799E-002,  2.0956E-003
  9.22000E+000,  1.1799E-002,  1.1207E-002
  9.23000E+000,  1.1799E-002,  2.0956E-003
  9.24000E+000,  1.1799E-002,  2.0956E-003
  9.25000E+000,  1.1799E-002,  1.1207E-002
  9.26000E+000,  1.1799E-002,  1.1207E-002
  9.27000E+000,  2.0874E-002,  1.1207E-002
  9.28000E+000,  2.0874E-002,  2.0319E-002
  9.29000E+000,  2.0874E-002,  2.0319E-002
  9.30000E+000,  1.1799E-002,  1.1207E-002
  9.31000E+000,  1.1799E-002,  1.1207E-002
  9.32000E+000,  1.1799E-002,  1.1207E-002
  9.33000E+000,  1.1799E-002,  2.0319E-002
  9.34000E+000,  2.0874E-002,  1.1207E-002
  9.35000E+000,  2.0874E-002,  2.0319E-002
  9.36000E+000,  2.0874E-002,  2.0319E-002
  9.37000E+000,  1.1799E-002,  1.1207E-002
  9.38000E+000,  1.1799E-002,  2.0319E-002
  9.39000E+000,  2.0874E-002,  1.1207E-002
  9.40000E+000,  1.1799E-002,  1.1207E-002
  9.41000E+000,  1.1799E-002,  2.0956E-003
  9.42000E+000,  1.1799E-002,  1.1207E-002
  9.43000E+000,  1.1799E-002,  1.1207E-002
  9.44000E+000,  1.1799E-002,  1.1207E-002
  9.45000E+000,  2.0874E-002,  1.1207E-002
  9.46000E+000,  1.1799E-002,  2.0956E-003
  9.47000E+000,  2.7226E-003,  2.0956E-003
  9.48000E+000,  1.1799E-002,  1.1207E-002
  9.49000E+000,  1.1799E-002,  2.0956E-003
  9.50000E+000,  2.0874E-002,  1.1207E-002
  9.51000E+000,  2.0874E-002,  1.1207E-002
  9.52000E+000,  1.1799E-002,  1.1207E-002
  9.53000E+000,  1.1799E-002,  2.0956E-003
  9.54000E+000,  1.1799E-002,  2.0319E-002
  9.55000E+000,  1.1799E-002,  2.0319E-002
  9.56000E+000,  1.1799E-002,  1.1207E-002
  9.57000E+000,  1.1799E-002,  2.0956E-003
  9.58000E+000,  1.1799E-002,  1.1207E-002
  9.59000E+000,  1.1799E-002,  1.1207E-002
  9.60000E+000,  2.0874E-002,  1.1207E-002
  9.61000E+000,  2.0874E-002,  1.1207E-002
  9.62000E+000,  1.1799E-002,  1.1207E-002
  9.63000E+000,  1.1799E-002,  1.1207E-002
  9.64000E+000,  2.0874E-002,  1.1207E-002
  9.65000E+000,  2.0874E-002,  2.0319E-002
  9.66000E+000,  2.0874E-002,  1.1207E-002
  9.67000E+000,  2.7226E-003,  2.0956E-003
  9.68000E+000,  2.7226E-003,  1.1207E-002
  9.69000E+000,  2.7226E-003,  2.0956E-003
  9.70000E+000,  2.0874E-002,  1.1207E-002
  9.71000E+000,  2.0874E-002,  2.0319E-002
  9.72000E+000,  1.1799E-002,  1.1207E-002
  9.73000E+000,  2.7226E-003,  2.0956E-003
  9.74000E+000,  2.7226E-003,  2.0956E-003
  9.75000E+000,  1.1799E-002,  1.1207E-002
  9.76000E+000,  1.1799E-002,  2.0956E-003
  9.77000E+000,  1.1799E-002,  1.1207E-002
  9.78000E+000,  2.7226E-003,  2.0956E-003
  9.79000E+000,  2.7226E-003,  2.0956E-003
  9.80000E+000,  1.1799E-002,  1.1207E-002
  9.81000E+000,  1.1799E-002,  1.1207E-002
  9.82000E+000,  1.1799E-002,  1.1207E-002
  9.83000E+000,  1.1799E-002,  1.1207E-002
  9.84000E+000,  1.1799E-002,  1.1207E-002
  9.85000E+000,  1.1799E-002,  1.1207E-002
  9.86000E+000,  2.0874E-002,  2.0319E-002
  9.87000E+000,  1.1799E-002,  1.1207E-002
  9.88000E+000,  2.7226E-003,  1.1207E-002
  9.89000E+000,  1.1799E-002,  1.1207E-002
  9.90000E+000,  1.1799E-002,  1.1207E-002
  9.91000E+000,  1.1799E-002,  1.1207E-002
  9.92000E+000,  1.1799E-002,  1.1207E-002
  9.93000E+000,  2.7226E-003,  1.1207E-002
  9.94000E+000,  2.7226E-003,  1.1207E-002
  9.95000E+000,  1.1799E-002,  1.1207E-002
  9.96000E+000,  1.1799E-002,  2.0319E-002
  9.97000E+000,  2.0874E-002,  1.1207E-002
  9.98000E+000,  2.0874E-002,  1.1207E-002
  9.99000E+000,  1.1799E-002,  1.1207E-002
  1.00000E+001,  1.1799E-002,  1.1207E-002
  1.00100E+001,  1.1799E-002,  1.1207E-002
  1.00200E+001,  1.1799E-002,  2.0956E-003
  1.00300E+001,  1.1799E-002,  2.0956E-003
  1.00400E+001,  1.1799E-002,  2.0956E-003
  1.00500E+001,  1.1799E-002,  1.1207E-002
  1.00600E+001,  1.1799E-002,  2.0956E-003
  1.00700E+001,  2.7226E-003,  2.0956E-003
  1.00800E+001,  2.7226E-003,  2.0956E-003
  1.00900E+001,  1.1799E-002,  1.1207E-002
  1.01000E+001,  1.1799E-002,  1.1207E-002
  1.01100E+001,  2.0874E-002,  2.0956E-003
  1.01200E+001,  2.7226E-003,  1.1207E-002
  1.01300E+001,  2.7226E-003,  1.1207E-002
  1.01400E+001,  2.7226E-003,  1.1207E-002
  1.01500E+001,  1.1799E-002,  1.1207E-002
  1.01600E+001,  2.7226E-003,  1.1207E-002
  1.01700E+001,  1.1799E-002,  2.0956E-003
  1.01800E+001,  1.1799E-002,  1.1207E-002
  1.01900E+001,  1.1799E-002,  1.1207E-002
  1.02000E+001,  1.1799E-002,  2.0319E-002
  1.02100E+001,  1.1799E-002,  1.1207E-002
  1.02200E+001,  1.1799E-002,  1.1207E-002
  1.02300E+001,  1.1799E-002,  1.1207E-002
  1.02400E+001,  1.1799E-002,  2.0956E-003
  1.02500E+001,  2.0874E-002,  1.1207E-002
  1.02600E+001,  2.0874E-002,  1.1207E-002
  1.02700E+001,  1.1799E-002,  1.1207E-002
  1.02800E+001, -6.3527E-003,  1.1207E-002
  1.02900E+001, -6.3527E-003,  2.0956E-003
  1.03000E+001,  1.1799E-002,  1.1207E-002
  1.03100E+001,  1.1799E-002,  1.1207E-002
  1.03200E+001,  1.1799E-002,  2.0956E-003
  1.03300E+001,  2.7226E-003,  1.1207E-002
  1.03400E+001,  2.7226E-003,  2.0956E-003
  1.03500E+001,  2.7226E-003,  2.0956E-003
  1.03600E+001,  1.1799E-002,  2.0956E-003
  1.03700E+001,  2.7226E-003,  1.1207E-002
  1.03800E+001,  2.7226E-003,  2.0956E-003
  1.03900E+001,  2.7226E-003,  2.0956E-003
  1.04000E+001,  1.1799E-002,  1.1207E-002
  1.04100E+001,  2.0874E-002,  1.1207E-002
  1.04200E+001,  2.7226E-003,  1.1207E-002
  1.04300E+001,  1.1799E-002,  1.1207E-002
  1.04400E+001,  1.1799E-002,  2.0956E-003
  1.04500E+001,  1.1799E-002,  1.1207E-002
  1.04600E+001,  2.0874E-002,  1.1207E-002
  1.04700E+001,  1.1799E-002,  2.0319E-002
  1.04800E+001,  2.7226E-003,  1.1207E-002
  1.04900E+001,  1.1799E-002,  1.1207E-002
  1.05000E+001,  2.7226E-003,  1.1207E-002
  1.05100E+001,  2.7226E-003,  2.0956E-003
  1.05200E+001,  2.7226E-003,  2.0956E-003
  1.05300E+001,  2.0874E-002,  1.1207E-002
  1.05400E+001,  2.7226E-003,  1.1207E-002
  1.05500E+001,  2.0874E-002,  1.1207E-002
  1.05600E+001,  1.1799E-002,  2.0956E-003
  1.05700E+001,  2.7226E-003,  1.1207E-002
  1.05800E+001,  2.7226E-003,  1.1207E-002
  1.05900E+001,  2.7226E-003,  1.1207E-002
  1.06000E+001,  2.0874E-002,  2.0956E-003
  1.06100E+001,  2.7226E-003,  2.0956E-003
  1.06200E+001, -6.3527E-003,  2.0956E-003
  1.06300E+001, -6.3527E-003,  2.0956E-003
  1.06400E+001,  2.7226E-003,  1.1207E-002
  1.06500E+001,  1.1799E-002,  1.1207E-002
  1.06600E+001,  1.1799E-002,  1.1207E-002
  1.06700E+001,  1.1799E-002,  1.1207E-002
  1.06800E+001,  1.1799E-002,  1.1207E-002
  1.06900E+001,  1.1799E-002,  1.1207E-002
  1.07000E+001,  2.7226E-003,  1.1207E-002
  1.07100E+001,  2.7226E-003,  1.1207E-002
  1.07200E+001,  1.1799E-002,  1.1207E-002
  1.07300E+001,  2.7226E-003,  1.1207E-002
  1.07400E+001,  2.7226E-003,  1.1207E-002
  1.07500E+001,  1.1799E-002,  1.1207E-002
  1.07600E+001,  1.1799E-002,  1.1207E-002
  1.07700E+001,  2.7226E-003,  1.1207E-002
  1.07800E+001,  1.1799E-002,  1.1207E-002
  1.07900E+001,  1.1799E-002,  1.1207E-002
  1.08000E+001,  1.1799E-002,  1.1207E-002
  1.08100E+001,  2.0874E-002,  2.0319E-002
  1.08200E+001,  2.7226E-003,  1.1207E-002
  1.08300E+001,  2.7226E-003,  1.1207E-002
  1.08400E+001,  2.7226E-003,  1.1207E-002
  1.08500E+001,  2.7226E-003,  1.1207E-002
  1.08600E+001,  2.7226E-003,  1.1207E-002
  1.08700E+001,  2.7226E-003,  2.0956E-003
  1.08800E+001,  2.7226E-003,  1.1207E-002
  1.08900E+001,  1.1799E-002,  1.1207E-002
  1.09000E+001,  1.1799E-002,  1.1207E-002
  1.09100E+001,  1.1799E-002,  1.1207E-002
  1.09200E+001,  2.7226E-003,  1.1207E-002
  1.09300E+001,  2.7226E-003,  1.1207E-002
  1.09400E+001,  2.7226E-003,  1.1207E-002
  1.09500E+001,  1.1799E-002,  2.0956E-003
  1.09600E+001,  2.7226E-003,  1.1207E-002
  1.09700E+001,  2.7226E-003,  2.0956E-003
  1.09800E+001,  2.7226E-003,  1.1207E-002
  1.09900E+001,  2.7226E-003,  1.1207E-002
  1.10000E+001,  1.1799E-002,  2.0956E-003
  1.10100E+001,  2.0874E-002,  1.1207E-002
  1.10200E+001,  1.1799E-002,  1.1207E-002
  1.10300E+001,  1.1799E-002,  1.1207E-002
  1.10400E+001,  2.7226E-003,  1.1207E-002
  1.10500E+001,  1.1799E-002,  1.1207E-002
  1.10600E+001,  1.1799E-002,  1.1207E-002
  1.10700E+001,  1.1799E-002,  2.0319E-002
  1.10800E+001,  2.7226E-003,  1.1207E-002
  1.10900E+001,  1.1799E-002,  1.1207E-002
  1.11000E+001,  1.1799E-002,  1.1207E-002
  1.11100E+001,  1.1799E-002,  1.1207E-002
  1.11200E+001,  1.1799E-002,  1.1207E-002
  1.11300E+001,  2.7226E-003,  1.1207E-002
  1.11400E+001,  1.1799E-002,  2.0956E-003
  1.11500E+001,  1.1799E-002,  1.1207E-002
  1.11600E+001,  1.1799E-002,  1.1207E-002
  1.11700E+001,  2.7226E-003,  1.1207E-002
  1.11800E+001, -6.3527E-003,  2.0956E-003
  1.11900E+001,  2.7226E-003,  2.0956E-003
  1.12000E+001,  2.7226E-003,  2.0956E-003
  1.12100E+001,  2.7226E-003,  1.1207E-002
  1.12200E+001,  2.7226E-003,  2.0956E-003
  1.12300E+001,  2.7226E-003,  1.1207E-002
  1.12400E+001,  2.7226E-003,  1.1207E-002
  1.12500E+001,  2.7226E-003,  2.0956E-003
  1.12600E+001,  2.7226E-003,  1.1207E-002
  1.12700E+001,  1.1799E-002,  2.0319E-002
  1.12800E+001,  2.7226E-003,  1.1207E-002
  1.12900E+001,  1.1799E-002,  1.1207E-002
  1.13000E+001,  2.7226E-003,  1.1207E-002
  1.13100E+001, -6.3527E-003,  1.1207E-002
  1.13200E+001,  2.7226E-003,  1.1207E-002
  1.13300E+001,  2.7226E-003,  1.1207E-002
  1.13400E+001,  2.7226E-003,  2.0319E-002
  1.13500E+001,  2.7226E-003,  2.0956E-003
  1.13600E+001,  2.7226E-003,  1.1207E-002
  1.13700E+001,  2.7226E-003,  1.1207E-002
  1.13800E+001,  1.1799E-002,  1.1207E-002
  1.13900E+001,  1.1799E-002,  1.1207E-002
  1.14000E+001,  1.1799E-002,  1.1207E-002
  1.14100E+001,  1.1799E-002,  2.0319E-002
  1.14200E+001,  2.7226E-003,  1.1207E-002
  1.14300E+001,  2.7226E-003,  1.1207E-002
  1.14400E+001,  2.7226E-003,  1.1207E-002
  1.14500E+001,  1.1799E-002,  1.1207E-002
  1.14600E+001,  2.7226E-003,  1.1207E-002
  1.14700E+001, -6.3527E-003,  1.1207E-002
  1.14800E+001,  2.7226E-003,  2.0956E-003
  1.14900E+001,  1.1799E-002,  1.1207E-002
  1.15000E+001,  1.1799E-002,  1.1207E-002
  1.15100E+001,  2.7226E-003,  2.0956E-003
  1.15200E+001,  2.7226E-003,  1.1207E-002
  1.15300E+001,  1.1799E-002,  1.1207E-002
  1.15400E+001,  2.7226E-003,  2.0956E-003
  1.15500E+001, -6.3527E-003,  2.0956E-003
  1.15600E+001,  2.7226E-003,  1.1207E-002
  1.15700E+001,  2.7226E-003,  2.0956E-003
  1.15800E+001,  2.7226E-003,  2.0956E-003
  1.15900E+001,  2.7226E-003,  2.0956E-003
  1.16000E+001,  1.1799E-002,  1.1207E-002
  1.16100E+001,  2.7226E-003,  1.1207E-002
  1.16200E+001,  2.7226E-003,  1.1207E-002
  1.16300E+001,  1.1799E-002,  1.1207E-002
  1.16400E+001,  2.7226E-003,  1.1207E-002
  1.16500E+001, -6.3527E-003,  2.0956E-003
  1.16600E+001,  2.7226E-003,  2.0956E-003
  1.16700E+001,  1.1799E-002,  1.1207E-002
  1.16800E+001,  2.7226E-003,  1.1207E-002
  1.16900E+001, -6.3527E-003,  2.0956E-003
  1.17000E+001, -6.3527E-003,  1.1207E-002
  1.17100E+001,  1.1799E-002,  1.1207E-002
  1.17200E+001,  2.7226E-003,  1.1207E-002
  1.17300E+001,  2.7226E-003,  1.1207E-002
  1.17400E+001,  1.1799E-002,  1.1207E-002
  1.17500E+001,  2.7226E-003,  1.1207E-002
  1.17600E+001,  2.7226E-003,  1.1207E-002
  1.17700E+001,  2.7226E-003,  1.1207E-002
  1.17800E+001,  1.1799E-002,  2.0956E-003
  1.17900E+001, -6.3527E-003,  2.0956E-003
  1.18000E+001, -6.3527E-003,  2.0956E-003
  1.18100E+001,  1.1799E-002,  1.1207E-002
  1.18200E+001,  2.7226E-003,  2.0956E-003
  1.18300E+001,  2.7226E-003,  1.1207E-002
  1.18400E+001,  2.7226E-003,  2.0956E-003
  1.18500E+001,  1.1799E-002,  1.1207E-002
  1.18600E+001,  2.7226E-003,  1.1207E-002
  1.18700E+001,  1.1799E-002,  2.0956E-003
  1.18800E+001,  1.1799E-002,  1.1207E-002
  1.18900E+001,  2.7226E-003,  1.1207E-002
  1.19000E+001,  2.7226E-003,  2.0956E-003
  1.19100E+001,  2.7226E-003,  1.1207E-002
  1.19200E+001,  2.7226E-003,  2.0956E-003
  1.19300E+001,  2.7226E-003,  1.1207E-002
  1.19400E+001,  2.7226E-003,  1.1207E-002
  1.19500E+001,  1.1799E-002,  1.1207E-002
  1.19600E+001,  2.7226E-003,  1.1207E-002
  1.19700E+001,  1.1799E-002,  1.1207E-002
  1.19800E+001,  2.7226E-003,  1.1207E-002
  1.19900E+001,  1.1799E-002,  2.0956E-003
  1.20000E+001,  2.7226E-003,  1.1207E-002
  1.20100E+001,  2.7226E-003,  1.1207E-002
  1.20200E+001,  2.7226E-003,  1.1207E-002
  1.20300E+001,  2.7226E-003,  2.0956E-003
  1.20400E+001,  2.7226E-003,  2.0956E-003
  1.20500E+001, -6.3527E-003,  2.0956E-003
  1.20600E+001,  1.1799E-002,  1.1207E-002
  1.20700E+001,  2.7226E-003,  2.0956E-003
  1.20800E+001,  1.1799E-002,  2.0956E-003
  1.20900E+001,  2.7226E-003,  1.1207E-002
  1.21000E+001, -6.3527E-003,  1.1207E-002
  1.21100E+001,  1.1799E-002,  1.1207E-002
  1.21200E+001, -6.3527E-003,  2.0956E-003
  1.21300E+001,  2.7226E-003,  1.1207E-002
  1.21400E+001,  2.7226E-003,  2.0956E-003
  1.21500E+001, -6.3527E-003,  2.0956E-003
  1.21600E+001,  2.7226E-003,  1.1207E-002
  1.21700E+001,  2.7226E-003,  1.1207E-002
  1.21800E+001,  1.1799E-002,  1.1207E-002
  1.21900E+001,  1.1799E-002,  1.1207E-002
  1.22000E+001,  2.7226E-003,  1.1207E-002
  1.22100E+001,  2.7226E-003,  1.1207E-002
  1.22200E+001, -6.3527E-003,  1.1207E-002
  1.22300E+001,  1.1799E-002,  1.1207E-002
  1.22400E+001,  1.1799E-002,  1.1207E-002
  1.22500E+001, -6.3527E-003,  1.1207E-002
  1.22600E+001, -6.3527E-003,  1.1207E-002
  1.22700E+001, -6.3527E-003,  2.0956E-003
  1.22800E+001,  2.7226E-003,  1.1207E-002
  1.22900E+001,  2.7226E-003,  2.0956E-003
  1.23000E+001,  2.7226E-003,  1.1207E-002
  1.23100E+001, -6.3527E-003,  2.0956E-003
  1.23200E+001, -6.3527E-003,  2.0956E-003
  1.23300E+001,  1.1799E-002,  2.0956E-003
  1.23400E+001, -6.3527E-003,  2.0956E-003
  1.23500E+001, -6.3527E-003,  2.0956E-003
  1.23600E+001, -6.3527E-003,  2.0956E-003
  1.23700E+001,  2.7226E-003,  2.0956E-003
  1.23800E+001, -6.3527E-003,  2.0956E-003
  1.23900E+001,  2.7226E-003,  1.1207E-002
  1.24000E+001,  2.7226E-003,  1.1207E-002
  1.24100E+001,  2.7226E-003,  2.0956E-003
  1.24200E+001, -6.3527E-003,  1.1207E-002
  1.24300E+001, -6.3527E-003,  1.1207E-002
  1.24400E+001,  2.7226E-003,  1.1207E-002
  1.24500E+001,  1.1799E-002,  1.1207E-002
  1.24600E+001,  2.7226E-003,  1.1207E-002
  1.24700E+001, -6.3527E-003,  1.1207E-002
  1.24800E+001,  2.7226E-003,  1.1207E-002
  1.24900E+001,  2.7226E-003,  2.0956E-003
  1.25000E+001, -6.3527E-003,  2.0956E-003
  1.25100E+001, -6.3527E-003,  1.1207E-002
  1.25200E+001,  2.7226E-003,  1.1207E-002
  1.25300E+001,  2.7226E-003,  1.1207E-002
  1.25400E+001,  2.7226E-003,  1.1207E-002
  1.25500E+001, -6.3527E-003,  1.1207E-002
  1.25600E+001,  2.7226E-003,  1.1207E-002
  1.25700E+001,  2.7226E-003,  1.1207E-002
  1.25800E+001,  2.7226E-003,  1.1207E-002
  1.25900E+001,  2.7226E-003,  2.0956E-003
  1.26000E+001, -6.3527E-003,  2.0956E-003
  1.26100E+001, -6.3527E-003,  2.0956E-003
  1.26200E+001,  2.7226E-003,  2.0956E-003
  1.26300E+001,  2.7226E-003,  1.1207E-002
  1.26400E+001,  2.7226E-003,  2.0956E-003
  1.26500E+001,  2.7226E-003,  1.1207E-002
  1.26600E+001,  1.1799E-002,  2.0956E-003
  1.26700E+001,  2.7226E-003,  2.0956E-003
  1.26800E+001,  2.7226E-003,  1.1207E-002
  1.26900E+001, -6.3527E-003,  2.0956E-003
  1.27000E+001, -6.3527E-003,  2.0956E-003
  1.27100E+001,  2.7226E-003,  1.1207E-002
  1.27200E+001,  2.7226E-003,  2.0956E-003
  1.27300E+001,  2.7226E-003,  2.0956E-003
  1.27400E+001,  2.7226E-003,  2.0956E-003
  1.27500E+001, -6.3527E-003,  2.0956E-003
  1.27600E+001,  1.1799E-002,  2.0319E-002
  1.27700E+001,  2.7226E-003,  1.1207E-002
  1.27800E+001,  1.1799E-002,  2.0956E-003
  1.27900E+001,  1.1799E-002,  1.1207E-002
  1.28000E+001,  2.7226E-003,  1.1207E-002
  1.28100E+001,  2.7226E-003,  1.1207E-002
  1.28200E+001,  2.7226E-003,  2.0956E-003
  1.28300E+001, -6.3527E-003,  2.0956E-003
  1.28400E+001, -6.3527E-003,  2.0956E-003
  1.28500E+001,  1.1799E-002,  2.0956E-003
  1.28600E+001,  2.7226E-003,  1.1207E-002
  1.28700E+001,  1.1799E-002,  1.1207E-002
  1.28800E+001,  2.7226E-003,  2.0956E-003
  1.28900E+001, -6.3527E-003,  2.0956E-003
  1.29000E+001, -6.3527E-003,  2.0956E-003
  1.29100E+001,  2.7226E-003,  2.0956E-003
  1.29200E+001,  2.7226E-003,  2.0956E-003
  1.29300E+001,  2.7226E-003,  2.0956E-003
  1.29400E+001,  2.7226E-003,  2.0956E-003
  1.29500E+001, -6.3527E-003,  2.0956E-003
  1.29600E+001,  2.7226E-003,  2.0956E-003
  1.29700E+001,  2.7226E-003,  1.1207E-002
  1.29800E+001,  2.7226E-003,  2.0956E-003
  1.29900E+001,  2.7226E-003,  2.0956E-003
  1.30000E+001,  1.1799E-002,  1.1207E-002
  1.30100E+001,  2.7226E-003,  1.1207E-002
  1.30200E+001,  2.7226E-003,  1.1207E-002
  1.30300E+001,  2.7226E-003,  1.1207E-002
  1.30400E+001,  2.7226E-003,  2.0956E-003
  1.30500E+001,  2.7226E-003,  1.1207E-002
  1.30600E+001,  2.7226E-003,  1.1207E-002
  1.30700E+001,  2.7226E-003,  1.1207E-002
  1.30800E+001,  1.1799E-002,  1.1207E-002
  1.30900E+001, -6.3527E-003,  2.0956E-003
  1.31000E+001,  2.7226E-003,  2.0956E-003
  1.31100E+001,  2.7226E-003,  2.0956E-003
  1.31200E+001,  2.7226E-003,  1.1207E-002
  1.31300E+001,  2.7226E-003,  1.1207E-002
  1.31400E+001, -6.3527E-003,  2.0956E-003
  1.31500E+001,  2.7226E-003,  2.0956E-003
  1.31600E+001, -6.3527E-003,  1.1207E-002
  1.31700E+001, -6.3527E-003,  2.0956E-003
  1.31800E+001, -6.3527E-003,  2.0956E-003
  1.31900E+001,  2.7226E-003,  2.0956E-003
  1.32000E+001,  2.7226E-003,  2.0956E-003
