# [Parameters]
# Name = 'firc'
# ShotNo = 176745
# Date = '01/22/2022 01:51'
# 
# DimNo = 1
# DimName = 'Time'
# DimSize = 1311
# DimUnit = 's'
# 
# ValNo = 2
# ValName = 'nL(3669)', 'nL(3759)'
# ValUnit = 'e19m-2', 'e19m-2'
# [Comments]
#  
# [data]
  1.00000E-001,  1.8170E-002,  4.8484E-003
  1.10000E-001, -1.8133E-002, -4.2640E-003
  1.20000E-001, -9.0570E-003,  4.8484E-003
  1.30000E-001,  1.8325E-005, -4.2640E-003
  1.40000E-001,  9.0937E-003, -4.2640E-003
  1.50000E-001,  9.0937E-003, -4.2640E-003
  1.60000E-001,  1.8325E-005, -4.2640E-003
  1.70000E-001, -9.0570E-003, -4.2640E-003
  1.80000E-001, -9.0570E-003, -4.2640E-003
  1.90000E-001,  9.0937E-003,  4.8484E-003
  2.00000E-001,  9.0937E-003,  4.8484E-003
  2.10000E-001,  9.0937E-003,  4.8484E-003
  2.20000E-001, -9.0570E-003,  4.8484E-003
  2.30000E-001,  1.8170E-002,  4.8484E-003
  2.40000E-001,  1.8170E-002,  4.8484E-003
  2.50000E-001,  1.8325E-005, -4.2640E-003
  2.60000E-001, -9.0570E-003, -4.2640E-003
  2.70000E-001, -9.0570E-003,  4.8484E-003
  2.80000E-001,  9.0937E-003,  4.8484E-003
  2.90000E-001,  1.8170E-002, -4.2640E-003
  3.00000E-001,  1.8170E-002,  4.8484E-003
  3.10000E-001,  1.8325E-005,  4.8484E-003
  3.20000E-001,  9.0937E-003,  1.3960E-002
  3.30000E-001,  1.8325E-005,  4.8484E-003
  3.40000E-001,  1.8325E-005, -4.2640E-003
  3.50000E-001,  9.0937E-003, -4.2640E-003
  3.60000E-001,  9.0937E-003, -4.2640E-003
  3.70000E-001,  1.8325E-005, -4.2640E-003
  3.80000E-001,  1.8325E-005, -4.2640E-003
  3.90000E-001, -9.0570E-003, -4.2640E-003
  4.00000E-001,  1.8325E-005,  4.8484E-003
  4.10000E-001,  1.8325E-005, -4.2640E-003
  4.20000E-001,  9.0937E-003,  4.8484E-003
  4.30000E-001,  9.0937E-003, -4.2640E-003
  4.40000E-001,  1.8325E-005, -4.2640E-003
  4.50000E-001,  9.0937E-003,  4.8484E-003
  4.60000E-001,  1.8325E-005, -4.2640E-003
  4.70000E-001,  1.8325E-005, -4.2640E-003
  4.80000E-001, -9.0570E-003, -4.2640E-003
  4.90000E-001,  1.8325E-005, -4.2640E-003
  5.00000E-001,  1.8325E-005, -4.2640E-003
  5.10000E-001,  9.0937E-003,  4.8484E-003
  5.20000E-001,  9.0937E-003,  4.8484E-003
  5.30000E-001,  1.8325E-005,  4.8484E-003
  5.40000E-001,  1.8170E-002,  4.8484E-003
  5.50000E-001,  1.8325E-005,  4.8484E-003
  5.60000E-001,  1.8325E-005, -4.2640E-003
  5.70000E-001,  9.0937E-003, -4.2640E-003
  5.80000E-001,  1.8325E-005, -4.2640E-003
  5.90000E-001,  9.0937E-003, -4.2640E-003
  6.00000E-001,  1.8325E-005, -4.2640E-003
  6.10000E-001, -9.0570E-003, -4.2640E-003
  6.20000E-001, -9.0570E-003, -4.2640E-003
  6.30000E-001,  9.0937E-003,  4.8484E-003
  6.40000E-001,  9.0937E-003,  4.8484E-003
  6.50000E-001,  9.0937E-003, -4.2640E-003
  6.60000E-001, -9.0570E-003, -4.2640E-003
  6.70000E-001, -1.8133E-002, -4.2640E-003
  6.80000E-001,  9.0937E-003, -4.2640E-003
  6.90000E-001,  1.8170E-002, -4.2640E-003
  7.00000E-001,  9.0937E-003, -4.2640E-003
  7.10000E-001, -1.8133E-002, -4.2640E-003
  7.20000E-001, -9.0570E-003, -4.2640E-003
  7.30000E-001,  9.0937E-003,  4.8484E-003
  7.40000E-001,  1.8170E-002, -4.2640E-003
  7.50000E-001,  1.8170E-002,  4.8484E-003
  7.60000E-001, -9.0570E-003,  4.8484E-003
  7.70000E-001, -9.0570E-003,  4.8484E-003
  7.80000E-001,  9.0937E-003,  4.8484E-003
  7.90000E-001,  1.8170E-002, -4.2640E-003
  8.00000E-001,  1.8170E-002,  4.8484E-003
  8.10000E-001,  1.8325E-005, -4.2640E-003
  8.20000E-001, -9.0570E-003,  4.8484E-003
  8.30000E-001,  1.8325E-005, -4.2640E-003
  8.40000E-001,  1.8170E-002, -4.2640E-003
  8.50000E-001,  9.0937E-003, -4.2640E-003
  8.60000E-001, -9.0570E-003, -4.2640E-003
  8.70000E-001, -9.0570E-003,  4.8484E-003
  8.80000E-001,  1.8325E-005, -4.2640E-003
  8.90000E-001,  1.8170E-002,  4.8484E-003
  9.00000E-001,  1.8170E-002, -4.2640E-003
  9.10000E-001,  1.8325E-005, -4.2640E-003
  9.20000E-001, -1.8133E-002, -4.2640E-003
  9.30000E-001, -9.0570E-003, -4.2640E-003
  9.40000E-001,  1.8325E-005, -4.2640E-003
  9.50000E-001,  1.8325E-005, -4.2640E-003
  9.60000E-001,  1.8325E-005, -4.2640E-003
  9.70000E-001,  1.8325E-005,  4.8484E-003
  9.80000E-001,  1.8325E-005, -4.2640E-003
  9.90000E-001,  9.0937E-003, -4.2640E-003
  1.00000E+000,  9.0937E-003,  4.8484E-003
  1.01000E+000,  9.0937E-003, -4.2640E-003
  1.02000E+000,  9.0937E-003,  4.8484E-003
  1.03000E+000,  9.0937E-003, -4.2640E-003
  1.04000E+000,  9.0937E-003, -4.2640E-003
  1.05000E+000,  1.8325E-005, -4.2640E-003
  1.06000E+000,  1.8325E-005, -4.2640E-003
  1.07000E+000,  1.8325E-005,  4.8484E-003
  1.08000E+000,  1.8325E-005, -4.2640E-003
  1.09000E+000,  9.0937E-003, -4.2640E-003
  1.10000E+000,  1.8170E-002, -4.2640E-003
  1.11000E+000,  9.0937E-003, -4.2640E-003
  1.12000E+000,  9.0937E-003, -4.2640E-003
  1.13000E+000,  1.8325E-005, -4.2640E-003
  1.14000E+000,  1.8325E-005, -4.2640E-003
  1.15000E+000,  1.8325E-005, -4.2640E-003
  1.16000E+000,  1.8325E-005, -4.2640E-003
  1.17000E+000, -9.0570E-003, -4.2640E-003
  1.18000E+000,  1.8325E-005, -4.2640E-003
  1.19000E+000,  1.8325E-005, -1.3375E-002
  1.20000E+000,  1.8325E-005, -2.2487E-002
  1.21000E+000, -9.0570E-003, -4.2640E-003
  1.22000E+000, -9.0570E-003, -4.2640E-003
  1.23000E+000,  1.8325E-005, -4.2640E-003
  1.24000E+000,  1.8170E-002, -4.2640E-003
  1.25000E+000,  1.8170E-002, -4.2640E-003
  1.26000E+000,  1.8325E-005, -4.2640E-003
  1.27000E+000, -1.8133E-002, -4.2640E-003
  1.28000E+000, -9.0570E-003, -4.2640E-003
  1.29000E+000,  9.0937E-003, -4.2640E-003
  1.30000E+000,  9.0937E-003, -4.2640E-003
  1.31000E+000,  1.8325E-005,  4.8484E-003
  1.32000E+000,  1.8325E-005,  4.8484E-003
  1.33000E+000,  9.0937E-003,  4.8484E-003
  1.34000E+000,  1.8170E-002,  4.8484E-003
  1.35000E+000,  1.8325E-005,  4.8484E-003
  1.36000E+000, -9.0570E-003, -4.2640E-003
  1.37000E+000,  1.8325E-005,  4.8484E-003
  1.38000E+000,  9.0937E-003, -4.2640E-003
  1.39000E+000,  1.8325E-005, -1.3375E-002
  1.40000E+000, -9.0570E-003, -4.2640E-003
  1.41000E+000, -1.8133E-002, -1.3375E-002
  1.42000E+000,  1.8325E-005, -4.2640E-003
  1.43000E+000,  9.0937E-003, -4.2640E-003
  1.44000E+000,  9.0937E-003, -4.2640E-003
  1.45000E+000,  1.8325E-005, -4.2640E-003
  1.46000E+000,  1.8325E-005, -4.2640E-003
  1.47000E+000, -9.0570E-003,  4.8484E-003
  1.48000E+000,  9.0937E-003, -4.2640E-003
  1.49000E+000,  9.0937E-003, -4.2640E-003
  1.50000E+000,  1.8325E-005, -4.2640E-003
  1.51000E+000, -9.0570E-003, -4.2640E-003
  1.52000E+000, -9.0570E-003, -4.2640E-003
  1.53000E+000,  9.0937E-003, -4.2640E-003
  1.54000E+000,  9.0937E-003, -4.2640E-003
  1.55000E+000,  9.0937E-003,  4.8484E-003
  1.56000E+000, -9.0570E-003, -4.2640E-003
  1.57000E+000,  1.8325E-005,  4.8484E-003
  1.58000E+000,  1.8170E-002, -4.2640E-003
  1.59000E+000,  9.0937E-003,  4.8484E-003
  1.60000E+000, -9.0570E-003,  4.8484E-003
  1.61000E+000,  1.8325E-005, -4.2640E-003
  1.62000E+000, -9.0570E-003, -4.2640E-003
  1.63000E+000, -9.0570E-003, -4.2640E-003
  1.64000E+000,  9.0937E-003, -4.2640E-003
  1.65000E+000,  1.8325E-005, -4.2640E-003
  1.66000E+000,  1.8325E-005, -4.2640E-003
  1.67000E+000,  1.8325E-005, -4.2640E-003
  1.68000E+000,  1.8325E-005, -4.2640E-003
  1.69000E+000,  1.8325E-005, -4.2640E-003
  1.70000E+000,  1.8325E-005,  4.8484E-003
  1.71000E+000,  1.8325E-005, -4.2640E-003
  1.72000E+000, -9.0570E-003, -4.2640E-003
  1.73000E+000, -9.0570E-003, -1.3375E-002
  1.74000E+000, -9.0570E-003, -4.2640E-003
  1.75000E+000, -9.0570E-003, -4.2640E-003
  1.76000E+000,  1.8325E-005, -4.2640E-003
  1.77000E+000, -9.0570E-003, -4.2640E-003
  1.78000E+000,  1.8325E-005, -4.2640E-003
  1.79000E+000,  1.8325E-005,  4.8484E-003
  1.80000E+000,  1.8325E-005,  4.8484E-003
  1.81000E+000, -9.0570E-003,  4.8484E-003
  1.82000E+000,  1.8325E-005,  4.8484E-003
  1.83000E+000,  1.8325E-005, -4.2640E-003
  1.84000E+000,  1.8325E-005, -4.2640E-003
  1.85000E+000,  1.8325E-005, -4.2640E-003
  1.86000E+000, -1.8133E-002, -4.2640E-003
  1.87000E+000, -9.0570E-003,  4.8484E-003
  1.88000E+000,  1.8325E-005, -4.2640E-003
  1.89000E+000,  9.0937E-003, -4.2640E-003
  1.90000E+000, -9.0570E-003, -4.2640E-003
  1.91000E+000, -1.8133E-002,  4.8484E-003
  1.92000E+000, -9.0570E-003, -4.2640E-003
  1.93000E+000,  1.8325E-005, -4.2640E-003
  1.94000E+000,  9.0937E-003, -4.2640E-003
  1.95000E+000, -9.0570E-003, -4.2640E-003
  1.96000E+000, -1.8133E-002, -4.2640E-003
  1.97000E+000, -9.0570E-003, -4.2640E-003
  1.98000E+000,  1.8325E-005, -4.2640E-003
  1.99000E+000,  1.8325E-005, -1.3375E-002
  2.00000E+000,  1.8325E-005, -4.2640E-003
  2.01000E+000, -9.0570E-003, -4.2640E-003
  2.02000E+000, -9.0570E-003,  4.8484E-003
  2.03000E+000,  1.8325E-005, -4.2640E-003
  2.04000E+000,  1.8325E-005, -4.2640E-003
  2.05000E+000,  9.0937E-003,  4.8484E-003
  2.06000E+000, -9.0570E-003, -4.2640E-003
  2.07000E+000, -9.0570E-003, -4.2640E-003
  2.08000E+000,  1.8325E-005, -4.2640E-003
  2.09000E+000,  1.8325E-005, -4.2640E-003
  2.10000E+000, -9.0570E-003, -4.2640E-003
  2.11000E+000, -9.0570E-003, -4.2640E-003
  2.12000E+000, -9.0570E-003, -4.2640E-003
  2.13000E+000,  1.8325E-005, -4.2640E-003
  2.14000E+000,  9.0937E-003, -4.2640E-003
  2.15000E+000,  1.8325E-005, -4.2640E-003
  2.16000E+000, -9.0570E-003,  4.8484E-003
  2.17000E+000, -9.0570E-003, -4.2640E-003
  2.18000E+000,  1.8325E-005, -4.2640E-003
  2.19000E+000,  1.8325E-005, -1.3375E-002
  2.20000E+000, -9.0570E-003, -4.2640E-003
  2.21000E+000, -1.8133E-002, -1.3375E-002
  2.22000E+000, -1.8133E-002, -1.3375E-002
  2.23000E+000, -9.0570E-003, -1.3375E-002
  2.24000E+000, -9.0570E-003, -4.2640E-003
  2.25000E+000,  1.8325E-005,  4.8484E-003
  2.26000E+000,  9.0937E-003,  4.8484E-003
  2.27000E+000,  1.8325E-005, -4.2640E-003
  2.28000E+000, -9.0570E-003, -4.2640E-003
  2.29000E+000, -9.0570E-003, -1.3375E-002
  2.30000E+000, -9.0570E-003, -4.2640E-003
  2.31000E+000,  1.8325E-005, -4.2640E-003
  2.32000E+000,  1.8325E-005, -1.3375E-002
  2.33000E+000,  1.8325E-005, -1.3375E-002
  2.34000E+000, -9.0570E-003, -4.2640E-003
  2.35000E+000,  1.8325E-005, -4.2640E-003
  2.36000E+000,  1.8325E-005, -4.2640E-003
  2.37000E+000,  1.8325E-005, -4.2640E-003
  2.38000E+000,  1.8325E-005,  4.8484E-003
  2.39000E+000,  1.8325E-005, -4.2640E-003
  2.40000E+000, -9.0570E-003, -1.3375E-002
  2.41000E+000, -9.0570E-003, -4.2640E-003
  2.42000E+000, -9.0570E-003, -4.2640E-003
  2.43000E+000, -9.0570E-003, -1.3375E-002
  2.44000E+000,  1.8325E-005, -1.3375E-002
  2.45000E+000, -9.0570E-003, -4.2640E-003
  2.46000E+000, -1.8133E-002, -4.2640E-003
  2.47000E+000, -9.0570E-003, -4.2640E-003
  2.48000E+000,  1.8325E-005, -4.2640E-003
  2.49000E+000,  9.0937E-003, -4.2640E-003
  2.50000E+000, -9.0570E-003, -4.2640E-003
  2.51000E+000, -1.8133E-002, -1.3375E-002
  2.52000E+000, -9.0570E-003, -4.2640E-003
  2.53000E+000,  1.8325E-005, -1.3375E-002
  2.54000E+000,  1.8325E-005, -4.2640E-003
  2.55000E+000, -9.0570E-003, -1.3375E-002
  2.56000E+000, -1.8133E-002, -1.3375E-002
  2.57000E+000, -1.8133E-002, -4.2640E-003
  2.58000E+000,  1.8325E-005, -4.2640E-003
  2.59000E+000,  1.8170E-002,  4.8484E-003
  2.60000E+000,  9.0937E-003,  4.8484E-003
  2.61000E+000, -9.0570E-003, -4.2640E-003
  2.62000E+000, -9.0570E-003,  4.8484E-003
  2.63000E+000,  1.8325E-005, -4.2640E-003
  2.64000E+000,  1.8325E-005, -4.2640E-003
  2.65000E+000, -9.0570E-003, -4.2640E-003
  2.66000E+000, -1.8133E-002, -4.2640E-003
  2.67000E+000, -1.8133E-002, -4.2640E-003
  2.68000E+000,  9.0937E-003, -4.2640E-003
  2.69000E+000,  1.8325E-005, -4.2640E-003
  2.70000E+000, -9.0570E-003, -4.2640E-003
  2.71000E+000, -1.8133E-002, -4.2640E-003
  2.72000E+000, -1.8133E-002, -4.2640E-003
  2.73000E+000,  1.8325E-005, -4.2640E-003
  2.74000E+000,  9.0937E-003, -4.2640E-003
  2.75000E+000,  1.8325E-005, -1.3375E-002
  2.76000E+000, -1.8133E-002, -4.2640E-003
  2.77000E+000, -1.8133E-002, -4.2640E-003
  2.78000E+000, -1.8133E-002, -1.3375E-002
  2.79000E+000,  1.8325E-005, -1.3375E-002
  2.80000E+000, -9.0570E-003, -4.2640E-003
  2.81000E+000, -9.0570E-003, -4.2640E-003
  2.82000E+000, -9.0570E-003, -4.2640E-003
  2.83000E+000,  1.8325E-005, -4.2640E-003
  2.84000E+000,  1.8325E-005, -4.2640E-003
  2.85000E+000,  9.0937E-003,  4.8484E-003
  2.86000E+000,  1.8325E-005, -4.2640E-003
  2.87000E+000, -9.0570E-003, -4.2640E-003
  2.88000E+000,  1.8325E-005, -4.2640E-003
  2.89000E+000, -9.0570E-003, -1.3375E-002
  2.90000E+000,  1.8325E-005, -4.2640E-003
  2.91000E+000, -9.0570E-003, -1.3375E-002
  2.92000E+000, -9.0570E-003, -4.2640E-003
  2.93000E+000,  1.8325E-005, -4.2640E-003
  2.94000E+000,  1.8325E-005, -4.2640E-003
  2.95000E+000,  1.8325E-005, -4.2640E-003
  2.96000E+000,  1.8325E-005, -4.2640E-003
  2.97000E+000, -9.0570E-003, -4.2640E-003
  2.98000E+000, -9.0570E-003, -4.2640E-003
  2.99000E+000, -1.8133E-002, -1.3375E-002
  3.00000E+000, -9.0570E-003, -1.3375E-002
  3.01000E+000,  3.6321E-002,  9.5967E-002
  3.02000E+000,  4.1750E-001,  4.3310E-001
  3.03000E+000,  4.9918E-001,  5.3333E-001
  3.04000E+000,  5.8086E-001,  5.9712E-001
  3.05000E+000,  6.3532E-001,  6.5179E-001
  3.06000E+000,  6.8069E-001,  6.9735E-001
  3.07000E+000,  7.0792E-001,  7.2468E-001
  3.08000E+000,  7.2607E-001,  7.4291E-001
  3.09000E+000,  7.4422E-001,  7.5202E-001
  3.10000E+000,  7.2607E-001,  7.5202E-001
  3.11000E+000,  7.2607E-001,  7.4291E-001
  3.12000E+000,  7.2607E-001,  7.5202E-001
  3.13000E+000,  7.4422E-001,  7.5202E-001
  3.14000E+000,  7.4422E-001,  7.5202E-001
  3.15000E+000,  7.2607E-001,  7.4291E-001
  3.16000E+000,  7.0792E-001,  7.4291E-001
  3.17000E+000,  7.2607E-001,  7.4291E-001
  3.18000E+000,  7.2607E-001,  7.4291E-001
  3.19000E+000,  7.1700E-001,  7.2468E-001
  3.20000E+000,  6.9884E-001,  7.2468E-001
  3.21000E+000,  6.8977E-001,  7.1557E-001
  3.22000E+000,  6.8069E-001,  7.0646E-001
  3.23000E+000,  6.8977E-001,  6.9735E-001
  3.24000E+000,  6.8069E-001,  6.8823E-001
  3.25000E+000,  6.6254E-001,  6.8823E-001
  3.26000E+000,  6.5347E-001,  6.8823E-001
  3.27000E+000,  6.5347E-001,  6.8823E-001
  3.28000E+000,  6.5347E-001,  6.7912E-001
  3.29000E+000,  6.6254E-001,  6.7912E-001
  3.30000E+000,  6.4439E-001,  6.7912E-001
  3.31000E+000,  6.8069E-001,  7.1557E-001
  3.32000E+000,  1.0891E+000,  1.0892E+000
  3.33000E+000,  1.7788E+000,  1.5812E+000
  3.34000E+000,  2.3597E+000,  2.1188E+000
  3.35000E+000,  2.9405E+000,  2.6928E+000
  3.36000E+000,  3.3580E+000,  3.1302E+000
  3.37000E+000,  3.4306E+000,  3.3033E+000
  3.38000E+000,  3.4851E+000,  3.4582E+000
  3.39000E+000,  3.4397E+000,  3.4765E+000
  3.40000E+000,  3.3762E+000,  3.4218E+000
  3.41000E+000,  3.3217E+000,  3.3762E+000
  3.42000E+000,  3.2854E+000,  3.3489E+000
  3.43000E+000,  3.2945E+000,  3.3489E+000
  3.44000E+000,  3.3399E+000,  3.3671E+000
  3.45000E+000,  3.4034E+000,  3.4491E+000
  3.46000E+000,  3.5214E+000,  3.5402E+000
  3.47000E+000,  3.6303E+000,  3.6587E+000
  3.48000E+000,  3.7664E+000,  3.8136E+000
  3.49000E+000,  3.9207E+000,  3.9685E+000
  3.50000E+000,  4.0750E+000,  4.1234E+000
  3.51000E+000,  4.2384E+000,  4.2510E+000
  3.52000E+000,  4.3654E+000,  4.3876E+000
  3.53000E+000,  4.4834E+000,  4.5152E+000
  3.54000E+000,  4.6105E+000,  4.6519E+000
  3.55000E+000,  4.7738E+000,  4.8523E+000
  3.56000E+000,  4.9372E+000,  4.9708E+000
  3.57000E+000,  5.1096E+000,  5.1713E+000
  3.58000E+000,  5.2367E+000,  5.2988E+000
  3.59000E+000,  5.3456E+000,  5.4173E+000
  3.60000E+000,  5.4545E+000,  5.5175E+000
  3.61000E+000,  5.5725E+000,  5.6177E+000
  3.62000E+000,  5.6542E+000,  5.7271E+000
  3.63000E+000,  5.7449E+000,  5.8000E+000
  3.64000E+000,  5.8266E+000,  5.8820E+000
  3.65000E+000,  5.8992E+000,  5.9731E+000
  3.66000E+000,  6.0081E+000,  6.0733E+000
  3.67000E+000,  6.0989E+000,  6.1371E+000
  3.68000E+000,  6.1805E+000,  6.2191E+000
  3.69000E+000,  6.2532E+000,  6.2829E+000
  3.70000E+000,  6.2713E+000,  6.2920E+000
  3.71000E+000,  6.3439E+000,  6.3649E+000
  3.72000E+000,  6.4347E+000,  6.4378E+000
  3.73000E+000,  6.4982E+000,  6.5198E+000
  3.74000E+000,  6.5799E+000,  6.6018E+000
  3.75000E+000,  6.6888E+000,  6.6929E+000
  3.76000E+000,  6.7977E+000,  6.7840E+000
  3.77000E+000,  6.8794E+000,  6.8934E+000
  3.78000E+000,  7.0064E+000,  6.9936E+000
  3.79000E+000,  7.0972E+000,  7.1121E+000
  3.80000E+000,  7.2242E+000,  7.1850E+000
  3.81000E+000,  7.3059E+000,  7.2943E+000
  3.82000E+000,  7.4058E+000,  7.4492E+000
  3.83000E+000,  7.5510E+000,  7.5312E+000
  3.84000E+000,  7.6327E+000,  7.6041E+000
  3.85000E+000,  7.7506E+000,  7.7135E+000
  3.86000E+000,  7.8958E+000,  7.8684E+000
  3.87000E+000,  7.9322E+000,  7.9686E+000
  3.88000E+000,  8.0320E+000,  8.0688E+000
  3.89000E+000,  8.1590E+000,  8.1690E+000
  3.90000E+000,  8.2861E+000,  8.2693E+000
  3.91000E+000,  8.3587E+000,  8.3331E+000
  3.92000E+000,  8.4132E+000,  8.4880E+000
  3.93000E+000,  8.5311E+000,  8.5426E+000
  3.94000E+000,  8.5947E+000,  8.6520E+000
  3.95000E+000,  8.7036E+000,  8.8707E+000
  3.96000E+000,  8.8216E+000,  8.8980E+000
  3.97000E+000,  8.9032E+000,  9.0073E+000
  3.98000E+000,  9.0212E+000,  9.1076E+000
  3.99000E+000,  9.0485E+000,  9.2351E+000
  4.00000E+000,  9.1211E+000,  9.4083E+000
  4.01000E+000,  9.2935E+000,  9.5085E+000
  4.02000E+000,  9.3752E+000,  9.6543E+000
  4.03000E+000,  9.3389E+000,  9.5632E+000
  4.04000E+000,  9.2209E+000,  9.4903E+000
  4.05000E+000,  9.1392E+000,  9.5176E+000
  4.06000E+000,  9.2481E+000,  9.4811E+000
  4.07000E+000,  9.6111E+000,  9.5905E+000
  4.08000E+000,  9.8199E+000,  9.9276E+000
  4.09000E+000,  1.0237E+001,  1.0192E+001
  4.10000E+000,  1.0737E+001,  1.0748E+001
  4.11000E+000,  1.1009E+001,  1.1048E+001
  4.12000E+000,  1.1744E+001,  1.1750E+001
  4.13000E+000,  1.1916E+001,  1.1987E+001
  4.14000E+000,  1.1717E+001,  1.1905E+001
  4.15000E+000,  1.1844E+001,  1.2005E+001
  4.16000E+000,  1.2170E+001,  1.2771E+001
  4.17000E+000,  1.2697E+001,  1.3053E+001
  4.18000E+000,  1.2769E+001,  1.3645E+001
  4.19000E+000,  1.2978E+001,  1.4037E+001
  4.20000E+000,  1.3205E+001,  1.4192E+001
  4.21000E+000,  1.3278E+001,  1.4529E+001
  4.22000E+000,  1.3831E+001,  1.5112E+001
  4.23000E+000,  1.4684E+001,  1.5659E+001
  4.24000E+000,  1.6799E+001,  1.6288E+001
  4.25000E+000,  1.7099E+001,  1.6397E+001
  4.26000E+000,  1.6817E+001,  1.6488E+001
  4.27000E+000,  1.6772E+001,  1.6579E+001
  4.28000E+000,  1.6554E+001,  1.6470E+001
  4.29000E+000,  1.7362E+001,  1.7490E+001
  4.30000E+000,  1.6790E+001,  1.6698E+001
  4.31000E+000,  1.6962E+001,  1.7172E+001
  4.32000E+000,  1.8433E+001,  1.6743E+001
  4.33000E+000,  1.6917E+001,  1.7126E+001
  4.34000E+000,  1.6472E+001,  1.6880E+001
  4.35000E+000,  1.6890E+001,  1.7272E+001
  4.36000E+000,  1.6554E+001,  1.6415E+001
  4.37000E+000,  1.6618E+001,  1.6689E+001
  4.38000E+000,  1.6100E+001,  1.6069E+001
  4.39000E+000,  1.5302E+001,  1.5395E+001
  4.40000E+000,  1.4875E+001,  1.4976E+001
  4.41000E+000,  1.4694E+001,  1.4638E+001
  4.42000E+000,  1.3986E+001,  1.4110E+001
  4.43000E+000,  1.3514E+001,  1.3809E+001
  4.44000E+000,  1.3123E+001,  1.3326E+001
  4.45000E+000,  1.2815E+001,  1.3017E+001
  4.46000E+000,  1.2470E+001,  1.2725E+001
  4.47000E+000,  1.2170E+001,  1.2397E+001
  4.48000E+000,  1.2043E+001,  1.2169E+001
  4.49000E+000,  1.1617E+001,  1.1823E+001
  4.50000E+000,  1.1490E+001,  1.1577E+001
  4.51000E+000,  1.1236E+001,  1.1367E+001
  4.52000E+000,  1.1109E+001,  1.1139E+001
  4.53000E+000,  1.1009E+001,  1.0975E+001
  4.54000E+000,  1.0991E+001,  1.0857E+001
  4.55000E+000,  1.0972E+001,  1.0693E+001
  4.56000E+000,  1.0927E+001,  1.0593E+001
  4.57000E+000,  1.0982E+001,  1.0547E+001
  4.58000E+000,  1.0972E+001,  1.0502E+001
  4.59000E+000,  1.0991E+001,  1.0347E+001
  4.60000E+000,  1.1036E+001,  1.0338E+001
  4.61000E+000,  1.1054E+001,  1.0310E+001
  4.62000E+000,  1.1308E+001,  1.0383E+001
  4.63000E+000,  1.1218E+001,  1.0256E+001
  4.64000E+000,  1.1100E+001,  1.0137E+001
  4.65000E+000,  1.1272E+001,  1.0319E+001
  4.66000E+000,  1.1172E+001,  1.0083E+001
  4.67000E+000,  1.1090E+001,  1.0055E+001
  4.68000E+000,  1.1218E+001,  1.0010E+001
  4.69000E+000,  1.1208E+001,  9.9367E+000
  4.70000E+000,  1.1218E+001,  9.9094E+000
  4.71000E+000,  1.1236E+001,  9.8365E+000
  4.72000E+000,  1.1281E+001,  9.8821E+000
  4.73000E+000,  1.1100E+001,  9.7089E+000
  4.74000E+000,  1.1181E+001,  9.6907E+000
  4.75000E+000,  1.1181E+001,  9.6452E+000
  4.76000E+000,  1.1281E+001,  9.7272E+000
  4.77000E+000,  1.1317E+001,  9.7818E+000
  4.78000E+000,  1.1199E+001,  9.4994E+000
  4.79000E+000,  1.1208E+001,  9.4629E+000
  4.80000E+000,  1.1163E+001,  9.4174E+000
  4.81000E+000,  1.1208E+001,  9.3991E+000
  4.82000E+000,  1.0991E+001,  9.2442E+000
  4.83000E+000,  1.1118E+001,  9.2898E+000
  4.84000E+000,  1.1190E+001,  9.3171E+000
  4.85000E+000,  1.1045E+001,  9.1440E+000
  4.86000E+000,  1.1354E+001,  9.4994E+000
  4.87000E+000,  1.1181E+001,  9.2534E+000
  4.88000E+000,  1.1308E+001,  9.3354E+000
  4.89000E+000,  1.1653E+001,  9.8912E+000
  4.90000E+000,  1.2134E+001,  1.0219E+001
  4.91000E+000,  1.2325E+001,  1.0292E+001
  4.92000E+000,  1.2416E+001,  1.0137E+001
  4.93000E+000,  1.2370E+001,  1.0128E+001
  4.94000E+000,  1.2443E+001,  1.0137E+001
  4.95000E+000,  1.2552E+001,  1.0274E+001
  4.96000E+000,  1.2307E+001,  1.0201E+001
  4.97000E+000,  1.2388E+001,  1.0228E+001
  4.98000E+000,  1.2479E+001,  1.0301E+001
  4.99000E+000,  1.2107E+001,  1.0019E+001
  5.00000E+000,  1.2098E+001,  9.9823E+000
  5.01000E+000,  1.1971E+001,  1.0001E+001
  5.02000E+000,  1.1826E+001,  9.7818E+000
  5.03000E+000,  1.1490E+001,  9.4538E+000
  5.04000E+000,  1.1345E+001,  9.2716E+000
  5.05000E+000,  1.1290E+001,  9.1076E+000
  5.06000E+000,  1.0972E+001,  9.0164E+000
  5.07000E+000,  1.0945E+001,  9.0529E+000
  5.08000E+000,  1.0954E+001,  8.8615E+000
  5.09000E+000,  1.0836E+001,  8.8524E+000
  5.10000E+000,  1.0963E+001,  8.9253E+000
  5.11000E+000,  1.1000E+001,  9.0164E+000
  5.12000E+000,  1.0954E+001,  8.8524E+000
  5.13000E+000,  1.1000E+001,  8.8798E+000
  5.14000E+000,  1.1154E+001,  9.0164E+000
  5.15000E+000,  1.1063E+001,  8.9253E+000
  5.16000E+000,  1.1027E+001,  8.9162E+000
  5.17000E+000,  1.1190E+001,  8.9435E+000
  5.18000E+000,  1.1336E+001,  8.9891E+000
  5.19000E+000,  1.1372E+001,  9.1076E+000
  5.20000E+000,  1.1490E+001,  9.3991E+000
  5.21000E+000,  1.1454E+001,  9.2351E+000
  5.22000E+000,  1.1426E+001,  9.0073E+000
  5.23000E+000,  1.1408E+001,  9.1805E+000
  5.24000E+000,  1.1136E+001,  8.8615E+000
  5.25000E+000,  1.1245E+001,  8.9435E+000
  5.26000E+000,  1.1081E+001,  8.8160E+000
  5.27000E+000,  1.1145E+001,  8.9162E+000
  5.28000E+000,  1.1118E+001,  8.8524E+000
  5.29000E+000,  1.0855E+001,  8.6155E+000
  5.30000E+000,  1.0700E+001,  8.4242E+000
  5.31000E+000,  1.0582E+001,  8.3786E+000
  5.32000E+000,  1.0664E+001,  8.3057E+000
  5.33000E+000,  1.0546E+001,  8.2875E+000
  5.34000E+000,  1.0582E+001,  8.2328E+000
  5.35000E+000,  1.0555E+001,  8.2328E+000
  5.36000E+000,  1.0655E+001,  8.4515E+000
  5.37000E+000,  1.0709E+001,  8.3604E+000
  5.38000E+000,  1.0655E+001,  8.3604E+000
  5.39000E+000,  1.0446E+001,  8.1508E+000
  5.40000E+000,  1.0355E+001,  8.1053E+000
  5.41000E+000,  1.0392E+001,  8.1144E+000
  5.42000E+000,  1.0256E+001,  8.0324E+000
  5.43000E+000,  1.0119E+001,  7.9321E+000
  5.44000E+000,  1.0029E+001,  7.7863E+000
  5.45000E+000,  1.0147E+001,  7.8228E+000
  5.46000E+000,  9.8743E+000,  7.6132E+000
  5.47000E+000,  9.7654E+000,  7.6132E+000
  5.48000E+000,  9.7564E+000,  7.5039E+000
  5.49000E+000,  9.6475E+000,  7.4401E+000
  5.50000E+000,  9.6293E+000,  7.3945E+000
  5.51000E+000,  9.6293E+000,  7.3125E+000
  5.52000E+000,  9.3933E+000,  7.2032E+000
  5.53000E+000,  9.5022E+000,  7.1850E+000
  5.54000E+000,  9.2844E+000,  7.0574E+000
  5.55000E+000,  9.3389E+000,  7.0665E+000
  5.56000E+000,  9.1392E+000,  6.9572E+000
  5.57000E+000,  9.1301E+000,  6.8934E+000
  5.58000E+000,  9.0303E+000,  6.8205E+000
  5.59000E+000,  8.9577E+000,  6.7294E+000
  5.60000E+000,  8.9486E+000,  6.7020E+000
  5.61000E+000,  8.7762E+000,  6.6109E+000
  5.62000E+000,  8.7671E+000,  6.5563E+000
  5.63000E+000,  8.6764E+000,  6.4560E+000
  5.64000E+000,  8.6401E+000,  6.4378E+000
  5.65000E+000,  8.5584E+000,  6.3193E+000
  5.66000E+000,  8.5402E+000,  6.2738E+000
  5.67000E+000,  8.5039E+000,  6.2556E+000
  5.68000E+000,  8.4585E+000,  6.1462E+000
  5.69000E+000,  8.3950E+000,  6.1098E+000
  5.70000E+000,  8.3496E+000,  6.0824E+000
  5.71000E+000,  8.3224E+000,  6.0733E+000
  5.72000E+000,  8.3133E+000,  5.9822E+000
  5.73000E+000,  8.2498E+000,  5.9184E+000
  5.74000E+000,  8.2316E+000,  5.8820E+000
  5.75000E+000,  8.1863E+000,  5.8273E+000
  5.76000E+000,  8.1409E+000,  5.7909E+000
  5.77000E+000,  8.1409E+000,  5.7817E+000
  5.78000E+000,  8.0955E+000,  5.7180E+000
  5.79000E+000,  8.0592E+000,  5.6724E+000
  5.80000E+000,  8.0320E+000,  5.6268E+000
  5.81000E+000,  8.0138E+000,  5.6177E+000
  5.82000E+000,  7.9866E+000,  5.5813E+000
  5.83000E+000,  7.9594E+000,  5.5631E+000
  5.84000E+000,  7.9231E+000,  5.5266E+000
  5.85000E+000,  7.9140E+000,  5.4993E+000
  5.86000E+000,  7.8958E+000,  5.4537E+000
  5.87000E+000,  7.8686E+000,  5.4264E+000
  5.88000E+000,  7.8414E+000,  5.3990E+000
  5.89000E+000,  7.8414E+000,  5.4082E+000
  5.90000E+000,  7.8323E+000,  5.3717E+000
  5.91000E+000,  7.7779E+000,  5.3626E+000
  5.92000E+000,  7.7506E+000,  5.2897E+000
  5.93000E+000,  7.7325E+000,  5.2897E+000
  5.94000E+000,  7.7325E+000,  5.2624E+000
  5.95000E+000,  7.7143E+000,  5.2350E+000
  5.96000E+000,  7.6962E+000,  5.2168E+000
  5.97000E+000,  7.6599E+000,  5.1804E+000
  5.98000E+000,  7.6508E+000,  5.1621E+000
  5.99000E+000,  7.6236E+000,  5.1348E+000
  6.00000E+000,  7.6236E+000,  5.1257E+000
  6.01000E+000,  7.6054E+000,  5.0892E+000
  6.02000E+000,  7.5601E+000,  5.0619E+000
  6.03000E+000,  7.5510E+000,  5.0437E+000
  6.04000E+000,  7.5328E+000,  5.0255E+000
  6.05000E+000,  7.5328E+000,  5.0164E+000
  6.06000E+000,  7.5147E+000,  4.9799E+000
  6.07000E+000,  7.4784E+000,  4.9435E+000
  6.08000E+000,  7.4784E+000,  4.9435E+000
  6.09000E+000,  7.4511E+000,  4.9161E+000
  6.10000E+000,  7.4239E+000,  4.8797E+000
  6.11000E+000,  7.4058E+000,  4.8523E+000
  6.12000E+000,  7.3967E+000,  4.8523E+000
  6.13000E+000,  7.3785E+000,  4.8250E+000
  6.14000E+000,  7.3604E+000,  4.7886E+000
  6.15000E+000,  7.3513E+000,  4.7886E+000
  6.16000E+000,  7.3332E+000,  4.7703E+000
  6.17000E+000,  7.3241E+000,  4.7521E+000
  6.18000E+000,  7.2878E+000,  4.7248E+000
  6.19000E+000,  7.2696E+000,  4.7066E+000
  6.20000E+000,  7.2424E+000,  4.6792E+000
  6.21000E+000,  7.2242E+000,  4.6701E+000
  6.22000E+000,  7.2333E+000,  4.6428E+000
  6.23000E+000,  7.1970E+000,  4.6245E+000
  6.24000E+000,  7.1698E+000,  4.6063E+000
  6.25000E+000,  7.1516E+000,  4.5881E+000
  6.26000E+000,  7.1426E+000,  4.5790E+000
  6.27000E+000,  7.1335E+000,  4.5608E+000
  6.28000E+000,  7.1335E+000,  4.5608E+000
  6.29000E+000,  7.1063E+000,  4.5425E+000
  6.30000E+000,  7.0881E+000,  4.5243E+000
  6.31000E+000,  7.0881E+000,  4.5243E+000
  6.32000E+000,  7.0881E+000,  4.5152E+000
  6.33000E+000,  7.0609E+000,  4.5152E+000
  6.34000E+000,  7.0790E+000,  4.4879E+000
  6.35000E+000,  7.0609E+000,  4.4696E+000
  6.36000E+000,  7.0427E+000,  4.4605E+000
  6.37000E+000,  7.0246E+000,  4.4605E+000
  6.38000E+000,  7.0155E+000,  4.4514E+000
  6.39000E+000,  7.0155E+000,  4.4423E+000
  6.40000E+000,  6.9974E+000,  4.4423E+000
  6.41000E+000,  6.9974E+000,  4.4150E+000
  6.42000E+000,  6.9792E+000,  4.4241E+000
  6.43000E+000,  6.9701E+000,  4.4059E+000
  6.44000E+000,  6.9611E+000,  4.3967E+000
  6.45000E+000,  6.9611E+000,  4.3785E+000
  6.46000E+000,  6.9338E+000,  4.3694E+000
  6.47000E+000,  6.9248E+000,  4.3603E+000
  6.48000E+000,  6.9066E+000,  4.3421E+000
  6.49000E+000,  6.9066E+000,  4.3330E+000
  6.50000E+000,  6.9066E+000,  4.3330E+000
  6.51000E+000,  6.8975E+000,  4.3147E+000
  6.52000E+000,  6.8884E+000,  4.2965E+000
  6.53000E+000,  6.8612E+000,  4.2965E+000
  6.54000E+000,  6.8612E+000,  4.2692E+000
  6.55000E+000,  6.8340E+000,  4.2601E+000
  6.56000E+000,  6.8249E+000,  4.2601E+000
  6.57000E+000,  6.8158E+000,  4.2236E+000
  6.58000E+000,  6.7977E+000,  4.2418E+000
  6.59000E+000,  6.7977E+000,  4.2236E+000
  6.60000E+000,  6.7795E+000,  4.2054E+000
  6.61000E+000,  6.7705E+000,  4.2236E+000
  6.62000E+000,  6.7795E+000,  4.1690E+000
  6.63000E+000,  6.7705E+000,  4.1690E+000
  6.64000E+000,  6.7614E+000,  4.1598E+000
  6.65000E+000,  6.7251E+000,  4.1598E+000
  6.66000E+000,  6.6979E+000,  4.1416E+000
  6.67000E+000,  6.7160E+000,  4.1234E+000
  6.68000E+000,  6.6979E+000,  4.1325E+000
  6.69000E+000,  6.7069E+000,  4.1234E+000
  6.70000E+000,  6.6979E+000,  4.1052E+000
  6.71000E+000,  6.6797E+000,  4.1143E+000
  6.72000E+000,  6.6706E+000,  4.0778E+000
  6.73000E+000,  6.6616E+000,  4.0596E+000
  6.74000E+000,  6.6434E+000,  4.0505E+000
  6.75000E+000,  6.6797E+000,  4.0869E+000
  6.76000E+000,  6.6525E+000,  4.0596E+000
  6.77000E+000,  6.6343E+000,  4.0505E+000
  6.78000E+000,  6.6253E+000,  4.0323E+000
  6.79000E+000,  6.5980E+000,  4.0232E+000
  6.80000E+000,  6.5890E+000,  4.0141E+000
  6.81000E+000,  6.5799E+000,  3.9867E+000
  6.82000E+000,  6.5799E+000,  3.9776E+000
  6.83000E+000,  6.5708E+000,  3.9776E+000
  6.84000E+000,  6.5617E+000,  3.9594E+000
  6.85000E+000,  6.5617E+000,  3.9685E+000
  6.86000E+000,  6.5436E+000,  3.9594E+000
  6.87000E+000,  6.5345E+000,  3.9229E+000
  6.88000E+000,  6.5254E+000,  3.9412E+000
  6.89000E+000,  6.5163E+000,  3.9138E+000
  6.90000E+000,  6.5073E+000,  3.9138E+000
  6.91000E+000,  6.4800E+000,  3.8865E+000
  6.92000E+000,  6.4800E+000,  3.8865E+000
  6.93000E+000,  6.4710E+000,  3.8683E+000
  6.94000E+000,  6.4619E+000,  3.8592E+000
  6.95000E+000,  6.4619E+000,  3.8683E+000
  6.96000E+000,  6.4437E+000,  3.8500E+000
  6.97000E+000,  6.4528E+000,  3.8409E+000
  6.98000E+000,  6.4256E+000,  3.8318E+000
  6.99000E+000,  6.4256E+000,  3.8318E+000
  7.00000E+000,  6.4165E+000,  3.8227E+000
  7.01000E+000,  6.3984E+000,  3.7954E+000
  7.02000E+000,  6.3802E+000,  3.7954E+000
  7.03000E+000,  6.3711E+000,  3.7771E+000
  7.04000E+000,  6.3711E+000,  3.7498E+000
  7.05000E+000,  6.3530E+000,  3.7407E+000
  7.06000E+000,  6.3530E+000,  3.7498E+000
  7.07000E+000,  6.3348E+000,  3.7316E+000
  7.08000E+000,  6.3348E+000,  3.7225E+000
  7.09000E+000,  6.3076E+000,  3.7134E+000
  7.10000E+000,  6.3076E+000,  3.6951E+000
  7.11000E+000,  6.2804E+000,  3.6769E+000
  7.12000E+000,  6.2804E+000,  3.6678E+000
  7.13000E+000,  6.2713E+000,  3.6587E+000
  7.14000E+000,  6.2532E+000,  3.6314E+000
  7.15000E+000,  6.2441E+000,  3.6314E+000
  7.16000E+000,  6.2441E+000,  3.6314E+000
  7.17000E+000,  6.2259E+000,  3.6131E+000
  7.18000E+000,  6.2169E+000,  3.6040E+000
  7.19000E+000,  6.1896E+000,  3.5949E+000
  7.20000E+000,  6.1896E+000,  3.5767E+000
  7.21000E+000,  6.1896E+000,  3.5676E+000
  7.22000E+000,  6.1805E+000,  3.5767E+000
  7.23000E+000,  6.1805E+000,  3.5585E+000
  7.24000E+000,  6.1715E+000,  3.5585E+000
  7.25000E+000,  6.1533E+000,  3.5220E+000
  7.26000E+000,  6.1533E+000,  3.5585E+000
  7.27000E+000,  6.2169E+000,  3.6040E+000
  7.28000E+000,  6.3167E+000,  3.7134E+000
  7.29000E+000,  6.3984E+000,  3.8136E+000
  7.30000E+000,  6.4891E+000,  3.8865E+000
  7.31000E+000,  6.4074E+000,  3.7407E+000
  7.32000E+000,  6.5708E+000,  3.9229E+000
  7.33000E+000,  6.7886E+000,  4.0961E+000
  7.34000E+000,  6.8794E+000,  4.2327E+000
  7.35000E+000,  6.9792E+000,  4.3876E+000
  7.36000E+000,  7.1970E+000,  4.5243E+000
  7.37000E+000,  7.6871E+000,  4.8159E+000
  7.38000E+000,  6.6434E+000,  4.8250E+000
  7.39000E+000,  5.6723E+000,  3.5585E+000
  7.40000E+000,  3.7755E+000,  1.2258E+000
  7.41000E+000,  2.9768E+000,  3.0554E-001
  7.42000E+000,  2.7590E+000,  5.0408E-002
  7.43000E+000,  2.7318E+000,  1.3960E-002
  7.44000E+000,  2.7227E+000,  4.8484E-003
  7.45000E+000,  2.7227E+000,  4.8484E-003
  7.46000E+000,  2.7136E+000, -4.2640E-003
  7.47000E+000,  2.7136E+000, -4.2640E-003
  7.48000E+000,  2.7046E+000, -4.2640E-003
  7.49000E+000,  2.7136E+000, -4.2640E-003
  7.50000E+000,  2.7227E+000, -4.2640E-003
  7.51000E+000,  2.7136E+000, -4.2640E-003
  7.52000E+000,  2.7227E+000,  4.8484E-003
  7.53000E+000,  2.7136E+000, -4.2640E-003
  7.54000E+000,  2.7136E+000, -4.2640E-003
  7.55000E+000,  2.7136E+000, -4.2640E-003
  7.56000E+000,  2.7227E+000, -4.2640E-003
  7.57000E+000,  2.7136E+000, -4.2640E-003
  7.58000E+000,  2.7318E+000, -4.2640E-003
  7.59000E+000,  2.7136E+000, -4.2640E-003
  7.60000E+000,  2.7136E+000, -4.2640E-003
  7.61000E+000,  2.7227E+000, -4.2640E-003
  7.62000E+000,  2.7227E+000, -4.2640E-003
  7.63000E+000,  2.7136E+000, -4.2640E-003
  7.64000E+000,  2.7136E+000, -4.2640E-003
  7.65000E+000,  2.7136E+000, -1.3375E-002
  7.66000E+000,  2.7136E+000, -4.2640E-003
  7.67000E+000,  2.7136E+000, -4.2640E-003
  7.68000E+000,  2.7227E+000, -4.2640E-003
  7.69000E+000,  2.7136E+000,  4.8484E-003
  7.70000E+000,  2.7227E+000,  4.8484E-003
  7.71000E+000,  2.7227E+000, -4.2640E-003
  7.72000E+000,  2.7136E+000, -4.2640E-003
  7.73000E+000,  2.7046E+000, -4.2640E-003
  7.74000E+000,  2.7136E+000, -4.2640E-003
  7.75000E+000,  2.7046E+000, -4.2640E-003
  7.76000E+000,  2.7046E+000, -1.3375E-002
  7.77000E+000,  2.7136E+000, -4.2640E-003
  7.78000E+000,  2.7136E+000, -1.3375E-002
  7.79000E+000,  2.7136E+000, -4.2640E-003
  7.80000E+000,  2.7227E+000, -4.2640E-003
  7.81000E+000,  2.7136E+000,  4.8484E-003
  7.82000E+000,  2.7227E+000,  4.8484E-003
  7.83000E+000,  2.7136E+000, -4.2640E-003
  7.84000E+000,  2.7136E+000, -4.2640E-003
  7.85000E+000,  2.7136E+000, -4.2640E-003
  7.86000E+000,  2.7136E+000, -4.2640E-003
  7.87000E+000,  2.7227E+000,  4.8484E-003
  7.88000E+000,  2.7227E+000,  4.8484E-003
  7.89000E+000,  2.7136E+000,  4.8484E-003
  7.90000E+000,  2.7136E+000,  4.8484E-003
  7.91000E+000,  2.7227E+000, -4.2640E-003
  7.92000E+000,  2.7227E+000,  4.8484E-003
  7.93000E+000,  2.7227E+000, -4.2640E-003
  7.94000E+000,  2.7136E+000, -4.2640E-003
  7.95000E+000,  2.7046E+000, -4.2640E-003
  7.96000E+000,  2.7136E+000,  4.8484E-003
  7.97000E+000,  2.7136E+000, -4.2640E-003
  7.98000E+000,  2.7136E+000, -4.2640E-003
  7.99000E+000,  2.7227E+000, -4.2640E-003
  8.00000E+000,  2.7136E+000, -4.2640E-003
  8.01000E+000,  2.7136E+000, -4.2640E-003
  8.02000E+000,  2.7046E+000, -4.2640E-003
  8.03000E+000,  2.7046E+000, -4.2640E-003
  8.04000E+000,  2.7136E+000, -4.2640E-003
  8.05000E+000,  2.7136E+000, -4.2640E-003
  8.06000E+000,  2.7227E+000,  4.8484E-003
  8.07000E+000,  2.7227E+000,  4.8484E-003
  8.08000E+000,  2.7136E+000, -4.2640E-003
  8.09000E+000,  2.7046E+000, -4.2640E-003
  8.10000E+000,  2.7136E+000, -4.2640E-003
  8.11000E+000,  2.7136E+000, -4.2640E-003
  8.12000E+000,  2.7136E+000, -4.2640E-003
  8.13000E+000,  2.7227E+000,  4.8484E-003
  8.14000E+000,  2.7227E+000, -4.2640E-003
  8.15000E+000,  2.7136E+000,  4.8484E-003
  8.16000E+000,  2.7136E+000, -4.2640E-003
  8.17000E+000,  2.7227E+000,  4.8484E-003
  8.18000E+000,  2.7227E+000,  4.8484E-003
  8.19000E+000,  2.7227E+000,  4.8484E-003
  8.20000E+000,  2.7227E+000, -4.2640E-003
  8.21000E+000,  2.7046E+000, -4.2640E-003
  8.22000E+000,  2.7136E+000, -4.2640E-003
  8.23000E+000,  2.7136E+000, -4.2640E-003
  8.24000E+000,  2.7136E+000, -4.2640E-003
  8.25000E+000,  2.7046E+000, -4.2640E-003
  8.26000E+000,  2.7046E+000, -4.2640E-003
  8.27000E+000,  2.7136E+000, -4.2640E-003
  8.28000E+000,  2.7136E+000, -4.2640E-003
  8.29000E+000,  2.7136E+000, -4.2640E-003
  8.30000E+000,  2.7136E+000, -4.2640E-003
  8.31000E+000,  2.7136E+000, -4.2640E-003
  8.32000E+000,  2.7136E+000, -4.2640E-003
  8.33000E+000,  2.7136E+000, -4.2640E-003
  8.34000E+000,  2.7046E+000, -1.3375E-002
  8.35000E+000,  2.7046E+000, -1.3375E-002
  8.36000E+000,  2.7136E+000, -1.3375E-002
  8.37000E+000,  2.7046E+000, -4.2640E-003
  8.38000E+000,  2.7136E+000, -4.2640E-003
  8.39000E+000,  2.7227E+000, -4.2640E-003
  8.40000E+000,  2.7227E+000, -4.2640E-003
  8.41000E+000,  2.7227E+000, -4.2640E-003
  8.42000E+000,  2.7227E+000,  4.8484E-003
  8.43000E+000,  2.7227E+000, -4.2640E-003
  8.44000E+000,  2.7136E+000, -4.2640E-003
  8.45000E+000,  2.7136E+000, -4.2640E-003
  8.46000E+000,  2.7136E+000, -4.2640E-003
  8.47000E+000,  2.7136E+000, -4.2640E-003
  8.48000E+000,  2.7227E+000, -4.2640E-003
  8.49000E+000,  2.7136E+000, -4.2640E-003
  8.50000E+000,  2.7136E+000, -4.2640E-003
  8.51000E+000,  2.7136E+000, -4.2640E-003
  8.52000E+000,  2.7136E+000,  4.8484E-003
  8.53000E+000,  2.7136E+000, -4.2640E-003
  8.54000E+000,  2.7227E+000, -4.2640E-003
  8.55000E+000,  2.7046E+000, -4.2640E-003
  8.56000E+000,  2.7136E+000, -4.2640E-003
  8.57000E+000,  2.7046E+000, -4.2640E-003
  8.58000E+000,  2.7136E+000, -4.2640E-003
  8.59000E+000,  2.7046E+000, -1.3375E-002
  8.60000E+000,  2.7136E+000, -4.2640E-003
  8.61000E+000,  2.7136E+000, -4.2640E-003
  8.62000E+000,  2.7136E+000, -4.2640E-003
  8.63000E+000,  2.7136E+000, -4.2640E-003
  8.64000E+000,  2.7136E+000, -4.2640E-003
  8.65000E+000,  2.7136E+000, -4.2640E-003
  8.66000E+000,  2.7227E+000,  4.8484E-003
  8.67000E+000,  2.7227E+000, -4.2640E-003
  8.68000E+000,  2.7136E+000, -4.2640E-003
  8.69000E+000,  2.7136E+000, -4.2640E-003
  8.70000E+000,  2.7136E+000, -4.2640E-003
  8.71000E+000,  2.7227E+000, -4.2640E-003
  8.72000E+000,  2.7136E+000, -4.2640E-003
  8.73000E+000,  2.7136E+000, -4.2640E-003
  8.74000E+000,  2.7136E+000, -4.2640E-003
  8.75000E+000,  2.7227E+000, -4.2640E-003
  8.76000E+000,  2.7227E+000,  4.8484E-003
  8.77000E+000,  2.7136E+000, -4.2640E-003
  8.78000E+000,  2.7136E+000,  4.8484E-003
  8.79000E+000,  2.7136E+000, -4.2640E-003
  8.80000E+000,  2.7136E+000, -4.2640E-003
  8.81000E+000,  2.7046E+000, -4.2640E-003
  8.82000E+000,  2.7046E+000, -1.3375E-002
  8.83000E+000,  2.7136E+000, -4.2640E-003
  8.84000E+000,  2.7046E+000, -1.3375E-002
  8.85000E+000,  2.7046E+000, -1.3375E-002
  8.86000E+000,  2.7136E+000, -4.2640E-003
  8.87000E+000,  2.7136E+000, -4.2640E-003
  8.88000E+000,  2.7046E+000, -4.2640E-003
  8.89000E+000,  2.7046E+000, -4.2640E-003
  8.90000E+000,  2.7136E+000, -4.2640E-003
  8.91000E+000,  2.7136E+000, -4.2640E-003
  8.92000E+000,  2.7136E+000, -1.3375E-002
  8.93000E+000,  2.7136E+000, -4.2640E-003
  8.94000E+000,  2.7046E+000, -4.2640E-003
  8.95000E+000,  2.7136E+000, -4.2640E-003
  8.96000E+000,  2.7046E+000, -1.3375E-002
  8.97000E+000,  2.7136E+000, -4.2640E-003
  8.98000E+000,  2.7227E+000,  4.8484E-003
  8.99000E+000,  2.7227E+000, -4.2640E-003
  9.00000E+000,  2.7227E+000,  4.8484E-003
  9.01000E+000,  2.7227E+000, -4.2640E-003
  9.02000E+000,  2.7136E+000,  4.8484E-003
  9.03000E+000,  2.7136E+000, -4.2640E-003
  9.04000E+000,  2.7136E+000, -4.2640E-003
  9.05000E+000,  2.7136E+000, -4.2640E-003
  9.06000E+000,  2.7046E+000, -1.3375E-002
  9.07000E+000,  2.7136E+000, -1.3375E-002
  9.08000E+000,  2.7046E+000, -4.2640E-003
  9.09000E+000,  2.7046E+000, -4.2640E-003
  9.10000E+000,  2.7136E+000, -4.2640E-003
  9.11000E+000,  2.7046E+000, -4.2640E-003
  9.12000E+000,  2.7136E+000, -4.2640E-003
  9.13000E+000,  2.7136E+000, -4.2640E-003
  9.14000E+000,  2.7136E+000, -4.2640E-003
  9.15000E+000,  2.7227E+000, -4.2640E-003
  9.16000E+000,  2.7046E+000, -4.2640E-003
  9.17000E+000,  2.7046E+000, -4.2640E-003
  9.18000E+000,  2.7046E+000, -1.3375E-002
  9.19000E+000,  2.7136E+000, -4.2640E-003
  9.20000E+000,  2.7136E+000, -4.2640E-003
  9.21000E+000,  2.7136E+000, -4.2640E-003
  9.22000E+000,  2.7136E+000,  4.8484E-003
  9.23000E+000,  2.7227E+000, -4.2640E-003
  9.24000E+000,  2.7227E+000,  4.8484E-003
  9.25000E+000,  2.7227E+000, -4.2640E-003
  9.26000E+000,  2.7136E+000,  4.8484E-003
  9.27000E+000,  2.7227E+000,  4.8484E-003
  9.28000E+000,  2.7136E+000, -4.2640E-003
  9.29000E+000,  2.7046E+000, -4.2640E-003
  9.30000E+000,  2.7227E+000, -4.2640E-003
  9.31000E+000,  2.7046E+000, -4.2640E-003
  9.32000E+000,  2.7136E+000, -4.2640E-003
  9.33000E+000,  2.7136E+000, -4.2640E-003
  9.34000E+000,  2.7136E+000, -4.2640E-003
  9.35000E+000,  2.7136E+000, -4.2640E-003
  9.36000E+000,  2.7136E+000, -4.2640E-003
  9.37000E+000,  2.7136E+000, -4.2640E-003
  9.38000E+000,  2.7136E+000, -4.2640E-003
  9.39000E+000,  2.7046E+000, -4.2640E-003
  9.40000E+000,  2.7136E+000, -1.3375E-002
  9.41000E+000,  2.7046E+000, -4.2640E-003
  9.42000E+000,  2.7136E+000, -4.2640E-003
  9.43000E+000,  2.7136E+000, -4.2640E-003
  9.44000E+000,  2.7046E+000, -1.3375E-002
  9.45000E+000,  2.7046E+000, -4.2640E-003
  9.46000E+000,  2.7046E+000, -4.2640E-003
  9.47000E+000,  2.7136E+000, -4.2640E-003
  9.48000E+000,  2.7136E+000, -4.2640E-003
  9.49000E+000,  2.7227E+000,  4.8484E-003
  9.50000E+000,  2.7136E+000, -4.2640E-003
  9.51000E+000,  2.7136E+000, -4.2640E-003
  9.52000E+000,  2.7136E+000, -4.2640E-003
  9.53000E+000,  2.7136E+000, -4.2640E-003
  9.54000E+000,  2.7046E+000, -4.2640E-003
  9.55000E+000,  2.7227E+000, -4.2640E-003
  9.56000E+000,  2.7136E+000, -4.2640E-003
  9.57000E+000,  2.7136E+000, -4.2640E-003
  9.58000E+000,  2.7046E+000, -4.2640E-003
  9.59000E+000,  2.7136E+000, -4.2640E-003
  9.60000E+000,  2.7227E+000,  4.8484E-003
  9.61000E+000,  2.7227E+000,  4.8484E-003
  9.62000E+000,  2.7227E+000, -4.2640E-003
  9.63000E+000,  2.7046E+000,  4.8484E-003
  9.64000E+000,  2.7046E+000, -4.2640E-003
  9.65000E+000,  2.7136E+000, -4.2640E-003
  9.66000E+000,  2.7046E+000, -4.2640E-003
  9.67000E+000,  2.7136E+000, -4.2640E-003
  9.68000E+000,  2.7136E+000, -4.2640E-003
  9.69000E+000,  2.7136E+000, -4.2640E-003
  9.70000E+000,  2.7136E+000, -4.2640E-003
  9.71000E+000,  2.7136E+000, -4.2640E-003
  9.72000E+000,  2.7136E+000, -4.2640E-003
  9.73000E+000,  2.7136E+000, -4.2640E-003
  9.74000E+000,  2.7136E+000, -4.2640E-003
  9.75000E+000,  2.7136E+000, -4.2640E-003
  9.76000E+000,  2.7227E+000, -4.2640E-003
  9.77000E+000,  2.7227E+000,  4.8484E-003
  9.78000E+000,  2.7136E+000, -4.2640E-003
  9.79000E+000,  2.7136E+000, -4.2640E-003
  9.80000E+000,  2.7136E+000, -4.2640E-003
  9.81000E+000,  2.7136E+000, -4.2640E-003
  9.82000E+000,  2.7227E+000,  4.8484E-003
  9.83000E+000,  2.7227E+000,  4.8484E-003
  9.84000E+000,  2.7136E+000,  4.8484E-003
  9.85000E+000,  2.7136E+000,  4.8484E-003
  9.86000E+000,  2.7136E+000, -4.2640E-003
  9.87000E+000,  2.7136E+000,  4.8484E-003
  9.88000E+000,  2.7136E+000, -4.2640E-003
  9.89000E+000,  2.7136E+000, -1.3375E-002
  9.90000E+000,  2.7136E+000, -4.2640E-003
  9.91000E+000,  2.7136E+000, -4.2640E-003
  9.92000E+000,  2.7136E+000, -4.2640E-003
  9.93000E+000,  2.7046E+000, -4.2640E-003
  9.94000E+000,  2.7046E+000, -1.3375E-002
  9.95000E+000,  2.7136E+000, -4.2640E-003
  9.96000E+000,  2.7227E+000,  4.8484E-003
  9.97000E+000,  2.7227E+000,  4.8484E-003
  9.98000E+000,  2.7136E+000, -4.2640E-003
  9.99000E+000,  2.7046E+000, -4.2640E-003
  1.00000E+001,  2.7046E+000, -4.2640E-003
  1.00100E+001,  2.7136E+000, -4.2640E-003
  1.00200E+001,  2.7046E+000, -4.2640E-003
  1.00300E+001,  2.7136E+000,  4.8484E-003
  1.00400E+001,  2.7227E+000, -4.2640E-003
  1.00500E+001,  2.7227E+000,  4.8484E-003
  1.00600E+001,  2.7227E+000,  4.8484E-003
  1.00700E+001,  2.7318E+000,  4.8484E-003
  1.00800E+001,  2.7136E+000, -4.2640E-003
  1.00900E+001,  2.7136E+000, -4.2640E-003
  1.01000E+001,  2.7136E+000, -4.2640E-003
  1.01100E+001,  2.7136E+000,  4.8484E-003
  1.01200E+001,  2.7136E+000, -4.2640E-003
  1.01300E+001,  2.7046E+000,  4.8484E-003
  1.01400E+001,  2.7136E+000, -4.2640E-003
  1.01500E+001,  2.7136E+000, -4.2640E-003
  1.01600E+001,  2.7136E+000, -4.2640E-003
  1.01700E+001,  2.7136E+000, -4.2640E-003
  1.01800E+001,  2.7046E+000, -4.2640E-003
  1.01900E+001,  2.7136E+000, -4.2640E-003
  1.02000E+001,  2.7136E+000, -4.2640E-003
  1.02100E+001,  2.7136E+000, -4.2640E-003
  1.02200E+001,  2.7136E+000, -4.2640E-003
  1.02300E+001,  2.7136E+000, -1.3375E-002
  1.02400E+001,  2.7136E+000, -4.2640E-003
  1.02500E+001,  2.7136E+000, -4.2640E-003
  1.02600E+001,  2.7136E+000, -1.3375E-002
  1.02700E+001,  2.7136E+000, -4.2640E-003
  1.02800E+001,  2.7046E+000, -4.2640E-003
  1.02900E+001,  2.7046E+000, -4.2640E-003
  1.03000E+001,  2.7227E+000,  4.8484E-003
  1.03100E+001,  2.7227E+000,  4.8484E-003
  1.03200E+001,  2.7227E+000, -4.2640E-003
  1.03300E+001,  2.7136E+000, -4.2640E-003
  1.03400E+001,  2.7136E+000, -4.2640E-003
  1.03500E+001,  2.7136E+000, -4.2640E-003
  1.03600E+001,  2.7136E+000, -4.2640E-003
  1.03700E+001,  2.7136E+000, -4.2640E-003
  1.03800E+001,  2.7227E+000, -4.2640E-003
  1.03900E+001,  2.7136E+000, -4.2640E-003
  1.04000E+001,  2.7136E+000, -4.2640E-003
  1.04100E+001,  2.7046E+000, -4.2640E-003
  1.04200E+001,  2.7046E+000, -4.2640E-003
  1.04300E+001,  2.7136E+000, -4.2640E-003
  1.04400E+001,  2.7136E+000, -4.2640E-003
  1.04500E+001,  2.7136E+000, -4.2640E-003
  1.04600E+001,  2.7136E+000, -4.2640E-003
  1.04700E+001,  2.7136E+000, -4.2640E-003
  1.04800E+001,  2.7046E+000, -1.3375E-002
  1.04900E+001,  2.7136E+000, -4.2640E-003
  1.05000E+001,  2.7136E+000, -4.2640E-003
  1.05100E+001,  2.7136E+000, -4.2640E-003
  1.05200E+001,  2.7136E+000, -4.2640E-003
  1.05300E+001,  2.7136E+000, -4.2640E-003
  1.05400E+001,  2.7227E+000, -4.2640E-003
  1.05500E+001,  2.7227E+000, -4.2640E-003
  1.05600E+001,  2.7046E+000, -4.2640E-003
  1.05700E+001,  2.7227E+000, -4.2640E-003
  1.05800E+001,  2.7227E+000, -4.2640E-003
  1.05900E+001,  2.7136E+000, -4.2640E-003
  1.06000E+001,  2.7136E+000, -4.2640E-003
  1.06100E+001,  2.7046E+000, -4.2640E-003
  1.06200E+001,  2.7046E+000, -4.2640E-003
  1.06300E+001,  2.7136E+000, -4.2640E-003
  1.06400E+001,  2.7136E+000, -4.2640E-003
  1.06500E+001,  2.7136E+000, -4.2640E-003
  1.06600E+001,  2.7227E+000, -4.2640E-003
  1.06700E+001,  2.7227E+000, -4.2640E-003
  1.06800E+001,  2.7136E+000, -4.2640E-003
  1.06900E+001,  2.7046E+000, -1.3375E-002
  1.07000E+001,  2.7136E+000, -4.2640E-003
  1.07100E+001,  2.7136E+000, -1.3375E-002
  1.07200E+001,  2.7136E+000, -1.3375E-002
  1.07300E+001,  2.7046E+000, -4.2640E-003
  1.07400E+001,  2.7046E+000, -1.3375E-002
  1.07500E+001,  2.7136E+000, -4.2640E-003
  1.07600E+001,  2.7136E+000, -4.2640E-003
  1.07700E+001,  2.7136E+000, -4.2640E-003
  1.07800E+001,  2.7136E+000, -4.2640E-003
  1.07900E+001,  2.7136E+000, -4.2640E-003
  1.08000E+001,  2.7136E+000, -4.2640E-003
  1.08100E+001,  2.7227E+000, -4.2640E-003
  1.08200E+001,  2.7136E+000, -4.2640E-003
  1.08300E+001,  2.7136E+000, -4.2640E-003
  1.08400E+001,  2.7136E+000, -4.2640E-003
  1.08500E+001,  2.7227E+000, -4.2640E-003
  1.08600E+001,  2.7136E+000, -1.3375E-002
  1.08700E+001,  2.7227E+000, -4.2640E-003
  1.08800E+001,  2.7136E+000,  4.8484E-003
  1.08900E+001,  2.7046E+000, -1.3375E-002
  1.09000E+001,  2.7136E+000, -4.2640E-003
  1.09100E+001,  2.7136E+000, -4.2640E-003
  1.09200E+001,  2.7136E+000, -4.2640E-003
  1.09300E+001,  2.7136E+000, -4.2640E-003
  1.09400E+001,  2.7136E+000, -4.2640E-003
  1.09500E+001,  2.7136E+000, -4.2640E-003
  1.09600E+001,  2.7046E+000, -1.3375E-002
  1.09700E+001,  2.7136E+000, -4.2640E-003
  1.09800E+001,  2.7136E+000, -4.2640E-003
  1.09900E+001,  2.7046E+000, -4.2640E-003
  1.10000E+001,  2.7136E+000, -4.2640E-003
  1.10100E+001,  2.7136E+000, -4.2640E-003
  1.10200E+001,  2.7227E+000,  4.8484E-003
  1.10300E+001,  2.7227E+000,  4.8484E-003
  1.10400E+001,  2.7046E+000, -4.2640E-003
  1.10500E+001,  2.7136E+000, -4.2640E-003
  1.10600E+001,  2.7046E+000, -1.3375E-002
  1.10700E+001,  2.7046E+000, -4.2640E-003
  1.10800E+001,  2.7227E+000, -4.2640E-003
  1.10900E+001,  2.7136E+000, -4.2640E-003
  1.11000E+001,  2.7136E+000, -4.2640E-003
  1.11100E+001,  2.7046E+000, -4.2640E-003
  1.11200E+001,  2.7136E+000,  4.8484E-003
  1.11300E+001,  2.7136E+000, -4.2640E-003
  1.11400E+001,  2.7136E+000, -4.2640E-003
  1.11500E+001,  2.7046E+000, -4.2640E-003
  1.11600E+001,  2.7136E+000,  4.8484E-003
  1.11700E+001,  2.7136E+000, -4.2640E-003
  1.11800E+001,  2.7136E+000, -4.2640E-003
  1.11900E+001,  2.7136E+000, -4.2640E-003
  1.12000E+001,  2.7136E+000, -4.2640E-003
  1.12100E+001,  2.7046E+000, -4.2640E-003
  1.12200E+001,  2.7136E+000, -4.2640E-003
  1.12300E+001,  2.7136E+000, -4.2640E-003
  1.12400E+001,  2.7046E+000, -4.2640E-003
  1.12500E+001,  2.7136E+000,  4.8484E-003
  1.12600E+001,  2.7136E+000, -4.2640E-003
  1.12700E+001,  2.7136E+000,  4.8484E-003
  1.12800E+001,  2.7136E+000, -4.2640E-003
  1.12900E+001,  2.7136E+000, -4.2640E-003
  1.13000E+001,  2.7136E+000, -4.2640E-003
  1.13100E+001,  2.7046E+000, -4.2640E-003
  1.13200E+001,  2.6955E+000, -4.2640E-003
  1.13300E+001,  2.7046E+000, -4.2640E-003
  1.13400E+001,  2.7136E+000, -4.2640E-003
  1.13500E+001,  2.7136E+000,  4.8484E-003
  1.13600E+001,  2.7136E+000, -4.2640E-003
  1.13700E+001,  2.7136E+000, -4.2640E-003
  1.13800E+001,  2.7227E+000, -4.2640E-003
  1.13900E+001,  2.7136E+000, -4.2640E-003
  1.14000E+001,  2.7136E+000, -4.2640E-003
  1.14100E+001,  2.7046E+000, -1.3375E-002
  1.14200E+001,  2.7046E+000, -4.2640E-003
  1.14300E+001,  2.7046E+000, -4.2640E-003
  1.14400E+001,  2.7136E+000, -4.2640E-003
  1.14500E+001,  2.7136E+000, -4.2640E-003
  1.14600E+001,  2.7046E+000, -4.2640E-003
  1.14700E+001,  2.7136E+000, -4.2640E-003
  1.14800E+001,  2.7136E+000,  4.8484E-003
  1.14900E+001,  2.7136E+000,  4.8484E-003
  1.15000E+001,  2.7136E+000, -4.2640E-003
  1.15100E+001,  2.7136E+000, -4.2640E-003
  1.15200E+001,  2.7136E+000, -4.2640E-003
  1.15300E+001,  2.7136E+000,  4.8484E-003
  1.15400E+001,  2.7136E+000, -4.2640E-003
  1.15500E+001,  2.7136E+000, -4.2640E-003
  1.15600E+001,  2.7136E+000, -4.2640E-003
  1.15700E+001,  2.7046E+000, -4.2640E-003
  1.15800E+001,  2.7136E+000, -4.2640E-003
  1.15900E+001,  2.7136E+000, -4.2640E-003
  1.16000E+001,  2.7136E+000, -4.2640E-003
  1.16100E+001,  2.7046E+000, -4.2640E-003
  1.16200E+001,  2.7046E+000, -4.2640E-003
  1.16300E+001,  2.7046E+000, -4.2640E-003
  1.16400E+001,  2.7136E+000, -4.2640E-003
  1.16500E+001,  2.7046E+000,  4.8484E-003
  1.16600E+001,  2.7046E+000, -4.2640E-003
  1.16700E+001,  2.7136E+000, -4.2640E-003
  1.16800E+001,  2.7046E+000, -4.2640E-003
  1.16900E+001,  2.7046E+000, -4.2640E-003
  1.17000E+001,  2.7136E+000, -4.2640E-003
  1.17100E+001,  2.7136E+000, -4.2640E-003
  1.17200E+001,  2.7136E+000,  4.8484E-003
  1.17300E+001,  2.7227E+000,  4.8484E-003
  1.17400E+001,  2.7136E+000, -4.2640E-003
  1.17500E+001,  2.7227E+000,  4.8484E-003
  1.17600E+001,  2.7136E+000, -4.2640E-003
  1.17700E+001,  2.7136E+000, -4.2640E-003
  1.17800E+001,  2.7046E+000, -4.2640E-003
  1.17900E+001,  2.6955E+000, -4.2640E-003
  1.18000E+001,  2.7136E+000, -4.2640E-003
  1.18100E+001,  2.7046E+000, -4.2640E-003
  1.18200E+001,  2.7136E+000,  4.8484E-003
  1.18300E+001,  2.7136E+000, -4.2640E-003
  1.18400E+001,  2.7136E+000,  4.8484E-003
  1.18500E+001,  2.7136E+000,  4.8484E-003
  1.18600E+001,  2.7136E+000, -4.2640E-003
  1.18700E+001,  2.7227E+000, -4.2640E-003
  1.18800E+001,  2.7046E+000, -4.2640E-003
  1.18900E+001,  2.7136E+000, -4.2640E-003
  1.19000E+001,  2.7046E+000, -4.2640E-003
  1.19100E+001,  2.7046E+000, -4.2640E-003
  1.19200E+001,  2.7046E+000, -4.2640E-003
  1.19300E+001,  2.7046E+000, -4.2640E-003
  1.19400E+001,  2.7046E+000, -4.2640E-003
  1.19500E+001,  2.7136E+000, -4.2640E-003
  1.19600E+001,  2.7136E+000, -4.2640E-003
  1.19700E+001,  2.7136E+000,  4.8484E-003
  1.19800E+001,  2.7136E+000, -4.2640E-003
  1.19900E+001,  2.7136E+000, -4.2640E-003
  1.20000E+001,  2.7136E+000, -4.2640E-003
  1.20100E+001,  2.7227E+000, -4.2640E-003
  1.20200E+001,  2.7227E+000, -4.2640E-003
  1.20300E+001,  2.7136E+000, -4.2640E-003
  1.20400E+001,  2.7136E+000, -4.2640E-003
  1.20500E+001,  2.7046E+000, -4.2640E-003
  1.20600E+001,  2.7136E+000,  4.8484E-003
  1.20700E+001,  2.7227E+000, -4.2640E-003
  1.20800E+001,  2.7136E+000,  4.8484E-003
  1.20900E+001,  2.7136E+000,  4.8484E-003
  1.21000E+001,  2.7136E+000,  4.8484E-003
  1.21100E+001,  2.7136E+000, -4.2640E-003
  1.21200E+001,  2.7046E+000, -4.2640E-003
  1.21300E+001,  2.7136E+000, -4.2640E-003
  1.21400E+001,  2.7046E+000, -4.2640E-003
  1.21500E+001,  2.7046E+000, -4.2640E-003
  1.21600E+001,  2.7136E+000, -4.2640E-003
  1.21700E+001,  2.7046E+000, -4.2640E-003
  1.21800E+001,  2.6955E+000, -1.3375E-002
  1.21900E+001,  2.7046E+000, -4.2640E-003
  1.22000E+001,  2.7136E+000,  4.8484E-003
  1.22100E+001,  2.7136E+000, -4.2640E-003
  1.22200E+001,  2.7227E+000,  4.8484E-003
  1.22300E+001,  2.7046E+000, -4.2640E-003
  1.22400E+001,  2.7046E+000, -1.3375E-002
  1.22500E+001,  2.7046E+000, -4.2640E-003
  1.22600E+001,  2.7136E+000, -4.2640E-003
  1.22700E+001,  2.7136E+000, -4.2640E-003
  1.22800E+001,  2.7136E+000,  4.8484E-003
  1.22900E+001,  2.7136E+000, -4.2640E-003
  1.23000E+001,  2.7136E+000, -4.2640E-003
  1.23100E+001,  2.7046E+000, -4.2640E-003
  1.23200E+001,  2.7136E+000,  4.8484E-003
  1.23300E+001,  2.7136E+000,  4.8484E-003
  1.23400E+001,  2.7136E+000, -4.2640E-003
  1.23500E+001,  2.7136E+000, -4.2640E-003
  1.23600E+001,  2.7136E+000, -4.2640E-003
  1.23700E+001,  2.7136E+000, -4.2640E-003
  1.23800E+001,  2.7046E+000, -4.2640E-003
  1.23900E+001,  2.7046E+000, -1.3375E-002
  1.24000E+001,  2.7046E+000, -4.2640E-003
  1.24100E+001,  2.7046E+000, -4.2640E-003
  1.24200E+001,  2.7227E+000,  4.8484E-003
  1.24300E+001,  2.7136E+000, -4.2640E-003
  1.24400E+001,  2.7136E+000, -4.2640E-003
  1.24500E+001,  2.7046E+000, -4.2640E-003
  1.24600E+001,  2.7136E+000, -4.2640E-003
  1.24700E+001,  2.7046E+000, -4.2640E-003
  1.24800E+001,  2.7046E+000, -4.2640E-003
  1.24900E+001,  2.7046E+000, -4.2640E-003
  1.25000E+001,  2.7136E+000, -4.2640E-003
  1.25100E+001,  2.7046E+000, -4.2640E-003
  1.25200E+001,  2.7136E+000, -4.2640E-003
  1.25300E+001,  2.7046E+000, -4.2640E-003
  1.25400E+001,  2.7136E+000, -4.2640E-003
  1.25500E+001,  2.7136E+000, -4.2640E-003
  1.25600E+001,  2.7227E+000,  4.8484E-003
  1.25700E+001,  2.7136E+000,  4.8484E-003
  1.25800E+001,  2.7136E+000,  4.8484E-003
  1.25900E+001,  2.7046E+000, -4.2640E-003
  1.26000E+001,  2.7136E+000, -4.2640E-003
  1.26100E+001,  2.7136E+000,  4.8484E-003
  1.26200E+001,  2.7046E+000, -4.2640E-003
  1.26300E+001,  2.7136E+000,  4.8484E-003
  1.26400E+001,  2.7227E+000, -4.2640E-003
  1.26500E+001,  2.7136E+000, -4.2640E-003
  1.26600E+001,  2.7136E+000, -4.2640E-003
  1.26700E+001,  2.7136E+000, -4.2640E-003
  1.26800E+001,  2.7136E+000, -4.2640E-003
  1.26900E+001,  2.7136E+000, -4.2640E-003
  1.27000E+001,  2.7227E+000, -4.2640E-003
  1.27100E+001,  2.7227E+000,  4.8484E-003
  1.27200E+001,  2.7136E+000,  4.8484E-003
  1.27300E+001,  2.7136E+000, -4.2640E-003
  1.27400E+001,  2.6955E+000, -4.2640E-003
  1.27500E+001,  2.7136E+000, -1.3375E-002
  1.27600E+001,  2.7136E+000, -4.2640E-003
  1.27700E+001,  2.7136E+000, -4.2640E-003
  1.27800E+001,  2.7136E+000, -4.2640E-003
  1.27900E+001,  2.7136E+000, -4.2640E-003
  1.28000E+001,  2.7136E+000, -4.2640E-003
  1.28100E+001,  2.7046E+000, -4.2640E-003
  1.28200E+001,  2.7136E+000, -4.2640E-003
  1.28300E+001,  2.7046E+000,  4.8484E-003
  1.28400E+001,  2.7136E+000, -4.2640E-003
  1.28500E+001,  2.7136E+000, -4.2640E-003
  1.28600E+001,  2.7046E+000, -4.2640E-003
  1.28700E+001,  2.7136E+000, -4.2640E-003
  1.28800E+001,  2.7136E+000, -4.2640E-003
  1.28900E+001,  2.7046E+000, -4.2640E-003
  1.29000E+001,  2.7136E+000,  4.8484E-003
  1.29100E+001,  2.7046E+000, -4.2640E-003
  1.29200E+001,  2.7136E+000, -4.2640E-003
  1.29300E+001,  2.7136E+000,  4.8484E-003
  1.29400E+001,  2.7046E+000, -4.2640E-003
  1.29500E+001,  2.7136E+000,  4.8484E-003
  1.29600E+001,  2.7136E+000, -4.2640E-003
  1.29700E+001,  2.7046E+000, -4.2640E-003
  1.29800E+001,  2.7046E+000, -4.2640E-003
  1.29900E+001,  2.7136E+000, -4.2640E-003
  1.30000E+001,  2.7136E+000, -4.2640E-003
  1.30100E+001,  2.7136E+000,  4.8484E-003
  1.30200E+001,  2.7136E+000,  4.8484E-003
  1.30300E+001,  2.7227E+000,  4.8484E-003
  1.30400E+001,  2.7136E+000, -4.2640E-003
  1.30500E+001,  2.7136E+000,  4.8484E-003
  1.30600E+001,  2.7136E+000,  4.8484E-003
  1.30700E+001,  2.7136E+000,  4.8484E-003
  1.30800E+001,  2.7046E+000, -4.2640E-003
  1.30900E+001,  2.7046E+000, -4.2640E-003
  1.31000E+001,  2.7046E+000, -4.2640E-003
  1.31100E+001,  2.7136E+000, -4.2640E-003
  1.31200E+001,  2.7046E+000,  4.8484E-003
  1.31300E+001,  2.7136E+000,  4.8484E-003
  1.31400E+001,  2.7136E+000, -4.2640E-003
  1.31500E+001,  2.7136E+000,  4.8484E-003
  1.31600E+001,  2.7136E+000, -4.2640E-003
  1.31700E+001,  2.7227E+000,  4.8484E-003
  1.31800E+001,  2.7136E+000,  4.8484E-003
  1.31900E+001,  2.7136E+000, -4.2640E-003
  1.32000E+001,  2.7136E+000, -4.2640E-003
