# [Parameters]
# Name = 'firc'
# ShotNo = 163404
# Date = '11/20/2020 20:52'
# 
# DimNo = 1
# DimName = 'Time'
# DimSize = 1311
# DimUnit = 's'
# 
# ValNo = 2
# ValName = 'nL(3669)', 'nL(3759)'
# ValUnit = 'e19m-2', 'e19m-2'
# [Comments]
#  
# [data]
  1.00000E-001,  3.3753E-003, -1.9975E-004
  1.10000E-001, -5.7000E-003, -1.9975E-004
  1.20000E-001,  3.3753E-003, -1.9975E-004
  1.30000E-001,  3.3753E-003, -1.9975E-004
  1.40000E-001,  3.3753E-003, -1.9975E-004
  1.50000E-001,  3.3753E-003, -1.9975E-004
  1.60000E-001,  3.3753E-003,  8.9117E-003
  1.70000E-001,  3.3753E-003,  8.9117E-003
  1.80000E-001,  3.3753E-003,  8.9117E-003
  1.90000E-001,  3.3753E-003, -1.9975E-004
  2.00000E-001, -5.7000E-003, -1.9975E-004
  2.10000E-001,  3.3753E-003, -1.9975E-004
  2.20000E-001,  3.3753E-003, -9.3121E-003
  2.30000E-001,  3.3753E-003, -1.9975E-004
  2.40000E-001, -5.7000E-003, -1.9975E-004
  2.50000E-001, -5.7000E-003, -9.3121E-003
  2.60000E-001, -5.7000E-003, -1.9975E-004
  2.70000E-001,  3.3753E-003, -1.9975E-004
  2.80000E-001,  3.3753E-003, -1.9975E-004
  2.90000E-001,  1.2452E-002,  8.9117E-003
  3.00000E-001,  3.3753E-003,  8.9117E-003
  3.10000E-001,  3.3753E-003, -1.9975E-004
  3.20000E-001,  3.3753E-003, -1.9975E-004
  3.30000E-001,  1.2452E-002, -1.9975E-004
  3.40000E-001, -5.7000E-003, -1.9975E-004
  3.50000E-001, -5.7000E-003, -1.9975E-004
  3.60000E-001, -5.7000E-003, -1.9975E-004
  3.70000E-001,  3.3753E-003, -9.3121E-003
  3.80000E-001,  3.3753E-003,  8.9117E-003
  3.90000E-001,  3.3753E-003,  8.9117E-003
  4.00000E-001,  1.2452E-002,  8.9117E-003
  4.10000E-001,  1.2452E-002,  8.9117E-003
  4.20000E-001,  1.2452E-002,  8.9117E-003
  4.30000E-001,  1.2452E-002, -1.9975E-004
  4.40000E-001, -5.7000E-003, -1.9975E-004
  4.50000E-001, -5.7000E-003, -9.3121E-003
  4.60000E-001, -5.7000E-003, -1.9975E-004
  4.70000E-001, -5.7000E-003, -1.9975E-004
  4.80000E-001,  3.3753E-003, -1.9975E-004
  4.90000E-001,  3.3753E-003,  8.9117E-003
  5.00000E-001,  3.3753E-003, -1.9975E-004
  5.10000E-001,  3.3753E-003,  8.9117E-003
  5.20000E-001,  3.3753E-003,  8.9117E-003
  5.30000E-001,  1.2452E-002, -1.9975E-004
  5.40000E-001,  3.3753E-003, -1.9975E-004
  5.50000E-001, -5.7000E-003, -1.9975E-004
  5.60000E-001, -5.7000E-003, -1.9975E-004
  5.70000E-001, -5.7000E-003, -1.9975E-004
  5.80000E-001, -5.7000E-003, -1.9975E-004
  5.90000E-001,  3.3753E-003, -1.9975E-004
  6.00000E-001,  3.3753E-003,  8.9117E-003
  6.10000E-001,  3.3753E-003, -1.9975E-004
  6.20000E-001,  1.2452E-002,  8.9117E-003
  6.30000E-001,  1.2452E-002,  8.9117E-003
  6.40000E-001,  3.3753E-003, -1.9975E-004
  6.50000E-001,  3.3753E-003, -1.9975E-004
  6.60000E-001,  3.3753E-003, -1.9975E-004
  6.70000E-001,  3.3753E-003, -1.9975E-004
  6.80000E-001, -5.7000E-003, -1.9975E-004
  6.90000E-001,  3.3753E-003, -1.9975E-004
  7.00000E-001, -5.7000E-003, -1.9975E-004
  7.10000E-001, -5.7000E-003, -1.9975E-004
  7.20000E-001, -5.7000E-003, -1.9975E-004
  7.30000E-001,  3.3753E-003,  8.9117E-003
  7.40000E-001,  1.2452E-002,  8.9117E-003
  7.50000E-001, -5.7000E-003, -1.9975E-004
  7.60000E-001,  3.3753E-003, -1.9975E-004
  7.70000E-001, -5.7000E-003, -1.9975E-004
  7.80000E-001, -1.4775E-002, -9.3121E-003
  7.90000E-001,  3.3753E-003, -1.9975E-004
  8.00000E-001, -5.7000E-003, -9.3121E-003
  8.10000E-001, -5.7000E-003, -1.9975E-004
  8.20000E-001, -5.7000E-003, -1.9975E-004
  8.30000E-001, -5.7000E-003, -1.9975E-004
  8.40000E-001,  3.3753E-003, -1.9975E-004
  8.50000E-001,  3.3753E-003, -1.9975E-004
  8.60000E-001,  3.3753E-003, -1.9975E-004
  8.70000E-001,  1.2452E-002, -1.9975E-004
  8.80000E-001,  3.3753E-003, -1.9975E-004
  8.90000E-001,  3.3753E-003, -1.9975E-004
  9.00000E-001, -5.7000E-003, -9.3121E-003
  9.10000E-001, -5.7000E-003, -1.9975E-004
  9.20000E-001,  3.3753E-003, -1.9975E-004
  9.30000E-001, -5.7000E-003, -1.9975E-004
  9.40000E-001,  3.3753E-003, -1.9975E-004
  9.50000E-001,  1.2452E-002, -1.9975E-004
  9.60000E-001,  1.2452E-002,  8.9117E-003
  9.70000E-001,  3.3753E-003, -1.9975E-004
  9.80000E-001, -5.7000E-003, -1.9975E-004
  9.90000E-001,  3.3753E-003, -1.9975E-004
  1.00000E+000, -5.7000E-003, -1.9975E-004
  1.01000E+000, -5.7000E-003, -1.9975E-004
  1.02000E+000,  3.3753E-003, -1.9975E-004
  1.03000E+000, -5.7000E-003, -1.9975E-004
  1.04000E+000, -5.7000E-003, -9.3121E-003
  1.05000E+000, -5.7000E-003, -1.9975E-004
  1.06000E+000,  3.3753E-003,  8.9117E-003
  1.07000E+000, -5.7000E-003, -1.9975E-004
  1.08000E+000, -5.7000E-003, -1.9975E-004
  1.09000E+000,  3.3753E-003, -1.9975E-004
  1.10000E+000,  3.3753E-003, -1.9975E-004
  1.11000E+000,  3.3753E-003, -1.9975E-004
  1.12000E+000, -5.7000E-003, -1.9975E-004
  1.13000E+000, -1.4775E-002, -1.9975E-004
  1.14000E+000, -5.7000E-003, -1.9975E-004
  1.15000E+000, -5.7000E-003, -1.9975E-004
  1.16000E+000, -5.7000E-003, -1.9975E-004
  1.17000E+000, -5.7000E-003, -1.9975E-004
  1.18000E+000,  3.3753E-003, -1.9975E-004
  1.19000E+000,  3.3753E-003, -1.9975E-004
  1.20000E+000,  3.3753E-003,  8.9117E-003
  1.21000E+000,  3.3753E-003,  8.9117E-003
  1.22000E+000,  3.3753E-003, -1.9975E-004
  1.23000E+000,  3.3753E-003, -1.9975E-004
  1.24000E+000,  3.3753E-003, -1.9975E-004
  1.25000E+000, -5.7000E-003, -1.9975E-004
  1.26000E+000, -5.7000E-003, -1.9975E-004
  1.27000E+000, -5.7000E-003, -9.3121E-003
  1.28000E+000, -5.7000E-003, -1.9975E-004
  1.29000E+000,  3.3753E-003, -1.9975E-004
  1.30000E+000, -5.7000E-003, -1.9975E-004
  1.31000E+000,  3.3753E-003,  8.9117E-003
  1.32000E+000,  3.3753E-003,  8.9117E-003
  1.33000E+000,  3.3753E-003, -1.9975E-004
  1.34000E+000, -5.7000E-003,  8.9117E-003
  1.35000E+000, -5.7000E-003, -1.9975E-004
  1.36000E+000, -5.7000E-003, -1.9975E-004
  1.37000E+000, -5.7000E-003, -1.9975E-004
  1.38000E+000, -5.7000E-003, -1.9975E-004
  1.39000E+000,  3.3753E-003, -1.9975E-004
  1.40000E+000, -5.7000E-003, -1.9975E-004
  1.41000E+000,  3.3753E-003, -1.9975E-004
  1.42000E+000,  3.3753E-003, -1.9975E-004
  1.43000E+000,  3.3753E-003, -1.9975E-004
  1.44000E+000,  3.3753E-003,  8.9117E-003
  1.45000E+000,  1.2452E-002,  8.9117E-003
  1.46000E+000,  3.3753E-003, -1.9975E-004
  1.47000E+000, -5.7000E-003, -1.9975E-004
  1.48000E+000, -5.7000E-003, -9.3121E-003
  1.49000E+000, -5.7000E-003, -1.9975E-004
  1.50000E+000, -5.7000E-003, -9.3121E-003
  1.51000E+000,  3.3753E-003, -1.9975E-004
  1.52000E+000, -5.7000E-003, -1.9975E-004
  1.53000E+000,  1.2452E-002, -1.9975E-004
  1.54000E+000,  1.2452E-002,  8.9117E-003
  1.55000E+000,  3.3753E-003,  8.9117E-003
  1.56000E+000, -5.7000E-003, -1.9975E-004
  1.57000E+000, -5.7000E-003, -1.9975E-004
  1.58000E+000, -5.7000E-003, -1.9975E-004
  1.59000E+000, -5.7000E-003, -1.9975E-004
  1.60000E+000, -5.7000E-003, -1.9975E-004
  1.61000E+000, -5.7000E-003, -9.3121E-003
  1.62000E+000, -5.7000E-003, -1.9975E-004
  1.63000E+000, -5.7000E-003, -1.9975E-004
  1.64000E+000,  1.2452E-002, -1.9975E-004
  1.65000E+000,  3.3753E-003,  8.9117E-003
  1.66000E+000,  3.3753E-003,  8.9117E-003
  1.67000E+000,  3.3753E-003,  8.9117E-003
  1.68000E+000, -5.7000E-003,  8.9117E-003
  1.69000E+000, -5.7000E-003, -1.9975E-004
  1.70000E+000, -5.7000E-003, -1.9975E-004
  1.71000E+000, -5.7000E-003, -1.9975E-004
  1.72000E+000, -5.7000E-003, -1.9975E-004
  1.73000E+000, -5.7000E-003, -1.9975E-004
  1.74000E+000,  3.3753E-003, -1.9975E-004
  1.75000E+000,  3.3753E-003, -1.9975E-004
  1.76000E+000,  3.3753E-003,  8.9117E-003
  1.77000E+000,  3.3753E-003, -1.9975E-004
  1.78000E+000,  3.3753E-003, -1.9975E-004
  1.79000E+000,  3.3753E-003, -1.9975E-004
  1.80000E+000, -5.7000E-003, -1.9975E-004
  1.81000E+000, -5.7000E-003, -1.9975E-004
  1.82000E+000, -5.7000E-003, -9.3121E-003
  1.83000E+000, -5.7000E-003, -1.9975E-004
  1.84000E+000, -5.7000E-003, -9.3121E-003
  1.85000E+000, -1.4775E-002, -9.3121E-003
  1.86000E+000,  3.3753E-003, -1.9975E-004
  1.87000E+000,  3.3753E-003, -1.9975E-004
  1.88000E+000,  3.3753E-003,  8.9117E-003
  1.89000E+000, -5.7000E-003, -1.9975E-004
  1.90000E+000,  3.3753E-003, -1.9975E-004
  1.91000E+000, -5.7000E-003, -1.9975E-004
  1.92000E+000, -5.7000E-003, -1.9975E-004
  1.93000E+000,  3.3753E-003, -1.9975E-004
  1.94000E+000, -5.7000E-003, -1.9975E-004
  1.95000E+000, -5.7000E-003, -9.3121E-003
  1.96000E+000, -5.7000E-003, -1.9975E-004
  1.97000E+000, -5.7000E-003, -1.9975E-004
  1.98000E+000, -5.7000E-003, -1.9975E-004
  1.99000E+000,  1.2452E-002,  8.9117E-003
  2.00000E+000,  3.3753E-003,  8.9117E-003
  2.01000E+000,  3.3753E-003,  8.9117E-003
  2.02000E+000,  3.3753E-003, -1.9975E-004
  2.03000E+000, -5.7000E-003, -1.9975E-004
  2.04000E+000, -5.7000E-003, -1.9975E-004
  2.05000E+000, -5.7000E-003, -9.3121E-003
  2.06000E+000, -5.7000E-003, -1.9975E-004
  2.07000E+000, -5.7000E-003, -1.9975E-004
  2.08000E+000, -5.7000E-003, -1.9975E-004
  2.09000E+000,  3.3753E-003, -1.9975E-004
  2.10000E+000,  3.3753E-003,  8.9117E-003
  2.11000E+000,  3.3753E-003,  8.9117E-003
  2.12000E+000, -5.7000E-003, -1.9975E-004
  2.13000E+000,  3.3753E-003, -1.9975E-004
  2.14000E+000,  3.3753E-003, -1.9975E-004
  2.15000E+000, -5.7000E-003, -1.9975E-004
  2.16000E+000, -5.7000E-003, -1.9975E-004
  2.17000E+000, -5.7000E-003, -1.9975E-004
  2.18000E+000, -1.4775E-002, -1.9975E-004
  2.19000E+000, -5.7000E-003, -1.9975E-004
  2.20000E+000,  3.3753E-003, -1.9975E-004
  2.21000E+000,  1.2452E-002, -1.9975E-004
  2.22000E+000,  3.3753E-003,  8.9117E-003
  2.23000E+000,  3.3753E-003, -1.9975E-004
  2.24000E+000, -5.7000E-003, -1.9975E-004
  2.25000E+000, -5.7000E-003, -9.3121E-003
  2.26000E+000, -5.7000E-003, -1.9975E-004
  2.27000E+000,  3.3753E-003, -1.9975E-004
  2.28000E+000, -5.7000E-003, -1.9975E-004
  2.29000E+000, -5.7000E-003, -1.9975E-004
  2.30000E+000, -5.7000E-003, -1.9975E-004
  2.31000E+000, -5.7000E-003, -1.9975E-004
  2.32000E+000,  3.3753E-003,  8.9117E-003
  2.33000E+000,  3.3753E-003, -1.9975E-004
  2.34000E+000,  3.3753E-003,  8.9117E-003
  2.35000E+000,  3.3753E-003, -1.9975E-004
  2.36000E+000, -5.7000E-003, -1.9975E-004
  2.37000E+000, -5.7000E-003, -1.9975E-004
  2.38000E+000,  3.3753E-003, -9.3121E-003
  2.39000E+000, -5.7000E-003, -1.9975E-004
  2.40000E+000, -5.7000E-003, -9.3121E-003
  2.41000E+000, -5.7000E-003, -9.3121E-003
  2.42000E+000,  3.3753E-003, -1.9975E-004
  2.43000E+000,  3.3753E-003, -1.9975E-004
  2.44000E+000,  1.2452E-002, -1.9975E-004
  2.45000E+000, -5.7000E-003, -1.9975E-004
  2.46000E+000, -5.7000E-003, -1.9975E-004
  2.47000E+000,  3.3753E-003, -1.9975E-004
  2.48000E+000, -5.7000E-003, -1.9975E-004
  2.49000E+000,  3.3753E-003, -1.9975E-004
  2.50000E+000, -5.7000E-003, -9.3121E-003
  2.51000E+000, -5.7000E-003, -9.3121E-003
  2.52000E+000, -1.4775E-002, -9.3121E-003
  2.53000E+000, -5.7000E-003, -1.9975E-004
  2.54000E+000, -5.7000E-003,  8.9117E-003
  2.55000E+000,  3.3753E-003, -1.9975E-004
  2.56000E+000,  3.3753E-003,  8.9117E-003
  2.57000E+000,  3.3753E-003, -1.9975E-004
  2.58000E+000, -5.7000E-003, -1.9975E-004
  2.59000E+000, -5.7000E-003, -1.9975E-004
  2.60000E+000, -5.7000E-003, -1.9975E-004
  2.61000E+000, -1.4775E-002, -1.9975E-004
  2.62000E+000, -5.7000E-003, -1.9975E-004
  2.63000E+000, -5.7000E-003, -9.3121E-003
  2.64000E+000,  3.3753E-003, -1.9975E-004
  2.65000E+000, -5.7000E-003, -9.3121E-003
  2.66000E+000, -5.7000E-003, -1.9975E-004
  2.67000E+000, -5.7000E-003,  8.9117E-003
  2.68000E+000, -5.7000E-003, -1.9975E-004
  2.69000E+000,  1.2452E-002, -1.9975E-004
  2.70000E+000,  3.3753E-003, -1.9975E-004
  2.71000E+000, -5.7000E-003, -1.9975E-004
  2.72000E+000, -5.7000E-003, -1.9975E-004
  2.73000E+000, -5.7000E-003, -9.3121E-003
  2.74000E+000, -5.7000E-003, -9.3121E-003
  2.75000E+000, -1.4775E-002, -9.3121E-003
  2.76000E+000,  3.3753E-003, -1.9975E-004
  2.77000E+000,  3.3753E-003, -1.9975E-004
  2.78000E+000, -5.7000E-003, -1.9975E-004
  2.79000E+000,  3.3753E-003, -1.9975E-004
  2.80000E+000,  1.2452E-002,  8.9117E-003
  2.81000E+000,  3.3753E-003,  8.9117E-003
  2.82000E+000,  3.3753E-003, -1.9975E-004
  2.83000E+000,  3.3753E-003, -1.9975E-004
  2.84000E+000, -5.7000E-003, -1.9975E-004
  2.85000E+000, -5.7000E-003, -9.3121E-003
  2.86000E+000, -5.7000E-003, -1.9975E-004
  2.87000E+000, -5.7000E-003, -1.9975E-004
  2.88000E+000, -5.7000E-003, -1.9975E-004
  2.89000E+000,  3.3753E-003,  8.9117E-003
  2.90000E+000,  1.2452E-002, -1.9975E-004
  2.91000E+000,  3.3753E-003,  8.9117E-003
  2.92000E+000, -5.7000E-003,  8.9117E-003
  2.93000E+000, -5.7000E-003, -1.9975E-004
  2.94000E+000,  3.3753E-003, -1.9975E-004
  2.95000E+000, -5.7000E-003, -9.3121E-003
  2.96000E+000, -5.7000E-003, -1.9975E-004
  2.97000E+000, -5.7000E-003, -9.3121E-003
  2.98000E+000, -5.7000E-003, -9.3121E-003
  2.99000E+000,  3.3753E-003, -1.9975E-004
  3.00000E+000, -5.7000E-003, -9.3121E-003
  3.01000E+000,  3.3753E-003, -1.9975E-004
  3.02000E+000,  3.3753E-003, -1.9975E-004
  3.03000E+000,  3.3753E-003, -1.9975E-004
  3.04000E+000,  3.3753E-003,  8.9117E-003
  3.05000E+000,  3.3753E-003, -1.9975E-004
  3.06000E+000,  3.3753E-003, -1.9975E-004
  3.07000E+000, -1.4775E-002, -9.3121E-003
  3.08000E+000, -5.7000E-003, -1.9975E-004
  3.09000E+000, -5.7000E-003, -1.9975E-004
  3.10000E+000,  3.3753E-003, -1.9975E-004
  3.11000E+000, -5.7000E-003, -9.3121E-003
  3.12000E+000,  3.3753E-003, -1.9975E-004
  3.13000E+000,  3.3753E-003, -1.9975E-004
  3.14000E+000,  3.3753E-003, -1.9975E-004
  3.15000E+000,  3.3753E-003, -1.9975E-004
  3.16000E+000,  3.3753E-003, -1.9975E-004
  3.17000E+000, -5.7000E-003, -1.9975E-004
  3.18000E+000, -5.7000E-003, -9.3121E-003
  3.19000E+000, -5.7000E-003, -9.3121E-003
  3.20000E+000, -5.7000E-003, -1.9975E-004
  3.21000E+000, -5.7000E-003, -9.3121E-003
  3.22000E+000, -5.7000E-003, -1.9975E-004
  3.23000E+000,  3.3753E-003, -1.9975E-004
  3.24000E+000,  3.3753E-003, -1.9975E-004
  3.25000E+000,  3.3753E-003,  8.9117E-003
  3.26000E+000, -5.7000E-003, -1.9975E-004
  3.27000E+000,  3.3753E-003, -9.3121E-003
  3.28000E+000, -5.7000E-003, -1.9975E-004
  3.29000E+000, -5.7000E-003, -1.9975E-004
  3.30000E+000, -5.7000E-003, -9.3121E-003
  3.31000E+000,  3.6640E-001,  3.5516E-001
  3.32000E+000,  4.6623E-001,  4.8273E-001
  3.33000E+000,  6.1145E-001,  6.0118E-001
  3.34000E+000,  7.2035E-001,  7.1963E-001
  3.35000E+000,  8.2019E-001,  8.1986E-001
  3.36000E+000,  9.1094E-001,  9.1098E-001
  3.37000E+000,  9.9262E-001,  1.0021E+000
  3.38000E+000,  1.0743E+000,  1.0841E+000
  3.39000E+000,  1.1560E+000,  1.1661E+000
  3.40000E+000,  1.2286E+000,  1.2390E+000
  3.41000E+000,  1.3193E+000,  1.3210E+000
  3.42000E+000,  1.3920E+000,  1.4030E+000
  3.43000E+000,  1.4736E+000,  1.4759E+000
  3.44000E+000,  1.5462E+000,  1.5488E+000
  3.45000E+000,  1.6188E+000,  1.6217E+000
  3.46000E+000,  1.7005E+000,  1.6855E+000
  3.47000E+000,  1.7641E+000,  1.7493E+000
  3.48000E+000,  1.8276E+000,  1.8131E+000
  3.49000E+000,  1.9002E+000,  1.8859E+000
  3.50000E+000,  1.9637E+000,  1.9406E+000
  3.51000E+000,  2.0454E+000,  2.0226E+000
  3.52000E+000,  2.1634E+000,  2.1502E+000
  3.53000E+000,  2.3086E+000,  2.3324E+000
  3.54000E+000,  2.4266E+000,  2.4964E+000
  3.55000E+000,  2.5173E+000,  2.6240E+000
  3.56000E+000,  2.6444E+000,  2.7516E+000
  3.57000E+000,  2.7442E+000,  2.8336E+000
  3.58000E+000,  2.8441E+000,  2.9611E+000
  3.59000E+000,  2.9530E+000,  3.0705E+000
  3.60000E+000,  3.0256E+000,  3.1525E+000
  3.61000E+000,  3.1073E+000,  3.2254E+000
  3.62000E+000,  3.1799E+000,  3.3165E+000
  3.63000E+000,  3.2615E+000,  3.3438E+000
  3.64000E+000,  3.3341E+000,  3.4441E+000
  3.65000E+000,  3.4068E+000,  3.4987E+000
  3.66000E+000,  3.4612E+000,  3.5716E+000
  3.67000E+000,  3.5157E+000,  3.5990E+000
  3.68000E+000,  3.5701E+000,  3.6536E+000
  3.69000E+000,  3.6155E+000,  3.7174E+000
  3.70000E+000,  3.6246E+000,  3.7265E+000
  3.71000E+000,  3.6609E+000,  3.7356E+000
  3.72000E+000,  3.6699E+000,  3.7539E+000
  3.73000E+000,  3.7062E+000,  3.7630E+000
  3.74000E+000,  3.7153E+000,  3.7812E+000
  3.75000E+000,  3.7244E+000,  3.7903E+000
  3.76000E+000,  3.7335E+000,  3.8085E+000
  3.77000E+000,  3.7426E+000,  3.8177E+000
  3.78000E+000,  3.7426E+000,  3.8268E+000
  3.79000E+000,  3.7789E+000,  3.8450E+000
  3.80000E+000,  3.7789E+000,  3.8541E+000
  3.81000E+000,  3.7879E+000,  3.8632E+000
  3.82000E+000,  3.8061E+000,  3.8723E+000
  3.83000E+000,  3.8152E+000,  3.8814E+000
  3.84000E+000,  3.8242E+000,  3.8905E+000
  3.85000E+000,  3.8333E+000,  3.8905E+000
  3.86000E+000,  3.8333E+000,  3.9088E+000
  3.87000E+000,  3.8333E+000,  3.9088E+000
  3.88000E+000,  3.8424E+000,  3.9179E+000
  3.89000E+000,  3.8605E+000,  3.9179E+000
  3.90000E+000,  3.8696E+000,  3.9361E+000
  3.91000E+000,  3.8787E+000,  3.9452E+000
  3.92000E+000,  3.8968E+000,  3.9726E+000
  3.93000E+000,  3.9150E+000,  3.9726E+000
  3.94000E+000,  3.9241E+000,  3.9908E+000
  3.95000E+000,  3.9331E+000,  3.9999E+000
  3.96000E+000,  3.9422E+000,  4.0181E+000
  3.97000E+000,  3.9604E+000,  4.0272E+000
  3.98000E+000,  3.9785E+000,  4.0455E+000
  3.99000E+000,  3.9876E+000,  4.0455E+000
  4.00000E+000,  3.9876E+000,  4.0728E+000
  4.01000E+000,  4.0148E+000,  4.0910E+000
  4.02000E+000,  4.0330E+000,  4.1183E+000
  4.03000E+000,  4.0693E+000,  4.1457E+000
  4.04000E+000,  4.0965E+000,  4.1730E+000
  4.05000E+000,  4.1056E+000,  4.2004E+000
  4.06000E+000,  4.1328E+000,  4.2095E+000
  4.07000E+000,  4.1510E+000,  4.2368E+000
  4.08000E+000,  4.1691E+000,  4.2732E+000
  4.09000E+000,  4.2236E+000,  4.2915E+000
  4.10000E+000,  4.2326E+000,  4.3370E+000
  4.11000E+000,  4.2599E+000,  4.3553E+000
  4.12000E+000,  4.2962E+000,  4.3917E+000
  4.13000E+000,  4.3143E+000,  4.4099E+000
  4.14000E+000,  4.3688E+000,  4.4555E+000
  4.15000E+000,  4.4141E+000,  4.5102E+000
  4.16000E+000,  4.4414E+000,  4.5739E+000
  4.17000E+000,  4.4777E+000,  4.6377E+000
  4.18000E+000,  4.5321E+000,  4.6468E+000
  4.19000E+000,  4.5866E+000,  4.7106E+000
  4.20000E+000,  4.6320E+000,  4.8291E+000
  4.21000E+000,  4.6955E+000,  4.9020E+000
  4.22000E+000,  4.7318E+000,  4.9840E+000
  4.23000E+000,  4.7863E+000,  5.0113E+000
  4.24000E+000,  4.8498E+000,  5.0386E+000
  4.25000E+000,  4.9405E+000,  5.1753E+000
  4.26000E+000,  5.0131E+000,  5.3029E+000
  4.27000E+000,  5.0585E+000,  5.3940E+000
  4.28000E+000,  5.1221E+000,  5.4304E+000
  4.29000E+000,  5.1856E+000,  5.4851E+000
  4.30000E+000,  5.2582E+000,  5.5853E+000
  4.31000E+000,  5.3399E+000,  5.6765E+000
  4.32000E+000,  5.3580E+000,  5.6674E+000
  4.33000E+000,  5.3036E+000,  5.5945E+000
  4.34000E+000,  5.2582E+000,  5.4851E+000
  4.35000E+000,  5.2037E+000,  5.4122E+000
  4.36000E+000,  5.1311E+000,  5.2938E+000
  4.37000E+000,  5.0948E+000,  5.2664E+000
  4.38000E+000,  5.0313E+000,  5.2118E+000
  4.39000E+000,  5.0404E+000,  5.2118E+000
  4.40000E+000,  5.0585E+000,  5.2482E+000
  4.41000E+000,  5.1402E+000,  5.3393E+000
  4.42000E+000,  5.3217E+000,  5.7038E+000
  4.43000E+000,  5.4760E+000,  5.8678E+000
  4.44000E+000,  5.6212E+000,  5.8860E+000
  4.45000E+000,  5.7755E+000,  5.9498E+000
  4.46000E+000,  5.8844E+000,  6.0956E+000
  4.47000E+000,  6.0931E+000,  6.2961E+000
  4.48000E+000,  6.2384E+000,  6.4783E+000
  4.49000E+000,  6.5106E+000,  6.7426E+000
  4.50000E+000,  6.2928E+000,  6.3143E+000
  4.51000E+000,  6.4653E+000,  6.6605E+000
  4.52000E+000,  6.6831E+000,  6.8792E+000
  4.53000E+000,  6.7194E+000,  7.1070E+000
  4.54000E+000,  6.9644E+000,  7.1981E+000
  4.55000E+000,  7.0370E+000,  7.3986E+000
  4.56000E+000,  7.7449E+000,  8.3827E+000
  4.57000E+000,  7.5816E+000,  8.0729E+000
  4.58000E+000,  7.7994E+000,  8.0729E+000
  4.59000E+000,  7.3547E+000,  7.7631E+000
  4.60000E+000,  7.6179E+000,  8.2278E+000
  4.61000E+000,  7.4727E+000,  7.8724E+000
  4.62000E+000,  7.3728E+000,  7.8269E+000
  4.63000E+000,  7.3819E+000,  7.8815E+000
  4.64000E+000,  7.2004E+000,  7.6446E+000
  4.65000E+000,  7.2276E+000,  7.6355E+000
  4.66000E+000,  6.9826E+000,  7.3713E+000
  4.67000E+000,  6.8192E+000,  7.1252E+000
  4.68000E+000,  6.7738E+000,  7.1981E+000
  4.69000E+000,  6.8011E+000,  7.0797E+000
  4.70000E+000,  6.8283E+000,  7.1617E+000
  4.71000E+000,  6.7647E+000,  7.2164E+000
  4.72000E+000,  6.8918E+000,  7.2801E+000
  4.73000E+000,  7.0098E+000,  7.3075E+000
  4.74000E+000,  7.1005E+000,  7.5079E+000
  4.75000E+000,  7.3456E+000,  7.4897E+000
  4.76000E+000,  7.9809E+000,  7.9271E+000
  4.77000E+000,  7.3819E+000,  7.4259E+000
  4.78000E+000,  7.7449E+000,  7.8360E+000
  4.79000E+000,  8.1624E+000,  8.2460E+000
  4.80000E+000,  8.3348E+000,  8.5285E+000
  4.81000E+000,  8.8340E+000,  9.1116E+000
  4.82000E+000,  8.9429E+000,  9.2939E+000
  4.83000E+000,  9.2969E+000,  9.5490E+000
  4.84000E+000,  9.6236E+000,  9.7950E+000
  4.85000E+000,  9.7325E+000,  9.9499E+000
  4.86000E+000,  9.9231E+000,  1.0114E+001
  4.87000E+000,  1.0014E+001,  1.0305E+001
  4.88000E+000,  1.0268E+001,  1.0497E+001
  4.89000E+000,  1.0468E+001,  1.0715E+001
  4.90000E+000,  1.0822E+001,  1.1353E+001
  4.91000E+000,  1.0459E+001,  1.0888E+001
  4.92000E+000,  1.0449E+001,  1.0816E+001
  4.93000E+000,  1.0676E+001,  1.1034E+001
  4.94000E+000,  1.1021E+001,  1.1699E+001
  4.95000E+000,  1.0631E+001,  1.1025E+001
  4.96000E+000,  1.0622E+001,  1.0998E+001
  4.97000E+000,  1.0885E+001,  1.1517E+001
  4.98000E+000,  1.0531E+001,  1.0943E+001
  4.99000E+000,  1.0722E+001,  1.1025E+001
  5.00000E+000,  1.1085E+001,  1.1836E+001
  5.01000E+000,  1.0631E+001,  1.1289E+001
  5.02000E+000,  1.0023E+001,  1.0579E+001
  5.03000E+000,  1.0132E+001,  1.0560E+001
  5.04000E+000,  1.0223E+001,  1.1189E+001
  5.05000E+000,  1.0758E+001,  1.0770E+001
  5.06000E+000,  1.0086E+001,  1.0898E+001
  5.07000E+000,  1.0096E+001,  1.0907E+001
  5.08000E+000,  9.5691E+000,  1.0196E+001
  5.09000E+000,  9.6054E+000,  1.0460E+001
  5.10000E+000,  9.5691E+000,  1.0524E+001
  5.11000E+000,  9.5056E+000,  1.0533E+001
  5.12000E+000,  9.1335E+000,  9.9226E+000
  5.13000E+000,  9.1426E+000,  1.0387E+001
  5.14000E+000,  9.1516E+000,  1.0260E+001
  5.15000E+000,  9.1244E+000,  1.0032E+001
  5.16000E+000,  8.9611E+000,  1.0050E+001
  5.17000E+000,  8.8431E+000,  9.8952E+000
  5.18000E+000,  8.9338E+000,  9.8588E+000
  5.19000E+000,  8.8249E+000,  9.8497E+000
  5.20000E+000,  8.7886E+000,  9.7586E+000
  5.21000E+000,  9.1244E+000,  1.0077E+001
  5.22000E+000,  9.2878E+000,  9.6766E+000
  5.23000E+000,  9.6690E+000,  9.8406E+000
  5.24000E+000,  8.7069E+000,  9.2574E+000
  5.25000E+000,  9.1153E+000,  9.5125E+000
  5.26000E+000,  9.3422E+000,  9.6219E+000
  5.27000E+000,  9.4239E+000,  9.6492E+000
  5.28000E+000,  9.9231E+000,  1.0023E+001
  5.29000E+000,  1.0322E+001,  1.0506E+001
  5.30000E+000,  1.0749E+001,  1.0834E+001
  5.31000E+000,  1.0776E+001,  1.0879E+001
  5.32000E+000,  1.0749E+001,  1.0952E+001
  5.33000E+000,  1.1457E+001,  1.1472E+001
  5.34000E+000,  1.2110E+001,  1.2109E+001
  5.35000E+000,  1.2392E+001,  1.2283E+001
  5.36000E+000,  1.0812E+001,  2.2497E+001
  5.37000E+000,  2.3164E+001,  1.2939E+001
  5.38000E+000, -4.6856E-001,  1.7950E+001
  5.39000E+000,  1.6231E+001,  1.8233E+001
  5.40000E+000,  1.3916E+001,  1.5025E+001
  5.41000E+000,  1.3581E+001,  1.4624E+001
  5.42000E+000,  1.3553E+001,  1.4597E+001
  5.43000E+000,  1.3544E+001,  1.4588E+001
  5.44000E+000,  1.3544E+001,  1.4588E+001
  5.45000E+000,  1.3544E+001,  1.4588E+001
  5.46000E+000,  1.3535E+001,  1.4579E+001
  5.47000E+000,  1.3535E+001,  1.4579E+001
  5.48000E+000,  1.3535E+001,  1.4579E+001
  5.49000E+000,  1.3544E+001,  1.4579E+001
  5.50000E+000,  1.3535E+001,  1.4579E+001
  5.51000E+000,  1.4270E+001,  1.5198E+001
  5.52000E+000,  1.4878E+001,  1.5699E+001
  5.53000E+000,  1.5178E+001,  1.6137E+001
  5.54000E+000,  1.5269E+001,  1.6447E+001
  5.55000E+000,  1.5296E+001,  1.6775E+001
  5.56000E+000,  1.5741E+001,  1.7103E+001
  5.57000E+000,  1.6231E+001,  1.7677E+001
  5.58000E+000,  1.6621E+001,  1.8561E+001
  5.59000E+000,  1.6539E+001,  1.9025E+001
  5.60000E+000,  1.6104E+001,  1.9499E+001
  5.61000E+000,  1.5804E+001,  1.9025E+001
  5.62000E+000,  1.5314E+001,  1.8023E+001
  5.63000E+000,  1.4933E+001,  1.7440E+001
  5.64000E+000,  1.4661E+001,  1.7030E+001
  5.65000E+000,  1.5024E+001,  1.7112E+001
  5.66000E+000,  1.5623E+001,  1.7695E+001
  5.67000E+000,  1.5849E+001,  1.8069E+001
  5.68000E+000,  1.5886E+001,  1.8342E+001
  5.69000E+000,  1.5795E+001,  1.8469E+001
  5.70000E+000,  1.5614E+001,  1.8296E+001
  5.71000E+000,  1.4779E+001,  1.6820E+001
  5.72000E+000,  1.3907E+001,  1.5253E+001
  5.73000E+000,  1.3599E+001,  1.4670E+001
  5.74000E+000,  1.3553E+001,  1.4606E+001
  5.75000E+000,  1.3553E+001,  1.4588E+001
  5.76000E+000,  1.3544E+001,  1.4588E+001
  5.77000E+000,  1.3544E+001,  1.4588E+001
  5.78000E+000,  1.3535E+001,  1.4588E+001
  5.79000E+000,  1.3544E+001,  1.4579E+001
  5.80000E+000,  1.3544E+001,  1.4588E+001
  5.81000E+000,  1.3535E+001,  1.4579E+001
  5.82000E+000,  1.3544E+001,  1.4588E+001
  5.83000E+000,  1.3535E+001,  1.4579E+001
  5.84000E+000,  1.3535E+001,  1.4579E+001
  5.85000E+000,  1.3535E+001,  1.4579E+001
  5.86000E+000,  1.3535E+001,  1.4588E+001
  5.87000E+000,  1.3544E+001,  1.4588E+001
  5.88000E+000,  1.3544E+001,  1.4588E+001
  5.89000E+000,  1.3544E+001,  1.4588E+001
  5.90000E+000,  1.3535E+001,  1.4588E+001
  5.91000E+000,  1.3535E+001,  1.4588E+001
  5.92000E+000,  1.3535E+001,  1.4588E+001
  5.93000E+000,  1.3535E+001,  1.4588E+001
  5.94000E+000,  1.3535E+001,  1.4579E+001
  5.95000E+000,  1.3544E+001,  1.4579E+001
  5.96000E+000,  1.3535E+001,  1.4579E+001
  5.97000E+000,  1.3535E+001,  1.4588E+001
  5.98000E+000,  1.3535E+001,  1.4579E+001
  5.99000E+000,  1.3535E+001,  1.4579E+001
  6.00000E+000,  1.3535E+001,  1.4579E+001
  6.01000E+000,  1.3535E+001,  1.4588E+001
  6.02000E+000,  1.3535E+001,  1.4588E+001
  6.03000E+000,  1.3544E+001,  1.4588E+001
  6.04000E+000,  1.3544E+001,  1.4588E+001
  6.05000E+000,  1.3526E+001,  1.4579E+001
  6.06000E+000,  1.3535E+001,  1.4579E+001
  6.07000E+000,  1.3535E+001,  1.4588E+001
  6.08000E+000,  1.3535E+001,  1.4579E+001
  6.09000E+000,  1.3544E+001,  1.4588E+001
  6.10000E+000,  1.3544E+001,  1.4588E+001
  6.11000E+000,  1.3535E+001,  1.4588E+001
  6.12000E+000,  1.3535E+001,  1.4588E+001
  6.13000E+000,  1.3535E+001,  1.4588E+001
  6.14000E+000,  1.3535E+001,  1.4588E+001
  6.15000E+000,  1.3544E+001,  1.4588E+001
  6.16000E+000,  1.3535E+001,  1.4588E+001
  6.17000E+000,  1.3544E+001,  1.4588E+001
  6.18000E+000,  1.3544E+001,  1.4588E+001
  6.19000E+000,  1.3544E+001,  1.4588E+001
  6.20000E+000,  1.3535E+001,  1.4579E+001
  6.21000E+000,  1.3526E+001,  1.4579E+001
  6.22000E+000,  1.3535E+001,  1.4588E+001
  6.23000E+000,  1.3535E+001,  1.4588E+001
  6.24000E+000,  1.3535E+001,  1.4588E+001
  6.25000E+000,  1.3535E+001,  1.4588E+001
  6.26000E+000,  1.3544E+001,  1.4588E+001
  6.27000E+000,  1.3535E+001,  1.4588E+001
  6.28000E+000,  1.3544E+001,  1.4588E+001
  6.29000E+000,  1.3535E+001,  1.4588E+001
  6.30000E+000,  1.3535E+001,  1.4588E+001
  6.31000E+000,  1.3535E+001,  1.4588E+001
  6.32000E+000,  1.3535E+001,  1.4588E+001
  6.33000E+000,  1.3535E+001,  1.4579E+001
  6.34000E+000,  1.3544E+001,  1.4588E+001
  6.35000E+000,  1.3544E+001,  1.4597E+001
  6.36000E+000,  1.3544E+001,  1.4588E+001
  6.37000E+000,  1.3544E+001,  1.4588E+001
  6.38000E+000,  1.3544E+001,  1.4588E+001
  6.39000E+000,  1.3544E+001,  1.4597E+001
  6.40000E+000,  1.3544E+001,  1.4588E+001
  6.41000E+000,  1.3535E+001,  1.4588E+001
  6.42000E+000,  1.3535E+001,  1.4588E+001
  6.43000E+000,  1.3544E+001,  1.4588E+001
  6.44000E+000,  1.3535E+001,  1.4588E+001
  6.45000E+000,  1.3544E+001,  1.4588E+001
  6.46000E+000,  1.3535E+001,  1.4588E+001
  6.47000E+000,  1.3544E+001,  1.4588E+001
  6.48000E+000,  1.3535E+001,  1.4597E+001
  6.49000E+000,  1.3544E+001,  1.4588E+001
  6.50000E+000,  1.3544E+001,  1.4588E+001
  6.51000E+000,  1.3535E+001,  1.4588E+001
  6.52000E+000,  1.3544E+001,  1.4588E+001
  6.53000E+000,  1.3535E+001,  1.4588E+001
  6.54000E+000,  1.3535E+001,  1.4579E+001
  6.55000E+000,  1.3535E+001,  1.4588E+001
  6.56000E+000,  1.3535E+001,  1.4588E+001
  6.57000E+000,  1.3544E+001,  1.4597E+001
  6.58000E+000,  1.3535E+001,  1.4588E+001
  6.59000E+000,  1.3535E+001,  1.4588E+001
  6.60000E+000,  1.3544E+001,  1.4597E+001
  6.61000E+000,  1.3544E+001,  1.4597E+001
  6.62000E+000,  1.3535E+001,  1.4597E+001
  6.63000E+000,  1.3544E+001,  1.4588E+001
  6.64000E+000,  1.3544E+001,  1.4597E+001
  6.65000E+000,  1.3535E+001,  1.4588E+001
  6.66000E+000,  1.3535E+001,  1.4588E+001
  6.67000E+000,  1.3535E+001,  1.4588E+001
  6.68000E+000,  1.3544E+001,  1.4588E+001
  6.69000E+000,  1.3544E+001,  1.4588E+001
  6.70000E+000,  1.3544E+001,  1.4588E+001
  6.71000E+000,  1.3544E+001,  1.4588E+001
  6.72000E+000,  1.3544E+001,  1.4597E+001
  6.73000E+000,  1.3544E+001,  1.4588E+001
  6.74000E+000,  1.3535E+001,  1.4588E+001
  6.75000E+000,  1.3544E+001,  1.4588E+001
  6.76000E+000,  1.3544E+001,  1.4588E+001
  6.77000E+000,  1.3544E+001,  1.4579E+001
  6.78000E+000,  1.3544E+001,  1.4588E+001
  6.79000E+000,  1.3535E+001,  1.4579E+001
  6.80000E+000,  1.3535E+001,  1.4579E+001
  6.81000E+000,  1.3535E+001,  1.4588E+001
  6.82000E+000,  1.3544E+001,  1.4588E+001
  6.83000E+000,  1.3544E+001,  1.4588E+001
  6.84000E+000,  1.3553E+001,  1.4597E+001
  6.85000E+000,  1.3535E+001,  1.4588E+001
  6.86000E+000,  1.3535E+001,  1.4588E+001
  6.87000E+000,  1.3535E+001,  1.4588E+001
  6.88000E+000,  1.3544E+001,  1.4588E+001
  6.89000E+000,  1.3544E+001,  1.4588E+001
  6.90000E+000,  1.3544E+001,  1.4597E+001
  6.91000E+000,  1.3544E+001,  1.4597E+001
  6.92000E+000,  1.3535E+001,  1.4588E+001
  6.93000E+000,  1.3535E+001,  1.4588E+001
  6.94000E+000,  1.3544E+001,  1.4597E+001
  6.95000E+000,  1.3553E+001,  1.4597E+001
  6.96000E+000,  1.3553E+001,  1.4597E+001
  6.97000E+000,  1.3544E+001,  1.4597E+001
  6.98000E+000,  1.3544E+001,  1.4588E+001
  6.99000E+000,  1.3553E+001,  1.4588E+001
  7.00000E+000,  1.3535E+001,  1.4588E+001
  7.01000E+000,  1.3535E+001,  1.4579E+001
  7.02000E+000,  1.3535E+001,  1.4579E+001
  7.03000E+000,  1.3544E+001,  1.4579E+001
  7.04000E+000,  1.3544E+001,  1.4597E+001
  7.05000E+000,  1.3544E+001,  1.4588E+001
  7.06000E+000,  1.3535E+001,  1.4588E+001
  7.07000E+000,  1.3544E+001,  1.4588E+001
  7.08000E+000,  1.3535E+001,  1.4588E+001
  7.09000E+000,  1.3553E+001,  1.4588E+001
  7.10000E+000,  1.3544E+001,  1.4588E+001
  7.11000E+000,  1.3544E+001,  1.4597E+001
  7.12000E+000,  1.3535E+001,  1.4588E+001
  7.13000E+000,  1.3544E+001,  1.4588E+001
  7.14000E+000,  1.3535E+001,  1.4588E+001
  7.15000E+000,  1.3544E+001,  1.4588E+001
  7.16000E+000,  1.3544E+001,  1.4588E+001
  7.17000E+000,  1.3544E+001,  1.4588E+001
  7.18000E+000,  1.3544E+001,  1.4588E+001
  7.19000E+000,  1.3544E+001,  1.4588E+001
  7.20000E+000,  1.3544E+001,  1.4588E+001
  7.21000E+000,  1.3544E+001,  1.4588E+001
  7.22000E+000,  1.3544E+001,  1.4588E+001
  7.23000E+000,  1.3544E+001,  1.4588E+001
  7.24000E+000,  1.3544E+001,  1.4588E+001
  7.25000E+000,  1.3544E+001,  1.4588E+001
  7.26000E+000,  1.3544E+001,  1.4588E+001
  7.27000E+000,  1.3544E+001,  1.4588E+001
  7.28000E+000,  1.3544E+001,  1.4588E+001
  7.29000E+000,  1.3544E+001,  1.4588E+001
  7.30000E+000,  1.3544E+001,  1.4588E+001
  7.31000E+000,  1.3553E+001,  1.4588E+001
  7.32000E+000,  1.3544E+001,  1.4588E+001
  7.33000E+000,  1.3544E+001,  1.4588E+001
  7.34000E+000,  1.3535E+001,  1.4579E+001
  7.35000E+000,  1.3535E+001,  1.4579E+001
  7.36000E+000,  1.3535E+001,  1.4579E+001
  7.37000E+000,  1.3535E+001,  1.4588E+001
  7.38000E+000,  1.3544E+001,  1.4579E+001
  7.39000E+000,  1.3544E+001,  1.4579E+001
  7.40000E+000,  1.3544E+001,  1.4579E+001
  7.41000E+000,  1.3544E+001,  1.4579E+001
  7.42000E+000,  1.3544E+001,  1.4588E+001
  7.43000E+000,  1.3544E+001,  1.4588E+001
  7.44000E+000,  1.3544E+001,  1.4588E+001
  7.45000E+000,  1.3544E+001,  1.4588E+001
  7.46000E+000,  1.3544E+001,  1.4588E+001
  7.47000E+000,  1.3535E+001,  1.4588E+001
  7.48000E+000,  1.3535E+001,  1.4579E+001
  7.49000E+000,  1.3544E+001,  1.4588E+001
  7.50000E+000,  1.3535E+001,  1.4588E+001
  7.51000E+000,  1.3544E+001,  1.4588E+001
  7.52000E+000,  1.3544E+001,  1.4579E+001
  7.53000E+000,  1.3544E+001,  1.4579E+001
  7.54000E+000,  1.3544E+001,  1.4588E+001
  7.55000E+000,  1.3535E+001,  1.4579E+001
  7.56000E+000,  1.3535E+001,  1.4579E+001
  7.57000E+000,  1.3535E+001,  1.4579E+001
  7.58000E+000,  1.3544E+001,  1.4579E+001
  7.59000E+000,  1.3544E+001,  1.4579E+001
  7.60000E+000,  1.3535E+001,  1.4579E+001
  7.61000E+000,  1.3526E+001,  1.4579E+001
  7.62000E+000,  1.3526E+001,  1.4570E+001
  7.63000E+000,  1.3535E+001,  1.4579E+001
  7.64000E+000,  1.3535E+001,  1.4579E+001
  7.65000E+000,  1.3544E+001,  1.4579E+001
  7.66000E+000,  1.3535E+001,  1.4579E+001
  7.67000E+000,  1.3535E+001,  1.4579E+001
  7.68000E+000,  1.3535E+001,  1.4579E+001
  7.69000E+000,  1.3535E+001,  1.4579E+001
  7.70000E+000,  1.3535E+001,  1.4579E+001
  7.71000E+000,  1.3526E+001,  1.4570E+001
  7.72000E+000,  1.3526E+001,  1.4570E+001
  7.73000E+000,  1.3535E+001,  1.4570E+001
  7.74000E+000,  1.3535E+001,  1.4579E+001
  7.75000E+000,  1.3535E+001,  1.4579E+001
  7.76000E+000,  1.3535E+001,  1.4579E+001
  7.77000E+000,  1.3544E+001,  1.4579E+001
  7.78000E+000,  1.3544E+001,  1.4579E+001
  7.79000E+000,  1.3544E+001,  1.4579E+001
  7.80000E+000,  1.3544E+001,  1.4579E+001
  7.81000E+000,  1.3535E+001,  1.4579E+001
  7.82000E+000,  1.3535E+001,  1.4570E+001
  7.83000E+000,  1.3535E+001,  1.4570E+001
  7.84000E+000,  1.3535E+001,  1.4579E+001
  7.85000E+000,  1.3535E+001,  1.4579E+001
  7.86000E+000,  1.3535E+001,  1.4579E+001
  7.87000E+000,  1.3535E+001,  1.4579E+001
  7.88000E+000,  1.3535E+001,  1.4579E+001
  7.89000E+000,  1.3544E+001,  1.4579E+001
  7.90000E+000,  1.3535E+001,  1.4579E+001
  7.91000E+000,  1.3544E+001,  1.4579E+001
  7.92000E+000,  1.3535E+001,  1.4570E+001
  7.93000E+000,  1.3535E+001,  1.4579E+001
  7.94000E+000,  1.3535E+001,  1.4579E+001
  7.95000E+000,  1.3526E+001,  1.4579E+001
  7.96000E+000,  1.3526E+001,  1.4579E+001
  7.97000E+000,  1.3526E+001,  1.4579E+001
  7.98000E+000,  1.3535E+001,  1.4579E+001
  7.99000E+000,  1.3535E+001,  1.4579E+001
  8.00000E+000,  1.3544E+001,  1.4579E+001
  8.01000E+000,  1.3544E+001,  1.4579E+001
  8.02000E+000,  1.3535E+001,  1.4579E+001
  8.03000E+000,  1.3535E+001,  1.4579E+001
  8.04000E+000,  1.3535E+001,  1.4588E+001
  8.05000E+000,  1.3535E+001,  1.4579E+001
  8.06000E+000,  1.3535E+001,  1.4579E+001
  8.07000E+000,  1.3526E+001,  1.4570E+001
  8.08000E+000,  1.3535E+001,  1.4570E+001
  8.09000E+000,  1.3535E+001,  1.4579E+001
  8.10000E+000,  1.3526E+001,  1.4579E+001
  8.11000E+000,  1.3535E+001,  1.4579E+001
  8.12000E+000,  1.3544E+001,  1.4579E+001
  8.13000E+000,  1.3544E+001,  1.4579E+001
  8.14000E+000,  1.3544E+001,  1.4579E+001
  8.15000E+000,  1.3526E+001,  1.4579E+001
  8.16000E+000,  1.3526E+001,  1.4579E+001
  8.17000E+000,  1.3526E+001,  1.4579E+001
  8.18000E+000,  1.3535E+001,  1.4570E+001
  8.19000E+000,  1.3535E+001,  1.4579E+001
  8.20000E+000,  1.3535E+001,  1.4579E+001
  8.21000E+000,  1.3526E+001,  1.4579E+001
  8.22000E+000,  1.3526E+001,  1.4579E+001
  8.23000E+000,  1.3535E+001,  1.4579E+001
  8.24000E+000,  1.3535E+001,  1.4579E+001
  8.25000E+000,  1.3526E+001,  1.4579E+001
  8.26000E+000,  1.3535E+001,  1.4588E+001
  8.27000E+000,  1.3544E+001,  1.4579E+001
  8.28000E+000,  1.3535E+001,  1.4579E+001
  8.29000E+000,  1.3544E+001,  1.4579E+001
  8.30000E+000,  1.3526E+001,  1.4579E+001
  8.31000E+000,  1.3526E+001,  1.4579E+001
  8.32000E+000,  1.3526E+001,  1.4579E+001
  8.33000E+000,  1.3535E+001,  1.4579E+001
  8.34000E+000,  1.3535E+001,  1.4579E+001
  8.35000E+000,  1.3535E+001,  1.4579E+001
  8.36000E+000,  1.3517E+001,  1.4579E+001
  8.37000E+000,  1.3526E+001,  1.4579E+001
  8.38000E+000,  1.3526E+001,  1.4579E+001
  8.39000E+000,  1.3535E+001,  1.4579E+001
  8.40000E+000,  1.3535E+001,  1.4579E+001
  8.41000E+000,  1.3526E+001,  1.4579E+001
  8.42000E+000,  1.3526E+001,  1.4570E+001
  8.43000E+000,  1.3526E+001,  1.4579E+001
  8.44000E+000,  1.3526E+001,  1.4579E+001
  8.45000E+000,  1.3535E+001,  1.4579E+001
  8.46000E+000,  1.3526E+001,  1.4579E+001
  8.47000E+000,  1.3535E+001,  1.4579E+001
  8.48000E+000,  1.3535E+001,  1.4579E+001
  8.49000E+000,  1.3535E+001,  1.4588E+001
  8.50000E+000,  1.3535E+001,  1.4588E+001
  8.51000E+000,  1.3535E+001,  1.4588E+001
  8.52000E+000,  1.3535E+001,  1.4579E+001
  8.53000E+000,  1.3526E+001,  1.4579E+001
  8.54000E+000,  1.3535E+001,  1.4588E+001
  8.55000E+000,  1.3535E+001,  1.4579E+001
  8.56000E+000,  1.3535E+001,  1.4588E+001
  8.57000E+000,  1.3526E+001,  1.4579E+001
  8.58000E+000,  1.3526E+001,  1.4579E+001
  8.59000E+000,  1.3535E+001,  1.4579E+001
  8.60000E+000,  1.3535E+001,  1.4579E+001
  8.61000E+000,  1.3535E+001,  1.4588E+001
  8.62000E+000,  1.3535E+001,  1.4579E+001
  8.63000E+000,  1.3535E+001,  1.4579E+001
  8.64000E+000,  1.3535E+001,  1.4579E+001
  8.65000E+000,  1.3526E+001,  1.4579E+001
  8.66000E+000,  1.3517E+001,  1.4579E+001
  8.67000E+000,  1.3517E+001,  1.4579E+001
  8.68000E+000,  1.3526E+001,  1.4579E+001
  8.69000E+000,  1.3526E+001,  1.4579E+001
  8.70000E+000,  1.3526E+001,  1.4579E+001
  8.71000E+000,  1.3526E+001,  1.4588E+001
  8.72000E+000,  1.3535E+001,  1.4579E+001
  8.73000E+000,  1.3535E+001,  1.4579E+001
  8.74000E+000,  1.3535E+001,  1.4579E+001
  8.75000E+000,  1.3535E+001,  1.4588E+001
  8.76000E+000,  1.3526E+001,  1.4579E+001
  8.77000E+000,  1.3526E+001,  1.4579E+001
  8.78000E+000,  1.3526E+001,  1.4579E+001
  8.79000E+000,  1.3535E+001,  1.4579E+001
  8.80000E+000,  1.3526E+001,  1.4579E+001
  8.81000E+000,  1.3535E+001,  1.4588E+001
  8.82000E+000,  1.3535E+001,  1.4579E+001
  8.83000E+000,  1.3535E+001,  1.4588E+001
  8.84000E+000,  1.3535E+001,  1.4588E+001
  8.85000E+000,  1.3535E+001,  1.4579E+001
  8.86000E+000,  1.3535E+001,  1.4579E+001
  8.87000E+000,  1.3526E+001,  1.4588E+001
  8.88000E+000,  1.3535E+001,  1.4579E+001
  8.89000E+000,  1.3535E+001,  1.4588E+001
  8.90000E+000,  1.3526E+001,  1.4579E+001
  8.91000E+000,  1.3526E+001,  1.4579E+001
  8.92000E+000,  1.3526E+001,  1.4579E+001
  8.93000E+000,  1.3535E+001,  1.4579E+001
  8.94000E+000,  1.3535E+001,  1.4588E+001
  8.95000E+000,  1.3535E+001,  1.4579E+001
  8.96000E+000,  1.3526E+001,  1.4588E+001
  8.97000E+000,  1.3526E+001,  1.4579E+001
  8.98000E+000,  1.3535E+001,  1.4579E+001
  8.99000E+000,  1.3535E+001,  1.4579E+001
  9.00000E+000,  1.3526E+001,  1.4579E+001
  9.01000E+000,  1.3535E+001,  1.4579E+001
  9.02000E+000,  1.3526E+001,  1.4588E+001
  9.03000E+000,  1.3526E+001,  1.4579E+001
  9.04000E+000,  1.3535E+001,  1.4579E+001
  9.05000E+000,  1.3526E+001,  1.4579E+001
  9.06000E+000,  1.3535E+001,  1.4588E+001
  9.07000E+000,  1.3544E+001,  1.4588E+001
  9.08000E+000,  1.3535E+001,  1.4588E+001
  9.09000E+000,  1.3535E+001,  1.4579E+001
  9.10000E+000,  1.3535E+001,  1.4579E+001
  9.11000E+000,  1.3535E+001,  1.4579E+001
  9.12000E+000,  1.3526E+001,  1.4579E+001
  9.13000E+000,  1.3526E+001,  1.4579E+001
  9.14000E+000,  1.3535E+001,  1.4579E+001
  9.15000E+000,  1.3535E+001,  1.4579E+001
  9.16000E+000,  1.3526E+001,  1.4579E+001
  9.17000E+000,  1.3526E+001,  1.4579E+001
  9.18000E+000,  1.3535E+001,  1.4588E+001
  9.19000E+000,  1.3535E+001,  1.4588E+001
  9.20000E+000,  1.3535E+001,  1.4579E+001
  9.21000E+000,  1.3526E+001,  1.4579E+001
  9.22000E+000,  1.3526E+001,  1.4579E+001
  9.23000E+000,  1.3526E+001,  1.4579E+001
  9.24000E+000,  1.3535E+001,  1.4579E+001
  9.25000E+000,  1.3535E+001,  1.4579E+001
  9.26000E+000,  1.3526E+001,  1.4579E+001
  9.27000E+000,  1.3517E+001,  1.4579E+001
  9.28000E+000,  1.3526E+001,  1.4579E+001
  9.29000E+000,  1.3535E+001,  1.4579E+001
  9.30000E+000,  1.3535E+001,  1.4588E+001
  9.31000E+000,  1.3535E+001,  1.4588E+001
  9.32000E+000,  1.3535E+001,  1.4588E+001
  9.33000E+000,  1.3535E+001,  1.4588E+001
  9.34000E+000,  1.3535E+001,  1.4579E+001
  9.35000E+000,  1.3535E+001,  1.4588E+001
  9.36000E+000,  1.3526E+001,  1.4579E+001
  9.37000E+000,  1.3535E+001,  1.4579E+001
  9.38000E+000,  1.3526E+001,  1.4579E+001
  9.39000E+000,  1.3535E+001,  1.4579E+001
  9.40000E+000,  1.3535E+001,  1.4579E+001
  9.41000E+000,  1.3535E+001,  1.4579E+001
  9.42000E+000,  1.3526E+001,  1.4588E+001
  9.43000E+000,  1.3535E+001,  1.4579E+001
  9.44000E+000,  1.3535E+001,  1.4588E+001
  9.45000E+000,  1.3526E+001,  1.4579E+001
  9.46000E+000,  1.3526E+001,  1.4579E+001
  9.47000E+000,  1.3526E+001,  1.4588E+001
  9.48000E+000,  1.3526E+001,  1.4579E+001
  9.49000E+000,  1.3535E+001,  1.4579E+001
  9.50000E+000,  1.3535E+001,  1.4579E+001
  9.51000E+000,  1.3517E+001,  1.4579E+001
  9.52000E+000,  1.3526E+001,  1.4579E+001
  9.53000E+000,  1.3535E+001,  1.4579E+001
  9.54000E+000,  1.3535E+001,  1.4588E+001
  9.55000E+000,  1.3535E+001,  1.4588E+001
  9.56000E+000,  1.3535E+001,  1.4588E+001
  9.57000E+000,  1.3526E+001,  1.4588E+001
  9.58000E+000,  1.3526E+001,  1.4579E+001
  9.59000E+000,  1.3535E+001,  1.4579E+001
  9.60000E+000,  1.3526E+001,  1.4579E+001
  9.61000E+000,  1.3517E+001,  1.4579E+001
  9.62000E+000,  1.3526E+001,  1.4579E+001
  9.63000E+000,  1.3526E+001,  1.4579E+001
  9.64000E+000,  1.3535E+001,  1.4579E+001
  9.65000E+000,  1.3526E+001,  1.4579E+001
  9.66000E+000,  1.3535E+001,  1.4588E+001
  9.67000E+000,  1.3535E+001,  1.4588E+001
  9.68000E+000,  1.3535E+001,  1.4579E+001
  9.69000E+000,  1.3535E+001,  1.4588E+001
  9.70000E+000,  1.3526E+001,  1.4579E+001
  9.71000E+000,  1.3526E+001,  1.4588E+001
  9.72000E+000,  1.3526E+001,  1.4579E+001
  9.73000E+000,  1.3535E+001,  1.4588E+001
  9.74000E+000,  1.3535E+001,  1.4588E+001
  9.75000E+000,  1.3535E+001,  1.4579E+001
  9.76000E+000,  1.3535E+001,  1.4588E+001
  9.77000E+000,  1.3526E+001,  1.4579E+001
  9.78000E+000,  1.3535E+001,  1.4579E+001
  9.79000E+000,  1.3535E+001,  1.4579E+001
  9.80000E+000,  1.3535E+001,  1.4579E+001
  9.81000E+000,  1.3526E+001,  1.4579E+001
  9.82000E+000,  1.3526E+001,  1.4588E+001
  9.83000E+000,  1.3526E+001,  1.4579E+001
  9.84000E+000,  1.3526E+001,  1.4579E+001
  9.85000E+000,  1.3526E+001,  1.4579E+001
  9.86000E+000,  1.3526E+001,  1.4588E+001
  9.87000E+000,  1.3526E+001,  1.4579E+001
  9.88000E+000,  1.3526E+001,  1.4588E+001
  9.89000E+000,  1.3535E+001,  1.4579E+001
  9.90000E+000,  1.3535E+001,  1.4588E+001
  9.91000E+000,  1.3535E+001,  1.4588E+001
  9.92000E+000,  1.3535E+001,  1.4588E+001
  9.93000E+000,  1.3526E+001,  1.4579E+001
  9.94000E+000,  1.3526E+001,  1.4579E+001
  9.95000E+000,  1.3535E+001,  1.4579E+001
  9.96000E+000,  1.3535E+001,  1.4588E+001
  9.97000E+000,  1.3526E+001,  1.4579E+001
  9.98000E+000,  1.3526E+001,  1.4588E+001
  9.99000E+000,  1.3535E+001,  1.4579E+001
  1.00000E+001,  1.3544E+001,  1.4588E+001
  1.00100E+001,  1.3535E+001,  1.4588E+001
  1.00200E+001,  1.3535E+001,  1.4588E+001
  1.00300E+001,  1.3535E+001,  1.4588E+001
  1.00400E+001,  1.3544E+001,  1.4588E+001
  1.00500E+001,  1.3535E+001,  1.4588E+001
  1.00600E+001,  1.3526E+001,  1.4588E+001
  1.00700E+001,  1.3517E+001,  1.4579E+001
  1.00800E+001,  1.3526E+001,  1.4579E+001
  1.00900E+001,  1.3535E+001,  1.4579E+001
  1.01000E+001,  1.3526E+001,  1.4579E+001
  1.01100E+001,  1.3535E+001,  1.4579E+001
  1.01200E+001,  1.3526E+001,  1.4579E+001
  1.01300E+001,  1.3535E+001,  1.4588E+001
  1.01400E+001,  1.3535E+001,  1.4588E+001
  1.01500E+001,  1.3535E+001,  1.4588E+001
  1.01600E+001,  1.3526E+001,  1.4579E+001
  1.01700E+001,  1.3526E+001,  1.4579E+001
  1.01800E+001,  1.3535E+001,  1.4588E+001
  1.01900E+001,  1.3526E+001,  1.4579E+001
  1.02000E+001,  1.3526E+001,  1.4588E+001
  1.02100E+001,  1.3526E+001,  1.4579E+001
  1.02200E+001,  1.3535E+001,  1.4579E+001
  1.02300E+001,  1.3526E+001,  1.4579E+001
  1.02400E+001,  1.3535E+001,  1.4597E+001
  1.02500E+001,  1.3535E+001,  1.4588E+001
  1.02600E+001,  1.3535E+001,  1.4588E+001
  1.02700E+001,  1.3526E+001,  1.4588E+001
  1.02800E+001,  1.3535E+001,  1.4588E+001
  1.02900E+001,  1.3535E+001,  1.4588E+001
  1.03000E+001,  1.3535E+001,  1.4588E+001
  1.03100E+001,  1.3535E+001,  1.4588E+001
  1.03200E+001,  1.3526E+001,  1.4579E+001
  1.03300E+001,  1.3517E+001,  1.4579E+001
  1.03400E+001,  1.3526E+001,  1.4588E+001
  1.03500E+001,  1.3535E+001,  1.4597E+001
  1.03600E+001,  1.3535E+001,  1.4588E+001
  1.03700E+001,  1.3544E+001,  1.4588E+001
  1.03800E+001,  1.3544E+001,  1.4588E+001
  1.03900E+001,  1.3526E+001,  1.4588E+001
  1.04000E+001,  1.3526E+001,  1.4588E+001
  1.04100E+001,  1.3526E+001,  1.4588E+001
  1.04200E+001,  1.3526E+001,  1.4579E+001
  1.04300E+001,  1.3526E+001,  1.4579E+001
  1.04400E+001,  1.3526E+001,  1.4579E+001
  1.04500E+001,  1.3526E+001,  1.4588E+001
  1.04600E+001,  1.3526E+001,  1.4579E+001
  1.04700E+001,  1.3535E+001,  1.4588E+001
  1.04800E+001,  1.3535E+001,  1.4588E+001
  1.04900E+001,  1.3535E+001,  1.4588E+001
  1.05000E+001,  1.3535E+001,  1.4588E+001
  1.05100E+001,  1.3526E+001,  1.4588E+001
  1.05200E+001,  1.3526E+001,  1.4588E+001
  1.05300E+001,  1.3526E+001,  1.4588E+001
  1.05400E+001,  1.3535E+001,  1.4588E+001
  1.05500E+001,  1.3526E+001,  1.4588E+001
  1.05600E+001,  1.3535E+001,  1.4588E+001
  1.05700E+001,  1.3526E+001,  1.4588E+001
  1.05800E+001,  1.3535E+001,  1.4588E+001
  1.05900E+001,  1.3535E+001,  1.4597E+001
  1.06000E+001,  1.3535E+001,  1.4588E+001
  1.06100E+001,  1.3526E+001,  1.4597E+001
  1.06200E+001,  1.3535E+001,  1.4588E+001
  1.06300E+001,  1.3535E+001,  1.4588E+001
  1.06400E+001,  1.3535E+001,  1.4588E+001
  1.06500E+001,  1.3535E+001,  1.4588E+001
  1.06600E+001,  1.3526E+001,  1.4588E+001
  1.06700E+001,  1.3526E+001,  1.4588E+001
  1.06800E+001,  1.3526E+001,  1.4579E+001
  1.06900E+001,  1.3535E+001,  1.4588E+001
  1.07000E+001,  1.3526E+001,  1.4588E+001
  1.07100E+001,  1.3535E+001,  1.4588E+001
  1.07200E+001,  1.3526E+001,  1.4588E+001
  1.07300E+001,  1.3535E+001,  1.4588E+001
  1.07400E+001,  1.3526E+001,  1.4588E+001
  1.07500E+001,  1.3535E+001,  1.4588E+001
  1.07600E+001,  1.3535E+001,  1.4588E+001
  1.07700E+001,  1.3526E+001,  1.4579E+001
  1.07800E+001,  1.3526E+001,  1.4588E+001
  1.07900E+001,  1.3535E+001,  1.4588E+001
  1.08000E+001,  1.3535E+001,  1.4588E+001
  1.08100E+001,  1.3535E+001,  1.4588E+001
  1.08200E+001,  1.3535E+001,  1.4588E+001
  1.08300E+001,  1.3535E+001,  1.4588E+001
  1.08400E+001,  1.3535E+001,  1.4588E+001
  1.08500E+001,  1.3535E+001,  1.4588E+001
  1.08600E+001,  1.3535E+001,  1.4588E+001
  1.08700E+001,  1.3535E+001,  1.4588E+001
  1.08800E+001,  1.3526E+001,  1.4588E+001
  1.08900E+001,  1.3535E+001,  1.4588E+001
  1.09000E+001,  1.3535E+001,  1.4588E+001
  1.09100E+001,  1.3526E+001,  1.4588E+001
  1.09200E+001,  1.3526E+001,  1.4588E+001
  1.09300E+001,  1.3535E+001,  1.4579E+001
  1.09400E+001,  1.3535E+001,  1.4588E+001
  1.09500E+001,  1.3526E+001,  1.4588E+001
  1.09600E+001,  1.3526E+001,  1.4588E+001
  1.09700E+001,  1.3535E+001,  1.4597E+001
  1.09800E+001,  1.3535E+001,  1.4588E+001
  1.09900E+001,  1.3535E+001,  1.4597E+001
  1.10000E+001,  1.3526E+001,  1.4588E+001
  1.10100E+001,  1.3526E+001,  1.4588E+001
  1.10200E+001,  1.3526E+001,  1.4579E+001
  1.10300E+001,  1.3526E+001,  1.4588E+001
  1.10400E+001,  1.3526E+001,  1.4588E+001
  1.10500E+001,  1.3535E+001,  1.4588E+001
  1.10600E+001,  1.3526E+001,  1.4588E+001
  1.10700E+001,  1.3535E+001,  1.4597E+001
  1.10800E+001,  1.3535E+001,  1.4588E+001
  1.10900E+001,  1.3544E+001,  1.4588E+001
  1.11000E+001,  1.3535E+001,  1.4579E+001
  1.11100E+001,  1.3535E+001,  1.4588E+001
  1.11200E+001,  1.3535E+001,  1.4588E+001
  1.11300E+001,  1.3526E+001,  1.4588E+001
  1.11400E+001,  1.3526E+001,  1.4588E+001
  1.11500E+001,  1.3526E+001,  1.4579E+001
  1.11600E+001,  1.3526E+001,  1.4588E+001
  1.11700E+001,  1.3535E+001,  1.4588E+001
  1.11800E+001,  1.3544E+001,  1.4597E+001
  1.11900E+001,  1.3544E+001,  1.4597E+001
  1.12000E+001,  1.3535E+001,  1.4588E+001
  1.12100E+001,  1.3526E+001,  1.4588E+001
  1.12200E+001,  1.3535E+001,  1.4588E+001
  1.12300E+001,  1.3535E+001,  1.4588E+001
  1.12400E+001,  1.3535E+001,  1.4588E+001
  1.12500E+001,  1.3535E+001,  1.4588E+001
  1.12600E+001,  1.3526E+001,  1.4588E+001
  1.12700E+001,  1.3526E+001,  1.4588E+001
  1.12800E+001,  1.3526E+001,  1.4579E+001
  1.12900E+001,  1.3535E+001,  1.4588E+001
  1.13000E+001,  1.3535E+001,  1.4588E+001
  1.13100E+001,  1.3544E+001,  1.4588E+001
  1.13200E+001,  1.3535E+001,  1.4588E+001
  1.13300E+001,  1.3535E+001,  1.4588E+001
  1.13400E+001,  1.3535E+001,  1.4588E+001
  1.13500E+001,  1.3526E+001,  1.4588E+001
  1.13600E+001,  1.3526E+001,  1.4588E+001
  1.13700E+001,  1.3535E+001,  1.4579E+001
  1.13800E+001,  1.3535E+001,  1.4579E+001
  1.13900E+001,  1.3544E+001,  1.4588E+001
  1.14000E+001,  1.3535E+001,  1.4588E+001
  1.14100E+001,  1.3526E+001,  1.4588E+001
  1.14200E+001,  1.3535E+001,  1.4588E+001
  1.14300E+001,  1.3535E+001,  1.4588E+001
  1.14400E+001,  1.3553E+001,  1.4597E+001
  1.14500E+001,  1.3535E+001,  1.4588E+001
  1.14600E+001,  1.3544E+001,  1.4597E+001
  1.14700E+001,  1.3526E+001,  1.4588E+001
  1.14800E+001,  1.3526E+001,  1.4579E+001
  1.14900E+001,  1.3526E+001,  1.4588E+001
  1.15000E+001,  1.3535E+001,  1.4588E+001
  1.15100E+001,  1.3535E+001,  1.4588E+001
  1.15200E+001,  1.3535E+001,  1.4588E+001
  1.15300E+001,  1.3535E+001,  1.4579E+001
  1.15400E+001,  1.3544E+001,  1.4588E+001
  1.15500E+001,  1.3544E+001,  1.4588E+001
  1.15600E+001,  1.3544E+001,  1.4588E+001
  1.15700E+001,  1.3535E+001,  1.4588E+001
  1.15800E+001,  1.3544E+001,  1.4588E+001
  1.15900E+001,  1.3535E+001,  1.4579E+001
  1.16000E+001,  1.3535E+001,  1.4588E+001
  1.16100E+001,  1.3526E+001,  1.4579E+001
  1.16200E+001,  1.3526E+001,  1.4579E+001
  1.16300E+001,  1.3535E+001,  1.4588E+001
  1.16400E+001,  1.3544E+001,  1.4588E+001
  1.16500E+001,  1.3544E+001,  1.4588E+001
  1.16600E+001,  1.3544E+001,  1.4588E+001
  1.16700E+001,  1.3535E+001,  1.4588E+001
  1.16800E+001,  1.3544E+001,  1.4588E+001
  1.16900E+001,  1.3535E+001,  1.4588E+001
  1.17000E+001,  1.3544E+001,  1.4588E+001
  1.17100E+001,  1.3544E+001,  1.4588E+001
  1.17200E+001,  1.3544E+001,  1.4588E+001
  1.17300E+001,  1.3535E+001,  1.4588E+001
  1.17400E+001,  1.3535E+001,  1.4588E+001
  1.17500E+001,  1.3535E+001,  1.4588E+001
  1.17600E+001,  1.3535E+001,  1.4588E+001
  1.17700E+001,  1.3544E+001,  1.4588E+001
  1.17800E+001,  1.3544E+001,  1.4597E+001
  1.17900E+001,  1.3544E+001,  1.4588E+001
  1.18000E+001,  1.3544E+001,  1.4588E+001
  1.18100E+001,  1.3544E+001,  1.4588E+001
  1.18200E+001,  1.3535E+001,  1.4588E+001
  1.18300E+001,  1.3535E+001,  1.4588E+001
  1.18400E+001,  1.3535E+001,  1.4588E+001
  1.18500E+001,  1.3535E+001,  1.4579E+001
  1.18600E+001,  1.3535E+001,  1.4588E+001
  1.18700E+001,  1.3535E+001,  1.4588E+001
  1.18800E+001,  1.3535E+001,  1.4579E+001
  1.18900E+001,  1.3544E+001,  1.4588E+001
  1.19000E+001,  1.3544E+001,  1.4588E+001
  1.19100E+001,  1.3544E+001,  1.4588E+001
  1.19200E+001,  1.3535E+001,  1.4588E+001
  1.19300E+001,  1.3535E+001,  1.4588E+001
  1.19400E+001,  1.3535E+001,  1.4588E+001
  1.19500E+001,  1.3535E+001,  1.4579E+001
  1.19600E+001,  1.3544E+001,  1.4588E+001
  1.19700E+001,  1.3535E+001,  1.4588E+001
  1.19800E+001,  1.3535E+001,  1.4588E+001
  1.19900E+001,  1.3544E+001,  1.4588E+001
  1.20000E+001,  1.3544E+001,  1.4588E+001
  1.20100E+001,  1.3544E+001,  1.4597E+001
  1.20200E+001,  1.3544E+001,  1.4597E+001
  1.20300E+001,  1.3544E+001,  1.4588E+001
  1.20400E+001,  1.3544E+001,  1.4588E+001
  1.20500E+001,  1.3544E+001,  1.4588E+001
  1.20600E+001,  1.3544E+001,  1.4588E+001
  1.20700E+001,  1.3544E+001,  1.4588E+001
  1.20800E+001,  1.3535E+001,  1.4579E+001
  1.20900E+001,  1.3535E+001,  1.4588E+001
  1.21000E+001,  1.3535E+001,  1.4579E+001
  1.21100E+001,  1.3544E+001,  1.4588E+001
  1.21200E+001,  1.3535E+001,  1.4588E+001
  1.21300E+001,  1.3535E+001,  1.4579E+001
  1.21400E+001,  1.3544E+001,  1.4597E+001
  1.21500E+001,  1.3535E+001,  1.4588E+001
  1.21600E+001,  1.3544E+001,  1.4588E+001
  1.21700E+001,  1.3544E+001,  1.4588E+001
  1.21800E+001,  1.3535E+001,  1.4579E+001
  1.21900E+001,  1.3535E+001,  1.4579E+001
  1.22000E+001,  1.3535E+001,  1.4579E+001
  1.22100E+001,  1.3535E+001,  1.4588E+001
  1.22200E+001,  1.3535E+001,  1.4588E+001
  1.22300E+001,  1.3544E+001,  1.4588E+001
  1.22400E+001,  1.3544E+001,  1.4588E+001
  1.22500E+001,  1.3544E+001,  1.4597E+001
  1.22600E+001,  1.3544E+001,  1.4588E+001
  1.22700E+001,  1.3544E+001,  1.4588E+001
  1.22800E+001,  1.3544E+001,  1.4588E+001
  1.22900E+001,  1.3544E+001,  1.4588E+001
  1.23000E+001,  1.3535E+001,  1.4579E+001
  1.23100E+001,  1.3535E+001,  1.4588E+001
  1.23200E+001,  1.3535E+001,  1.4597E+001
  1.23300E+001,  1.3544E+001,  1.4588E+001
  1.23400E+001,  1.3544E+001,  1.4588E+001
  1.23500E+001,  1.3544E+001,  1.4588E+001
  1.23600E+001,  1.3535E+001,  1.4588E+001
  1.23700E+001,  1.3544E+001,  1.4588E+001
  1.23800E+001,  1.3544E+001,  1.4588E+001
  1.23900E+001,  1.3544E+001,  1.4588E+001
  1.24000E+001,  1.3544E+001,  1.4588E+001
  1.24100E+001,  1.3535E+001,  1.4588E+001
  1.24200E+001,  1.3535E+001,  1.4570E+001
  1.24300E+001,  1.3526E+001,  1.4579E+001
  1.24400E+001,  1.3535E+001,  1.4579E+001
  1.24500E+001,  1.3535E+001,  1.4588E+001
  1.24600E+001,  1.3544E+001,  1.4588E+001
  1.24700E+001,  1.3544E+001,  1.4588E+001
  1.24800E+001,  1.3544E+001,  1.4588E+001
  1.24900E+001,  1.3544E+001,  1.4597E+001
  1.25000E+001,  1.3544E+001,  1.4588E+001
  1.25100E+001,  1.3544E+001,  1.4588E+001
  1.25200E+001,  1.3544E+001,  1.4588E+001
  1.25300E+001,  1.3544E+001,  1.4588E+001
  1.25400E+001,  1.3544E+001,  1.4588E+001
  1.25500E+001,  1.3535E+001,  1.4588E+001
  1.25600E+001,  1.3544E+001,  1.4588E+001
  1.25700E+001,  1.3544E+001,  1.4579E+001
  1.25800E+001,  1.3535E+001,  1.4588E+001
  1.25900E+001,  1.3553E+001,  1.4588E+001
  1.26000E+001,  1.3544E+001,  1.4588E+001
  1.26100E+001,  1.3544E+001,  1.4597E+001
  1.26200E+001,  1.3544E+001,  1.4588E+001
  1.26300E+001,  1.3544E+001,  1.4588E+001
  1.26400E+001,  1.3544E+001,  1.4588E+001
  1.26500E+001,  1.3535E+001,  1.4579E+001
  1.26600E+001,  1.3544E+001,  1.4579E+001
  1.26700E+001,  1.3535E+001,  1.4579E+001
  1.26800E+001,  1.3535E+001,  1.4579E+001
  1.26900E+001,  1.3535E+001,  1.4588E+001
  1.27000E+001,  1.3535E+001,  1.4579E+001
  1.27100E+001,  1.3544E+001,  1.4588E+001
  1.27200E+001,  1.3544E+001,  1.4579E+001
  1.27300E+001,  1.3544E+001,  1.4588E+001
  1.27400E+001,  1.3553E+001,  1.4597E+001
  1.27500E+001,  1.3544E+001,  1.4588E+001
  1.27600E+001,  1.3535E+001,  1.4579E+001
  1.27700E+001,  1.3526E+001,  1.4579E+001
  1.27800E+001,  1.3535E+001,  1.4588E+001
  1.27900E+001,  1.3535E+001,  1.4579E+001
  1.28000E+001,  1.3544E+001,  1.4588E+001
  1.28100E+001,  1.3544E+001,  1.4588E+001
  1.28200E+001,  1.3535E+001,  1.4588E+001
  1.28300E+001,  1.3535E+001,  1.4588E+001
  1.28400E+001,  1.3553E+001,  1.4588E+001
  1.28500E+001,  1.3553E+001,  1.4588E+001
  1.28600E+001,  1.3553E+001,  1.4588E+001
  1.28700E+001,  1.3535E+001,  1.4579E+001
  1.28800E+001,  1.3544E+001,  1.4588E+001
  1.28900E+001,  1.3553E+001,  1.4579E+001
  1.29000E+001,  1.3544E+001,  1.4579E+001
  1.29100E+001,  1.3535E+001,  1.4588E+001
  1.29200E+001,  1.3535E+001,  1.4579E+001
  1.29300E+001,  1.3535E+001,  1.4579E+001
  1.29400E+001,  1.3544E+001,  1.4588E+001
  1.29500E+001,  1.3544E+001,  1.4588E+001
  1.29600E+001,  1.3544E+001,  1.4588E+001
  1.29700E+001,  1.3535E+001,  1.4579E+001
  1.29800E+001,  1.3544E+001,  1.4579E+001
  1.29900E+001,  1.3553E+001,  1.4588E+001
  1.30000E+001,  1.3544E+001,  1.4579E+001
  1.30100E+001,  1.3535E+001,  1.4579E+001
  1.30200E+001,  1.3535E+001,  1.4579E+001
  1.30300E+001,  1.3535E+001,  1.4579E+001
  1.30400E+001,  1.3535E+001,  1.4579E+001
  1.30500E+001,  1.3535E+001,  1.4588E+001
  1.30600E+001,  1.3544E+001,  1.4579E+001
  1.30700E+001,  1.3544E+001,  1.4588E+001
  1.30800E+001,  1.3544E+001,  1.4579E+001
  1.30900E+001,  1.3544E+001,  1.4588E+001
  1.31000E+001,  1.3553E+001,  1.4588E+001
  1.31100E+001,  1.3544E+001,  1.4588E+001
  1.31200E+001,  1.3544E+001,  1.4588E+001
  1.31300E+001,  1.3535E+001,  1.4588E+001
  1.31400E+001,  1.3535E+001,  1.4588E+001
  1.31500E+001,  1.3544E+001,  1.4588E+001
  1.31600E+001,  1.3535E+001,  1.4579E+001
  1.31700E+001,  1.3535E+001,  1.4579E+001
  1.31800E+001,  1.3544E+001,  1.4588E+001
  1.31900E+001,  1.3544E+001,  1.4588E+001
  1.32000E+001,  1.3544E+001,  1.4588E+001
