# [Parameters]
# Name = 'firc'
# ShotNo = 152718
# Date = '02/14/2019 23:45'
# 
# DimNo = 1
# DimName = 'Time'
# DimSize = 1311
# DimUnit = 's'
# 
# ValNo = 2
# ValName = 'nL(3669)', 'nL(3759)'
# ValUnit = 'e19m-2', 'e19m-2'
# [Comments]
#  
# [data]
  1.0000E-001, -4.7916E-003,  1.0951E-004
  1.1000E-001,  4.2846E-003,  1.0951E-004
  1.2000E-001, -4.7916E-003,  1.0951E-004
  1.3000E-001,  4.2846E-003,  1.0951E-004
  1.4000E-001,  4.2846E-003,  1.0951E-004
  1.5000E-001, -4.7916E-003,  1.0951E-004
  1.6000E-001, -4.7916E-003,  9.2210E-003
  1.7000E-001,  4.2846E-003,  1.0951E-004
  1.8000E-001,  4.2846E-003,  9.2210E-003
  1.9000E-001,  1.3360E-002,  9.2210E-003
  2.0000E-001,  4.2846E-003,  1.0951E-004
  2.1000E-001,  4.2846E-003,  1.0951E-004
  2.2000E-001,  4.2846E-003,  9.2210E-003
  2.3000E-001,  4.2846E-003,  1.0951E-004
  2.4000E-001,  4.2846E-003,  9.2210E-003
  2.5000E-001,  4.2846E-003,  1.0951E-004
  2.6000E-001,  4.2846E-003,  9.2210E-003
  2.7000E-001, -4.7916E-003,  1.0951E-004
  2.8000E-001,  4.2846E-003,  1.0951E-004
  2.9000E-001,  4.2846E-003,  1.0951E-004
  3.0000E-001,  1.3360E-002,  9.2210E-003
  3.1000E-001,  4.2846E-003,  1.0951E-004
  3.2000E-001,  4.2846E-003,  1.0951E-004
  3.3000E-001,  4.2846E-003,  1.0951E-004
  3.4000E-001,  4.2846E-003,  1.0951E-004
  3.5000E-001, -4.7916E-003,  1.0951E-004
  3.6000E-001, -4.7916E-003,  1.0951E-004
  3.7000E-001, -4.7916E-003,  1.0951E-004
  3.8000E-001, -4.7916E-003,  1.0951E-004
  3.9000E-001,  1.3360E-002,  1.0951E-004
  4.0000E-001,  1.3360E-002,  1.0951E-004
  4.1000E-001,  4.2846E-003,  9.2210E-003
  4.2000E-001,  4.2846E-003,  9.2210E-003
  4.3000E-001,  4.2846E-003,  9.2210E-003
  4.4000E-001,  4.2846E-003,  1.0951E-004
  4.5000E-001,  4.2846E-003,  1.0951E-004
  4.6000E-001,  4.2846E-003,  1.0951E-004
  4.7000E-001, -4.7916E-003,  1.0951E-004
  4.8000E-001, -4.7916E-003,  1.0951E-004
  4.9000E-001,  4.2846E-003,  9.2210E-003
  5.0000E-001,  4.2846E-003,  9.2210E-003
  5.1000E-001,  4.2846E-003,  9.2210E-003
  5.2000E-001,  1.3360E-002,  9.2210E-003
  5.3000E-001,  4.2846E-003,  9.2210E-003
  5.4000E-001,  4.2846E-003,  9.2210E-003
  5.5000E-001,  4.2846E-003,  9.2210E-003
  5.6000E-001, -4.7916E-003, -9.0029E-003
  5.7000E-001, -4.7916E-003,  1.0951E-004
  5.8000E-001,  4.2846E-003,  1.0951E-004
  5.9000E-001,  4.2846E-003,  9.2210E-003
  6.0000E-001,  4.2846E-003,  1.0951E-004
  6.1000E-001, -4.7916E-003,  1.0951E-004
  6.2000E-001,  4.2846E-003,  9.2210E-003
  6.3000E-001,  4.2846E-003,  1.0951E-004
  6.4000E-001,  1.3360E-002,  9.2210E-003
  6.5000E-001,  4.2846E-003,  1.0951E-004
  6.6000E-001,  4.2846E-003,  1.0951E-004
  6.7000E-001,  4.2846E-003,  1.0951E-004
  6.8000E-001,  4.2846E-003,  1.0951E-004
  6.9000E-001,  4.2846E-003,  9.2210E-003
  7.0000E-001,  4.2846E-003,  9.2210E-003
  7.1000E-001,  4.2846E-003,  1.0951E-004
  7.2000E-001,  4.2846E-003,  9.2210E-003
  7.3000E-001,  4.2846E-003,  1.0951E-004
  7.4000E-001,  1.3360E-002,  9.2210E-003
  7.5000E-001,  1.3360E-002,  9.2210E-003
  7.6000E-001,  4.2846E-003,  9.2210E-003
  7.7000E-001,  4.2846E-003,  9.2210E-003
  7.8000E-001,  4.2846E-003,  1.0951E-004
  7.9000E-001,  4.2846E-003,  1.0951E-004
  8.0000E-001,  4.2846E-003,  1.0951E-004
  8.1000E-001, -4.7916E-003,  1.0951E-004
  8.2000E-001,  4.2846E-003,  1.0951E-004
  8.3000E-001, -4.7916E-003,  1.0951E-004
  8.4000E-001,  1.3360E-002,  9.2210E-003
  8.5000E-001,  4.2846E-003,  1.0951E-004
  8.6000E-001,  4.2846E-003,  1.0951E-004
  8.7000E-001,  4.2846E-003,  1.0951E-004
  8.8000E-001,  4.2846E-003,  1.0951E-004
  8.9000E-001,  4.2846E-003,  9.2210E-003
  9.0000E-001,  4.2846E-003,  1.0951E-004
  9.1000E-001,  4.2846E-003,  1.0951E-004
  9.2000E-001, -4.7916E-003,  1.0951E-004
  9.3000E-001, -4.7916E-003,  1.0951E-004
  9.4000E-001,  4.2846E-003,  9.2210E-003
  9.5000E-001,  4.2846E-003,  1.0951E-004
  9.6000E-001,  1.3360E-002,  9.2210E-003
  9.7000E-001,  4.2846E-003,  9.2210E-003
  9.8000E-001,  4.2846E-003,  1.0951E-004
  9.9000E-001,  1.3360E-002,  9.2210E-003
  1.0000E+000,  4.2846E-003,  9.2210E-003
  1.0100E+000,  4.2846E-003,  9.2210E-003
  1.0200E+000, -4.7916E-003,  9.2210E-003
  1.0300E+000,  4.2846E-003,  1.0951E-004
  1.0400E+000,  1.3360E-002,  9.2210E-003
  1.0500E+000,  4.2846E-003,  1.0951E-004
  1.0600E+000,  4.2846E-003,  1.0951E-004
  1.0700E+000,  4.2846E-003,  9.2210E-003
  1.0800E+000,  4.2846E-003,  1.0951E-004
  1.0900E+000,  1.3360E-002,  9.2210E-003
  1.1000E+000,  4.2846E-003,  1.0951E-004
  1.1100E+000,  4.2846E-003,  9.2210E-003
  1.1200E+000,  4.2846E-003,  1.0951E-004
  1.1300E+000,  4.2846E-003,  1.0951E-004
  1.1400E+000,  4.2846E-003,  9.2210E-003
  1.1500E+000,  4.2846E-003,  1.0951E-004
  1.1600E+000, -4.7916E-003,  1.0951E-004
  1.1700E+000, -4.7916E-003, -9.0029E-003
  1.1800E+000,  4.2846E-003,  1.0951E-004
  1.1900E+000,  1.3360E-002,  9.2210E-003
  1.2000E+000,  1.3360E-002,  9.2210E-003
  1.2100E+000,  4.2846E-003,  9.2210E-003
  1.2200E+000,  1.3360E-002,  9.2210E-003
  1.2300E+000,  4.2846E-003,  9.2210E-003
  1.2400E+000,  4.2846E-003,  1.0951E-004
  1.2500E+000,  4.2846E-003,  9.2210E-003
  1.2600E+000,  4.2846E-003,  1.0951E-004
  1.2700E+000, -4.7916E-003,  9.2210E-003
  1.2800E+000,  4.2846E-003,  1.0951E-004
  1.2900E+000,  4.2846E-003,  9.2210E-003
  1.3000E+000,  1.3360E-002,  9.2210E-003
  1.3100E+000,  4.2846E-003,  1.0951E-004
  1.3200E+000,  4.2846E-003,  9.2210E-003
  1.3300E+000,  4.2846E-003,  9.2210E-003
  1.3400E+000,  1.3360E-002,  9.2210E-003
  1.3500E+000,  1.3360E-002,  1.0951E-004
  1.3600E+000,  4.2846E-003,  1.0951E-004
  1.3700E+000,  4.2846E-003,  1.0951E-004
  1.3800E+000,  4.2846E-003,  1.0951E-004
  1.3900E+000,  1.3360E-002,  9.2210E-003
  1.4000E+000,  4.2846E-003,  1.0951E-004
  1.4100E+000,  4.2846E-003,  1.0951E-004
  1.4200E+000,  4.2846E-003,  9.2210E-003
  1.4300E+000,  4.2846E-003,  9.2210E-003
  1.4400E+000,  1.3360E-002,  9.2210E-003
  1.4500E+000,  4.2846E-003,  1.0951E-004
  1.4600E+000,  4.2846E-003,  9.2210E-003
  1.4700E+000,  4.2846E-003,  9.2210E-003
  1.4800E+000,  4.2846E-003,  1.0951E-004
  1.4900E+000,  4.2846E-003,  1.0951E-004
  1.5000E+000,  4.2846E-003,  1.0951E-004
  1.5100E+000, -4.7916E-003,  1.0951E-004
  1.5200E+000,  4.2846E-003,  1.0951E-004
  1.5300E+000,  1.3360E-002,  1.0951E-004
  1.5400E+000,  1.3360E-002,  9.2210E-003
  1.5500E+000,  1.3360E-002,  9.2210E-003
  1.5600E+000,  1.3360E-002,  9.2210E-003
  1.5700E+000,  4.2846E-003,  9.2210E-003
  1.5800E+000, -4.7916E-003,  1.0951E-004
  1.5900E+000,  4.2846E-003,  1.0951E-004
  1.6000E+000,  4.2846E-003,  1.0951E-004
  1.6100E+000,  4.2846E-003,  1.0951E-004
  1.6200E+000,  4.2846E-003,  1.0951E-004
  1.6300E+000,  4.2846E-003,  9.2210E-003
  1.6400E+000,  1.3360E-002,  9.2210E-003
  1.6500E+000,  4.2846E-003,  9.2210E-003
  1.6600E+000,  4.2846E-003,  9.2210E-003
  1.6700E+000,  4.2846E-003,  9.2210E-003
  1.6800E+000,  4.2846E-003,  1.0951E-004
  1.6900E+000,  1.3360E-002,  1.0951E-004
  1.7000E+000,  1.3360E-002,  9.2210E-003
  1.7100E+000,  4.2846E-003,  1.0951E-004
  1.7200E+000,  4.2846E-003,  1.0951E-004
  1.7300E+000,  4.2846E-003,  1.0951E-004
  1.7400E+000,  4.2846E-003,  1.0951E-004
  1.7500E+000,  1.3360E-002,  9.2210E-003
  1.7600E+000,  1.3360E-002,  1.0951E-004
  1.7700E+000,  1.3360E-002,  9.2210E-003
  1.7800E+000,  1.3360E-002,  9.2210E-003
  1.7900E+000,  4.2846E-003,  1.0951E-004
  1.8000E+000,  4.2846E-003,  9.2210E-003
  1.8100E+000,  4.2846E-003,  1.0951E-004
  1.8200E+000,  4.2846E-003,  9.2210E-003
  1.8300E+000,  4.2846E-003,  9.2210E-003
  1.8400E+000,  4.2846E-003,  1.0951E-004
  1.8500E+000,  4.2846E-003,  1.0951E-004
  1.8600E+000,  4.2846E-003,  1.0951E-004
  1.8700E+000,  4.2846E-003,  9.2210E-003
  1.8800E+000,  1.3360E-002,  9.2210E-003
  1.8900E+000,  1.3360E-002,  9.2210E-003
  1.9000E+000,  1.3360E-002,  9.2210E-003
  1.9100E+000,  4.2846E-003,  1.0951E-004
  1.9200E+000,  4.2846E-003,  1.0951E-004
  1.9300E+000,  4.2846E-003,  1.0951E-004
  1.9400E+000,  4.2846E-003,  9.2210E-003
  1.9500E+000,  4.2846E-003,  1.0951E-004
  1.9600E+000, -4.7916E-003,  1.0951E-004
  1.9700E+000,  4.2846E-003,  1.0951E-004
  1.9800E+000,  1.3360E-002,  9.2210E-003
  1.9900E+000,  2.2435E-002,  9.2210E-003
  2.0000E+000,  1.3360E-002,  9.2210E-003
  2.0100E+000,  1.3360E-002,  9.2210E-003
  2.0200E+000,  4.2846E-003,  9.2210E-003
  2.0300E+000,  4.2846E-003,  9.2210E-003
  2.0400E+000,  1.3360E-002,  9.2210E-003
  2.0500E+000,  1.3360E-002,  9.2210E-003
  2.0600E+000,  4.2846E-003,  1.0951E-004
  2.0700E+000,  4.2846E-003,  1.0951E-004
  2.0800E+000,  4.2846E-003,  9.2210E-003
  2.0900E+000,  1.3360E-002,  1.8333E-002
  2.1000E+000,  1.3360E-002,  9.2210E-003
  2.1100E+000,  1.3360E-002,  1.0951E-004
  2.1200E+000,  4.2846E-003,  9.2210E-003
  2.1300E+000,  4.2846E-003,  1.0951E-004
  2.1400E+000,  4.2846E-003,  1.0951E-004
  2.1500E+000,  1.3360E-002,  9.2210E-003
  2.1600E+000,  4.2846E-003,  1.0951E-004
  2.1700E+000,  4.2846E-003,  9.2210E-003
  2.1800E+000,  4.2846E-003,  1.0951E-004
  2.1900E+000,  4.2846E-003,  1.0951E-004
  2.2000E+000,  1.3360E-002,  9.2210E-003
  2.2100E+000,  1.3360E-002,  1.0951E-004
  2.2200E+000,  4.2846E-003,  1.0951E-004
  2.2300E+000,  4.2846E-003,  9.2210E-003
  2.2400E+000,  1.3360E-002,  9.2210E-003
  2.2500E+000,  1.3360E-002,  9.2210E-003
  2.2600E+000,  1.3360E-002,  1.0951E-004
  2.2700E+000,  4.2846E-003,  9.2210E-003
  2.2800E+000,  4.2846E-003,  1.0951E-004
  2.2900E+000,  4.2846E-003,  9.2210E-003
  2.3000E+000,  4.2846E-003,  1.0951E-004
  2.3100E+000,  1.3360E-002,  9.2210E-003
  2.3200E+000,  4.2846E-003,  9.2210E-003
  2.3300E+000,  1.3360E-002,  9.2210E-003
  2.3400E+000,  1.3360E-002,  9.2210E-003
  2.3500E+000,  1.3360E-002,  9.2210E-003
  2.3600E+000,  1.3360E-002,  9.2210E-003
  2.3700E+000,  1.3360E-002,  9.2210E-003
  2.3800E+000,  4.2846E-003,  1.0951E-004
  2.3900E+000,  4.2846E-003,  1.0951E-004
  2.4000E+000, -4.7916E-003,  1.0951E-004
  2.4100E+000,  4.2846E-003,  1.0951E-004
  2.4200E+000,  1.3360E-002,  1.0951E-004
  2.4300E+000,  4.2846E-003,  9.2210E-003
  2.4400E+000,  1.3360E-002,  9.2210E-003
  2.4500E+000,  4.2846E-003,  9.2210E-003
  2.4600E+000,  1.3360E-002,  9.2210E-003
  2.4700E+000,  1.3360E-002,  1.0951E-004
  2.4800E+000,  4.2846E-003,  1.0951E-004
  2.4900E+000,  4.2846E-003,  1.0951E-004
  2.5000E+000,  4.2846E-003,  1.0951E-004
  2.5100E+000,  4.2846E-003,  1.0951E-004
  2.5200E+000,  4.2846E-003,  1.0951E-004
  2.5300E+000,  4.2846E-003,  9.2210E-003
  2.5400E+000,  1.3360E-002,  9.2210E-003
  2.5500E+000,  4.2846E-003,  9.2210E-003
  2.5600E+000,  1.3360E-002,  9.2210E-003
  2.5700E+000,  4.2846E-003,  9.2210E-003
  2.5800E+000,  1.3360E-002,  9.2210E-003
  2.5900E+000,  2.2435E-002,  9.2210E-003
  2.6000E+000,  4.2846E-003,  1.0951E-004
  2.6100E+000,  4.2846E-003,  1.0951E-004
  2.6200E+000,  4.2846E-003,  9.2210E-003
  2.6300E+000,  4.2846E-003,  1.0951E-004
  2.6400E+000,  1.3360E-002,  9.2210E-003
  2.6500E+000,  1.3360E-002,  1.0951E-004
  2.6600E+000,  1.3360E-002,  9.2210E-003
  2.6700E+000,  1.3360E-002,  9.2210E-003
  2.6800E+000,  4.2846E-003,  1.0951E-004
  2.6900E+000,  1.3360E-002,  9.2210E-003
  2.7000E+000,  4.2846E-003,  9.2210E-003
  2.7100E+000,  1.3360E-002,  9.2210E-003
  2.7200E+000,  4.2846E-003,  9.2210E-003
  2.7300E+000,  4.2846E-003,  1.0951E-004
  2.7400E+000,  4.2846E-003,  1.0951E-004
  2.7500E+000,  4.2846E-003,  1.0951E-004
  2.7600E+000,  4.2846E-003,  1.0951E-004
  2.7700E+000,  4.2846E-003,  1.0951E-004
  2.7800E+000,  4.2846E-003,  9.2210E-003
  2.7900E+000,  1.3360E-002,  9.2210E-003
  2.8000E+000,  1.3360E-002,  9.2210E-003
  2.8100E+000,  1.3360E-002,  9.2210E-003
  2.8200E+000,  1.3360E-002,  9.2210E-003
  2.8300E+000,  4.2846E-003,  9.2210E-003
  2.8400E+000,  4.2846E-003,  1.0951E-004
  2.8500E+000,  4.2846E-003,  9.2210E-003
  2.8600E+000,  4.2846E-003,  9.2210E-003
  2.8700E+000,  1.3360E-002,  9.2210E-003
  2.8800E+000,  1.3360E-002,  9.2210E-003
  2.8900E+000,  1.3360E-002,  9.2210E-003
  2.9000E+000,  4.2846E-003,  9.2210E-003
  2.9100E+000,  1.3360E-002,  9.2210E-003
  2.9200E+000,  1.3360E-002,  9.2210E-003
  2.9300E+000,  1.3360E-002,  9.2210E-003
  2.9400E+000,  1.3360E-002,  1.0951E-004
  2.9500E+000,  4.2846E-003,  9.2210E-003
  2.9600E+000,  4.2846E-003,  1.0951E-004
  2.9700E+000,  4.2846E-003,  1.0951E-004
  2.9800E+000,  1.3360E-002,  9.2210E-003
  2.9900E+000,  1.3360E-002,  9.2210E-003
  3.0000E+000,  8.5965E-002,  7.3004E-002
  3.0100E+000,  2.9471E-001,  3.0080E-001
  3.0200E+000,  3.7639E-001,  3.8281E-001
  3.0300E+000,  4.3992E-001,  4.3748E-001
  3.0400E+000,  4.7622E-001,  4.8304E-001
  3.0500E+000,  5.0345E-001,  5.1037E-001
  3.0600E+000,  5.3067E-001,  5.3771E-001
  3.0700E+000,  5.4882E-001,  5.5593E-001
  3.0800E+000,  5.6698E-001,  5.7415E-001
  3.0900E+000,  5.7605E-001,  5.8327E-001
  3.1000E+000,  5.8513E-001,  5.9238E-001
  3.1100E+000,  5.8513E-001,  5.9238E-001
  3.1200E+000,  5.8513E-001,  6.0149E-001
  3.1300E+000,  5.9420E-001,  6.1060E-001
  3.1400E+000,  5.9420E-001,  6.0149E-001
  3.1500E+000,  5.8513E-001,  6.0149E-001
  3.1600E+000,  5.8513E-001,  5.9238E-001
  3.1700E+000,  5.7605E-001,  5.9238E-001
  3.1800E+000,  5.7605E-001,  5.8327E-001
  3.1900E+000,  5.6698E-001,  5.8327E-001
  3.2000E+000,  5.5790E-001,  5.7415E-001
  3.2100E+000,  5.5790E-001,  5.7415E-001
  3.2200E+000,  5.5790E-001,  5.6504E-001
  3.2300E+000,  5.6698E-001,  5.6504E-001
  3.2400E+000,  5.4882E-001,  5.6504E-001
  3.2500E+000,  5.4882E-001,  5.5593E-001
  3.2600E+000,  5.3975E-001,  5.4682E-001
  3.2700E+000,  5.3067E-001,  5.4682E-001
  3.2800E+000,  5.3067E-001,  5.4682E-001
  3.2900E+000,  5.3067E-001,  5.3771E-001
  3.3000E+000,  5.2160E-001,  5.2860E-001
  3.3100E+000,  5.3067E-001,  5.3771E-001
  3.3200E+000,  5.3975E-001,  5.4682E-001
  3.3300E+000,  5.4882E-001,  5.6504E-001
  3.3400E+000,  5.4882E-001,  5.6504E-001
  3.3500E+000,  5.7605E-001,  5.9238E-001
  3.3600E+000,  6.6681E-001,  6.7438E-001
  3.3700E+000,  8.3925E-001,  8.3840E-001
  3.3800E+000,  1.0752E+000,  1.0844E+000
  3.3900E+000,  1.4292E+000,  1.3578E+000
  3.4000E+000,  1.8013E+000,  1.6676E+000
  3.4100E+000,  2.0917E+000,  1.9409E+000
  3.4200E+000,  2.2641E+000,  2.1505E+000
  3.4300E+000,  2.3730E+000,  2.2963E+000
  3.4400E+000,  2.5364E+000,  2.4785E+000
  3.4500E+000,  2.6907E+000,  2.6790E+000
  3.4600E+000,  2.7996E+000,  2.8066E+000
  3.4700E+000,  2.7814E+000,  2.8066E+000
  3.4800E+000,  2.7814E+000,  2.8066E+000
  3.4900E+000,  2.7724E+000,  2.8066E+000
  3.5000E+000,  2.7814E+000,  2.8066E+000
  3.5100E+000,  2.7814E+000,  2.8157E+000
  3.5200E+000,  2.7905E+000,  2.8248E+000
  3.5300E+000,  2.7996E+000,  2.8339E+000
  3.5400E+000,  2.8177E+000,  2.8430E+000
  3.5500E+000,  2.8177E+000,  2.8612E+000
  3.5600E+000,  2.8450E+000,  2.8794E+000
  3.5700E+000,  2.8722E+000,  2.9159E+000
  3.5800E+000,  2.8903E+000,  2.9341E+000
  3.5900E+000,  2.9176E+000,  2.9523E+000
  3.6000E+000,  2.9266E+000,  2.9706E+000
  3.6100E+000,  2.9539E+000,  2.9888E+000
  3.6200E+000,  2.9720E+000,  3.0252E+000
  3.6300E+000,  2.9993E+000,  3.0435E+000
  3.6400E+000,  3.0265E+000,  3.0617E+000
  3.6500E+000,  3.0537E+000,  3.0890E+000
  3.6600E+000,  3.0809E+000,  3.1164E+000
  3.6700E+000,  3.1082E+000,  3.1437E+000
  3.6800E+000,  3.1354E+000,  3.1710E+000
  3.6900E+000,  3.1626E+000,  3.1984E+000
  3.7000E+000,  3.1898E+000,  3.2257E+000
  3.7100E+000,  3.2171E+000,  3.2439E+000
  3.7200E+000,  3.2352E+000,  3.2713E+000
  3.7300E+000,  3.2624E+000,  3.2986E+000
  3.7400E+000,  3.2897E+000,  3.3259E+000
  3.7500E+000,  3.3169E+000,  3.3533E+000
  3.7600E+000,  3.3351E+000,  3.3715E+000
  3.7700E+000,  3.3714E+000,  3.3988E+000
  3.7800E+000,  3.3895E+000,  3.4262E+000
  3.7900E+000,  3.4167E+000,  3.4535E+000
  3.8000E+000,  3.4440E+000,  3.4808E+000
  3.8100E+000,  3.4712E+000,  3.5082E+000
  3.8200E+000,  3.4893E+000,  3.5355E+000
  3.8300E+000,  3.5075E+000,  3.5537E+000
  3.8400E+000,  3.5347E+000,  3.5719E+000
  3.8500E+000,  3.5619E+000,  3.6084E+000
  3.8600E+000,  3.5892E+000,  3.6357E+000
  3.8700E+000,  3.6073E+000,  3.6631E+000
  3.8800E+000,  3.6255E+000,  3.6813E+000
  3.8900E+000,  3.6527E+000,  3.6995E+000
  3.9000E+000,  3.6799E+000,  3.7268E+000
  3.9100E+000,  3.6981E+000,  3.7451E+000
  3.9200E+000,  3.7162E+000,  3.7724E+000
  3.9300E+000,  3.7525E+000,  3.7997E+000
  3.9400E+000,  3.7707E+000,  3.8271E+000
  3.9500E+000,  3.7888E+000,  3.8453E+000
  3.9600E+000,  3.8161E+000,  3.8726E+000
  3.9700E+000,  3.8342E+000,  3.8909E+000
  3.9800E+000,  3.8524E+000,  3.9182E+000
  3.9900E+000,  3.8796E+000,  3.9364E+000
  4.0000E+000,  3.9068E+000,  3.9638E+000
  4.0100E+000,  3.9250E+000,  3.9820E+000
  4.0200E+000,  3.9522E+000,  4.0093E+000
  4.0300E+000,  3.9704E+000,  4.0366E+000
  4.0400E+000,  3.9976E+000,  4.0640E+000
  4.0500E+000,  4.0248E+000,  4.0913E+000
  4.0600E+000,  4.0430E+000,  4.1095E+000
  4.0700E+000,  4.0611E+000,  4.1369E+000
  4.0800E+000,  4.0883E+000,  4.1551E+000
  4.0900E+000,  4.0974E+000,  4.1733E+000
  4.1000E+000,  4.1246E+000,  4.1915E+000
  4.1100E+000,  4.1428E+000,  4.2098E+000
  4.1200E+000,  4.1609E+000,  4.2280E+000
  4.1300E+000,  4.1972E+000,  4.2553E+000
  4.1400E+000,  4.2063E+000,  4.2736E+000
  4.1500E+000,  4.2426E+000,  4.3009E+000
  4.1600E+000,  4.2517E+000,  4.3191E+000
  4.1700E+000,  4.2789E+000,  4.3465E+000
  4.1800E+000,  4.2880E+000,  4.3556E+000
  4.1900E+000,  4.3062E+000,  4.3738E+000
  4.2000E+000,  4.3243E+000,  4.3829E+000
  4.2100E+000,  4.3515E+000,  4.4102E+000
  4.2200E+000,  4.3697E+000,  4.4376E+000
  4.2300E+000,  4.3878E+000,  4.4558E+000
  4.2400E+000,  4.3969E+000,  4.4649E+000
  4.2500E+000,  4.4332E+000,  4.4922E+000
  4.2600E+000,  4.4604E+000,  4.5196E+000
  4.2700E+000,  4.4786E+000,  4.5469E+000
  4.2800E+000,  4.4967E+000,  4.5742E+000
  4.2900E+000,  4.5058E+000,  4.5834E+000
  4.3000E+000,  4.5240E+000,  4.5925E+000
  4.3100E+000,  4.5603E+000,  4.6289E+000
  4.3200E+000,  4.5603E+000,  4.6289E+000
  4.3300E+000,  4.5693E+000,  4.6471E+000
  4.3400E+000,  4.5966E+000,  4.6654E+000
  4.3500E+000,  4.6056E+000,  4.6927E+000
  4.3600E+000,  4.6238E+000,  4.7109E+000
  4.3700E+000,  4.6601E+000,  4.7383E+000
  4.3800E+000,  4.6783E+000,  4.7565E+000
  4.3900E+000,  4.6873E+000,  4.7838E+000
  4.4000E+000,  4.7146E+000,  4.8020E+000
  4.4100E+000,  4.7327E+000,  4.8112E+000
  4.4200E+000,  4.7509E+000,  4.8385E+000
  4.4300E+000,  4.7599E+000,  4.8476E+000
  4.4400E+000,  4.7690E+000,  4.8567E+000
  4.4500E+000,  4.7872E+000,  4.8658E+000
  4.4600E+000,  4.8235E+000,  4.9023E+000
  4.4700E+000,  4.8416E+000,  4.9114E+000
  4.4800E+000,  4.8598E+000,  4.9387E+000
  4.4900E+000,  4.8779E+000,  4.9569E+000
  4.5000E+000,  4.8961E+000,  4.9752E+000
  4.5100E+000,  4.9051E+000,  4.9934E+000
  4.5200E+000,  4.9414E+000,  5.0298E+000
  4.5300E+000,  4.9505E+000,  5.0389E+000
  4.5400E+000,  4.9687E+000,  5.0481E+000
  4.5500E+000,  4.9777E+000,  5.0754E+000
  4.5600E+000,  5.0050E+000,  5.0936E+000
  4.5700E+000,  5.0322E+000,  5.1210E+000
  4.5800E+000,  5.0504E+000,  5.1210E+000
  4.5900E+000,  5.0685E+000,  5.1392E+000
  4.6000E+000,  5.0867E+000,  5.1574E+000
  4.6100E+000,  5.1139E+000,  5.1847E+000
  4.6200E+000,  5.1320E+000,  5.1939E+000
  4.6300E+000,  5.1502E+000,  5.2212E+000
  4.6400E+000,  5.1683E+000,  5.2303E+000
  4.6500E+000,  5.1956E+000,  5.2576E+000
  4.6600E+000,  5.1956E+000,  5.2576E+000
  4.6700E+000,  5.2319E+000,  5.2941E+000
  4.6800E+000,  5.2319E+000,  5.2941E+000
  4.6900E+000,  5.2500E+000,  5.3214E+000
  4.7000E+000,  5.2591E+000,  5.3396E+000
  4.7100E+000,  5.2772E+000,  5.3396E+000
  4.7200E+000,  5.3135E+000,  5.3943E+000
  4.7300E+000,  5.3226E+000,  5.3943E+000
  4.7400E+000,  5.3408E+000,  5.4125E+000
  4.7500E+000,  5.3589E+000,  5.4399E+000
  4.7600E+000,  5.3862E+000,  5.4672E+000
  4.7700E+000,  5.4225E+000,  5.4854E+000
  4.7800E+000,  5.4225E+000,  5.4945E+000
  4.7900E+000,  5.4315E+000,  5.5037E+000
  4.8000E+000,  5.4497E+000,  5.5219E+000
  4.8100E+000,  5.4588E+000,  5.5401E+000
  4.8200E+000,  5.4860E+000,  5.5583E+000
  4.8300E+000,  5.5041E+000,  5.5948E+000
  4.8400E+000,  5.5132E+000,  5.6039E+000
  4.8500E+000,  5.5314E+000,  5.6130E+000
  4.8600E+000,  5.5495E+000,  5.6312E+000
  4.8700E+000,  5.5677E+000,  5.6586E+000
  4.8800E+000,  5.6040E+000,  5.6677E+000
  4.8900E+000,  5.6040E+000,  5.6859E+000
  4.9000E+000,  5.6403E+000,  5.7132E+000
  4.9100E+000,  5.6584E+000,  5.7406E+000
  4.9200E+000,  5.6675E+000,  5.7406E+000
  4.9300E+000,  5.6857E+000,  5.7497E+000
  4.9400E+000,  5.7129E+000,  5.7861E+000
  4.9500E+000,  5.7129E+000,  5.7861E+000
  4.9600E+000,  5.7492E+000,  5.8135E+000
  4.9700E+000,  5.7492E+000,  5.8317E+000
  4.9800E+000,  5.7764E+000,  5.8590E+000
  4.9900E+000,  5.7855E+000,  5.8681E+000
  5.0000E+000,  5.8036E+000,  5.8772E+000
  5.0100E+000,  5.8218E+000,  5.9046E+000
  5.0200E+000,  5.8399E+000,  5.9228E+000
  5.0300E+000,  5.8672E+000,  5.9501E+000
  5.0400E+000,  5.8944E+000,  5.9684E+000
  5.0500E+000,  5.9035E+000,  5.9775E+000
  5.0600E+000,  5.9307E+000,  6.0048E+000
  5.0700E+000,  5.9488E+000,  6.0321E+000
  5.0800E+000,  5.9670E+000,  6.0412E+000
  5.0900E+000,  5.9761E+000,  6.0595E+000
  5.1000E+000,  5.9942E+000,  6.0686E+000
  5.1100E+000,  6.0215E+000,  6.0959E+000
  5.1200E+000,  6.0487E+000,  6.1415E+000
  5.1300E+000,  6.0578E+000,  6.1415E+000
  5.1400E+000,  6.0578E+000,  6.1688E+000
  5.1500E+000,  6.0850E+000,  6.1870E+000
  5.1600E+000,  6.1213E+000,  6.2053E+000
  5.1700E+000,  6.1576E+000,  6.2508E+000
  5.1800E+000,  6.1485E+000,  6.2417E+000
  5.1900E+000,  6.1576E+000,  6.2690E+000
  5.2000E+000,  6.1939E+000,  6.2964E+000
  5.2100E+000,  6.2211E+000,  6.3146E+000
  5.2200E+000,  6.2302E+000,  6.3419E+000
  5.2300E+000,  6.2574E+000,  6.3602E+000
  5.2400E+000,  6.2846E+000,  6.3784E+000
  5.2500E+000,  6.2937E+000,  6.4331E+000
  5.2600E+000,  6.3209E+000,  6.4513E+000
  5.2700E+000,  6.3391E+000,  6.4513E+000
  5.2800E+000,  6.3482E+000,  6.4786E+000
  5.2900E+000,  6.3845E+000,  6.5060E+000
  5.3000E+000,  6.4026E+000,  6.5333E+000
  5.3100E+000,  6.4117E+000,  6.5515E+000
  5.3200E+000,  6.4389E+000,  6.5515E+000
  5.3300E+000,  6.4662E+000,  6.5788E+000
  5.3400E+000,  6.4843E+000,  6.6244E+000
  5.3500E+000,  6.4934E+000,  6.6335E+000
  5.3600E+000,  6.5206E+000,  6.6517E+000
  5.3700E+000,  6.5478E+000,  6.6517E+000
  5.3800E+000,  6.5388E+000,  6.6700E+000
  5.3900E+000,  6.5932E+000,  6.7884E+000
  5.4000E+000,  6.6295E+000,  6.7611E+000
  5.4100E+000,  6.6477E+000,  6.7975E+000
  5.4200E+000,  6.6840E+000,  6.8431E+000
  5.4300E+000,  6.7112E+000,  6.8978E+000
  5.4400E+000,  6.7112E+000,  6.8613E+000
  5.4500E+000,  6.7657E+000,  6.9069E+000
  5.4600E+000,  6.7657E+000,  6.9069E+000
  5.4700E+000,  6.8110E+000,  7.0071E+000
  5.4800E+000,  6.8292E+000,  6.9889E+000
  5.4900E+000,  6.8746E+000,  7.0527E+000
  5.5000E+000,  6.9109E+000,  7.0344E+000
  5.5100E+000,  6.9562E+000,  7.1164E+000
  5.5200E+000,  6.9835E+000,  7.1347E+000
  5.5300E+000,  6.9925E+000,  7.1438E+000
  5.5400E+000,  7.0198E+000,  7.1802E+000
  5.5500E+000,  7.0289E+000,  7.2349E+000
  5.5600E+000,  7.1015E+000,  7.2987E+000
  5.5700E+000,  7.1287E+000,  7.3169E+000
  5.5800E+000,  7.1468E+000,  7.3351E+000
  5.5900E+000,  7.1559E+000,  7.3898E+000
  5.6000E+000,  7.2013E+000,  7.3898E+000
  5.6100E+000,  7.2557E+000,  7.4991E+000
  5.6200E+000,  7.3011E+000,  7.5629E+000
  5.6300E+000,  7.3647E+000,  7.7087E+000
  5.6400E+000,  7.4191E+000,  7.8089E+000
  5.6500E+000,  7.4373E+000,  7.7907E+000
  5.6600E+000,  7.5189E+000,  7.8181E+000
  5.6700E+000,  7.5825E+000,  7.9001E+000
  5.6800E+000,  7.6006E+000,  7.9274E+000
  5.6900E+000,  7.6732E+000,  7.9730E+000
  5.7000E+000,  7.7731E+000,  7.9730E+000
  5.7100E+000,  7.8275E+000,  8.0367E+000
  5.7200E+000,  7.9636E+000,  8.1187E+000
  5.7300E+000,  8.2359E+000,  8.1370E+000
  5.7400E+000,  7.7005E+000,  7.8910E+000
  5.7500E+000,  7.7640E+000,  7.8545E+000
  5.7600E+000,  8.3902E+000,  7.9730E+000
  5.7700E+000,  8.2994E+000,  7.9638E+000
  5.7800E+000,  8.1905E+000,  8.1187E+000
  5.7900E+000,  7.9818E+000,  8.1187E+000
  5.8000E+000,  8.0726E+000,  8.1187E+000
  5.8100E+000,  8.3448E+000,  8.1552E+000
  5.8200E+000,  8.1633E+000,  8.2554E+000
  5.8300E+000,  8.2813E+000,  8.2190E+000
  5.8400E+000,  8.6080E+000,  8.3192E+000
  5.8500E+000,  8.6625E+000,  8.4194E+000
  5.8600E+000,  8.2994E+000,  8.3921E+000
  5.8700E+000,  8.1633E+000,  8.2736E+000
  5.8800E+000,  8.0998E+000,  8.2372E+000
  5.8900E+000,  8.1996E+000,  8.2919E+000
  5.9000E+000,  8.4900E+000,  8.3101E+000
  5.9100E+000,  8.7169E+000,  8.5197E+000
  5.9200E+000,  8.6080E+000,  8.6199E+000
  5.9300E+000,  8.8440E+000,  8.6290E+000
  5.9400E+000,  8.8077E+000,  8.6746E+000
  5.9500E+000,  8.9438E+000,  8.6928E+000
  5.9600E+000,  8.6262E+000,  8.6746E+000
  5.9700E+000,  8.9166E+000,  8.7839E+000
  5.9800E+000,  8.6262E+000,  8.7201E+000
  5.9900E+000,  8.5263E+000,  8.7748E+000
  6.0000E+000,  8.8984E+000,  8.8568E+000
  6.0100E+000,  8.6443E+000,  8.7110E+000
  6.0200E+000,  8.7895E+000,  8.7839E+000
  6.0300E+000,  8.7169E+000,  8.7566E+000
  6.0400E+000,  8.7260E+000,  8.9115E+000
  6.0500E+000,  9.1979E+000,  9.0208E+000
  6.0600E+000,  9.1072E+000,  9.0482E+000
  6.0700E+000,  9.3522E+000,  9.0846E+000
  6.0800E+000,  8.9529E+000,  8.9388E+000
  6.0900E+000,  9.0890E+000,  8.9024E+000
  6.1000E+000,  8.8803E+000,  9.0117E+000
  6.1100E+000,  9.5791E+000,  9.3488E+000
  6.1200E+000,  9.6880E+000,  9.3397E+000
  6.1300E+000,  8.9529E+000,  9.1484E+000
  6.1400E+000,  9.2342E+000,  9.2851E+000
  6.1500E+000,  9.3250E+000,  9.2304E+000
  6.1600E+000,  1.0006E+001,  9.5129E+000
  6.1700E+000,  9.5519E+000,  9.4308E+000
  6.1800E+000,  9.1798E+000,  9.3124E+000
  6.1900E+000,  9.5428E+000,  9.4217E+000
  6.2000E+000,  9.9421E+000,  9.7771E+000
  6.2100E+000,  1.0196E+001,  9.8864E+000
  6.2200E+000,  9.6789E+000,  9.4855E+000
  6.2300E+000,  9.8695E+000,  9.5675E+000
  6.2400E+000,  9.3704E+000,  9.5311E+000
  6.2500E+000,  9.9331E+000,  9.7315E+000
  6.2600E+000,  1.0423E+001,  1.0269E+001
  6.2700E+000,  1.0523E+001,  1.0205E+001
  6.2800E+000,  9.8605E+000,  9.9047E+000
  6.2900E+000,  1.0260E+001,  1.0205E+001
  6.3000E+000,  1.0496E+001,  1.0315E+001
  6.3100E+000,  9.7152E+000,  9.9047E+000
  6.3200E+000,  1.0142E+001,  1.0014E+001
  6.3300E+000,  1.0187E+001,  1.0242E+001
  6.3400E+000,  1.0686E+001,  1.0679E+001
  6.3500E+000,  1.0541E+001,  1.0196E+001
  6.3600E+000,  1.0532E+001,  1.0160E+001
  6.3700E+000,  1.0024E+001,  1.0032E+001
  6.3800E+000,  1.0060E+001,  1.0296E+001
  6.3900E+000,  1.0260E+001,  1.0415E+001
  6.4000E+000,  1.0459E+001,  1.0360E+001
  6.4100E+000,  1.1104E+001,  1.1080E+001
  6.4200E+000,  1.0940E+001,  1.0880E+001
  6.4300E+000,  1.1031E+001,  1.1025E+001
  6.4400E+000,  1.0931E+001,  1.1016E+001
  6.4500E+000,  1.1013E+001,  1.1044E+001
  6.4600E+000,  1.0786E+001,  1.0716E+001
  6.4700E+000,  1.0587E+001,  1.0643E+001
  6.4800E+000,  1.0822E+001,  1.0679E+001
  6.4900E+000,  1.0922E+001,  1.0679E+001
  6.5000E+000,  1.0922E+001,  1.0779E+001
  6.5100E+000,  1.0877E+001,  1.0798E+001
  6.5200E+000,  1.0813E+001,  1.0697E+001
  6.5300E+000,  1.1186E+001,  1.0880E+001
  6.5400E+000,  1.0859E+001,  1.0807E+001
  6.5500E+000,  1.0977E+001,  1.0953E+001
  6.5600E+000,  1.1077E+001,  1.0889E+001
  6.5700E+000,  1.0950E+001,  1.0925E+001
  6.5800E+000,  1.0904E+001,  1.0861E+001
  6.5900E+000,  1.1195E+001,  1.0834E+001
  6.6000E+000,  1.0968E+001,  1.0925E+001
  6.6100E+000,  1.0922E+001,  1.0934E+001
  6.6200E+000,  1.1240E+001,  1.1390E+001
  6.6300E+000,  1.1340E+001,  1.1080E+001
  6.6400E+000,  1.1167E+001,  1.1053E+001
  6.6500E+000,  1.1730E+001,  1.1299E+001
  6.6600E+000,  1.1349E+001,  1.1527E+001
  6.6700E+000,  1.1421E+001,  1.1162E+001
  6.6800E+000,  1.1204E+001,  1.1144E+001
  6.6900E+000,  1.1258E+001,  1.1162E+001
  6.7000E+000,  1.1803E+001,  1.1335E+001
  6.7100E+000,  1.1603E+001,  1.1363E+001
  6.7200E+000,  1.1512E+001,  1.1353E+001
  6.7300E+000,  1.1657E+001,  1.1408E+001
  6.7400E+000,  1.1848E+001,  1.1417E+001
  6.7500E+000,  1.1685E+001,  1.1363E+001
  6.7600E+000,  1.1721E+001,  1.1454E+001
  6.7700E+000,  1.1821E+001,  1.1627E+001
  6.7800E+000,  1.1875E+001,  1.1581E+001
  6.7900E+000,  1.1821E+001,  1.1827E+001
  6.8000E+000,  1.2048E+001,  1.1636E+001
  6.8100E+000,  1.2247E+001,  1.1827E+001
  6.8200E+000,  1.2084E+001,  1.1855E+001
  6.8300E+000,  1.2184E+001,  1.2483E+001
  6.8400E+000,  1.2302E+001,  1.2128E+001
  6.8500E+000,  1.2284E+001,  1.2146E+001
  6.8600E+000,  1.2465E+001,  1.2365E+001
  6.8700E+000,  1.2492E+001,  1.2265E+001
  6.8800E+000,  1.2556E+001,  1.2374E+001
  6.8900E+000,  1.2474E+001,  1.2155E+001
  6.9000E+000,  1.2483E+001,  1.2820E+001
  6.9100E+000,  1.2674E+001,  1.2511E+001
  6.9200E+000,  1.2429E+001,  1.2392E+001
  6.9300E+000,  1.3037E+001,  1.2984E+001
  6.9400E+000,  1.2556E+001,  1.2401E+001
  6.9500E+000,  1.2819E+001,  1.2374E+001
  6.9600E+000,  1.2801E+001,  1.3048E+001
  6.9700E+000,  1.2728E+001,  1.2684E+001
  6.9800E+000,  1.2837E+001,  1.3167E+001
  6.9900E+000,  1.2982E+001,  1.2729E+001
  7.0000E+000,  1.3100E+001,  1.3230E+001
  7.0100E+000,  1.3028E+001,  1.2647E+001
  7.0200E+000,  1.2928E+001,  1.2802E+001
  7.0300E+000,  1.3228E+001,  1.2902E+001
  7.0400E+000,  1.2964E+001,  1.3130E+001
  7.0500E+000,  1.2901E+001,  1.3249E+001
  7.0600E+000,  1.3237E+001,  1.3048E+001
  7.0700E+000,  1.3500E+001,  1.3732E+001
  7.0800E+000,  1.3291E+001,  1.3230E+001
  7.0900E+000,  1.2901E+001,  1.3285E+001
  7.1000E+000,  1.2892E+001,  1.2866E+001
  7.1100E+000,  1.2855E+001,  1.3394E+001
  7.1200E+000,  1.2928E+001,  1.2902E+001
  7.1300E+000,  1.2865E+001,  1.2720E+001
  7.1400E+000,  1.2674E+001,  1.2675E+001
  7.1500E+000,  1.2465E+001,  1.2538E+001
  7.1600E+000,  1.2574E+001,  1.3121E+001
  7.1700E+000,  1.2474E+001,  1.2520E+001
  7.1800E+000,  1.2647E+001,  1.2994E+001
  7.1900E+000,  1.2148E+001,  1.2748E+001
  7.2000E+000,  1.1921E+001,  1.1973E+001
  7.2100E+000,  1.1803E+001,  1.2438E+001
  7.2200E+000,  1.1558E+001,  1.1782E+001
  7.2300E+000,  1.1503E+001,  1.1663E+001
  7.2400E+000,  1.1603E+001,  1.1663E+001
  7.2500E+000,  1.1412E+001,  1.1426E+001
  7.2600E+000,  1.1095E+001,  1.1536E+001
  7.2700E+000,  1.1530E+001,  1.1836E+001
  7.2800E+000,  1.0804E+001,  1.1208E+001
  7.2900E+000,  1.0832E+001,  1.1098E+001
  7.3000E+000,  1.0423E+001,  1.0889E+001
  7.3100E+000,  1.0205E+001,  1.0843E+001
  7.3200E+000,  1.0096E+001,  1.0770E+001
  7.3300E+000,  1.0723E+001,  1.1053E+001
  7.3400E+000,  1.0577E+001,  1.0807E+001
  7.3500E+000,  1.0214E+001,  1.0779E+001
  7.3600E+000,  9.8060E+000,  1.0479E+001
  7.3700E+000,  9.8695E+000,  1.0360E+001
  7.3800E+000,  9.5428E+000,  1.0278E+001
  7.3900E+000,  1.0187E+001,  1.0178E+001
  7.4000E+000,  9.8151E+000,  1.0224E+001
  7.4100E+000,  9.8786E+000,  1.0014E+001
  7.4200E+000,  9.5882E+000,  1.0078E+001
  7.4300E+000,  9.1798E+000,  9.8591E+000
  7.4400E+000,  9.5337E+000,  1.0005E+001
  7.4500E+000,  9.4067E+000,  9.8500E+000
  7.4600E+000,  9.4521E+000,  9.7315E+000
  7.4700E+000,  9.2796E+000,  9.7953E+000
  7.4800E+000,  9.0527E+000,  9.6951E+000
  7.4900E+000,  8.7895E+000,  9.4582E+000
  7.5000E+000,  9.1798E+000,  9.6313E+000
  7.5100E+000,  9.0255E+000,  9.5857E+000
  7.5200E+000,  8.8531E+000,  9.5311E+000
  7.5300E+000,  8.7895E+000,  9.4491E+000
  7.5400E+000,  8.7532E+000,  9.4217E+000
  7.5500E+000,  8.6988E+000,  9.3671E+000
  7.5600E+000,  8.6080E+000,  9.2759E+000
  7.5700E+000,  8.5445E+000,  9.2122E+000
  7.5800E+000,  8.5808E+000,  9.3944E+000
  7.5900E+000,  8.4537E+000,  9.1119E+000
  7.6000E+000,  8.4084E+000,  9.0117E+000
  7.6100E+000,  8.3357E+000,  8.9661E+000
  7.6200E+000,  8.3085E+000,  8.9479E+000
  7.6300E+000,  8.1815E+000,  8.7292E+000
  7.6400E+000,  8.2178E+000,  8.8021E+000
  7.6500E+000,  8.1452E+000,  8.7383E+000
  7.6600E+000,  8.0998E+000,  8.6837E+000
  7.6700E+000,  8.0181E+000,  8.6290E+000
  7.6800E+000,  8.0090E+000,  8.5288E+000
  7.6900E+000,  7.8547E+000,  8.3830E+000
  7.7000E+000,  7.8820E+000,  8.4559E+000
  7.7100E+000,  7.7640E+000,  8.2190E+000
  7.7200E+000,  7.8003E+000,  8.2919E+000
  7.7300E+000,  7.6823E+000,  8.1825E+000
  7.7400E+000,  7.5552E+000,  8.0185E+000
  7.7500E+000,  7.5825E+000,  8.0641E+000
  7.7600E+000,  7.4826E+000,  7.9274E+000
  7.7700E+000,  7.4463E+000,  7.9092E+000
  7.7800E+000,  7.4282E+000,  7.8545E+000
  7.7900E+000,  7.3102E+000,  7.6996E+000
  7.8000E+000,  7.2557E+000,  7.6449E+000
  7.8100E+000,  7.2376E+000,  7.6449E+000
  7.8200E+000,  7.1559E+000,  7.5174E+000
  7.8300E+000,  7.0742E+000,  7.4627E+000
  7.8400E+000,  7.0379E+000,  7.4262E+000
  7.8500E+000,  6.9653E+000,  7.2896E+000
  7.8600E+000,  6.9109E+000,  7.2531E+000
  7.8700E+000,  6.8655E+000,  7.1893E+000
  7.8800E+000,  6.8110E+000,  7.1164E+000
  7.8900E+000,  6.7475E+000,  7.0527E+000
  7.9000E+000,  6.6931E+000,  6.9798E+000
  7.9100E+000,  6.6386E+000,  6.9160E+000
  7.9200E+000,  6.5932E+000,  6.8613E+000
  7.9300E+000,  6.5478E+000,  6.7975E+000
  7.9400E+000,  6.5115E+000,  6.7702E+000
  7.9500E+000,  6.4662E+000,  6.7246E+000
  7.9600E+000,  6.4389E+000,  6.6882E+000
  7.9700E+000,  6.3936E+000,  6.6426E+000
  7.9800E+000,  6.3482E+000,  6.5880E+000
  7.9900E+000,  6.3119E+000,  6.5242E+000
  8.0000E+000,  6.2756E+000,  6.5060E+000
  8.0100E+000,  6.2574E+000,  6.4695E+000
  8.0200E+000,  6.2211E+000,  6.4239E+000
  8.0300E+000,  6.1485E+000,  6.3511E+000
  8.0400E+000,  6.1394E+000,  6.3328E+000
  8.0500E+000,  6.1031E+000,  6.2782E+000
  8.0600E+000,  6.0578E+000,  6.2690E+000
  8.0700E+000,  6.0396E+000,  6.2326E+000
  8.0800E+000,  6.0033E+000,  6.1962E+000
  8.0900E+000,  5.9579E+000,  6.1324E+000
  8.1000E+000,  5.9216E+000,  6.1141E+000
  8.1100E+000,  5.8944E+000,  6.0777E+000
  8.1200E+000,  5.8581E+000,  6.0595E+000
  8.1300E+000,  5.8399E+000,  6.0139E+000
  8.1400E+000,  5.8218E+000,  5.9775E+000
  8.1500E+000,  5.7855E+000,  5.9501E+000
  8.1600E+000,  5.7492E+000,  5.9228E+000
  8.1700E+000,  5.7492E+000,  5.9046E+000
  8.1800E+000,  5.7038E+000,  5.8590E+000
  8.1900E+000,  5.6766E+000,  5.8499E+000
  8.2000E+000,  5.6493E+000,  5.8226E+000
  8.2100E+000,  5.6403E+000,  5.8043E+000
  8.2200E+000,  5.6130E+000,  5.7679E+000
  8.2300E+000,  5.5767E+000,  5.7314E+000
  8.2400E+000,  5.5495E+000,  5.7041E+000
  8.2500E+000,  5.5404E+000,  5.7041E+000
  8.2600E+000,  5.5223E+000,  5.6768E+000
  8.2700E+000,  5.4860E+000,  5.6312E+000
  8.2800E+000,  5.4588E+000,  5.6130E+000
  8.2900E+000,  5.4497E+000,  5.5948E+000
  8.3000E+000,  5.4225E+000,  5.5674E+000
  8.3100E+000,  5.4043E+000,  5.5492E+000
  8.3200E+000,  5.4497E+000,  5.6130E+000
  8.3300E+000,  5.5677E+000,  5.8043E+000
  8.3400E+000,  5.7220E+000,  5.9775E+000
  8.3500E+000,  5.8853E+000,  6.0321E+000
  8.3600E+000,  5.5949E+000,  5.5492E+000
  8.3700E+000,  6.1031E+000,  5.9319E+000
  8.3800E+000,  6.3663E+000,  6.2873E+000
  8.3900E+000,  6.5751E+000,  6.5880E+000
  8.4000E+000,  6.7747E+000,  6.7975E+000
  8.4100E+000,  7.0470E+000,  7.0344E+000
  8.4200E+000,  7.8366E+000,  7.4900E+000
  8.4300E+000,  8.4719E+000,  7.8454E+000
  8.4400E+000,  9.3159E+000,  8.5561E+000
  8.4500E+000,  9.7606E+000,  8.1096E+000
  8.4600E+000,  6.7475E+000,  4.0549E+000
  8.4700E+000,  4.1428E+000,  6.1971E-001
  8.4800E+000,  3.6618E+000,  6.3892E-002
  8.4900E+000,  3.6346E+000,  2.7445E-002
  8.5000E+000,  3.6255E+000,  9.2210E-003
  8.5100E+000,  3.6255E+000,  9.2210E-003
  8.5200E+000,  3.6164E+000,  1.0951E-004
  8.5300E+000,  3.6164E+000,  1.0951E-004
  8.5400E+000,  3.6255E+000,  1.0951E-004
  8.5500E+000,  3.6255E+000,  1.0951E-004
  8.5600E+000,  3.6164E+000,  9.2210E-003
  8.5700E+000,  3.6255E+000,  9.2210E-003
  8.5800E+000,  3.6255E+000,  9.2210E-003
  8.5900E+000,  3.6164E+000,  9.2210E-003
  8.6000E+000,  3.6164E+000,  9.2210E-003
  8.6100E+000,  3.6255E+000,  9.2210E-003
  8.6200E+000,  3.6346E+000,  9.2210E-003
  8.6300E+000,  3.6164E+000,  1.0951E-004
  8.6400E+000,  3.6255E+000,  1.0951E-004
  8.6500E+000,  3.6164E+000,  1.0951E-004
  8.6600E+000,  3.6164E+000,  9.2210E-003
  8.6700E+000,  3.6255E+000,  9.2210E-003
  8.6800E+000,  3.6255E+000,  9.2210E-003
  8.6900E+000,  3.6255E+000,  9.2210E-003
  8.7000E+000,  3.6164E+000,  9.2210E-003
  8.7100E+000,  3.6164E+000,  1.0951E-004
  8.7200E+000,  3.6164E+000,  1.0951E-004
  8.7300E+000,  3.6255E+000,  1.0951E-004
  8.7400E+000,  3.6164E+000,  1.0951E-004
  8.7500E+000,  3.6164E+000,  1.0951E-004
  8.7600E+000,  3.6164E+000,  1.0951E-004
  8.7700E+000,  3.6255E+000,  1.0951E-004
  8.7800E+000,  3.6164E+000,  1.0951E-004
  8.7900E+000,  3.6164E+000,  1.0951E-004
  8.8000E+000,  3.6164E+000,  1.0951E-004
  8.8100E+000,  3.6164E+000,  9.2210E-003
  8.8200E+000,  3.6255E+000,  9.2210E-003
  8.8300E+000,  3.6255E+000,  1.0951E-004
  8.8400E+000,  3.6255E+000,  9.2210E-003
  8.8500E+000,  3.6164E+000,  9.2210E-003
  8.8600E+000,  3.6255E+000,  1.0951E-004
  8.8700E+000,  3.6164E+000,  1.0951E-004
  8.8800E+000,  3.6164E+000,  1.0951E-004
  8.8900E+000,  3.6073E+000,  1.0951E-004
  8.9000E+000,  3.6164E+000,  9.2210E-003
  8.9100E+000,  3.6255E+000,  9.2210E-003
  8.9200E+000,  3.6164E+000,  9.2210E-003
  8.9300E+000,  3.6164E+000,  1.0951E-004
  8.9400E+000,  3.6255E+000,  9.2210E-003
  8.9500E+000,  3.6164E+000,  9.2210E-003
  8.9600E+000,  3.6255E+000,  9.2210E-003
  8.9700E+000,  3.6255E+000, -9.0029E-003
  8.9800E+000,  3.6255E+000, -9.0029E-003
  8.9900E+000,  3.6164E+000,  9.2210E-003
  9.0000E+000,  3.6164E+000,  9.2210E-003
  9.0100E+000,  3.6164E+000,  1.0951E-004
  9.0200E+000,  3.6164E+000,  1.0951E-004
  9.0300E+000,  3.6164E+000,  1.0951E-004
  9.0400E+000,  3.6164E+000,  1.0951E-004
  9.0500E+000,  3.6164E+000,  9.2210E-003
  9.0600E+000,  3.6255E+000,  9.2210E-003
  9.0700E+000,  3.6255E+000,  9.2210E-003
  9.0800E+000,  3.6073E+000,  1.0951E-004
  9.0900E+000,  3.6073E+000,  9.2210E-003
  9.1000E+000,  3.6073E+000,  9.2210E-003
  9.1100E+000,  3.6164E+000,  1.0951E-004
  9.1200E+000,  3.6164E+000,  9.2210E-003
  9.1300E+000,  3.6164E+000,  1.0951E-004
  9.1400E+000,  3.6164E+000,  9.2210E-003
  9.1500E+000,  3.6164E+000,  1.0951E-004
  9.1600E+000,  3.6164E+000,  1.0951E-004
  9.1700E+000,  3.6255E+000,  1.0951E-004
  9.1800E+000,  3.6164E+000,  1.0951E-004
  9.1900E+000,  3.6255E+000,  9.2210E-003
  9.2000E+000,  3.6164E+000,  9.2210E-003
  9.2100E+000,  3.6255E+000,  9.2210E-003
  9.2200E+000,  3.6255E+000,  9.2210E-003
  9.2300E+000,  3.6164E+000,  1.0951E-004
  9.2400E+000,  3.6164E+000,  1.0951E-004
  9.2500E+000,  3.6164E+000,  1.0951E-004
  9.2600E+000,  3.6164E+000,  1.0951E-004
  9.2700E+000,  3.6164E+000,  1.0951E-004
  9.2800E+000,  3.6164E+000,  9.2210E-003
  9.2900E+000,  3.6164E+000,  9.2210E-003
  9.3000E+000,  3.6164E+000,  1.0951E-004
  9.3100E+000,  3.6164E+000,  9.2210E-003
  9.3200E+000,  3.6255E+000,  9.2210E-003
  9.3300E+000,  3.6164E+000,  9.2210E-003
  9.3400E+000,  3.6164E+000,  1.0951E-004
  9.3500E+000,  3.6164E+000,  1.0951E-004
  9.3600E+000,  3.6164E+000,  1.0951E-004
  9.3700E+000,  3.6164E+000,  1.0951E-004
  9.3800E+000,  3.6164E+000,  1.0951E-004
  9.3900E+000,  3.6164E+000,  1.0951E-004
  9.4000E+000,  3.6164E+000,  1.0951E-004
  9.4100E+000,  3.6255E+000,  9.2210E-003
  9.4200E+000,  3.6164E+000,  9.2210E-003
  9.4300E+000,  3.6255E+000,  1.0951E-004
  9.4400E+000,  3.6164E+000,  1.0951E-004
  9.4500E+000,  3.6164E+000,  1.0951E-004
  9.4600E+000,  3.6255E+000,  1.0951E-004
  9.4700E+000,  3.6164E+000,  9.2210E-003
  9.4800E+000,  3.6164E+000,  1.0951E-004
  9.4900E+000,  3.6164E+000,  1.0951E-004
  9.5000E+000,  3.6073E+000, -9.0029E-003
  9.5100E+000,  3.6164E+000,  9.2210E-003
  9.5200E+000,  3.6255E+000,  9.2210E-003
  9.5300E+000,  3.6164E+000,  9.2210E-003
  9.5400E+000,  3.6164E+000,  9.2210E-003
  9.5500E+000,  3.6164E+000,  9.2210E-003
  9.5600E+000,  3.6255E+000,  9.2210E-003
  9.5700E+000,  3.6255E+000,  9.2210E-003
  9.5800E+000,  3.6164E+000,  1.0951E-004
  9.5900E+000,  3.6164E+000,  1.0951E-004
  9.6000E+000,  3.6164E+000,  1.0951E-004
  9.6100E+000,  3.6164E+000,  1.0951E-004
  9.6200E+000,  3.6164E+000,  1.0951E-004
  9.6300E+000,  3.6255E+000,  1.0951E-004
  9.6400E+000,  3.6164E+000,  9.2210E-003
  9.6500E+000,  3.6164E+000,  9.2210E-003
  9.6600E+000,  3.6164E+000,  9.2210E-003
  9.6700E+000,  3.6255E+000,  9.2210E-003
  9.6800E+000,  3.6255E+000,  1.0951E-004
  9.6900E+000,  3.6073E+000,  1.0951E-004
  9.7000E+000,  3.6073E+000,  1.0951E-004
  9.7100E+000,  3.6073E+000,  1.0951E-004
  9.7200E+000,  3.6164E+000,  1.0951E-004
  9.7300E+000,  3.6164E+000,  1.0951E-004
  9.7400E+000,  3.6164E+000,  1.0951E-004
  9.7500E+000,  3.6164E+000,  1.0951E-004
  9.7600E+000,  3.6164E+000,  1.0951E-004
  9.7700E+000,  3.6255E+000,  1.0951E-004
  9.7800E+000,  3.6164E+000,  9.2210E-003
  9.7900E+000,  3.6164E+000,  9.2210E-003
  9.8000E+000,  3.6164E+000,  1.0951E-004
  9.8100E+000,  3.6164E+000,  1.0951E-004
  9.8200E+000,  3.6255E+000,  1.0951E-004
  9.8300E+000,  3.6164E+000,  1.0951E-004
  9.8400E+000,  3.6164E+000,  1.0951E-004
  9.8500E+000,  3.6073E+000,  1.0951E-004
  9.8600E+000,  3.6255E+000,  9.2210E-003
  9.8700E+000,  3.6164E+000,  1.0951E-004
  9.8800E+000,  3.6164E+000,  1.0951E-004
  9.8900E+000,  3.6164E+000,  9.2210E-003
  9.9000E+000,  3.6164E+000,  9.2210E-003
  9.9100E+000,  3.6255E+000,  9.2210E-003
  9.9200E+000,  3.6164E+000,  1.0951E-004
  9.9300E+000,  3.6164E+000,  1.0951E-004
  9.9400E+000,  3.6073E+000,  1.0951E-004
  9.9500E+000,  3.6164E+000,  1.0951E-004
  9.9600E+000,  3.6164E+000,  1.0951E-004
  9.9700E+000,  3.6164E+000,  1.0951E-004
  9.9800E+000,  3.6164E+000,  1.0951E-004
  9.9900E+000,  3.6164E+000, -9.0029E-003
  1.0000E+001,  3.6073E+000,  1.0951E-004
  1.0010E+001,  3.6164E+000,  9.2210E-003
  1.0020E+001,  3.6073E+000,  1.0951E-004
  1.0030E+001,  3.6164E+000,  1.0951E-004
  1.0040E+001,  3.6164E+000,  9.2210E-003
  1.0050E+001,  3.6073E+000,  1.0951E-004
  1.0060E+001,  3.6164E+000,  9.2210E-003
  1.0070E+001,  3.6164E+000,  1.0951E-004
  1.0080E+001,  3.6164E+000, -9.0029E-003
  1.0090E+001,  3.6164E+000,  1.0951E-004
  1.0100E+001,  3.6164E+000,  1.0951E-004
  1.0110E+001,  3.6164E+000,  9.2210E-003
  1.0120E+001,  3.6255E+000,  1.0951E-004
  1.0130E+001,  3.6164E+000,  9.2210E-003
  1.0140E+001,  3.6164E+000,  1.0951E-004
  1.0150E+001,  3.6164E+000,  9.2210E-003
  1.0160E+001,  3.6164E+000,  1.0951E-004
  1.0170E+001,  3.6164E+000,  1.0951E-004
  1.0180E+001,  3.6164E+000,  1.0951E-004
  1.0190E+001,  3.6164E+000,  1.0951E-004
  1.0200E+001,  3.6164E+000,  1.0951E-004
  1.0210E+001,  3.6164E+000,  1.0951E-004
  1.0220E+001,  3.6164E+000,  1.0951E-004
  1.0230E+001,  3.6073E+000,  1.0951E-004
  1.0240E+001,  3.6073E+000,  1.0951E-004
  1.0250E+001,  3.6073E+000,  1.0951E-004
  1.0260E+001,  3.6164E+000,  1.0951E-004
  1.0270E+001,  3.6164E+000,  1.0951E-004
  1.0280E+001,  3.6164E+000,  1.0951E-004
  1.0290E+001,  3.6073E+000,  1.0951E-004
  1.0300E+001,  3.6073E+000,  1.0951E-004
  1.0310E+001,  3.6073E+000, -9.0029E-003
  1.0320E+001,  3.6164E+000,  1.0951E-004
  1.0330E+001,  3.6164E+000,  1.0951E-004
  1.0340E+001,  3.6164E+000,  9.2210E-003
  1.0350E+001,  3.6164E+000,  1.0951E-004
  1.0360E+001,  3.6164E+000,  1.0951E-004
  1.0370E+001,  3.6164E+000,  1.0951E-004
  1.0380E+001,  3.6164E+000,  1.0951E-004
  1.0390E+001,  3.6164E+000,  1.0951E-004
  1.0400E+001,  3.6164E+000,  1.0951E-004
  1.0410E+001,  3.6164E+000,  1.0951E-004
  1.0420E+001,  3.6164E+000,  1.0951E-004
  1.0430E+001,  3.6164E+000,  1.0951E-004
  1.0440E+001,  3.6073E+000,  1.0951E-004
  1.0450E+001,  3.6164E+000,  1.0951E-004
  1.0460E+001,  3.6164E+000,  1.0951E-004
  1.0470E+001,  3.6255E+000,  1.0951E-004
  1.0480E+001,  3.6255E+000, -9.0029E-003
  1.0490E+001,  3.6164E+000,  1.0951E-004
  1.0500E+001,  3.6164E+000,  1.0951E-004
  1.0510E+001,  3.6164E+000,  1.0951E-004
  1.0520E+001,  3.6164E+000,  1.0951E-004
  1.0530E+001,  3.6164E+000,  1.0951E-004
  1.0540E+001,  3.6073E+000, -9.0029E-003
  1.0550E+001,  3.6073E+000,  1.0951E-004
  1.0560E+001,  3.6073E+000,  1.0951E-004
  1.0570E+001,  3.6164E+000,  1.0951E-004
  1.0580E+001,  3.6164E+000, -9.0029E-003
  1.0590E+001,  3.6073E+000, -9.0029E-003
  1.0600E+001,  3.6073E+000,  1.0951E-004
  1.0610E+001,  3.6073E+000,  1.0951E-004
  1.0620E+001,  3.6164E+000,  1.0951E-004
  1.0630E+001,  3.6164E+000,  1.0951E-004
  1.0640E+001,  3.6164E+000,  1.0951E-004
  1.0650E+001,  3.6073E+000,  1.0951E-004
  1.0660E+001,  3.6164E+000,  1.0951E-004
  1.0670E+001,  3.6164E+000,  1.0951E-004
  1.0680E+001,  3.6164E+000,  1.0951E-004
  1.0690E+001,  3.6164E+000,  1.0951E-004
  1.0700E+001,  3.6164E+000,  1.0951E-004
  1.0710E+001,  3.6164E+000,  1.0951E-004
  1.0720E+001,  3.6255E+000,  9.2210E-003
  1.0730E+001,  3.6164E+000,  1.0951E-004
  1.0740E+001,  3.6164E+000,  1.0951E-004
  1.0750E+001,  3.6164E+000,  1.0951E-004
  1.0760E+001,  3.6164E+000,  1.0951E-004
  1.0770E+001,  3.6164E+000,  1.0951E-004
  1.0780E+001,  3.6164E+000,  1.0951E-004
  1.0790E+001,  3.6164E+000,  1.0951E-004
  1.0800E+001,  3.6073E+000, -9.0029E-003
  1.0810E+001,  3.6073E+000, -9.0029E-003
  1.0820E+001,  3.6164E+000, -9.0029E-003
  1.0830E+001,  3.6164E+000, -9.0029E-003
  1.0840E+001,  3.6164E+000,  1.0951E-004
  1.0850E+001,  3.6164E+000,  1.0951E-004
  1.0860E+001,  3.6164E+000,  1.0951E-004
  1.0870E+001,  3.6164E+000,  1.0951E-004
  1.0880E+001,  3.6164E+000,  1.0951E-004
  1.0890E+001,  3.6164E+000,  1.0951E-004
  1.0900E+001,  3.6073E+000,  1.0951E-004
  1.0910E+001,  3.6164E+000,  1.0951E-004
  1.0920E+001,  3.6073E+000,  1.0951E-004
  1.0930E+001,  3.6073E+000,  1.0951E-004
  1.0940E+001,  3.6073E+000,  1.0951E-004
  1.0950E+001,  3.6164E+000,  1.0951E-004
  1.0960E+001,  3.6164E+000,  1.0951E-004
  1.0970E+001,  3.6164E+000,  1.0951E-004
  1.0980E+001,  3.6164E+000,  1.0951E-004
  1.0990E+001,  3.6255E+000,  1.0951E-004
  1.1000E+001,  3.6164E+000, -9.0029E-003
  1.1010E+001,  3.6073E+000,  1.0951E-004
  1.1020E+001,  3.6164E+000,  1.0951E-004
  1.1030E+001,  3.6164E+000, -9.0029E-003
  1.1040E+001,  3.6164E+000, -9.0029E-003
  1.1050E+001,  3.6164E+000,  1.0951E-004
  1.1060E+001,  3.6164E+000,  1.0951E-004
  1.1070E+001,  3.6164E+000,  1.0951E-004
  1.1080E+001,  3.6164E+000, -9.0029E-003
  1.1090E+001,  3.6164E+000, -9.0029E-003
  1.1100E+001,  3.6164E+000,  1.0951E-004
  1.1110E+001,  3.6164E+000,  1.0951E-004
  1.1120E+001,  3.6164E+000,  1.0951E-004
  1.1130E+001,  3.6164E+000, -9.0029E-003
  1.1140E+001,  3.6073E+000,  1.0951E-004
  1.1150E+001,  3.6073E+000,  1.0951E-004
  1.1160E+001,  3.6164E+000,  1.0951E-004
  1.1170E+001,  3.6255E+000,  1.0951E-004
  1.1180E+001,  3.6164E+000,  1.0951E-004
  1.1190E+001,  3.6073E+000, -9.0029E-003
  1.1200E+001,  3.6073E+000,  1.0951E-004
  1.1210E+001,  3.6164E+000,  1.0951E-004
  1.1220E+001,  3.6164E+000,  1.0951E-004
  1.1230E+001,  3.6255E+000,  1.0951E-004
  1.1240E+001,  3.6255E+000,  1.0951E-004
  1.1250E+001,  3.6164E+000, -9.0029E-003
  1.1260E+001,  3.6073E+000,  1.0951E-004
  1.1270E+001,  3.6073E+000, -9.0029E-003
  1.1280E+001,  3.6164E+000,  1.0951E-004
  1.1290E+001,  3.6164E+000,  1.0951E-004
  1.1300E+001,  3.6164E+000,  1.0951E-004
  1.1310E+001,  3.6073E+000,  1.0951E-004
  1.1320E+001,  3.6164E+000,  1.0951E-004
  1.1330E+001,  3.6164E+000, -9.0029E-003
  1.1340E+001,  3.6255E+000,  9.2210E-003
  1.1350E+001,  3.6164E+000,  1.0951E-004
  1.1360E+001,  3.6164E+000,  1.0951E-004
  1.1370E+001,  3.6164E+000,  1.0951E-004
  1.1380E+001,  3.6073E+000, -9.0029E-003
  1.1390E+001,  3.6164E+000,  1.0951E-004
  1.1400E+001,  3.6073E+000, -9.0029E-003
  1.1410E+001,  3.6073E+000,  9.2210E-003
  1.1420E+001,  3.6073E+000,  1.0951E-004
  1.1430E+001,  3.6164E+000,  1.0951E-004
  1.1440E+001,  3.6164E+000,  1.0951E-004
  1.1450E+001,  3.6164E+000,  1.0951E-004
  1.1460E+001,  3.6073E+000,  1.0951E-004
  1.1470E+001,  3.6073E+000,  1.0951E-004
  1.1480E+001,  3.6164E+000,  1.0951E-004
  1.1490E+001,  3.6164E+000,  1.0951E-004
  1.1500E+001,  3.6073E+000,  1.0951E-004
  1.1510E+001,  3.6073E+000,  1.0951E-004
  1.1520E+001,  3.6164E+000, -9.0029E-003
  1.1530E+001,  3.6164E+000, -9.0029E-003
  1.1540E+001,  3.6164E+000,  1.0951E-004
  1.1550E+001,  3.6164E+000,  9.2210E-003
  1.1560E+001,  3.6164E+000,  1.0951E-004
  1.1570E+001,  3.6164E+000,  1.0951E-004
  1.1580E+001,  3.6164E+000,  1.0951E-004
  1.1590E+001,  3.6164E+000,  1.0951E-004
  1.1600E+001,  3.6073E+000,  1.0951E-004
  1.1610E+001,  3.6164E+000,  1.0951E-004
  1.1620E+001,  3.6164E+000,  1.0951E-004
  1.1630E+001,  3.6073E+000,  1.0951E-004
  1.1640E+001,  3.6073E+000, -9.0029E-003
  1.1650E+001,  3.6073E+000, -9.0029E-003
  1.1660E+001,  3.6164E+000,  1.0951E-004
  1.1670E+001,  3.6164E+000,  1.0951E-004
  1.1680E+001,  3.6255E+000,  1.0951E-004
  1.1690E+001,  3.6255E+000,  9.2210E-003
  1.1700E+001,  3.6164E+000,  1.0951E-004
  1.1710E+001,  3.6073E+000,  1.0951E-004
  1.1720E+001,  3.6073E+000,  1.0951E-004
  1.1730E+001,  3.6164E+000,  1.0951E-004
  1.1740E+001,  3.6164E+000,  9.2210E-003
  1.1750E+001,  3.6164E+000,  1.0951E-004
  1.1760E+001,  3.6073E+000,  1.0951E-004
  1.1770E+001,  3.6073E+000, -9.0029E-003
  1.1780E+001,  3.6164E+000, -9.0029E-003
  1.1790E+001,  3.6255E+000,  9.2210E-003
  1.1800E+001,  3.6164E+000,  1.0951E-004
  1.1810E+001,  3.6164E+000,  1.0951E-004
  1.1820E+001,  3.6073E+000, -9.0029E-003
  1.1830E+001,  3.6073E+000,  1.0951E-004
  1.1840E+001,  3.6073E+000,  1.0951E-004
  1.1850E+001,  3.6073E+000,  1.0951E-004
  1.1860E+001,  3.6164E+000,  1.0951E-004
  1.1870E+001,  3.6164E+000,  1.0951E-004
  1.1880E+001,  3.6164E+000,  1.0951E-004
  1.1890E+001,  3.6164E+000,  1.0951E-004
  1.1900E+001,  3.6073E+000, -9.0029E-003
  1.1910E+001,  3.6073E+000,  1.0951E-004
  1.1920E+001,  3.6073E+000, -9.0029E-003
  1.1930E+001,  3.6164E+000,  1.0951E-004
  1.1940E+001,  3.6164E+000,  9.2210E-003
  1.1950E+001,  3.6164E+000,  1.0951E-004
  1.1960E+001,  3.6073E+000,  1.0951E-004
  1.1970E+001,  3.6164E+000,  1.0951E-004
  1.1980E+001,  3.6164E+000,  1.0951E-004
  1.1990E+001,  3.6073E+000,  1.0951E-004
  1.2000E+001,  3.6073E+000,  1.0951E-004
  1.2010E+001,  3.6164E+000,  1.0951E-004
  1.2020E+001,  3.6073E+000,  1.0951E-004
  1.2030E+001,  3.6164E+000,  1.0951E-004
  1.2040E+001,  3.6073E+000,  1.0951E-004
  1.2050E+001,  3.6073E+000,  1.0951E-004
  1.2060E+001,  3.6164E+000,  9.2210E-003
  1.2070E+001,  3.6164E+000,  1.0951E-004
  1.2080E+001,  3.6255E+000,  1.0951E-004
  1.2090E+001,  3.6164E+000,  1.0951E-004
  1.2100E+001,  3.6073E+000, -9.0029E-003
  1.2110E+001,  3.6073E+000,  1.0951E-004
  1.2120E+001,  3.6073E+000, -9.0029E-003
  1.2130E+001,  3.6164E+000,  1.0951E-004
  1.2140E+001,  3.6164E+000,  1.0951E-004
  1.2150E+001,  3.6073E+000,  1.0951E-004
  1.2160E+001,  3.6164E+000,  1.0951E-004
  1.2170E+001,  3.6073E+000,  1.0951E-004
  1.2180E+001,  3.6164E+000,  1.0951E-004
  1.2190E+001,  3.6164E+000,  1.0951E-004
  1.2200E+001,  3.6073E+000,  1.0951E-004
  1.2210E+001,  3.6073E+000,  1.0951E-004
  1.2220E+001,  3.6073E+000, -9.0029E-003
  1.2230E+001,  3.6164E+000,  1.0951E-004
  1.2240E+001,  3.6073E+000, -9.0029E-003
  1.2250E+001,  3.6073E+000, -9.0029E-003
  1.2260E+001,  3.6164E+000,  9.2210E-003
  1.2270E+001,  3.6164E+000,  1.0951E-004
  1.2280E+001,  3.6164E+000,  1.0951E-004
  1.2290E+001,  3.6164E+000,  1.0951E-004
  1.2300E+001,  3.6164E+000, -9.0029E-003
  1.2310E+001,  3.6073E+000,  1.0951E-004
  1.2320E+001,  3.6073E+000,  1.0951E-004
  1.2330E+001,  3.6073E+000, -9.0029E-003
  1.2340E+001,  3.6164E+000,  1.0951E-004
  1.2350E+001,  3.6073E+000,  1.0951E-004
  1.2360E+001,  3.6073E+000,  1.0951E-004
  1.2370E+001,  3.6073E+000, -9.0029E-003
  1.2380E+001,  3.6164E+000, -9.0029E-003
  1.2390E+001,  3.6073E+000,  1.0951E-004
  1.2400E+001,  3.6073E+000,  1.0951E-004
  1.2410E+001,  3.6073E+000,  1.0951E-004
  1.2420E+001,  3.6164E+000, -9.0029E-003
  1.2430E+001,  3.6164E+000,  1.0951E-004
  1.2440E+001,  3.6164E+000,  1.0951E-004
  1.2450E+001,  3.6073E+000,  1.0951E-004
  1.2460E+001,  3.6073E+000,  1.0951E-004
  1.2470E+001,  3.6073E+000, -9.0029E-003
  1.2480E+001,  3.6164E+000,  1.0951E-004
  1.2490E+001,  3.6164E+000, -9.0029E-003
  1.2500E+001,  3.6164E+000, -9.0029E-003
  1.2510E+001,  3.6073E+000,  1.0951E-004
  1.2520E+001,  3.6073E+000,  1.0951E-004
  1.2530E+001,  3.6164E+000,  1.0951E-004
  1.2540E+001,  3.6073E+000,  1.0951E-004
  1.2550E+001,  3.6164E+000,  1.0951E-004
  1.2560E+001,  3.6073E+000,  1.0951E-004
  1.2570E+001,  3.6073E+000,  1.0951E-004
  1.2580E+001,  3.6073E+000,  1.0951E-004
  1.2590E+001,  3.6164E+000, -9.0029E-003
  1.2600E+001,  3.6073E+000,  1.0951E-004
  1.2610E+001,  3.6073E+000, -9.0029E-003
  1.2620E+001,  3.6164E+000, -9.0029E-003
  1.2630E+001,  3.6164E+000, -9.0029E-003
  1.2640E+001,  3.6164E+000,  1.0951E-004
  1.2650E+001,  3.6164E+000,  1.0951E-004
  1.2660E+001,  3.6073E+000,  1.0951E-004
  1.2670E+001,  3.6073E+000,  1.0951E-004
  1.2680E+001,  3.6164E+000,  1.0951E-004
  1.2690E+001,  3.6164E+000,  1.0951E-004
  1.2700E+001,  3.6164E+000,  1.0951E-004
  1.2710E+001,  3.6073E+000, -9.0029E-003
  1.2720E+001,  3.6164E+000, -9.0029E-003
  1.2730E+001,  3.6073E+000,  1.0951E-004
  1.2740E+001,  3.6164E+000, -9.0029E-003
  1.2750E+001,  3.6164E+000,  1.0951E-004
  1.2760E+001,  3.6164E+000,  1.0951E-004
  1.2770E+001,  3.6164E+000,  1.0951E-004
  1.2780E+001,  3.6164E+000,  1.0951E-004
  1.2790E+001,  3.6164E+000,  1.0951E-004
  1.2800E+001,  3.6164E+000,  1.0951E-004
  1.2810E+001,  3.6073E+000,  1.0951E-004
  1.2820E+001,  3.6073E+000, -9.0029E-003
  1.2830E+001,  3.6073E+000, -9.0029E-003
  1.2840E+001,  3.6164E+000,  1.0951E-004
  1.2850E+001,  3.6164E+000,  1.0951E-004
  1.2860E+001,  3.6164E+000, -9.0029E-003
  1.2870E+001,  3.6073E+000, -9.0029E-003
  1.2880E+001,  3.6164E+000,  1.0951E-004
  1.2890E+001,  3.6164E+000,  1.0951E-004
  1.2900E+001,  3.6073E+000, -9.0029E-003
  1.2910E+001,  3.6164E+000, -9.0029E-003
  1.2920E+001,  3.6164E+000, -9.0029E-003
  1.2930E+001,  3.6164E+000, -9.0029E-003
  1.2940E+001,  3.6073E+000, -9.0029E-003
  1.2950E+001,  3.6073E+000,  1.0951E-004
  1.2960E+001,  3.6073E+000, -9.0029E-003
  1.2970E+001,  3.6073E+000, -9.0029E-003
  1.2980E+001,  3.6164E+000,  1.0951E-004
  1.2990E+001,  3.6164E+000, -9.0029E-003
  1.3000E+001,  3.6164E+000,  1.0951E-004
  1.3010E+001,  3.6073E+000, -9.0029E-003
  1.3020E+001,  3.6164E+000, -9.0029E-003
  1.3030E+001,  3.6164E+000,  1.0951E-004
  1.3040E+001,  3.6164E+000, -9.0029E-003
  1.3050E+001,  3.6073E+000, -9.0029E-003
  1.3060E+001,  3.6164E+000, -9.0029E-003
  1.3070E+001,  3.6164E+000, -9.0029E-003
  1.3080E+001,  3.6073E+000,  1.0951E-004
  1.3090E+001,  3.6073E+000, -9.0029E-003
  1.3100E+001,  3.6073E+000, -9.0029E-003
  1.3110E+001,  3.6073E+000, -9.0029E-003
  1.3120E+001,  3.6164E+000,  1.0951E-004
  1.3130E+001,  3.6164E+000,  1.0951E-004
  1.3140E+001,  3.6164E+000,  1.0951E-004
  1.3150E+001,  3.6073E+000, -9.0029E-003
  1.3160E+001,  3.6164E+000, -9.0029E-003
  1.3170E+001,  3.6164E+000, -9.0029E-003
  1.3180E+001,  3.6073E+000,  1.0951E-004
  1.3190E+001,  3.6164E+000, -9.0029E-003
  1.3200E+001,  3.6164E+000, -9.0029E-003
