# [Parameters]
# Name = 'firc'
# ShotNo = 174701
# Date = '12/09/2021 14:47'
# 
# DimNo = 1
# DimName = 'Time'
# DimSize = 1311
# DimUnit = 's'
# 
# ValNo = 2
# ValName = 'nL(3669)', 'nL(3759)'
# ValUnit = 'e19m-2', 'e19m-2'
# [Comments]
#  
# [data]
  1.00000E-001, -3.9757E-003, -1.5800E-002
  1.10000E-001,  5.1005E-003,  2.4242E-003
  1.20000E-001,  5.1005E-003,  2.4242E-003
  1.30000E-001,  5.1005E-003,  2.4242E-003
  1.40000E-001, -3.9757E-003,  2.4242E-003
  1.50000E-001, -3.9757E-003, -6.6882E-003
  1.60000E-001,  5.1005E-003,  2.4242E-003
  1.70000E-001,  5.1005E-003, -6.6882E-003
  1.80000E-001,  5.1005E-003, -6.6882E-003
  1.90000E-001, -3.9757E-003,  2.4242E-003
  2.00000E-001, -3.9757E-003, -6.6882E-003
  2.10000E-001, -3.9757E-003,  2.4242E-003
  2.20000E-001, -3.9757E-003,  2.4242E-003
  2.30000E-001, -3.9757E-003,  2.4242E-003
  2.40000E-001,  1.4176E-002,  2.4242E-003
  2.50000E-001,  1.4176E-002,  2.4242E-003
  2.60000E-001, -3.9757E-003,  2.4242E-003
  2.70000E-001,  5.1005E-003,  2.4242E-003
  2.80000E-001, -3.9757E-003,  2.4242E-003
  2.90000E-001, -3.9757E-003, -6.6882E-003
  3.00000E-001, -3.9757E-003, -6.6882E-003
  3.10000E-001, -3.9757E-003,  2.4242E-003
  3.20000E-001, -3.9757E-003,  2.4242E-003
  3.30000E-001, -3.9757E-003,  2.4242E-003
  3.40000E-001, -3.9757E-003,  2.4242E-003
  3.50000E-001, -3.9757E-003,  2.4242E-003
  3.60000E-001, -3.9757E-003,  2.4242E-003
  3.70000E-001, -3.9757E-003,  2.4242E-003
  3.80000E-001,  5.1005E-003,  2.4242E-003
  3.90000E-001,  5.1005E-003,  2.4242E-003
  4.00000E-001, -3.9757E-003, -6.6882E-003
  4.10000E-001, -3.9757E-003, -6.6882E-003
  4.20000E-001, -3.9757E-003, -6.6882E-003
  4.30000E-001, -3.9757E-003,  2.4242E-003
  4.40000E-001, -3.9757E-003,  2.4242E-003
  4.50000E-001,  5.1005E-003, -6.6882E-003
  4.60000E-001,  5.1005E-003, -6.6882E-003
  4.70000E-001, -3.9757E-003,  2.4242E-003
  4.80000E-001, -3.9757E-003,  2.4242E-003
  4.90000E-001, -3.9757E-003,  2.4242E-003
  5.00000E-001, -3.9757E-003,  2.4242E-003
  5.10000E-001,  5.1005E-003,  2.4242E-003
  5.20000E-001, -3.9757E-003,  2.4242E-003
  5.30000E-001, -3.9757E-003, -6.6882E-003
  5.40000E-001, -3.9757E-003, -6.6882E-003
  5.50000E-001, -3.9757E-003, -6.6882E-003
  5.60000E-001,  5.1005E-003,  2.4242E-003
  5.70000E-001, -3.9757E-003,  2.4242E-003
  5.80000E-001, -3.9757E-003,  2.4242E-003
  5.90000E-001,  5.1005E-003,  2.4242E-003
  6.00000E-001,  5.1005E-003,  1.1536E-002
  6.10000E-001,  5.1005E-003,  1.1536E-002
  6.20000E-001, -3.9757E-003,  2.4242E-003
  6.30000E-001, -3.9757E-003,  2.4242E-003
  6.40000E-001, -3.9757E-003, -6.6882E-003
  6.50000E-001, -3.9757E-003, -6.6882E-003
  6.60000E-001, -3.9757E-003,  2.4242E-003
  6.70000E-001,  5.1005E-003,  2.4242E-003
  6.80000E-001,  5.1005E-003,  2.4242E-003
  6.90000E-001, -3.9757E-003,  2.4242E-003
  7.00000E-001,  5.1005E-003,  2.4242E-003
  7.10000E-001, -3.9757E-003,  2.4242E-003
  7.20000E-001,  5.1005E-003,  2.4242E-003
  7.30000E-001,  5.1005E-003,  2.4242E-003
  7.40000E-001, -3.9757E-003,  2.4242E-003
  7.50000E-001, -3.9757E-003, -6.6882E-003
  7.60000E-001, -3.9757E-003,  2.4242E-003
  7.70000E-001,  5.1005E-003,  2.4242E-003
  7.80000E-001, -3.9757E-003,  2.4242E-003
  7.90000E-001, -1.3051E-002,  2.4242E-003
  8.00000E-001, -3.9757E-003,  2.4242E-003
  8.10000E-001,  5.1005E-003,  2.4242E-003
  8.20000E-001,  5.1005E-003,  2.4242E-003
  8.30000E-001, -3.9757E-003,  2.4242E-003
  8.40000E-001, -3.9757E-003,  2.4242E-003
  8.50000E-001,  5.1005E-003,  2.4242E-003
  8.60000E-001, -3.9757E-003,  2.4242E-003
  8.70000E-001, -3.9757E-003, -6.6882E-003
  8.80000E-001, -3.9757E-003, -6.6882E-003
  8.90000E-001, -3.9757E-003,  2.4242E-003
  9.00000E-001, -3.9757E-003,  2.4242E-003
  9.10000E-001,  5.1005E-003, -6.6882E-003
  9.20000E-001,  5.1005E-003,  2.4242E-003
  9.30000E-001, -3.9757E-003,  2.4242E-003
  9.40000E-001,  5.1005E-003,  2.4242E-003
  9.50000E-001, -3.9757E-003,  2.4242E-003
  9.60000E-001,  5.1005E-003,  2.4242E-003
  9.70000E-001,  5.1005E-003,  2.4242E-003
  9.80000E-001,  5.1005E-003,  2.4242E-003
  9.90000E-001, -3.9757E-003,  2.4242E-003
  1.00000E+000, -3.9757E-003, -6.6882E-003
  1.01000E+000, -3.9757E-003, -6.6882E-003
  1.02000E+000, -3.9757E-003, -6.6882E-003
  1.03000E+000, -3.9757E-003,  2.4242E-003
  1.04000E+000, -3.9757E-003,  2.4242E-003
  1.05000E+000,  5.1005E-003,  2.4242E-003
  1.06000E+000,  5.1005E-003,  2.4242E-003
  1.07000E+000,  5.1005E-003,  2.4242E-003
  1.08000E+000, -3.9757E-003,  2.4242E-003
  1.09000E+000, -3.9757E-003,  2.4242E-003
  1.10000E+000, -3.9757E-003, -6.6882E-003
  1.11000E+000, -3.9757E-003, -6.6882E-003
  1.12000E+000,  5.1005E-003, -6.6882E-003
  1.13000E+000, -3.9757E-003,  2.4242E-003
  1.14000E+000, -3.9757E-003,  2.4242E-003
  1.15000E+000,  5.1005E-003,  2.4242E-003
  1.16000E+000,  5.1005E-003,  2.4242E-003
  1.17000E+000,  5.1005E-003,  2.4242E-003
  1.18000E+000,  5.1005E-003,  2.4242E-003
  1.19000E+000, -3.9757E-003,  2.4242E-003
  1.20000E+000, -3.9757E-003,  2.4242E-003
  1.21000E+000,  5.1005E-003, -6.6882E-003
  1.22000E+000, -3.9757E-003,  2.4242E-003
  1.23000E+000,  5.1005E-003,  2.4242E-003
  1.24000E+000, -3.9757E-003,  2.4242E-003
  1.25000E+000, -3.9757E-003,  2.4242E-003
  1.26000E+000,  5.1005E-003,  2.4242E-003
  1.27000E+000,  5.1005E-003,  2.4242E-003
  1.28000E+000, -3.9757E-003, -6.6882E-003
  1.29000E+000, -3.9757E-003,  2.4242E-003
  1.30000E+000,  5.1005E-003,  2.4242E-003
  1.31000E+000,  5.1005E-003,  2.4242E-003
  1.32000E+000, -3.9757E-003, -6.6882E-003
  1.33000E+000, -3.9757E-003,  2.4242E-003
  1.34000E+000, -3.9757E-003,  2.4242E-003
  1.35000E+000, -1.3051E-002, -6.6882E-003
  1.36000E+000,  5.1005E-003, -6.6882E-003
  1.37000E+000,  5.1005E-003, -6.6882E-003
  1.38000E+000, -3.9757E-003, -6.6882E-003
  1.39000E+000, -3.9757E-003,  2.4242E-003
  1.40000E+000, -3.9757E-003,  2.4242E-003
  1.41000E+000,  5.1005E-003,  2.4242E-003
  1.42000E+000,  5.1005E-003,  2.4242E-003
  1.43000E+000,  5.1005E-003,  2.4242E-003
  1.44000E+000, -3.9757E-003, -6.6882E-003
  1.45000E+000,  5.1005E-003,  2.4242E-003
  1.46000E+000,  5.1005E-003, -6.6882E-003
  1.47000E+000, -3.9757E-003, -6.6882E-003
  1.48000E+000, -3.9757E-003, -6.6882E-003
  1.49000E+000,  5.1005E-003, -6.6882E-003
  1.50000E+000, -3.9757E-003,  2.4242E-003
  1.51000E+000,  1.4176E-002,  2.4242E-003
  1.52000E+000,  5.1005E-003,  2.4242E-003
  1.53000E+000,  5.1005E-003,  2.4242E-003
  1.54000E+000, -3.9757E-003,  2.4242E-003
  1.55000E+000,  5.1005E-003, -6.6882E-003
  1.56000E+000, -3.9757E-003, -6.6882E-003
  1.57000E+000, -3.9757E-003, -6.6882E-003
  1.58000E+000, -3.9757E-003, -6.6882E-003
  1.59000E+000, -3.9757E-003, -6.6882E-003
  1.60000E+000,  5.1005E-003,  2.4242E-003
  1.61000E+000,  5.1005E-003, -6.6882E-003
  1.62000E+000,  5.1005E-003,  2.4242E-003
  1.63000E+000, -3.9757E-003,  2.4242E-003
  1.64000E+000, -3.9757E-003,  2.4242E-003
  1.65000E+000,  5.1005E-003, -6.6882E-003
  1.66000E+000,  5.1005E-003, -6.6882E-003
  1.67000E+000,  5.1005E-003, -6.6882E-003
  1.68000E+000, -3.9757E-003,  2.4242E-003
  1.69000E+000, -3.9757E-003, -6.6882E-003
  1.70000E+000, -3.9757E-003, -6.6882E-003
  1.71000E+000,  1.4176E-002,  2.4242E-003
  1.72000E+000,  5.1005E-003,  2.4242E-003
  1.73000E+000,  5.1005E-003,  2.4242E-003
  1.74000E+000,  5.1005E-003,  2.4242E-003
  1.75000E+000,  5.1005E-003, -6.6882E-003
  1.76000E+000,  5.1005E-003, -6.6882E-003
  1.77000E+000, -3.9757E-003,  2.4242E-003
  1.78000E+000, -3.9757E-003, -6.6882E-003
  1.79000E+000, -3.9757E-003, -6.6882E-003
  1.80000E+000,  1.4176E-002, -6.6882E-003
  1.81000E+000,  1.4176E-002, -6.6882E-003
  1.82000E+000, -3.9757E-003, -6.6882E-003
  1.83000E+000, -1.3051E-002, -6.6882E-003
  1.84000E+000, -2.2126E-002, -6.6882E-003
  1.85000E+000, -1.3051E-002, -6.6882E-003
  1.86000E+000,  5.1005E-003,  2.4242E-003
  1.87000E+000,  5.1005E-003,  2.4242E-003
  1.88000E+000, -3.9757E-003, -6.6882E-003
  1.89000E+000, -3.9757E-003,  2.4242E-003
  1.90000E+000, -3.9757E-003, -6.6882E-003
  1.91000E+000, -3.9757E-003, -6.6882E-003
  1.92000E+000, -3.9757E-003, -6.6882E-003
  1.93000E+000, -3.9757E-003,  2.4242E-003
  1.94000E+000,  5.1005E-003, -6.6882E-003
  1.95000E+000,  5.1005E-003,  2.4242E-003
  1.96000E+000,  1.4176E-002,  1.1536E-002
  1.97000E+000,  5.1005E-003,  1.1536E-002
  1.98000E+000,  5.1005E-003,  2.4242E-003
  1.99000E+000, -3.9757E-003,  2.4242E-003
  2.00000E+000,  1.4176E-002,  2.4242E-003
  2.01000E+000,  1.4176E-002,  2.4242E-003
  2.02000E+000,  5.1005E-003,  2.4242E-003
  2.03000E+000,  5.1005E-003,  2.4242E-003
  2.04000E+000,  5.1005E-003, -6.6882E-003
  2.05000E+000,  5.1005E-003,  2.4242E-003
  2.06000E+000,  5.1005E-003,  2.4242E-003
  2.07000E+000,  5.1005E-003,  2.4242E-003
  2.08000E+000,  5.1005E-003,  2.4242E-003
  2.09000E+000,  5.1005E-003,  2.4242E-003
  2.10000E+000,  5.1005E-003, -6.6882E-003
  2.11000E+000,  5.1005E-003, -6.6882E-003
  2.12000E+000, -2.2126E-002, -1.5800E-002
  2.13000E+000, -3.9757E-003, -6.6882E-003
  2.14000E+000, -1.3051E-002, -6.6882E-003
  2.15000E+000,  5.1005E-003, -6.6882E-003
  2.16000E+000,  5.1005E-003, -6.6882E-003
  2.17000E+000,  5.1005E-003,  2.4242E-003
  2.18000E+000,  5.1005E-003,  2.4242E-003
  2.19000E+000, -3.9757E-003,  2.4242E-003
  2.20000E+000,  5.1005E-003,  2.4242E-003
  2.21000E+000,  5.1005E-003,  2.4242E-003
  2.22000E+000,  5.1005E-003, -6.6882E-003
  2.23000E+000, -3.9757E-003, -6.6882E-003
  2.24000E+000,  5.1005E-003,  2.4242E-003
  2.25000E+000,  5.1005E-003, -6.6882E-003
  2.26000E+000,  5.1005E-003,  2.4242E-003
  2.27000E+000,  5.1005E-003, -6.6882E-003
  2.28000E+000,  5.1005E-003,  2.4242E-003
  2.29000E+000,  5.1005E-003,  2.4242E-003
  2.30000E+000,  1.4176E-002,  2.4242E-003
  2.31000E+000,  1.4176E-002,  2.4242E-003
  2.32000E+000, -3.9757E-003,  2.4242E-003
  2.33000E+000,  5.1005E-003,  2.4242E-003
  2.34000E+000, -1.3051E-002, -6.6882E-003
  2.35000E+000, -3.9757E-003,  2.4242E-003
  2.36000E+000,  5.1005E-003, -6.6882E-003
  2.37000E+000, -3.9757E-003, -6.6882E-003
  2.38000E+000, -3.9757E-003, -1.5800E-002
  2.39000E+000, -3.9757E-003, -6.6882E-003
  2.40000E+000, -3.9757E-003, -6.6882E-003
  2.41000E+000, -3.9757E-003,  2.4242E-003
  2.42000E+000, -3.9757E-003,  2.4242E-003
  2.43000E+000, -3.9757E-003,  2.4242E-003
  2.44000E+000,  5.1005E-003,  2.4242E-003
  2.45000E+000,  5.1005E-003,  2.4242E-003
  2.46000E+000,  5.1005E-003,  2.4242E-003
  2.47000E+000,  5.1005E-003, -6.6882E-003
  2.48000E+000, -3.9757E-003, -6.6882E-003
  2.49000E+000, -3.9757E-003, -6.6882E-003
  2.50000E+000,  5.1005E-003,  2.4242E-003
  2.51000E+000, -3.9757E-003,  2.4242E-003
  2.52000E+000,  1.4176E-002, -6.6882E-003
  2.53000E+000,  5.1005E-003,  2.4242E-003
  2.54000E+000,  5.1005E-003,  2.4242E-003
  2.55000E+000,  5.1005E-003,  2.4242E-003
  2.56000E+000,  5.1005E-003,  2.4242E-003
  2.57000E+000,  5.1005E-003, -6.6882E-003
  2.58000E+000,  1.4176E-002, -6.6882E-003
  2.59000E+000,  5.1005E-003,  2.4242E-003
  2.60000E+000, -3.9757E-003, -6.6882E-003
  2.61000E+000, -3.9757E-003, -6.6882E-003
  2.62000E+000, -3.9757E-003, -6.6882E-003
  2.63000E+000, -3.9757E-003,  2.4242E-003
  2.64000E+000,  5.1005E-003,  2.4242E-003
  2.65000E+000,  5.1005E-003,  2.4242E-003
  2.66000E+000,  5.1005E-003, -6.6882E-003
  2.67000E+000, -3.9757E-003,  2.4242E-003
  2.68000E+000, -3.9757E-003, -6.6882E-003
  2.69000E+000, -3.9757E-003, -6.6882E-003
  2.70000E+000, -3.9757E-003, -6.6882E-003
  2.71000E+000, -3.9757E-003, -6.6882E-003
  2.72000E+000,  5.1005E-003, -6.6882E-003
  2.73000E+000,  5.1005E-003,  2.4242E-003
  2.74000E+000,  5.1005E-003,  2.4242E-003
  2.75000E+000,  5.1005E-003,  2.4242E-003
  2.76000E+000,  5.1005E-003,  2.4242E-003
  2.77000E+000,  1.4176E-002,  2.4242E-003
  2.78000E+000,  5.1005E-003,  2.4242E-003
  2.79000E+000,  5.1005E-003,  2.4242E-003
  2.80000E+000,  5.1005E-003, -6.6882E-003
  2.81000E+000,  5.1005E-003,  2.4242E-003
  2.82000E+000, -3.9757E-003,  2.4242E-003
  2.83000E+000, -3.9757E-003, -6.6882E-003
  2.84000E+000, -3.9757E-003, -6.6882E-003
  2.85000E+000,  5.1005E-003, -6.6882E-003
  2.86000E+000,  1.4176E-002,  1.1536E-002
  2.87000E+000,  1.4176E-002,  2.4242E-003
  2.88000E+000,  5.1005E-003, -6.6882E-003
  2.89000E+000, -3.9757E-003, -6.6882E-003
  2.90000E+000, -3.9757E-003,  2.4242E-003
  2.91000E+000,  1.4176E-002,  2.4242E-003
  2.92000E+000,  5.1005E-003,  2.4242E-003
  2.93000E+000,  5.1005E-003,  2.4242E-003
  2.94000E+000, -3.9757E-003, -6.6882E-003
  2.95000E+000, -3.9757E-003, -6.6882E-003
  2.96000E+000,  5.1005E-003, -6.6882E-003
  2.97000E+000,  5.1005E-003,  2.4242E-003
  2.98000E+000,  5.1005E-003,  2.4242E-003
  2.99000E+000,  5.1005E-003,  2.4242E-003
  3.00000E+000,  5.1005E-003, -6.6882E-003
  3.01000E+000,  1.4176E-002,  2.4242E-003
  3.02000E+000,  5.1005E-003,  2.4242E-003
  3.03000E+000,  5.1005E-003,  2.4242E-003
  3.04000E+000, -3.9757E-003, -6.6882E-003
  3.05000E+000, -3.9757E-003, -6.6882E-003
  3.06000E+000,  5.1005E-003,  2.4242E-003
  3.07000E+000,  1.4176E-002,  2.4242E-003
  3.08000E+000,  5.1005E-003, -6.6882E-003
  3.09000E+000,  5.1005E-003,  2.4242E-003
  3.10000E+000,  5.1005E-003,  2.4242E-003
  3.11000E+000,  5.1005E-003,  2.4242E-003
  3.12000E+000,  1.4176E-002,  2.4242E-003
  3.13000E+000,  2.3252E-002,  2.4242E-003
  3.14000E+000,  1.4176E-002,  2.4242E-003
  3.15000E+000, -3.9757E-003, -6.6882E-003
  3.16000E+000, -3.9757E-003, -6.6882E-003
  3.17000E+000,  5.1005E-003, -6.6882E-003
  3.18000E+000,  5.1005E-003,  2.4242E-003
  3.19000E+000,  5.1005E-003, -6.6882E-003
  3.20000E+000,  5.1005E-003,  2.4242E-003
  3.21000E+000,  1.4176E-002,  2.4242E-003
  3.22000E+000,  1.4176E-002,  2.4242E-003
  3.23000E+000,  5.1005E-003,  2.4242E-003
  3.24000E+000,  5.1005E-003,  2.4242E-003
  3.25000E+000, -3.9757E-003, -6.6882E-003
  3.26000E+000, -3.9757E-003, -6.6882E-003
  3.27000E+000,  1.4176E-002, -6.6882E-003
  3.28000E+000,  5.1005E-003,  2.4242E-003
  3.29000E+000,  5.1005E-003,  2.4242E-003
  3.30000E+000,  5.1005E-003,  2.4242E-003
  3.31000E+000,  1.1401E-001,  1.1177E-001
  3.32000E+000,  2.3199E-001,  2.3933E-001
  3.33000E+000,  4.4073E-001,  4.3979E-001
  3.34000E+000,  6.8577E-001,  6.8581E-001
  3.35000E+000,  9.2174E-001,  9.1361E-001
  3.36000E+000,  1.1396E+000,  1.1323E+000
  3.37000E+000,  1.3392E+000,  1.3419E+000
  3.38000E+000,  1.5389E+000,  1.5423E+000
  3.39000E+000,  1.7113E+000,  1.7063E+000
  3.40000E+000,  1.8565E+000,  1.8430E+000
  3.41000E+000,  1.9745E+000,  1.9615E+000
  3.42000E+000,  2.0471E+000,  2.0435E+000
  3.43000E+000,  2.1016E+000,  2.1164E+000
  3.44000E+000,  2.1560E+000,  2.1710E+000
  3.45000E+000,  2.2014E+000,  2.1984E+000
  3.46000E+000,  2.2377E+000,  2.2439E+000
  3.47000E+000,  2.2468E+000,  2.2622E+000
  3.48000E+000,  2.2740E+000,  2.2804E+000
  3.49000E+000,  2.2922E+000,  2.2986E+000
  3.50000E+000,  2.3194E+000,  2.3259E+000
  3.51000E+000,  2.3466E+000,  2.3533E+000
  3.52000E+000,  2.3557E+000,  2.3715E+000
  3.53000E+000,  2.3738E+000,  2.3988E+000
  3.54000E+000,  2.4102E+000,  2.4353E+000
  3.55000E+000,  2.4465E+000,  2.4626E+000
  3.56000E+000,  2.4828E+000,  2.4900E+000
  3.57000E+000,  2.5009E+000,  2.5173E+000
  3.58000E+000,  2.5281E+000,  2.5446E+000
  3.59000E+000,  2.5372E+000,  2.5628E+000
  3.60000E+000,  2.5826E+000,  2.5902E+000
  3.61000E+000,  2.6189E+000,  2.6175E+000
  3.62000E+000,  2.6370E+000,  2.6357E+000
  3.63000E+000,  2.6552E+000,  2.6631E+000
  3.64000E+000,  2.6733E+000,  2.6813E+000
  3.65000E+000,  2.7096E+000,  2.7086E+000
  3.66000E+000,  2.7278E+000,  2.7360E+000
  3.67000E+000,  2.7460E+000,  2.7542E+000
  3.68000E+000,  2.7641E+000,  2.7724E+000
  3.69000E+000,  2.7823E+000,  2.7998E+000
  3.70000E+000,  2.8095E+000,  2.8180E+000
  3.71000E+000,  2.8367E+000,  2.8362E+000
  3.72000E+000,  2.8458E+000,  2.8544E+000
  3.73000E+000,  2.8730E+000,  2.8909E+000
  3.74000E+000,  2.9365E+000,  2.9638E+000
  3.75000E+000,  3.0818E+000,  3.0731E+000
  3.76000E+000,  3.3994E+000,  3.3920E+000
  3.77000E+000,  3.5446E+000,  3.5560E+000
  3.78000E+000,  4.0165E+000,  4.0207E+000
  3.79000E+000,  4.7244E+000,  4.6859E+000
  3.80000E+000,  5.0330E+000,  5.0868E+000
  3.81000E+000,  5.3507E+000,  5.3420E+000
  3.82000E+000,  5.6048E+000,  5.6062E+000
  3.83000E+000,  5.7772E+000,  5.8067E+000
  3.84000E+000,  5.7591E+000,  5.8340E+000
  3.85000E+000,  5.7863E+000,  5.8796E+000
  3.86000E+000,  5.8589E+000,  5.9433E+000
  3.87000E+000,  5.9678E+000,  6.0527E+000
  3.88000E+000,  6.0767E+000,  6.1438E+000
  3.89000E+000,  6.2673E+000,  6.3807E+000
  3.90000E+000,  6.2764E+000,  6.4263E+000
  3.91000E+000,  6.3853E+000,  6.5629E+000
  3.92000E+000,  6.4761E+000,  6.6358E+000
  3.93000E+000,  6.5577E+000,  6.7634E+000
  3.94000E+000,  6.6757E+000,  6.8545E+000
  3.95000E+000,  6.6939E+000,  6.9274E+000
  3.96000E+000,  6.7755E+000,  7.0094E+000
  3.97000E+000,  6.8663E+000,  7.1005E+000
  3.98000E+000,  6.9389E+000,  7.1734E+000
  3.99000E+000,  7.0206E+000,  7.2099E+000
  4.00000E+000,  7.0206E+000,  7.2737E+000
  4.01000E+000,  7.0024E+000,  7.3010E+000
  4.02000E+000,  7.0569E+000,  7.3283E+000
  4.03000E+000,  7.0660E+000,  7.3648E+000
  4.04000E+000,  7.0750E+000,  7.3830E+000
  4.05000E+000,  7.0750E+000,  7.4195E+000
  4.06000E+000,  7.0206E+000,  7.4195E+000
  4.07000E+000,  7.1113E+000,  7.4468E+000
  4.08000E+000,  7.0387E+000,  7.3921E+000
  4.09000E+000,  7.0115E+000,  7.3739E+000
  4.10000E+000,  6.9208E+000,  7.3192E+000
  4.11000E+000,  6.9480E+000,  7.3101E+000
  4.12000E+000,  6.9661E+000,  7.3283E+000
  4.13000E+000,  7.0115E+000,  7.3466E+000
  4.14000E+000,  6.8935E+000,  7.2828E+000
  4.15000E+000,  6.7846E+000,  7.1917E+000
  4.16000E+000,  6.6394E+000,  7.0550E+000
  4.17000E+000,  6.4125E+000,  6.8272E+000
  4.18000E+000,  6.1766E+000,  6.5903E+000
  4.19000E+000,  5.9224E+000,  6.3443E+000
  4.20000E+000,  5.6955E+000,  6.1165E+000
  4.21000E+000,  5.4596E+000,  5.8704E+000
  4.22000E+000,  5.2418E+000,  5.6244E+000
  4.23000E+000,  5.0149E+000,  5.3875E+000
  4.24000E+000,  4.8243E+000,  5.1324E+000
  4.25000E+000,  4.6246E+000,  4.8955E+000
  4.26000E+000,  4.4250E+000,  4.6586E+000
  4.27000E+000,  4.2071E+000,  4.4308E+000
  4.28000E+000,  4.0075E+000,  4.2121E+000
  4.29000E+000,  3.8078E+000,  3.9934E+000
  4.30000E+000,  3.6535E+000,  3.8021E+000
  4.31000E+000,  3.4720E+000,  3.6107E+000
  4.32000E+000,  3.3086E+000,  3.4285E+000
  4.33000E+000,  3.1544E+000,  3.2645E+000
  4.34000E+000,  3.0182E+000,  3.1096E+000
  4.35000E+000,  2.9093E+000,  2.9729E+000
  4.36000E+000,  2.8095E+000,  2.8635E+000
  4.37000E+000,  2.7278E+000,  2.7815E+000
  4.38000E+000,  2.6915E+000,  2.7360E+000
  4.39000E+000,  2.6824E+000,  2.7086E+000
  4.40000E+000,  2.6824E+000,  2.7177E+000
  4.41000E+000,  2.7096E+000,  2.7360E+000
  4.42000E+000,  2.7460E+000,  2.7724E+000
  4.43000E+000,  2.8095E+000,  2.8271E+000
  4.44000E+000,  2.8639E+000,  2.9000E+000
  4.45000E+000,  2.9456E+000,  2.9729E+000
  4.46000E+000,  3.0091E+000,  3.0458E+000
  4.47000E+000,  3.0818E+000,  3.1096E+000
  4.48000E+000,  3.1362E+000,  3.1733E+000
  4.49000E+000,  3.1997E+000,  3.2280E+000
  4.50000E+000,  3.2179E+000,  3.2736E+000
  4.51000E+000,  3.2542E+000,  3.3100E+000
  4.52000E+000,  3.2633E+000,  3.3191E+000
  4.53000E+000,  3.2723E+000,  3.3282E+000
  4.54000E+000,  3.2633E+000,  3.3191E+000
  4.55000E+000,  3.2633E+000,  3.3100E+000
  4.56000E+000,  3.2542E+000,  3.3009E+000
  4.57000E+000,  3.2179E+000,  3.2736E+000
  4.58000E+000,  3.2088E+000,  3.2553E+000
  4.59000E+000,  3.1816E+000,  3.2371E+000
  4.60000E+000,  3.1634E+000,  3.2189E+000
  4.61000E+000,  3.1362E+000,  3.1916E+000
  4.62000E+000,  3.1271E+000,  3.1733E+000
  4.63000E+000,  3.1181E+000,  3.1642E+000
  4.64000E+000,  3.1090E+000,  3.1551E+000
  4.65000E+000,  3.1090E+000,  3.1642E+000
  4.66000E+000,  3.0999E+000,  3.1551E+000
  4.67000E+000,  3.1090E+000,  3.1642E+000
  4.68000E+000,  3.1181E+000,  3.1642E+000
  4.69000E+000,  3.1271E+000,  3.1733E+000
  4.70000E+000,  3.1362E+000,  3.1916E+000
  4.71000E+000,  3.1544E+000,  3.2007E+000
  4.72000E+000,  3.1725E+000,  3.2098E+000
  4.73000E+000,  3.1725E+000,  3.2189E+000
  4.74000E+000,  3.1725E+000,  3.2189E+000
  4.75000E+000,  3.1725E+000,  3.2189E+000
  4.76000E+000,  3.1816E+000,  3.2280E+000
  4.77000E+000,  3.1907E+000,  3.2280E+000
  4.78000E+000,  3.1907E+000,  3.2371E+000
  4.79000E+000,  3.1907E+000,  3.2371E+000
  4.80000E+000,  3.1907E+000,  3.2371E+000
  4.81000E+000,  3.1997E+000,  3.2371E+000
  4.82000E+000,  3.1997E+000,  3.2371E+000
  4.83000E+000,  3.1907E+000,  3.2371E+000
  4.84000E+000,  3.1997E+000,  3.2462E+000
  4.85000E+000,  3.1997E+000,  3.2462E+000
  4.86000E+000,  3.1997E+000,  3.2371E+000
  4.87000E+000,  3.1997E+000,  3.2371E+000
  4.88000E+000,  3.1907E+000,  3.2371E+000
  4.89000E+000,  3.1907E+000,  3.2371E+000
  4.90000E+000,  3.1816E+000,  3.2462E+000
  4.91000E+000,  3.1997E+000,  3.2462E+000
  4.92000E+000,  3.1997E+000,  3.2462E+000
  4.93000E+000,  3.2088E+000,  3.2553E+000
  4.94000E+000,  3.2088E+000,  3.2553E+000
  4.95000E+000,  3.2088E+000,  3.2553E+000
  4.96000E+000,  3.2088E+000,  3.2553E+000
  4.97000E+000,  3.2088E+000,  3.2553E+000
  4.98000E+000,  3.1997E+000,  3.2553E+000
  4.99000E+000,  3.2088E+000,  3.2553E+000
  5.00000E+000,  3.2088E+000,  3.2645E+000
  5.01000E+000,  3.2179E+000,  3.2553E+000
  5.02000E+000,  3.2088E+000,  3.2553E+000
  5.03000E+000,  3.2088E+000,  3.2553E+000
  5.04000E+000,  3.2179E+000,  3.2553E+000
  5.05000E+000,  3.2179E+000,  3.2645E+000
  5.06000E+000,  3.2179E+000,  3.2645E+000
  5.07000E+000,  3.2179E+000,  3.2645E+000
  5.08000E+000,  3.2179E+000,  3.2645E+000
  5.09000E+000,  3.2088E+000,  3.2645E+000
  5.10000E+000,  3.2270E+000,  3.2645E+000
  5.11000E+000,  3.2179E+000,  3.2645E+000
  5.12000E+000,  3.2179E+000,  3.2645E+000
  5.13000E+000,  3.2088E+000,  3.2645E+000
  5.14000E+000,  3.2179E+000,  3.2645E+000
  5.15000E+000,  3.2088E+000,  3.2553E+000
  5.16000E+000,  3.2088E+000,  3.2645E+000
  5.17000E+000,  3.2270E+000,  3.2645E+000
  5.18000E+000,  3.2270E+000,  3.2736E+000
  5.19000E+000,  3.2270E+000,  3.2645E+000
  5.20000E+000,  3.2179E+000,  3.2645E+000
  5.21000E+000,  3.2088E+000,  3.2645E+000
  5.22000E+000,  3.2088E+000,  3.2553E+000
  5.23000E+000,  3.1997E+000,  3.2462E+000
  5.24000E+000,  3.1907E+000,  3.2280E+000
  5.25000E+000,  3.1634E+000,  3.2098E+000
  5.26000E+000,  3.1453E+000,  3.1916E+000
  5.27000E+000,  3.1362E+000,  3.1642E+000
  5.28000E+000,  3.1271E+000,  3.1551E+000
  5.29000E+000,  3.1181E+000,  3.1369E+000
  5.30000E+000,  3.0908E+000,  3.1278E+000
  5.31000E+000,  3.1453E+000,  3.1733E+000
  5.32000E+000,  3.2451E+000,  3.2736E+000
  5.33000E+000,  3.8078E+000,  3.8021E+000
  5.34000E+000,  3.8441E+000,  3.7018E+000
  5.35000E+000,  4.1708E+000,  4.1301E+000
  5.36000E+000,  4.6791E+000,  4.5766E+000
  5.37000E+000,  4.9513E+000,  4.9046E+000
  5.38000E+000,  5.2236E+000,  5.1779E+000
  5.39000E+000,  5.4233E+000,  5.4604E+000
  5.40000E+000,  5.6320E+000,  5.6609E+000
  5.41000E+000,  5.8952E+000,  5.9160E+000
  5.42000E+000,  6.0313E+000,  6.1165E+000
  5.43000E+000,  6.2129E+000,  6.2622E+000
  5.44000E+000,  6.3399E+000,  6.4536E+000
  5.45000E+000,  6.4488E+000,  6.5356E+000
  5.46000E+000,  6.5214E+000,  6.6723E+000
  5.47000E+000,  6.5759E+000,  6.7361E+000
  5.48000E+000,  6.7029E+000,  6.8819E+000
  5.49000E+000,  6.6939E+000,  6.9274E+000
  5.50000E+000,  6.8209E+000,  7.0823E+000
  5.51000E+000,  6.8754E+000,  7.1096E+000
  5.52000E+000,  6.9298E+000,  7.2099E+000
  5.53000E+000,  7.0115E+000,  7.2554E+000
  5.54000E+000,  7.0841E+000,  7.3101E+000
  5.55000E+000,  7.1567E+000,  7.4195E+000
  5.56000E+000,  7.1658E+000,  7.4377E+000
  5.57000E+000,  7.1658E+000,  7.5197E+000
  5.58000E+000,  7.1930E+000,  7.5197E+000
  5.59000E+000,  7.2112E+000,  7.5744E+000
  5.60000E+000,  7.2838E+000,  7.6564E+000
  5.61000E+000,  7.3019E+000,  7.6564E+000
  5.62000E+000,  7.3564E+000,  7.7019E+000
  5.63000E+000,  7.3836E+000,  7.7566E+000
  5.64000E+000,  7.4108E+000,  7.7839E+000
  5.65000E+000,  7.4653E+000,  7.8386E+000
  5.66000E+000,  7.4653E+000,  7.8842E+000
  5.67000E+000,  7.5107E+000,  7.8750E+000
  5.68000E+000,  7.5198E+000,  7.9388E+000
  5.69000E+000,  7.5651E+000,  7.9753E+000
  5.70000E+000,  7.5561E+000,  8.0026E+000
  5.71000E+000,  7.5924E+000,  8.0208E+000
  5.72000E+000,  7.6105E+000,  8.0664E+000
  5.73000E+000,  7.6196E+000,  8.0937E+000
  5.74000E+000,  7.6740E+000,  8.1484E+000
  5.75000E+000,  7.6559E+000,  8.1302E+000
  5.76000E+000,  7.6831E+000,  8.1484E+000
  5.77000E+000,  7.7013E+000,  8.1757E+000
  5.78000E+000,  7.7103E+000,  8.2304E+000
  5.79000E+000,  7.7466E+000,  8.2669E+000
  5.80000E+000,  7.7648E+000,  8.2669E+000
  5.81000E+000,  7.7648E+000,  8.3033E+000
  5.82000E+000,  7.7739E+000,  8.2942E+000
  5.83000E+000,  7.8011E+000,  8.2942E+000
  5.84000E+000,  7.7920E+000,  8.3215E+000
  5.85000E+000,  7.7920E+000,  8.3306E+000
  5.86000E+000,  7.7648E+000,  8.3033E+000
  5.87000E+000,  7.7648E+000,  8.3033E+000
  5.88000E+000,  7.7466E+000,  8.2942E+000
  5.89000E+000,  7.7739E+000,  8.2942E+000
  5.90000E+000,  7.7194E+000,  8.2760E+000
  5.91000E+000,  7.7013E+000,  8.2395E+000
  5.92000E+000,  7.6105E+000,  8.1484E+000
  5.93000E+000,  7.6105E+000,  8.1757E+000
  5.94000E+000,  7.4653E+000,  8.0117E+000
  5.95000E+000,  7.4653E+000,  8.0117E+000
  5.96000E+000,  7.4471E+000,  8.0117E+000
  5.97000E+000,  7.3473E+000,  7.9024E+000
  5.98000E+000,  7.3292E+000,  7.8750E+000
  5.99000E+000,  7.5107E+000,  8.0755E+000
  6.00000E+000,  7.3836E+000,  7.9297E+000
  6.01000E+000,  7.1658E+000,  7.6928E+000
  6.02000E+000,  7.1477E+000,  7.6655E+000
  6.03000E+000,  7.2021E+000,  7.6928E+000
  6.04000E+000,  7.2747E+000,  7.8568E+000
  6.05000E+000,  7.1386E+000,  7.7019E+000
  6.06000E+000,  7.0660E+000,  7.6564E+000
  6.07000E+000,  6.9571E+000,  7.5561E+000
  6.08000E+000,  6.8482E+000,  7.4832E+000
  6.09000E+000,  6.7937E+000,  7.4195E+000
  6.10000E+000,  6.8482E+000,  7.4195E+000
  6.11000E+000,  6.7846E+000,  7.4195E+000
  6.12000E+000,  6.6848E+000,  7.2281E+000
  6.13000E+000,  6.5850E+000,  7.1643E+000
  6.14000E+000,  6.7211E+000,  7.2372E+000
  6.15000E+000,  6.7846E+000,  7.3739E+000
  6.16000E+000,  6.7665E+000,  7.3466E+000
  6.17000E+000,  6.7120E+000,  7.3466E+000
  6.18000E+000,  6.9298E+000,  7.4103E+000
  6.19000E+000,  6.7392E+000,  7.0185E+000
  6.20000E+000,  6.8391E+000,  7.1643E+000
  6.21000E+000,  1.1558E+001,  4.9501E+000
  6.22000E+000,  9.3167E+000,  2.3988E+000
  6.23000E+000,  8.1460E+000,  1.0321E+000
  6.24000E+000,  7.6559E+000,  5.0357E-001
  6.25000E+000,  7.4381E+000,  2.3933E-001
  6.26000E+000,  7.3110E+000,  1.0265E-001
  6.27000E+000,  7.2475E+000,  3.8871E-002
  6.28000E+000,  7.2384E+000,  1.1536E-002
  6.29000E+000,  7.2293E+000,  1.1536E-002
  6.30000E+000,  7.2384E+000,  2.4242E-003
  6.31000E+000,  7.2293E+000,  2.4242E-003
  6.32000E+000,  7.2293E+000,  2.4242E-003
  6.33000E+000,  7.2203E+000,  2.4242E-003
  6.34000E+000,  7.2203E+000,  2.4242E-003
  6.35000E+000,  7.2203E+000,  2.4242E-003
  6.36000E+000,  7.2203E+000, -6.6882E-003
  6.37000E+000,  7.2203E+000,  2.4242E-003
  6.38000E+000,  7.2203E+000, -6.6882E-003
  6.39000E+000,  7.2293E+000,  2.4242E-003
  6.40000E+000,  7.2293E+000, -6.6882E-003
  6.41000E+000,  7.2203E+000, -6.6882E-003
  6.42000E+000,  7.2203E+000,  2.4242E-003
  6.43000E+000,  7.2293E+000,  2.4242E-003
  6.44000E+000,  7.2293E+000,  2.4242E-003
  6.45000E+000,  7.2293E+000,  2.4242E-003
  6.46000E+000,  7.2384E+000,  2.4242E-003
  6.47000E+000,  7.2203E+000, -6.6882E-003
  6.48000E+000,  7.2203E+000,  2.4242E-003
  6.49000E+000,  7.2203E+000,  2.4242E-003
  6.50000E+000,  7.2203E+000, -6.6882E-003
  6.51000E+000,  7.2293E+000,  2.4242E-003
  6.52000E+000,  7.2203E+000, -6.6882E-003
  6.53000E+000,  7.2203E+000,  2.4242E-003
  6.54000E+000,  7.2203E+000,  2.4242E-003
  6.55000E+000,  7.2112E+000, -6.6882E-003
  6.56000E+000,  7.2203E+000, -6.6882E-003
  6.57000E+000,  7.2203E+000,  2.4242E-003
  6.58000E+000,  7.2203E+000,  2.4242E-003
  6.59000E+000,  7.2203E+000, -6.6882E-003
  6.60000E+000,  7.2112E+000,  2.4242E-003
  6.61000E+000,  7.2203E+000, -6.6882E-003
  6.62000E+000,  7.2203E+000, -6.6882E-003
  6.63000E+000,  7.2112E+000, -6.6882E-003
  6.64000E+000,  7.2203E+000, -6.6882E-003
  6.65000E+000,  7.2203E+000, -6.6882E-003
  6.66000E+000,  7.2293E+000,  2.4242E-003
  6.67000E+000,  7.2293E+000,  2.4242E-003
  6.68000E+000,  7.2203E+000,  2.4242E-003
  6.69000E+000,  7.2203E+000,  2.4242E-003
  6.70000E+000,  7.2203E+000,  2.4242E-003
  6.71000E+000,  7.2112E+000,  2.4242E-003
  6.72000E+000,  7.2203E+000,  2.4242E-003
  6.73000E+000,  7.2293E+000, -6.6882E-003
  6.74000E+000,  7.2293E+000, -6.6882E-003
  6.75000E+000,  7.2203E+000,  2.4242E-003
  6.76000E+000,  7.2203E+000,  2.4242E-003
  6.77000E+000,  7.2203E+000, -6.6882E-003
  6.78000E+000,  7.2293E+000,  2.4242E-003
  6.79000E+000,  7.2293E+000,  2.4242E-003
  6.80000E+000,  7.2293E+000,  2.4242E-003
  6.81000E+000,  7.2203E+000,  2.4242E-003
  6.82000E+000,  7.2112E+000,  2.4242E-003
  6.83000E+000,  7.2203E+000,  2.4242E-003
  6.84000E+000,  7.2203E+000, -6.6882E-003
  6.85000E+000,  7.2293E+000,  2.4242E-003
  6.86000E+000,  7.2112E+000, -6.6882E-003
  6.87000E+000,  7.2203E+000, -6.6882E-003
  6.88000E+000,  7.2203E+000, -6.6882E-003
  6.89000E+000,  7.2203E+000, -6.6882E-003
  6.90000E+000,  7.2203E+000, -6.6882E-003
  6.91000E+000,  7.2203E+000,  2.4242E-003
  6.92000E+000,  7.2203E+000,  2.4242E-003
  6.93000E+000,  7.2293E+000, -6.6882E-003
  6.94000E+000,  7.2293E+000,  2.4242E-003
  6.95000E+000,  7.2293E+000,  2.4242E-003
  6.96000E+000,  7.2203E+000,  2.4242E-003
  6.97000E+000,  7.2203E+000, -6.6882E-003
  6.98000E+000,  7.2203E+000,  2.4242E-003
  6.99000E+000,  7.2203E+000,  2.4242E-003
  7.00000E+000,  7.2293E+000,  2.4242E-003
  7.01000E+000,  7.2203E+000,  2.4242E-003
  7.02000E+000,  7.2293E+000,  2.4242E-003
  7.03000E+000,  7.2293E+000,  2.4242E-003
  7.04000E+000,  7.2293E+000,  2.4242E-003
  7.05000E+000,  7.2203E+000,  2.4242E-003
  7.06000E+000,  7.2293E+000,  2.4242E-003
  7.07000E+000,  7.2293E+000,  2.4242E-003
  7.08000E+000,  7.2203E+000,  2.4242E-003
  7.09000E+000,  7.2203E+000,  2.4242E-003
  7.10000E+000,  7.2203E+000, -6.6882E-003
  7.11000E+000,  7.2293E+000, -6.6882E-003
  7.12000E+000,  7.2203E+000,  2.4242E-003
  7.13000E+000,  7.2203E+000,  2.4242E-003
  7.14000E+000,  7.2293E+000,  2.4242E-003
  7.15000E+000,  7.2203E+000,  2.4242E-003
  7.16000E+000,  7.2293E+000, -6.6882E-003
  7.17000E+000,  7.2203E+000,  2.4242E-003
  7.18000E+000,  7.2112E+000, -6.6882E-003
  7.19000E+000,  7.2112E+000, -6.6882E-003
  7.20000E+000,  7.2112E+000, -6.6882E-003
  7.21000E+000,  7.2203E+000,  2.4242E-003
  7.22000E+000,  7.2293E+000,  2.4242E-003
  7.23000E+000,  7.2293E+000,  2.4242E-003
  7.24000E+000,  7.2203E+000,  2.4242E-003
  7.25000E+000,  7.2203E+000,  2.4242E-003
  7.26000E+000,  7.2112E+000, -6.6882E-003
  7.27000E+000,  7.2293E+000,  2.4242E-003
  7.28000E+000,  7.2293E+000,  2.4242E-003
  7.29000E+000,  7.2293E+000,  2.4242E-003
  7.30000E+000,  7.2203E+000,  2.4242E-003
  7.31000E+000,  7.2293E+000,  2.4242E-003
  7.32000E+000,  7.2203E+000,  2.4242E-003
  7.33000E+000,  7.2112E+000,  2.4242E-003
  7.34000E+000,  7.2203E+000,  2.4242E-003
  7.35000E+000,  7.2293E+000,  2.4242E-003
  7.36000E+000,  7.2203E+000,  2.4242E-003
  7.37000E+000,  7.2203E+000,  2.4242E-003
  7.38000E+000,  7.2203E+000,  2.4242E-003
  7.39000E+000,  7.2203E+000,  2.4242E-003
  7.40000E+000,  7.2203E+000,  2.4242E-003
  7.41000E+000,  7.2203E+000,  2.4242E-003
  7.42000E+000,  7.2203E+000, -6.6882E-003
  7.43000E+000,  7.2203E+000, -6.6882E-003
  7.44000E+000,  7.2203E+000, -6.6882E-003
  7.45000E+000,  7.2203E+000,  2.4242E-003
  7.46000E+000,  7.2203E+000,  2.4242E-003
  7.47000E+000,  7.2112E+000,  2.4242E-003
  7.48000E+000,  7.2203E+000,  2.4242E-003
  7.49000E+000,  7.2293E+000,  2.4242E-003
  7.50000E+000,  7.2293E+000,  1.1536E-002
  7.51000E+000,  7.2293E+000,  2.4242E-003
  7.52000E+000,  7.2203E+000,  2.4242E-003
  7.53000E+000,  7.2203E+000,  2.4242E-003
  7.54000E+000,  7.2203E+000,  2.4242E-003
  7.55000E+000,  7.2203E+000,  2.4242E-003
  7.56000E+000,  7.2293E+000,  2.4242E-003
  7.57000E+000,  7.2203E+000,  2.4242E-003
  7.58000E+000,  7.2293E+000,  2.4242E-003
  7.59000E+000,  7.2203E+000,  2.4242E-003
  7.60000E+000,  7.2293E+000,  2.4242E-003
  7.61000E+000,  7.2203E+000,  2.4242E-003
  7.62000E+000,  7.2203E+000,  2.4242E-003
  7.63000E+000,  7.2203E+000,  2.4242E-003
  7.64000E+000,  7.2293E+000,  2.4242E-003
  7.65000E+000,  7.2203E+000,  2.4242E-003
  7.66000E+000,  7.2203E+000,  2.4242E-003
  7.67000E+000,  7.2112E+000,  2.4242E-003
  7.68000E+000,  7.2203E+000,  2.4242E-003
  7.69000E+000,  7.2112E+000,  2.4242E-003
  7.70000E+000,  7.2203E+000,  2.4242E-003
  7.71000E+000,  7.2293E+000,  2.4242E-003
  7.72000E+000,  7.2293E+000,  2.4242E-003
  7.73000E+000,  7.2293E+000,  2.4242E-003
  7.74000E+000,  7.2203E+000,  2.4242E-003
  7.75000E+000,  7.2203E+000,  2.4242E-003
  7.76000E+000,  7.2203E+000, -6.6882E-003
  7.77000E+000,  7.2203E+000,  2.4242E-003
  7.78000E+000,  7.2293E+000,  2.4242E-003
  7.79000E+000,  7.2112E+000,  2.4242E-003
  7.80000E+000,  7.2203E+000,  2.4242E-003
  7.81000E+000,  7.2203E+000,  2.4242E-003
  7.82000E+000,  7.2203E+000,  2.4242E-003
  7.83000E+000,  7.2293E+000,  2.4242E-003
  7.84000E+000,  7.2293E+000,  2.4242E-003
  7.85000E+000,  7.2293E+000,  2.4242E-003
  7.86000E+000,  7.2203E+000,  2.4242E-003
  7.87000E+000,  7.2203E+000,  2.4242E-003
  7.88000E+000,  7.2203E+000,  2.4242E-003
  7.89000E+000,  7.2293E+000,  2.4242E-003
  7.90000E+000,  7.2203E+000,  2.4242E-003
  7.91000E+000,  7.2203E+000,  2.4242E-003
  7.92000E+000,  7.2293E+000,  2.4242E-003
  7.93000E+000,  7.2203E+000,  2.4242E-003
  7.94000E+000,  7.2203E+000,  2.4242E-003
  7.95000E+000,  7.2203E+000,  2.4242E-003
  7.96000E+000,  7.2203E+000,  2.4242E-003
  7.97000E+000,  7.2203E+000,  2.4242E-003
  7.98000E+000,  7.2203E+000,  2.4242E-003
  7.99000E+000,  7.2203E+000,  1.1536E-002
  8.00000E+000,  7.2203E+000,  2.4242E-003
  8.01000E+000,  7.2203E+000, -6.6882E-003
  8.02000E+000,  7.2203E+000,  2.4242E-003
  8.03000E+000,  7.2293E+000,  2.4242E-003
  8.04000E+000,  7.2293E+000,  2.4242E-003
  8.05000E+000,  7.2203E+000,  2.4242E-003
  8.06000E+000,  7.2293E+000,  2.4242E-003
  8.07000E+000,  7.2293E+000,  2.4242E-003
  8.08000E+000,  7.2293E+000,  2.4242E-003
  8.09000E+000,  7.2293E+000,  2.4242E-003
  8.10000E+000,  7.2203E+000,  2.4242E-003
  8.11000E+000,  7.2293E+000,  2.4242E-003
  8.12000E+000,  7.2293E+000,  2.4242E-003
  8.13000E+000,  7.2293E+000,  2.4242E-003
  8.14000E+000,  7.2293E+000, -6.6882E-003
  8.15000E+000,  7.2112E+000,  2.4242E-003
  8.16000E+000,  7.2203E+000,  2.4242E-003
  8.17000E+000,  7.2203E+000,  2.4242E-003
  8.18000E+000,  7.2293E+000,  2.4242E-003
  8.19000E+000,  7.2293E+000,  2.4242E-003
  8.20000E+000,  7.2293E+000,  1.1536E-002
  8.21000E+000,  7.2293E+000,  2.4242E-003
  8.22000E+000,  7.2293E+000,  2.4242E-003
  8.23000E+000,  7.2203E+000,  2.4242E-003
  8.24000E+000,  7.2293E+000, -6.6882E-003
  8.25000E+000,  7.2203E+000,  2.4242E-003
  8.26000E+000,  7.2203E+000,  2.4242E-003
  8.27000E+000,  7.2203E+000,  2.4242E-003
  8.28000E+000,  7.2293E+000,  2.4242E-003
  8.29000E+000,  7.2293E+000,  2.4242E-003
  8.30000E+000,  7.2293E+000,  2.4242E-003
  8.31000E+000,  7.2293E+000,  2.4242E-003
  8.32000E+000,  7.2293E+000,  2.4242E-003
  8.33000E+000,  7.2293E+000,  2.4242E-003
  8.34000E+000,  7.2203E+000,  2.4242E-003
  8.35000E+000,  7.2293E+000,  2.4242E-003
  8.36000E+000,  7.2203E+000, -6.6882E-003
  8.37000E+000,  7.2293E+000, -6.6882E-003
  8.38000E+000,  7.2203E+000,  2.4242E-003
  8.39000E+000,  7.2293E+000,  2.4242E-003
  8.40000E+000,  7.2293E+000,  2.4242E-003
  8.41000E+000,  7.2293E+000,  2.4242E-003
  8.42000E+000,  7.2293E+000,  2.4242E-003
  8.43000E+000,  7.2293E+000,  2.4242E-003
  8.44000E+000,  7.2293E+000,  2.4242E-003
  8.45000E+000,  7.2293E+000, -6.6882E-003
  8.46000E+000,  7.2203E+000, -6.6882E-003
  8.47000E+000,  7.2293E+000,  2.4242E-003
  8.48000E+000,  7.2293E+000, -6.6882E-003
  8.49000E+000,  7.2293E+000,  2.4242E-003
  8.50000E+000,  7.2293E+000,  2.4242E-003
  8.51000E+000,  7.2203E+000,  2.4242E-003
  8.52000E+000,  7.2293E+000,  2.4242E-003
  8.53000E+000,  7.2293E+000,  2.4242E-003
  8.54000E+000,  7.2293E+000,  2.4242E-003
  8.55000E+000,  7.2203E+000,  2.4242E-003
  8.56000E+000,  7.2203E+000,  2.4242E-003
  8.57000E+000,  7.2293E+000,  2.4242E-003
  8.58000E+000,  7.2293E+000,  2.4242E-003
  8.59000E+000,  7.2293E+000,  2.4242E-003
  8.60000E+000,  7.2293E+000,  2.4242E-003
  8.61000E+000,  7.2203E+000,  2.4242E-003
  8.62000E+000,  7.2203E+000,  2.4242E-003
  8.63000E+000,  7.2203E+000,  2.4242E-003
  8.64000E+000,  7.2293E+000,  1.1536E-002
  8.65000E+000,  7.2293E+000,  2.4242E-003
  8.66000E+000,  7.2293E+000,  2.4242E-003
  8.67000E+000,  7.2203E+000,  2.4242E-003
  8.68000E+000,  7.2293E+000,  2.4242E-003
  8.69000E+000,  7.2203E+000,  2.4242E-003
  8.70000E+000,  7.2203E+000, -6.6882E-003
  8.71000E+000,  7.2203E+000, -6.6882E-003
  8.72000E+000,  7.2203E+000,  2.4242E-003
  8.73000E+000,  7.2293E+000,  2.4242E-003
  8.74000E+000,  7.2203E+000,  2.4242E-003
  8.75000E+000,  7.2293E+000,  2.4242E-003
  8.76000E+000,  7.2203E+000,  2.4242E-003
  8.77000E+000,  7.2293E+000,  2.4242E-003
  8.78000E+000,  7.2293E+000,  2.4242E-003
  8.79000E+000,  7.2384E+000,  1.1536E-002
  8.80000E+000,  7.2293E+000,  2.4242E-003
  8.81000E+000,  7.2293E+000,  2.4242E-003
  8.82000E+000,  7.2203E+000,  2.4242E-003
  8.83000E+000,  7.2293E+000,  2.4242E-003
  8.84000E+000,  7.2203E+000,  2.4242E-003
  8.85000E+000,  7.2293E+000,  2.4242E-003
  8.86000E+000,  7.2203E+000,  2.4242E-003
  8.87000E+000,  7.2293E+000,  2.4242E-003
  8.88000E+000,  7.2293E+000,  2.4242E-003
  8.89000E+000,  7.2293E+000,  2.4242E-003
  8.90000E+000,  7.2203E+000,  2.4242E-003
  8.91000E+000,  7.2203E+000,  2.4242E-003
  8.92000E+000,  7.2293E+000, -6.6882E-003
  8.93000E+000,  7.2293E+000,  2.4242E-003
  8.94000E+000,  7.2293E+000,  2.4242E-003
  8.95000E+000,  7.2203E+000,  2.4242E-003
  8.96000E+000,  7.2203E+000, -6.6882E-003
  8.97000E+000,  7.2203E+000,  2.4242E-003
  8.98000E+000,  7.2293E+000,  2.4242E-003
  8.99000E+000,  7.2203E+000,  2.4242E-003
  9.00000E+000,  7.2293E+000,  2.4242E-003
  9.01000E+000,  7.2293E+000,  2.4242E-003
  9.02000E+000,  7.2384E+000,  2.4242E-003
  9.03000E+000,  7.2293E+000,  2.4242E-003
  9.04000E+000,  7.2203E+000,  2.4242E-003
  9.05000E+000,  7.2203E+000,  2.4242E-003
  9.06000E+000,  7.2203E+000,  2.4242E-003
  9.07000E+000,  7.2293E+000,  2.4242E-003
  9.08000E+000,  7.2293E+000,  2.4242E-003
  9.09000E+000,  7.2293E+000,  1.1536E-002
  9.10000E+000,  7.2293E+000,  1.1536E-002
  9.11000E+000,  7.2203E+000,  2.4242E-003
  9.12000E+000,  7.2293E+000,  2.4242E-003
  9.13000E+000,  7.2293E+000,  2.4242E-003
  9.14000E+000,  7.2384E+000,  2.4242E-003
  9.15000E+000,  7.2203E+000,  2.4242E-003
  9.16000E+000,  7.2203E+000,  2.4242E-003
  9.17000E+000,  7.2293E+000,  2.4242E-003
  9.18000E+000,  7.2203E+000, -6.6882E-003
  9.19000E+000,  7.2203E+000,  2.4242E-003
  9.20000E+000,  7.2203E+000, -6.6882E-003
  9.21000E+000,  7.2203E+000,  2.4242E-003
  9.22000E+000,  7.2293E+000,  2.4242E-003
  9.23000E+000,  7.2293E+000,  1.1536E-002
  9.24000E+000,  7.2293E+000,  2.4242E-003
  9.25000E+000,  7.2203E+000,  2.4242E-003
  9.26000E+000,  7.2203E+000,  2.4242E-003
  9.27000E+000,  7.2203E+000, -6.6882E-003
  9.28000E+000,  7.2293E+000,  2.4242E-003
  9.29000E+000,  7.2203E+000,  2.4242E-003
  9.30000E+000,  7.2203E+000,  2.4242E-003
  9.31000E+000,  7.2203E+000,  2.4242E-003
  9.32000E+000,  7.2293E+000,  2.4242E-003
  9.33000E+000,  7.2293E+000,  1.1536E-002
  9.34000E+000,  7.2293E+000,  1.1536E-002
  9.35000E+000,  7.2293E+000,  2.4242E-003
  9.36000E+000,  7.2293E+000,  2.4242E-003
  9.37000E+000,  7.2203E+000,  2.4242E-003
  9.38000E+000,  7.2293E+000,  1.1536E-002
  9.39000E+000,  7.2293E+000,  2.4242E-003
  9.40000E+000,  7.2203E+000,  2.4242E-003
  9.41000E+000,  7.2293E+000,  2.4242E-003
  9.42000E+000,  7.2112E+000,  2.4242E-003
  9.43000E+000,  7.2293E+000,  2.4242E-003
  9.44000E+000,  7.2203E+000, -6.6882E-003
  9.45000E+000,  7.2203E+000, -6.6882E-003
  9.46000E+000,  7.2203E+000,  2.4242E-003
  9.47000E+000,  7.2203E+000,  2.4242E-003
  9.48000E+000,  7.2293E+000,  2.4242E-003
  9.49000E+000,  7.2293E+000,  2.4242E-003
  9.50000E+000,  7.2203E+000,  2.4242E-003
  9.51000E+000,  7.2203E+000,  2.4242E-003
  9.52000E+000,  7.2112E+000,  2.4242E-003
  9.53000E+000,  7.2203E+000, -6.6882E-003
  9.54000E+000,  7.2203E+000, -6.6882E-003
  9.55000E+000,  7.2203E+000,  2.4242E-003
  9.56000E+000,  7.2203E+000,  2.4242E-003
  9.57000E+000,  7.2203E+000,  2.4242E-003
  9.58000E+000,  7.2203E+000,  2.4242E-003
  9.59000E+000,  7.2293E+000,  1.1536E-002
  9.60000E+000,  7.2293E+000,  1.1536E-002
  9.61000E+000,  7.2293E+000,  2.4242E-003
  9.62000E+000,  7.2203E+000,  2.4242E-003
  9.63000E+000,  7.2293E+000,  1.1536E-002
  9.64000E+000,  7.2203E+000, -6.6882E-003
  9.65000E+000,  7.2203E+000,  2.4242E-003
  9.66000E+000,  7.2203E+000,  2.4242E-003
  9.67000E+000,  7.2203E+000,  2.4242E-003
  9.68000E+000,  7.2293E+000,  1.1536E-002
  9.69000E+000,  7.2293E+000,  2.4242E-003
  9.70000E+000,  7.2293E+000,  2.4242E-003
  9.71000E+000,  7.2203E+000,  2.4242E-003
  9.72000E+000,  7.2203E+000, -6.6882E-003
  9.73000E+000,  7.2112E+000,  2.4242E-003
  9.74000E+000,  7.2203E+000,  2.4242E-003
  9.75000E+000,  7.2203E+000, -6.6882E-003
  9.76000E+000,  7.2203E+000,  2.4242E-003
  9.77000E+000,  7.2203E+000, -6.6882E-003
  9.78000E+000,  7.2203E+000,  2.4242E-003
  9.79000E+000,  7.2203E+000, -6.6882E-003
  9.80000E+000,  7.2203E+000, -6.6882E-003
  9.81000E+000,  7.2203E+000,  2.4242E-003
  9.82000E+000,  7.2203E+000,  2.4242E-003
  9.83000E+000,  7.2293E+000,  2.4242E-003
  9.84000E+000,  7.2293E+000,  2.4242E-003
  9.85000E+000,  7.2293E+000,  2.4242E-003
  9.86000E+000,  7.2203E+000,  2.4242E-003
  9.87000E+000,  7.2203E+000,  2.4242E-003
  9.88000E+000,  7.2203E+000,  2.4242E-003
  9.89000E+000,  7.2203E+000, -6.6882E-003
  9.90000E+000,  7.2203E+000,  2.4242E-003
  9.91000E+000,  7.2203E+000,  2.4242E-003
  9.92000E+000,  7.2293E+000,  2.4242E-003
  9.93000E+000,  7.2293E+000,  1.1536E-002
  9.94000E+000,  7.2293E+000,  2.4242E-003
  9.95000E+000,  7.2203E+000,  2.4242E-003
  9.96000E+000,  7.2112E+000,  2.4242E-003
  9.97000E+000,  7.2203E+000,  2.4242E-003
  9.98000E+000,  7.2293E+000, -6.6882E-003
  9.99000E+000,  7.2203E+000,  2.4242E-003
  1.00000E+001,  7.2203E+000,  2.4242E-003
  1.00100E+001,  7.2203E+000,  2.4242E-003
  1.00200E+001,  7.2203E+000,  2.4242E-003
  1.00300E+001,  7.2293E+000,  2.4242E-003
  1.00400E+001,  7.2203E+000,  2.4242E-003
  1.00500E+001,  7.2203E+000,  2.4242E-003
  1.00600E+001,  7.2112E+000, -6.6882E-003
  1.00700E+001,  7.2203E+000, -6.6882E-003
  1.00800E+001,  7.2112E+000, -6.6882E-003
  1.00900E+001,  7.2203E+000,  2.4242E-003
  1.01000E+001,  7.2203E+000,  2.4242E-003
  1.01100E+001,  7.2203E+000,  2.4242E-003
  1.01200E+001,  7.2203E+000,  2.4242E-003
  1.01300E+001,  7.2203E+000,  2.4242E-003
  1.01400E+001,  7.2203E+000,  2.4242E-003
  1.01500E+001,  7.2112E+000,  2.4242E-003
  1.01600E+001,  7.2203E+000, -6.6882E-003
  1.01700E+001,  7.2293E+000,  2.4242E-003
  1.01800E+001,  7.2293E+000,  2.4242E-003
  1.01900E+001,  7.2293E+000,  2.4242E-003
  1.02000E+001,  7.2293E+000,  2.4242E-003
  1.02100E+001,  7.2203E+000,  2.4242E-003
  1.02200E+001,  7.2203E+000,  2.4242E-003
  1.02300E+001,  7.2112E+000,  2.4242E-003
  1.02400E+001,  7.2203E+000, -6.6882E-003
  1.02500E+001,  7.2203E+000,  2.4242E-003
  1.02600E+001,  7.2203E+000,  2.4242E-003
  1.02700E+001,  7.2203E+000,  2.4242E-003
  1.02800E+001,  7.2203E+000,  2.4242E-003
  1.02900E+001,  7.2203E+000,  2.4242E-003
  1.03000E+001,  7.2203E+000,  2.4242E-003
  1.03100E+001,  7.2203E+000,  2.4242E-003
  1.03200E+001,  7.2293E+000, -6.6882E-003
  1.03300E+001,  7.2203E+000,  2.4242E-003
  1.03400E+001,  7.2203E+000,  2.4242E-003
  1.03500E+001,  7.2203E+000,  2.4242E-003
  1.03600E+001,  7.2112E+000, -6.6882E-003
  1.03700E+001,  7.2203E+000, -6.6882E-003
  1.03800E+001,  7.2293E+000,  2.4242E-003
  1.03900E+001,  7.2203E+000,  2.4242E-003
  1.04000E+001,  7.2293E+000,  2.4242E-003
  1.04100E+001,  7.2112E+000,  2.4242E-003
  1.04200E+001,  7.2112E+000,  2.4242E-003
  1.04300E+001,  7.2203E+000, -6.6882E-003
  1.04400E+001,  7.2203E+000,  2.4242E-003
  1.04500E+001,  7.2203E+000, -6.6882E-003
  1.04600E+001,  7.2203E+000,  2.4242E-003
  1.04700E+001,  7.2203E+000,  2.4242E-003
  1.04800E+001,  7.2203E+000, -6.6882E-003
  1.04900E+001,  7.2112E+000,  2.4242E-003
  1.05000E+001,  7.2203E+000,  2.4242E-003
  1.05100E+001,  7.2203E+000, -6.6882E-003
  1.05200E+001,  7.2203E+000, -6.6882E-003
  1.05300E+001,  7.2203E+000,  2.4242E-003
  1.05400E+001,  7.2203E+000,  2.4242E-003
  1.05500E+001,  7.2203E+000,  2.4242E-003
  1.05600E+001,  7.2203E+000,  2.4242E-003
  1.05700E+001,  7.2203E+000,  2.4242E-003
  1.05800E+001,  7.2203E+000,  2.4242E-003
  1.05900E+001,  7.2203E+000, -6.6882E-003
  1.06000E+001,  7.2203E+000,  2.4242E-003
  1.06100E+001,  7.2203E+000, -6.6882E-003
  1.06200E+001,  7.2293E+000,  2.4242E-003
  1.06300E+001,  7.2203E+000,  2.4242E-003
  1.06400E+001,  7.2112E+000, -6.6882E-003
  1.06500E+001,  7.2112E+000, -6.6882E-003
  1.06600E+001,  7.2203E+000,  2.4242E-003
  1.06700E+001,  7.2203E+000, -6.6882E-003
  1.06800E+001,  7.2293E+000,  2.4242E-003
  1.06900E+001,  7.2203E+000, -6.6882E-003
  1.07000E+001,  7.2203E+000, -6.6882E-003
  1.07100E+001,  7.2112E+000,  2.4242E-003
  1.07200E+001,  7.2203E+000, -6.6882E-003
  1.07300E+001,  7.2293E+000,  2.4242E-003
  1.07400E+001,  7.2293E+000,  2.4242E-003
  1.07500E+001,  7.2203E+000,  2.4242E-003
  1.07600E+001,  7.2203E+000,  2.4242E-003
  1.07700E+001,  7.2203E+000,  2.4242E-003
  1.07800E+001,  7.2203E+000, -6.6882E-003
  1.07900E+001,  7.2203E+000,  2.4242E-003
  1.08000E+001,  7.2203E+000, -6.6882E-003
  1.08100E+001,  7.2112E+000, -6.6882E-003
  1.08200E+001,  7.2112E+000,  2.4242E-003
  1.08300E+001,  7.2203E+000,  2.4242E-003
  1.08400E+001,  7.2203E+000,  2.4242E-003
  1.08500E+001,  7.2112E+000,  2.4242E-003
  1.08600E+001,  7.2112E+000,  2.4242E-003
  1.08700E+001,  7.2203E+000, -6.6882E-003
  1.08800E+001,  7.2293E+000,  2.4242E-003
  1.08900E+001,  7.2203E+000, -6.6882E-003
  1.09000E+001,  7.2112E+000, -6.6882E-003
  1.09100E+001,  7.2112E+000, -6.6882E-003
  1.09200E+001,  7.2112E+000, -6.6882E-003
  1.09300E+001,  7.2112E+000,  2.4242E-003
  1.09400E+001,  7.2203E+000,  2.4242E-003
  1.09500E+001,  7.2203E+000,  2.4242E-003
  1.09600E+001,  7.2203E+000,  2.4242E-003
  1.09700E+001,  7.2112E+000, -6.6882E-003
  1.09800E+001,  7.2112E+000, -6.6882E-003
  1.09900E+001,  7.2112E+000,  2.4242E-003
  1.10000E+001,  7.2293E+000,  2.4242E-003
  1.10100E+001,  7.2203E+000,  2.4242E-003
  1.10200E+001,  7.2203E+000, -6.6882E-003
  1.10300E+001,  7.2203E+000, -6.6882E-003
  1.10400E+001,  7.2293E+000,  2.4242E-003
  1.10500E+001,  7.2203E+000, -6.6882E-003
  1.10600E+001,  7.2112E+000, -6.6882E-003
  1.10700E+001,  7.2203E+000, -6.6882E-003
  1.10800E+001,  7.2203E+000,  2.4242E-003
  1.10900E+001,  7.2293E+000,  2.4242E-003
  1.11000E+001,  7.2203E+000,  2.4242E-003
  1.11100E+001,  7.2203E+000, -6.6882E-003
  1.11200E+001,  7.2203E+000,  2.4242E-003
  1.11300E+001,  7.2112E+000, -6.6882E-003
  1.11400E+001,  7.2203E+000, -6.6882E-003
  1.11500E+001,  7.2112E+000,  2.4242E-003
  1.11600E+001,  7.2203E+000, -6.6882E-003
  1.11700E+001,  7.2112E+000, -6.6882E-003
  1.11800E+001,  7.2203E+000, -6.6882E-003
  1.11900E+001,  7.2203E+000,  2.4242E-003
  1.12000E+001,  7.2203E+000,  2.4242E-003
  1.12100E+001,  7.2112E+000,  2.4242E-003
  1.12200E+001,  7.2203E+000, -6.6882E-003
  1.12300E+001,  7.2203E+000,  2.4242E-003
  1.12400E+001,  7.2203E+000, -6.6882E-003
  1.12500E+001,  7.2203E+000,  2.4242E-003
  1.12600E+001,  7.2112E+000, -6.6882E-003
  1.12700E+001,  7.2112E+000, -6.6882E-003
  1.12800E+001,  7.2112E+000, -6.6882E-003
  1.12900E+001,  7.2203E+000, -6.6882E-003
  1.13000E+001,  7.2112E+000, -6.6882E-003
  1.13100E+001,  7.2293E+000,  2.4242E-003
  1.13200E+001,  7.2203E+000,  2.4242E-003
  1.13300E+001,  7.2203E+000,  2.4242E-003
  1.13400E+001,  7.2203E+000,  2.4242E-003
  1.13500E+001,  7.2293E+000,  2.4242E-003
  1.13600E+001,  7.2112E+000, -6.6882E-003
  1.13700E+001,  7.2112E+000,  2.4242E-003
  1.13800E+001,  7.2203E+000, -6.6882E-003
  1.13900E+001,  7.2203E+000,  2.4242E-003
  1.14000E+001,  7.2112E+000, -6.6882E-003
  1.14100E+001,  7.2112E+000, -6.6882E-003
  1.14200E+001,  7.2203E+000, -6.6882E-003
  1.14300E+001,  7.2112E+000,  2.4242E-003
  1.14400E+001,  7.2203E+000,  2.4242E-003
  1.14500E+001,  7.2112E+000,  2.4242E-003
  1.14600E+001,  7.2112E+000,  2.4242E-003
  1.14700E+001,  7.2021E+000, -6.6882E-003
  1.14800E+001,  7.2203E+000,  2.4242E-003
  1.14900E+001,  7.2203E+000, -6.6882E-003
  1.15000E+001,  7.2112E+000,  2.4242E-003
  1.15100E+001,  7.2112E+000,  2.4242E-003
  1.15200E+001,  7.2112E+000, -6.6882E-003
  1.15300E+001,  7.2203E+000,  2.4242E-003
  1.15400E+001,  7.2203E+000, -6.6882E-003
  1.15500E+001,  7.2203E+000,  2.4242E-003
  1.15600E+001,  7.2112E+000,  2.4242E-003
  1.15700E+001,  7.2203E+000,  2.4242E-003
  1.15800E+001,  7.2203E+000,  2.4242E-003
  1.15900E+001,  7.2203E+000,  2.4242E-003
  1.16000E+001,  7.2203E+000,  2.4242E-003
  1.16100E+001,  7.2203E+000,  2.4242E-003
  1.16200E+001,  7.2203E+000,  2.4242E-003
  1.16300E+001,  7.2112E+000,  2.4242E-003
  1.16400E+001,  7.2203E+000,  2.4242E-003
  1.16500E+001,  7.2203E+000,  2.4242E-003
  1.16600E+001,  7.2203E+000,  2.4242E-003
  1.16700E+001,  7.2203E+000,  2.4242E-003
  1.16800E+001,  7.2203E+000,  2.4242E-003
  1.16900E+001,  7.2203E+000,  2.4242E-003
  1.17000E+001,  7.2203E+000,  2.4242E-003
  1.17100E+001,  7.2112E+000, -6.6882E-003
  1.17200E+001,  7.2112E+000, -6.6882E-003
  1.17300E+001,  7.2112E+000, -6.6882E-003
  1.17400E+001,  7.2203E+000,  2.4242E-003
  1.17500E+001,  7.2203E+000,  2.4242E-003
  1.17600E+001,  7.2293E+000,  2.4242E-003
  1.17700E+001,  7.2203E+000,  2.4242E-003
  1.17800E+001,  7.2203E+000,  2.4242E-003
  1.17900E+001,  7.2112E+000,  2.4242E-003
  1.18000E+001,  7.2203E+000,  2.4242E-003
  1.18100E+001,  7.2203E+000,  2.4242E-003
  1.18200E+001,  7.2203E+000,  2.4242E-003
  1.18300E+001,  7.2203E+000,  2.4242E-003
  1.18400E+001,  7.2112E+000,  2.4242E-003
  1.18500E+001,  7.2203E+000,  2.4242E-003
  1.18600E+001,  7.2112E+000, -6.6882E-003
  1.18700E+001,  7.2112E+000,  2.4242E-003
  1.18800E+001,  7.2203E+000,  2.4242E-003
  1.18900E+001,  7.2203E+000, -6.6882E-003
  1.19000E+001,  7.2203E+000,  2.4242E-003
  1.19100E+001,  7.2203E+000,  2.4242E-003
  1.19200E+001,  7.2203E+000,  2.4242E-003
  1.19300E+001,  7.2203E+000,  2.4242E-003
  1.19400E+001,  7.2203E+000,  2.4242E-003
  1.19500E+001,  7.2203E+000,  2.4242E-003
  1.19600E+001,  7.2112E+000, -6.6882E-003
  1.19700E+001,  7.2203E+000,  2.4242E-003
  1.19800E+001,  7.2203E+000,  2.4242E-003
  1.19900E+001,  7.2203E+000, -6.6882E-003
  1.20000E+001,  7.2203E+000,  2.4242E-003
  1.20100E+001,  7.2112E+000,  2.4242E-003
  1.20200E+001,  7.2293E+000,  2.4242E-003
  1.20300E+001,  7.2293E+000,  2.4242E-003
  1.20400E+001,  7.2203E+000,  2.4242E-003
  1.20500E+001,  7.2203E+000,  2.4242E-003
  1.20600E+001,  7.2112E+000, -6.6882E-003
  1.20700E+001,  7.2112E+000,  2.4242E-003
  1.20800E+001,  7.2203E+000,  2.4242E-003
  1.20900E+001,  7.2203E+000,  2.4242E-003
  1.21000E+001,  7.2203E+000,  2.4242E-003
  1.21100E+001,  7.2203E+000,  2.4242E-003
  1.21200E+001,  7.2112E+000,  2.4242E-003
  1.21300E+001,  7.2203E+000,  2.4242E-003
  1.21400E+001,  7.2203E+000,  2.4242E-003
  1.21500E+001,  7.2203E+000,  2.4242E-003
  1.21600E+001,  7.2203E+000,  2.4242E-003
  1.21700E+001,  7.2203E+000, -6.6882E-003
  1.21800E+001,  7.2203E+000,  2.4242E-003
  1.21900E+001,  7.2203E+000, -6.6882E-003
  1.22000E+001,  7.2203E+000,  2.4242E-003
  1.22100E+001,  7.2021E+000,  2.4242E-003
  1.22200E+001,  7.2203E+000, -6.6882E-003
  1.22300E+001,  7.2112E+000,  2.4242E-003
  1.22400E+001,  7.2203E+000,  2.4242E-003
  1.22500E+001,  7.2203E+000,  2.4242E-003
  1.22600E+001,  7.2203E+000,  2.4242E-003
  1.22700E+001,  7.2112E+000,  2.4242E-003
  1.22800E+001,  7.2203E+000,  2.4242E-003
  1.22900E+001,  7.2203E+000,  2.4242E-003
  1.23000E+001,  7.2203E+000,  2.4242E-003
  1.23100E+001,  7.2203E+000,  2.4242E-003
  1.23200E+001,  7.2112E+000,  2.4242E-003
  1.23300E+001,  7.2203E+000,  2.4242E-003
  1.23400E+001,  7.2112E+000, -6.6882E-003
  1.23500E+001,  7.2203E+000,  2.4242E-003
  1.23600E+001,  7.2203E+000,  2.4242E-003
  1.23700E+001,  7.2112E+000,  2.4242E-003
  1.23800E+001,  7.2203E+000, -6.6882E-003
  1.23900E+001,  7.2293E+000, -6.6882E-003
  1.24000E+001,  7.2203E+000,  2.4242E-003
  1.24100E+001,  7.2203E+000,  2.4242E-003
  1.24200E+001,  7.2203E+000, -6.6882E-003
  1.24300E+001,  7.2203E+000,  2.4242E-003
  1.24400E+001,  7.2203E+000, -6.6882E-003
  1.24500E+001,  7.2203E+000, -6.6882E-003
  1.24600E+001,  7.2203E+000,  2.4242E-003
  1.24700E+001,  7.2203E+000,  2.4242E-003
  1.24800E+001,  7.2293E+000,  2.4242E-003
  1.24900E+001,  7.2203E+000,  2.4242E-003
  1.25000E+001,  7.2203E+000,  2.4242E-003
  1.25100E+001,  7.2203E+000,  2.4242E-003
  1.25200E+001,  7.2293E+000,  2.4242E-003
  1.25300E+001,  7.2203E+000,  2.4242E-003
  1.25400E+001,  7.2203E+000,  2.4242E-003
  1.25500E+001,  7.2203E+000,  2.4242E-003
  1.25600E+001,  7.2203E+000, -6.6882E-003
  1.25700E+001,  7.2203E+000,  2.4242E-003
  1.25800E+001,  7.2203E+000,  2.4242E-003
  1.25900E+001,  7.2203E+000,  2.4242E-003
  1.26000E+001,  7.2203E+000,  2.4242E-003
  1.26100E+001,  7.2203E+000,  2.4242E-003
  1.26200E+001,  7.2203E+000,  2.4242E-003
  1.26300E+001,  7.2203E+000,  2.4242E-003
  1.26400E+001,  7.2112E+000,  2.4242E-003
  1.26500E+001,  7.2112E+000, -6.6882E-003
  1.26600E+001,  7.2112E+000, -6.6882E-003
  1.26700E+001,  7.2203E+000,  2.4242E-003
  1.26800E+001,  7.2203E+000,  2.4242E-003
  1.26900E+001,  7.2112E+000,  2.4242E-003
  1.27000E+001,  7.2112E+000,  2.4242E-003
  1.27100E+001,  7.2112E+000, -6.6882E-003
  1.27200E+001,  7.2293E+000,  2.4242E-003
  1.27300E+001,  7.2203E+000,  2.4242E-003
  1.27400E+001,  7.2203E+000,  2.4242E-003
  1.27500E+001,  7.2112E+000, -6.6882E-003
  1.27600E+001,  7.2112E+000, -6.6882E-003
  1.27700E+001,  7.2203E+000,  2.4242E-003
  1.27800E+001,  7.2203E+000,  2.4242E-003
  1.27900E+001,  7.2203E+000,  2.4242E-003
  1.28000E+001,  7.2203E+000, -6.6882E-003
  1.28100E+001,  7.2203E+000,  2.4242E-003
  1.28200E+001,  7.2203E+000,  2.4242E-003
  1.28300E+001,  7.2293E+000,  2.4242E-003
  1.28400E+001,  7.2203E+000,  2.4242E-003
  1.28500E+001,  7.2203E+000,  2.4242E-003
  1.28600E+001,  7.2203E+000,  2.4242E-003
  1.28700E+001,  7.2203E+000,  2.4242E-003
  1.28800E+001,  7.2293E+000,  2.4242E-003
  1.28900E+001,  7.2203E+000,  2.4242E-003
  1.29000E+001,  7.2112E+000, -6.6882E-003
  1.29100E+001,  7.2112E+000, -6.6882E-003
  1.29200E+001,  7.2112E+000, -6.6882E-003
  1.29300E+001,  7.2203E+000, -6.6882E-003
  1.29400E+001,  7.2293E+000,  2.4242E-003
  1.29500E+001,  7.2293E+000,  2.4242E-003
  1.29600E+001,  7.2203E+000,  2.4242E-003
  1.29700E+001,  7.2203E+000,  2.4242E-003
  1.29800E+001,  7.2203E+000,  2.4242E-003
  1.29900E+001,  7.2293E+000, -6.6882E-003
  1.30000E+001,  7.2112E+000, -6.6882E-003
  1.30100E+001,  7.2293E+000,  2.4242E-003
  1.30200E+001,  7.2203E+000, -6.6882E-003
  1.30300E+001,  7.2203E+000,  2.4242E-003
  1.30400E+001,  7.2203E+000, -6.6882E-003
  1.30500E+001,  7.2203E+000,  2.4242E-003
  1.30600E+001,  7.2203E+000,  2.4242E-003
  1.30700E+001,  7.2203E+000, -6.6882E-003
  1.30800E+001,  7.2203E+000,  2.4242E-003
  1.30900E+001,  7.2203E+000,  2.4242E-003
  1.31000E+001,  7.2203E+000,  2.4242E-003
  1.31100E+001,  7.2203E+000, -6.6882E-003
  1.31200E+001,  7.2112E+000, -6.6882E-003
  1.31300E+001,  7.2203E+000, -6.6882E-003
  1.31400E+001,  7.2293E+000, -6.6882E-003
  1.31500E+001,  7.2203E+000, -6.6882E-003
  1.31600E+001,  7.2203E+000, -6.6882E-003
  1.31700E+001,  7.2203E+000,  2.4242E-003
  1.31800E+001,  7.2112E+000,  2.4242E-003
  1.31900E+001,  7.2203E+000, -6.6882E-003
  1.32000E+001,  7.2203E+000, -6.6882E-003
