# [Parameters]
# Name = 'imp02'
# ShotNo = *****
# SubShotNO = 1
# Date = '11/07/2012 17:52'
#
# DimNo = 1
# DimName = 'Time'
# DimSize = 1310
# DimUnit = 's'
#
# ValNo = 3
# ValName = 'CIV', 'OVI', 'Lya'
# ValUnit = 'V', 'V', 'V'
#
# [Comments]
# CIV: 2s-2p (1549 A), OVI: 2s-2p (1034 A), Lya: 1s-2p (1216 A)
#
# [Data]
    0.0100,    -0.0010,     0.0024,    -0.0010, 
    0.0200,    -0.0010,    -0.0024,    -0.0010, 
    0.0300,    -0.0010,     0.0024,    -0.0010, 
    0.0400,    -0.0010,    -0.0024,     0.0039, 
    0.0500,    -0.0010,    -0.0024,    -0.0010, 
    0.0600,    -0.0010,    -0.0024,    -0.0010, 
    0.0700,    -0.0010,     0.0024,     0.0039, 
    0.0800,    -0.0010,    -0.0024,    -0.0010, 
    0.0900,    -0.0010,    -0.0024,    -0.0010, 
    0.1000,     0.0039,     0.0024,     0.0039, 
    0.1100,    -0.0010,     0.0024,    -0.0010, 
    0.1200,    -0.0010,    -0.0024,    -0.0010, 
    0.1300,    -0.0010,     0.0024,    -0.0010, 
    0.1400,    -0.0010,    -0.0024,     0.0039, 
    0.1500,    -0.0059,    -0.0073,    -0.0010, 
    0.1600,    -0.0010,    -0.0024,    -0.0010, 
    0.1700,     0.0039,     0.0024,     0.0039, 
    0.1800,    -0.0010,    -0.0024,    -0.0010, 
    0.1900,    -0.0059,    -0.0024,    -0.0010, 
    0.2000,    -0.0010,     0.0024,    -0.0010, 
    0.2100,    -0.0010,     0.0024,     0.0039, 
    0.2200,    -0.0010,    -0.0024,    -0.0059, 
    0.2300,     0.0039,     0.0024,    -0.0010, 
    0.2400,     0.0039,    -0.0024,     0.0039, 
    0.2500,    -0.0010,    -0.0024,    -0.0010, 
    0.2600,    -0.0010,    -0.0024,    -0.0059, 
    0.2700,    -0.0010,    -0.0024,    -0.0010, 
    0.2800,     0.0039,    -0.0024,    -0.0010, 
    0.2900,    -0.0010,    -0.0024,    -0.0010, 
    0.3000,    -0.0010,     0.0024,     0.0039, 
    0.3100,    -0.0010,     0.0024,    -0.0010, 
    0.3200,    -0.0059,    -0.0024,    -0.0010, 
    0.3300,    -0.0010,    -0.0024,    -0.0010, 
    0.3400,    -0.0010,    -0.0024,     0.0039, 
    0.3500,    -0.0010,    -0.0024,    -0.0010, 
    0.3600,    -0.0010,    -0.0024,    -0.0010, 
    0.3700,    -0.0010,     0.0024,     0.0039, 
    0.3800,    -0.0010,     0.0024,    -0.0010, 
    0.3900,    -0.0010,    -0.0024,    -0.0010, 
    0.4000,    -0.0010,     0.0024,    -0.0010, 
    0.4100,    -0.0010,    -0.0024,     0.0039, 
    0.4200,    -0.0059,    -0.0073,    -0.0010, 
    0.4300,    -0.0010,     0.0024,     0.0039, 
    0.4400,    -0.0010,     0.0024,     0.0039, 
    0.4500,    -0.0010,    -0.0024,    -0.0010, 
    0.4600,    -0.0010,    -0.0024,    -0.0010, 
    0.4700,     0.0039,     0.0024,     0.0039, 
    0.4800,    -0.0010,     0.0024,     0.0039, 
    0.4900,    -0.0010,    -0.0024,    -0.0010, 
    0.5000,    -0.0010,    -0.0024,    -0.0010, 
    0.5100,     0.0039,     0.0024,     0.0039, 
    0.5200,     0.0039,    -0.0024,    -0.0010, 
    0.5300,    -0.0010,     0.0024,     0.0039, 
    0.5400,    -0.0010,     0.0024,    -0.0010, 
    0.5500,    -0.0010,    -0.0024,    -0.0059, 
    0.5600,    -0.0010,     0.0024,    -0.0010, 
    0.5700,    -0.0010,     0.0024,     0.0039, 
    0.5800,    -0.0010,     0.0024,    -0.0010, 
    0.5900,    -0.0010,    -0.0024,     0.0039, 
    0.6000,    -0.0010,    -0.0024,     0.0039, 
    0.6100,     0.0039,     0.0024,     0.0039, 
    0.6200,    -0.0010,     0.0024,    -0.0010, 
    0.6300,    -0.0010,    -0.0024,    -0.0010, 
    0.6400,     0.0039,     0.0024,     0.0039, 
    0.6500,    -0.0010,    -0.0024,    -0.0010, 
    0.6600,    -0.0010,     0.0024,     0.0039, 
    0.6700,    -0.0010,     0.0024,    -0.0010, 
    0.6800,     0.0039,     0.0024,    -0.0010, 
    0.6900,    -0.0059,    -0.0024,    -0.0010, 
    0.7000,    -0.0010,    -0.0024,     0.0039, 
    0.7100,     0.0039,     0.0024,     0.0039, 
    0.7200,    -0.0010,     0.0024,    -0.0010, 
    0.7300,    -0.0010,    -0.0024,    -0.0010, 
    0.7400,     0.0039,    -0.0024,     0.0039, 
    0.7500,    -0.0010,    -0.0024,    -0.0010, 
    0.7600,     0.0039,    -0.0024,     0.0039, 
    0.7700,     0.0039,     0.0024,    -0.0010, 
    0.7800,     0.0039,    -0.0024,     0.0039, 
    0.7900,    -0.0010,    -0.0073,    -0.0010, 
    0.8000,    -0.0010,     0.0024,    -0.0010, 
    0.8100,     0.0039,     0.0024,     0.0039, 
    0.8200,     0.0039,    -0.0024,     0.0039, 
    0.8300,    -0.0010,    -0.0024,    -0.0010, 
    0.8400,     0.0039,     0.0024,     0.0039, 
    0.8500,    -0.0010,    -0.0024,    -0.0010, 
    0.8600,     0.0039,     0.0024,     0.0039, 
    0.8700,    -0.0010,    -0.0024,     0.0039, 
    0.8800,    -0.0010,    -0.0024,    -0.0010, 
    0.8900,    -0.0059,    -0.0073,    -0.0010, 
    0.9000,     0.0039,    -0.0024,    -0.0010, 
    0.9100,     0.0039,     0.0024,     0.0039, 
    0.9200,    -0.0010,     0.0024,    -0.0010, 
    0.9300,    -0.0010,     0.0024,    -0.0010, 
    0.9400,     0.0039,     0.0024,     0.0039, 
    0.9500,    -0.0059,    -0.0024,    -0.0059, 
    0.9600,    -0.0010,     0.0024,    -0.0010, 
    0.9700,    -0.0010,    -0.0024,     0.0039, 
    0.9800,    -0.0010,    -0.0024,     0.0039, 
    0.9900,    -0.0010,    -0.0073,    -0.0010, 
    1.0000,    -0.0010,     0.0024,    -0.0010, 
    1.0100,     0.0088,     0.0024,     0.0039, 
    1.0200,    -0.0010,    -0.0024,    -0.0010, 
    1.0300,    -0.0010,    -0.0073,    -0.0010, 
    1.0400,    -0.0010,    -0.0024,     0.0039, 
    1.0500,    -0.0010,    -0.0024,    -0.0059, 
    1.0600,     0.0039,     0.0024,    -0.0010, 
    1.0700,    -0.0010,     0.0024,    -0.0010, 
    1.0800,     0.0039,     0.0024,     0.0039, 
    1.0900,    -0.0010,    -0.0024,    -0.0010, 
    1.1000,    -0.0010,    -0.0024,    -0.0010, 
    1.1100,     0.0039,     0.0024,     0.0039, 
    1.1200,    -0.0010,    -0.0073,    -0.0010, 
    1.1300,     0.0039,    -0.0024,    -0.0010, 
    1.1400,    -0.0010,     0.0024,     0.0039, 
    1.1500,    -0.0010,    -0.0024,    -0.0010, 
    1.1600,    -0.0010,    -0.0024,    -0.0010, 
    1.1700,    -0.0010,     0.0024,    -0.0010, 
    1.1800,    -0.0010,     0.0024,    -0.0010, 
    1.1900,    -0.0010,    -0.0024,    -0.0010, 
    1.2000,    -0.0010,    -0.0024,    -0.0010, 
    1.2100,     0.0039,     0.0024,     0.0088, 
    1.2200,    -0.0010,    -0.0024,    -0.0010, 
    1.2300,    -0.0010,    -0.0024,     0.0039, 
    1.2400,     0.0039,     0.0024,     0.0039, 
    1.2500,    -0.0010,    -0.0024,    -0.0010, 
    1.2600,    -0.0010,    -0.0024,     0.0039, 
    1.2700,    -0.0010,     0.0024,    -0.0010, 
    1.2800,     0.0039,     0.0024,     0.0039, 
    1.2900,    -0.0010,    -0.0024,    -0.0010, 
    1.3000,    -0.0059,    -0.0024,    -0.0059, 
    1.3100,     0.0039,     0.0024,     0.0039, 
    1.3200,    -0.0059,    -0.0024,    -0.0010, 
    1.3300,    -0.0010,     0.0024,     0.0039, 
    1.3400,    -0.0010,     0.0024,     0.0039, 
    1.3500,    -0.0010,     0.0024,    -0.0010, 
    1.3600,    -0.0010,     0.0024,     0.0039, 
    1.3700,    -0.0010,    -0.0024,     0.0039, 
    1.3800,    -0.0010,     0.0024,     0.0039, 
    1.3900,    -0.0010,     0.0024,    -0.0010, 
    1.4000,    -0.0059,    -0.0024,    -0.0010, 
    1.4100,     0.0039,     0.0024,     0.0039, 
    1.4200,    -0.0059,    -0.0024,    -0.0010, 
    1.4300,    -0.0010,    -0.0024,    -0.0010, 
    1.4400,     0.0039,     0.0024,     0.0039, 
    1.4500,    -0.0010,    -0.0024,    -0.0010, 
    1.4600,    -0.0010,    -0.0024,     0.0039, 
    1.4700,    -0.0010,    -0.0024,    -0.0010, 
    1.4800,    -0.0010,    -0.0024,     0.0039, 
    1.4900,    -0.0010,    -0.0024,    -0.0010, 
    1.5000,    -0.0059,    -0.0024,     0.0039, 
    1.5100,     0.0039,     0.0073,     0.0039, 
    1.5200,    -0.0010,    -0.0024,    -0.0010, 
    1.5300,    -0.0010,    -0.0024,    -0.0010, 
    1.5400,     0.0039,     0.0024,     0.0039, 
    1.5500,    -0.0010,     0.0024,    -0.0010, 
    1.5600,     0.0039,    -0.0024,    -0.0010, 
    1.5700,    -0.0010,    -0.0024,    -0.0010, 
    1.5800,    -0.0010,     0.0024,     0.0039, 
    1.5900,     0.0039,    -0.0024,    -0.0010, 
    1.6000,    -0.0059,     0.0024,    -0.0059, 
    1.6100,     0.0039,     0.0024,     0.0039, 
    1.6200,    -0.0010,    -0.0024,    -0.0010, 
    1.6300,     0.0039,    -0.0024,    -0.0010, 
    1.6400,     0.0039,     0.0024,     0.0039, 
    1.6500,    -0.0010,    -0.0024,    -0.0010, 
    1.6600,    -0.0010,     0.0024,    -0.0010, 
    1.6700,     0.0039,     0.0024,     0.0039, 
    1.6800,    -0.0010,     0.0024,     0.0039, 
    1.6900,    -0.0010,     0.0024,     0.0039, 
    1.7000,    -0.0010,    -0.0073,    -0.0010, 
    1.7100,     0.0039,     0.0024,     0.0088, 
    1.7200,    -0.0010,    -0.0024,    -0.0010, 
    1.7300,    -0.0010,     0.0024,    -0.0010, 
    1.7400,     0.0039,     0.0024,     0.0039, 
    1.7500,    -0.0010,     0.0024,    -0.0010, 
    1.7600,    -0.0010,     0.0024,     0.0039, 
    1.7700,    -0.0010,    -0.0024,    -0.0010, 
    1.7800,     0.0039,     0.0024,     0.0039, 
    1.7900,     0.0039,     0.0024,    -0.0010, 
    1.8000,    -0.0059,    -0.0024,    -0.0010, 
    1.8100,     0.0039,     0.0073,     0.0039, 
    1.8200,    -0.0010,    -0.0024,    -0.0010, 
    1.8300,    -0.0010,    -0.0024,    -0.0010, 
    1.8400,     0.0039,     0.0024,     0.0039, 
    1.8500,    -0.0010,    -0.0024,    -0.0010, 
    1.8600,    -0.0010,    -0.0024,     0.0039, 
    1.8700,    -0.0010,     0.0024,    -0.0010, 
    1.8800,     0.0039,     0.0024,     0.0039, 
    1.8900,     0.0039,     0.0024,     0.0039, 
    1.9000,    -0.0059,    -0.0024,    -0.0059, 
    1.9100,     0.0039,     0.0073,     0.0088, 
    1.9200,    -0.0010,    -0.0024,    -0.0010, 
    1.9300,    -0.0010,     0.0024,    -0.0010, 
    1.9400,     0.0039,    -0.0024,     0.0039, 
    1.9500,    -0.0059,    -0.0024,    -0.0010, 
    1.9600,    -0.0010,     0.0024,    -0.0010, 
    1.9700,    -0.0010,     0.0024,    -0.0010, 
    1.9800,    -0.0010,     0.0024,     0.0039, 
    1.9900,     0.0039,    -0.0024,     0.0039, 
    2.0000,    -0.0059,    -0.0024,    -0.0059, 
    2.0100,     0.0039,     0.0024,     0.0088, 
    2.0200,    -0.0010,    -0.0024,    -0.0010, 
    2.0300,    -0.0010,    -0.0024,    -0.0010, 
    2.0400,     0.0039,     0.0024,     0.0039, 
    2.0500,    -0.0010,    -0.0024,    -0.0010, 
    2.0600,    -0.0010,    -0.0024,     0.0039, 
    2.0700,    -0.0010,     0.0024,    -0.0010, 
    2.0800,     0.0039,     0.0024,    -0.0010, 
    2.0900,     0.0039,    -0.0024,     0.0039, 
    2.1000,    -0.0059,    -0.0024,    -0.0059, 
    2.1100,     0.0039,     0.0024,     0.0039, 
    2.1200,    -0.0010,     0.0024,    -0.0059, 
    2.1300,    -0.0010,    -0.0024,    -0.0010, 
    2.1400,     0.0088,     0.0024,     0.0088, 
    2.1500,    -0.0059,    -0.0024,    -0.0059, 
    2.1600,    -0.0010,    -0.0024,    -0.0010, 
    2.1700,    -0.0010,    -0.0024,    -0.0010, 
    2.1800,     0.0039,     0.0024,     0.0039, 
    2.1900,     0.0039,    -0.0024,     0.0039, 
    2.2000,    -0.0010,    -0.0024,    -0.0059, 
    2.2100,     0.0039,     0.0073,     0.0039, 
    2.2200,    -0.0010,    -0.0024,    -0.0010, 
    2.2300,    -0.0010,    -0.0024,    -0.0010, 
    2.2400,     0.0039,     0.0024,     0.0088, 
    2.2500,    -0.0010,    -0.0024,    -0.0059, 
    2.2600,    -0.0010,    -0.0024,    -0.0010, 
    2.2700,    -0.0010,    -0.0024,     0.0039, 
    2.2800,     0.0039,    -0.0024,     0.0039, 
    2.2900,     0.0039,    -0.0024,     0.0039, 
    2.3000,    -0.0059,    -0.0024,    -0.0010, 
    2.3100,     0.0039,     0.0024,     0.0039, 
    2.3200,    -0.0010,     0.0024,    -0.0010, 
    2.3300,    -0.0010,    -0.0024,    -0.0010, 
    2.3400,     0.0039,     0.0024,     0.0039, 
    2.3500,    -0.0010,    -0.0024,    -0.0010, 
    2.3600,    -0.0010,    -0.0024,     0.0039, 
    2.3700,    -0.0010,     0.0024,     0.0039, 
    2.3800,    -0.0010,    -0.0024,     0.0039, 
    2.3900,     0.0039,    -0.0024,     0.0039, 
    2.4000,    -0.0059,    -0.0024,    -0.0059, 
    2.4100,     0.0039,     0.0024,     0.0039, 
    2.4200,    -0.0010,    -0.0024,    -0.0010, 
    2.4300,    -0.0010,    -0.0024,    -0.0010, 
    2.4400,     0.0039,     0.0024,     0.0088, 
    2.4500,    -0.0059,     0.0024,    -0.0059, 
    2.4600,    -0.0010,    -0.0024,    -0.0010, 
    2.4700,    -0.0010,     0.0024,     0.0039, 
    2.4800,     0.0039,     0.0024,    -0.0059, 
    2.4900,    -0.0010,    -0.0024,     0.0039, 
    2.5000,    -0.0059,    -0.0024,    -0.0059, 
    2.5100,     0.0039,     0.0073,     0.0039, 
    2.5200,    -0.0010,    -0.0024,    -0.0010, 
    2.5300,    -0.0059,    -0.0024,    -0.0010, 
    2.5400,     0.0039,     0.0024,     0.0039, 
    2.5500,    -0.0059,    -0.0024,    -0.0059, 
    2.5600,    -0.0010,    -0.0024,     0.0039, 
    2.5700,    -0.0010,     0.0024,     0.0039, 
    2.5800,    -0.0010,     0.0024,    -0.0010, 
    2.5900,     0.0039,    -0.0024,     0.0039, 
    2.6000,    -0.0107,    -0.0024,    -0.0059, 
    2.6100,     0.0039,     0.0024,     0.0039, 
    2.6200,    -0.0010,    -0.0024,     0.0039, 
    2.6300,    -0.0010,    -0.0024,    -0.0010, 
    2.6400,     0.0039,     0.0024,     0.0039, 
    2.6500,    -0.0059,    -0.0024,    -0.0010, 
    2.6600,    -0.0010,     0.0024,     0.0039, 
    2.6700,     0.0039,    -0.0024,    -0.0010, 
    2.6800,    -0.0010,     0.0024,    -0.0010, 
    2.6900,     0.0039,     0.0024,     0.0039, 
    2.7000,    -0.0107,    -0.0024,    -0.0059, 
    2.7100,     0.0039,     0.0024,     0.0039, 
    2.7200,    -0.0010,     0.0024,     0.0039, 
    2.7300,    -0.0059,    -0.0073,    -0.0059, 
    2.7400,    -0.0010,    -0.0024,     0.0039, 
    2.7500,    -0.0059,     0.0024,    -0.0059, 
    2.7600,    -0.0059,     0.0024,     0.0039, 
    2.7700,    -0.0010,     0.0024,     0.0039, 
    2.7800,    -0.0010,     0.0024,     0.0039, 
    2.7900,    -0.0010,    -0.0024,     0.0039, 
    2.8000,    -0.0059,    -0.0024,    -0.0010, 
    2.8100,     0.0039,     0.0073,     0.0039, 
    2.8200,    -0.0010,    -0.0024,     0.0039, 
    2.8300,    -0.0010,    -0.0073,    -0.0010, 
    2.8400,     0.0039,     0.0024,     0.0088, 
    2.8500,    -0.0010,     0.0024,    -0.0010, 
    2.8600,    -0.0010,    -0.0024,    -0.0010, 
    2.8700,    -0.0010,     0.0024,     0.0039, 
    2.8800,    -0.0010,    -0.0024,    -0.0010, 
    2.8900,    -0.0010,     0.0024,    -0.0010, 
    2.9000,    -0.0059,     0.0024,    -0.0059, 
    2.9100,    -0.0010,     0.0024,     0.0039, 
    2.9200,    -0.0010,    -0.0024,     0.0039, 
    2.9300,    -0.0010,    -0.0073,    -0.0059, 
    2.9400,     0.0039,     0.0024,     0.0039, 
    2.9500,    -0.0010,    -0.0024,    -0.0010, 
    2.9600,    -0.0010,    -0.0024,    -0.0010, 
    2.9700,     0.0039,    -0.0024,     0.0039, 
    2.9800,     0.0039,     0.0024,     0.0039, 
    2.9900,     0.0039,     0.0024,    -0.0010, 
    3.0000,    -0.0010,    -0.0024,    -0.0059, 
    3.0100,     0.0039,     0.0073,     0.0039, 
    3.0200,    -0.0010,    -0.0024,     0.0039, 
    3.0300,    -0.0059,    -0.0073,    -0.0059, 
    3.0400,     0.0039,     0.0024,     0.0039, 
    3.0500,    -0.0010,    -0.0024,    -0.0010, 
    3.0600,    -0.0010,    -0.0024,     0.0039, 
    3.0700,     0.0039,     0.0024,     0.0039, 
    3.0800,    -0.0010,     0.0024,     0.0039, 
    3.0900,     0.0039,     0.0024,    -0.0010, 
    3.1000,    -0.0059,    -0.0024,    -0.0059, 
    3.1100,     0.0039,     0.0073,     0.0039, 
    3.1200,    -0.0010,    -0.0024,    -0.0010, 
    3.1300,    -0.0010,    -0.0024,    -0.0010, 
    3.1400,     0.0039,     0.0024,     0.0039, 
    3.1500,    -0.0010,    -0.0024,    -0.0010, 
    3.1600,    -0.0010,    -0.0024,     0.0039, 
    3.1700,    -0.0010,     0.0024,    -0.0010, 
    3.1800,    -0.0010,     0.0024,    -0.0010, 
    3.1900,    -0.0010,     0.0024,    -0.0010, 
    3.2000,    -0.0010,     0.0024,     0.1748, 
    3.2100,     0.1064,     0.0513,     0.7510, 
    3.2200,     0.2627,     0.0659,     0.7119, 
    3.2300,     0.5068,     0.2905,     1.0537, 
    3.2400,     0.3018,     0.6909,     1.3955, 
    3.2500,     0.3213,     0.4077,     1.6104, 
    3.2600,     0.3750,     0.4272,     1.6836, 
    3.2700,     0.3701,     0.4761,     1.6641, 
    3.2800,     0.3457,     0.4907,     1.7715, 
    3.2900,     0.4482,     0.5249,     1.7129, 
    3.3000,     0.3408,     0.5249,     1.7813, 
    3.3100,     0.3457,     0.4517,     1.8984, 
    3.3200,     0.4189,     0.3833,     2.6504, 
    3.3300,     0.5508,     0.3931,     3.7490, 
    3.3400,     0.6143,     0.4126,     4.7207, 
    3.3500,     0.6240,     0.4468,     5.7119, 
    3.3600,     0.6777,     0.5005,     6.5273, 
    3.3700,     0.6729,     0.4858,     7.4111, 
    3.3800,     0.6436,     0.5005,     7.8555, 
    3.3900,     0.6777,     0.5298,     8.7148, 
    3.4000,     0.6924,     0.5249,     9.2715, 
    3.4100,     0.6582,     0.5640,    10.0186, 
    3.4200,     0.6680,     0.5347,    10.0186, 
    3.4300,     0.6826,     0.5396,    10.0186, 
    3.4400,     0.6533,     0.5591,    10.0186, 
    3.4500,     0.6387,     0.5640,    10.0186, 
    3.4600,     0.5996,     0.5640,    10.0186, 
    3.4700,     0.6240,     0.6177,    10.0186, 
    3.4800,     0.7900,     0.6079,    10.0186, 
    3.4900,     0.5996,     0.5786,    10.0186, 
    3.5000,     0.6777,     0.6128,    10.0186, 
    3.5100,     0.8145,     0.6665,    10.0186, 
    3.5200,     1.1025,     0.5933,    10.0186, 
    3.5300,     1.3174,     0.6470,    10.0186, 
    3.5400,     1.2734,     0.6665,    10.0186, 
    3.5500,     1.4932,     0.6860,    10.0186, 
    3.5600,     2.0547,     0.7349,    10.0186, 
    3.5700,     1.7520,     0.7300,    10.0186, 
    3.5800,     2.1182,     0.8618,    10.0186, 
    3.5900,     2.1377,     0.8569,    10.0186, 
    3.6000,     2.5381,     0.9644,    10.0186, 
    3.6100,     2.1914,     1.0034,    10.0186, 
    3.6200,     2.9922,     1.3599,    10.0186, 
    3.6300,     2.2402,     1.3501,    10.0186, 
    3.6400,     2.8701,     0.7544,    10.0186, 
    3.6500,     1.6152,     0.7104,    10.0186, 
    3.6600,     1.9326,     0.6372,    10.0186, 
    3.6700,     1.7471,     0.6958,    10.0186, 
    3.6800,     2.3672,     0.9155,    10.0186, 
    3.6900,     2.1621,     0.8130,    10.0186, 
    3.7000,     2.8848,     0.7642,    10.0186, 
    3.7100,     3.2754,     0.8813,    10.0186, 
    3.7200,     2.7627,     0.7788,    10.0186, 
    3.7300,     2.2793,     0.7349,    10.0186, 
    3.7400,     2.1084,     0.6616,    10.0186, 
    3.7500,     2.4697,     0.8032,    10.0186, 
    3.7600,     2.4111,     0.7690,    10.0088, 
    3.7700,     3.1094,     0.8862,    10.0186, 
    3.7800,     2.2598,     0.8228,    10.0186, 
    3.7900,     2.8311,     0.8521,    10.0186, 
    3.8000,     2.3525,     0.7837,     9.6963, 
    3.8100,     2.5039,     0.9155,    10.0186, 
    3.8200,     2.7139,     0.8423,     9.8379, 
    3.8300,     2.7334,     0.7739,     9.7012, 
    3.8400,     2.6357,     0.8081,     9.9697, 
    3.8500,     2.7285,     0.7935,     9.9258, 
    3.8600,     2.9043,     0.8374,     9.7939, 
    3.8700,     2.9678,     0.8716,     9.7744, 
    3.8800,     2.0498,     0.7007,     9.5693, 
    3.8900,     2.5967,     0.8813,     9.7695, 
    3.9000,     2.2451,     0.8130,     9.9063, 
    3.9100,     2.4990,     0.8521,     9.7842, 
    3.9200,     1.4883,     0.9399,    10.0186, 
    3.9300,     2.2793,     0.8032,     9.8818, 
    3.9400,     3.0947,     0.9546,     9.7207, 
    3.9500,     1.8203,     0.8813,    10.0186, 
    3.9600,     2.6895,     0.9448,     9.5498, 
    3.9700,     2.4746,     0.8276,     9.7207, 
    3.9800,     1.6934,     0.8667,    10.0186, 
    3.9900,     2.6650,     0.9058,     9.7207, 
    4.0000,     2.2305,     0.8472,     9.4668, 
    4.0100,     2.5430,     0.9058,     9.5254, 
    4.0200,     2.6357,     0.9302,     9.5840, 
    4.0300,     2.9678,     0.9155,     9.3447, 
    4.0400,     2.2891,     0.8472,     9.3984, 
    4.0500,     2.6455,     1.0181,     9.5352, 
    4.0600,     2.4453,     0.9204,     9.2373, 
    4.0700,     2.6357,     0.8911,     9.0713, 
    4.0800,     2.0791,     0.8179,     8.7881, 
    4.0900,     2.5527,     0.8716,     8.8760, 
    4.1000,     2.4502,     0.7983,     8.3682, 
    4.1100,     2.6113,     0.8081,     8.5635, 
    4.1200,     1.9033,     0.7056,     8.7002, 
    4.1300,     2.4600,     0.7837,     8.5488, 
    4.1400,     2.8457,     0.9692,     8.5146, 
    4.1500,     2.8164,     0.8423,     8.3242, 
    4.1600,     3.0996,     0.9741,     8.8125, 
    4.1700,     3.0703,     0.9106,     8.5195, 
    4.1800,     3.3438,     0.9448,     8.6709, 
    4.1900,     3.9053,     0.8813,     8.8857, 
    4.2000,     3.5244,     0.8911,     8.4219, 
    4.2100,     3.8809,     0.9497,     8.9688, 
    4.2200,     3.9492,     0.8472,     8.2168, 
    4.2300,     4.0029,     0.8667,     8.1436, 
    4.2400,     4.2471,     0.9985,     8.2559, 
    4.2500,     3.9785,     0.9937,     8.6270, 
    4.2600,     3.1240,     1.1841,     8.6221, 
    4.2700,     2.1426,     1.9995,     8.9883, 
    4.2800,     2.3770,     1.3110,     9.6035, 
    4.2900,     2.0010,     1.0571,     9.6914, 
    4.3000,     2.5332,     1.1841,    10.0186, 
    4.3100,     2.1572,     1.1108,     9.7158, 
    4.3200,     2.3184,     1.0571,    10.0186, 
    4.3300,     1.9961,     0.9448,     9.8086, 
    4.3400,     2.1816,     1.0181,     9.5449, 
    4.3500,     1.7031,     0.8667,     8.7539, 
    4.3600,     1.5566,     0.9204,     9.8232, 
    4.3700,     1.8545,     0.9351,    10.0186, 
    4.3800,     1.9570,     1.0474,    10.0186, 
    4.3900,     1.8301,     0.8325,    10.0186, 
    4.4000,     1.6104,     0.7837,    10.0186, 
    4.4100,     1.5664,     0.7788,    10.0186, 
    4.4200,     1.2441,     0.7056,    10.0186, 
    4.4300,     1.5078,     0.7202,    10.0186, 
    4.4400,     1.1270,     0.6860,     8.8369, 
    4.4500,     1.2979,     0.7251,    10.0186, 
    4.4600,     0.9268,     0.6860,    10.0186, 
    4.4700,     1.3076,     0.7202,    10.0186, 
    4.4800,     0.9414,     0.6665,     9.9746, 
    4.4900,     0.7559,     0.6470,     9.7500, 
    4.5000,     0.7266,     0.6567,     9.5156, 
    4.5100,     0.7656,     0.6616,     9.6719, 
    4.5200,     0.7119,     0.6274,    10.0186, 
    4.5300,     0.6240,     0.6079,     9.0957, 
    4.5400,     0.5605,     0.5933,     8.6318, 
    4.5500,     0.6240,     0.6665,    10.0186, 
    4.5600,     0.5801,     0.6421,     9.7793, 
    4.5700,     0.5703,     0.5737,     8.7881, 
    4.5800,     0.4824,     0.5786,     8.7441, 
    4.5900,     0.4824,     0.5933,     8.3682, 
    4.6000,     0.4482,     0.5591,     8.4951, 
    4.6100,     0.4336,     0.5591,     8.4707, 
    4.6200,     0.4189,     0.5640,     8.2656, 
    4.6300,     0.4482,     0.5688,     7.7627, 
    4.6400,     0.4189,     0.5347,     8.0068, 
    4.6500,     0.4287,     0.5835,     8.0850, 
    4.6600,     0.4141,     0.5591,     7.8311, 
    4.6700,     0.4189,     0.5688,     7.8604, 
    4.6800,     0.3750,     0.5542,     8.0557, 
    4.6900,     0.3164,     0.5493,     7.8848, 
    4.7000,     0.3457,     0.5347,     7.6846, 
    4.7100,     0.3750,     0.5444,     7.9678, 
    4.7200,     0.3359,     0.5249,     7.6602, 
    4.7300,     0.3018,     0.5249,     7.7334, 
    4.7400,     0.3457,     0.5542,     7.4551, 
    4.7500,     0.3506,     0.5103,     7.6992, 
    4.7600,     0.3555,     0.5249,     7.5723, 
    4.7700,     0.3066,     0.5444,     7.4453, 
    4.7800,     0.3018,     0.5103,     7.3574, 
    4.7900,     0.2871,     0.5249,     7.2207, 
    4.8000,     0.2920,     0.5396,     7.1621, 
    4.8100,     0.2969,     0.4907,     7.1621, 
    4.8200,     0.3164,     0.5298,     7.1768, 
    4.8300,     0.2871,     0.5347,     7.1377, 
    4.8400,     0.2920,     0.5298,     7.0986, 
    4.8500,     0.2676,     0.5200,     7.0547, 
    4.8600,     0.2969,     0.5249,     7.0547, 
    4.8700,     0.2578,     0.5054,     7.0156, 
    4.8800,     0.2773,     0.5103,     6.9814, 
    4.8900,     0.2822,     0.5151,     6.9570, 
    4.9000,     0.2773,     0.5103,     6.9570, 
    4.9100,     0.2627,     0.5200,     6.9082, 
    4.9200,     0.2529,     0.5005,     6.7813, 
    4.9300,     0.2578,     0.5396,     6.7568, 
    4.9400,     0.2285,     0.5054,     6.7666, 
    4.9500,     0.2529,     0.5200,     6.7275, 
    4.9600,     0.2480,     0.5103,     6.6445, 
    4.9700,     0.1992,     0.5151,     6.6299, 
    4.9800,     0.2627,     0.5249,     6.4932, 
    4.9900,     0.2432,     0.5005,     6.4785, 
    5.0000,     0.2383,     0.5005,     6.3613, 
    5.0100,     0.2480,     0.4907,     6.2930, 
    5.0200,     0.2090,     0.4858,     6.4346, 
    5.0300,     0.2188,     0.4956,     6.4590, 
    5.0400,     0.2090,     0.4858,     6.2197, 
    5.0500,     0.2090,     0.4907,     6.2100, 
    5.0600,     0.1992,     0.4761,     6.0830, 
    5.0700,     0.1992,     0.4810,     6.2051, 
    5.0800,     0.2139,     0.4907,     6.0146, 
    5.0900,     0.2090,     0.5005,     6.0049, 
    5.1000,     0.2090,     0.5347,     6.0879, 
    5.1100,     0.2383,     0.5054,     5.9316, 
    5.1200,     0.2139,     0.4810,     5.9854, 
    5.1300,     0.2041,     0.4761,     5.8779, 
    5.1400,     0.2041,     0.4761,     6.0195, 
    5.1500,     0.1943,     0.4858,     5.8145, 
    5.1600,     0.1797,     0.5103,     5.8145, 
    5.1700,     0.1846,     0.4956,     5.8145, 
    5.1800,     0.2041,     0.4858,     5.7656, 
    5.1900,     0.1846,     0.4565,     5.6582, 
    5.2000,     0.1992,     0.4663,     5.8047, 
    5.2100,     0.1895,     0.4663,     5.6680, 
    5.2200,     0.1943,     0.4712,     5.6875, 
    5.2300,     0.1992,     0.4614,     5.6875, 
    5.2400,     0.1650,     0.4517,     5.4629, 
    5.2500,     0.2188,     0.4907,     5.2871, 
    5.2600,     0.2041,     0.4858,     5.1162, 
    5.2700,     0.2188,     0.4907,     4.9746, 
    5.2800,     0.2236,     0.4614,     4.7451, 
    5.2900,     0.2480,     0.4468,     4.7891, 
    5.3000,     0.2676,     0.4810,     4.8086, 
    5.3100,     0.3359,     0.4761,     4.5205, 
    5.3200,     0.4385,     0.4907,     4.0908, 
    5.3300,     0.5703,     0.4419,     3.7979, 
    5.3400,     0.7412,     0.5249,     3.5391, 
    5.3500,     0.6729,     0.6372,     3.1484, 
    5.3600,     0.8096,     0.2612,     3.2656, 
    5.3700,     0.3213,     0.2466,     2.8311, 
    5.3800,     0.2773,     0.3345,     2.3623, 
    5.3900,     0.4336,     0.3833,     2.2891, 
    5.4000,     0.6191,     0.4565,     2.2256, 
    5.4100,     0.8291,     0.5737,     2.0986, 
    5.4200,     1.0488,     0.7397,     2.1816, 
    5.4300,     1.8594,     1.0229,     2.7969, 
    5.4400,     1.7715,     1.2476,     3.3389, 
    5.4500,     3.0654,     1.8091,     4.3154, 
    5.4600,     3.0996,     0.6909,     8.9932, 
    5.4700,     0.0039,     0.0024,     2.3086, 
    5.4800,    -0.0010,    -0.0024,     0.3115, 
    5.4900,    -0.0059,    -0.0024,     0.0527, 
    5.5000,    -0.0059,    -0.0024,     0.0088, 
    5.5100,    -0.0010,    -0.0024,    -0.0010, 
    5.5200,    -0.0059,     0.0024,    -0.0010, 
    5.5300,    -0.0010,    -0.0024,    -0.0010, 
    5.5400,    -0.0010,    -0.0024,    -0.0059, 
    5.5500,    -0.0010,    -0.0024,    -0.0010, 
    5.5600,    -0.0010,    -0.0024,    -0.0010, 
    5.5700,    -0.0010,    -0.0024,    -0.0010, 
    5.5800,    -0.0010,    -0.0024,    -0.0059, 
    5.5900,    -0.0010,    -0.0024,    -0.0059, 
    5.6000,    -0.0010,    -0.0024,    -0.0010, 
    5.6100,    -0.0010,    -0.0024,    -0.0010, 
    5.6200,    -0.0010,    -0.0024,    -0.0010, 
    5.6300,    -0.0010,    -0.0073,    -0.0010, 
    5.6400,    -0.0059,    -0.0024,    -0.0059, 
    5.6500,    -0.0010,    -0.0024,    -0.0010, 
    5.6600,    -0.0010,     0.0024,    -0.0010, 
    5.6700,    -0.0010,    -0.0024,    -0.0010, 
    5.6800,    -0.0010,    -0.0024,    -0.0010, 
    5.6900,    -0.0010,    -0.0024,    -0.0010, 
    5.7000,    -0.0059,    -0.0024,    -0.0010, 
    5.7100,    -0.0010,    -0.0024,    -0.0010, 
    5.7200,    -0.0010,    -0.0073,    -0.0010, 
    5.7300,    -0.0010,    -0.0024,    -0.0010, 
    5.7400,    -0.0010,    -0.0024,    -0.0010, 
    5.7500,    -0.0010,    -0.0073,    -0.0010, 
    5.7600,    -0.0010,    -0.0024,    -0.0010, 
    5.7700,    -0.0010,    -0.0024,    -0.0010, 
    5.7800,    -0.0010,    -0.0024,    -0.0010, 
    5.7900,    -0.0010,     0.0024,    -0.0010, 
    5.8000,    -0.0059,    -0.0024,    -0.0010, 
    5.8100,    -0.0010,    -0.0024,     0.0039, 
    5.8200,    -0.0059,    -0.0024,    -0.0010, 
    5.8300,    -0.0010,    -0.0024,     0.0039, 
    5.8400,    -0.0010,     0.0024,     0.0039, 
    5.8500,    -0.0010,    -0.0024,    -0.0010, 
    5.8600,    -0.0010,    -0.0024,    -0.0010, 
    5.8700,    -0.0010,    -0.0024,    -0.0010, 
    5.8800,    -0.0010,    -0.0024,    -0.0010, 
    5.8900,     0.0039,     0.0024,    -0.0010, 
    5.9000,    -0.0059,    -0.0024,    -0.0059, 
    5.9100,    -0.0010,    -0.0024,    -0.0010, 
    5.9200,    -0.0010,     0.0024,    -0.0010, 
    5.9300,    -0.0010,    -0.0024,    -0.0010, 
    5.9400,    -0.0010,     0.0024,    -0.0010, 
    5.9500,    -0.0010,    -0.0073,     0.0039, 
    5.9600,    -0.0010,    -0.0024,    -0.0010, 
    5.9700,    -0.0059,     0.0024,    -0.0010, 
    5.9800,    -0.0010,    -0.0024,    -0.0010, 
    5.9900,    -0.0010,     0.0024,    -0.0010, 
    6.0000,    -0.0010,    -0.0024,    -0.0010, 
    6.0100,    -0.0010,     0.0024,    -0.0010, 
    6.0200,    -0.0010,     0.0024,    -0.0010, 
    6.0300,    -0.0010,    -0.0024,    -0.0010, 
    6.0400,     0.0039,     0.0024,     0.0039, 
    6.0500,    -0.0010,    -0.0024,    -0.0010, 
    6.0600,    -0.0059,    -0.0024,    -0.0010, 
    6.0700,    -0.0059,    -0.0024,    -0.0010, 
    6.0800,    -0.0010,    -0.0024,    -0.0010, 
    6.0900,     0.0039,     0.0024,     0.0039, 
    6.1000,    -0.0010,    -0.0024,    -0.0010, 
    6.1100,    -0.0010,     0.0024,     0.0039, 
    6.1200,    -0.0010,    -0.0024,    -0.0010, 
    6.1300,    -0.0010,     0.0024,    -0.0010, 
    6.1400,     0.0039,     0.0024,     0.0039, 
    6.1500,    -0.0010,     0.0024,    -0.0010, 
    6.1600,    -0.0010,     0.0024,    -0.0010, 
    6.1700,    -0.0010,    -0.0024,    -0.0010, 
    6.1800,    -0.0059,    -0.0024,    -0.0010, 
    6.1900,     0.0039,     0.0024,    -0.0010, 
    6.2000,    -0.0010,    -0.0024,    -0.0010, 
    6.2100,    -0.0010,     0.0024,    -0.0010, 
    6.2200,    -0.0010,    -0.0024,    -0.0010, 
    6.2300,    -0.0010,    -0.0024,    -0.0010, 
    6.2400,    -0.0010,     0.0024,    -0.0010, 
    6.2500,    -0.0059,    -0.0024,    -0.0010, 
    6.2600,    -0.0010,     0.0024,    -0.0010, 
    6.2700,    -0.0010,    -0.0024,    -0.0010, 
    6.2800,    -0.0010,    -0.0024,    -0.0010, 
    6.2900,    -0.0010,     0.0024,    -0.0010, 
    6.3000,    -0.0010,    -0.0073,    -0.0010, 
    6.3100,     0.0039,     0.0024,    -0.0010, 
    6.3200,     0.0039,     0.0024,    -0.0010, 
    6.3300,    -0.0010,    -0.0024,     0.0039, 
    6.3400,    -0.0010,     0.0024,     0.0039, 
    6.3500,    -0.0010,    -0.0024,     0.0039, 
    6.3600,    -0.0010,     0.0024,     0.0039, 
    6.3700,    -0.0010,    -0.0024,    -0.0010, 
    6.3800,    -0.0010,    -0.0024,    -0.0010, 
    6.3900,     0.0039,     0.0024,    -0.0010, 
    6.4000,    -0.0010,    -0.0024,    -0.0010, 
    6.4100,     0.0039,     0.0024,    -0.0010, 
    6.4200,    -0.0010,    -0.0024,    -0.0010, 
    6.4300,    -0.0010,     0.0024,    -0.0010, 
    6.4400,    -0.0010,     0.0024,     0.0039, 
    6.4500,    -0.0010,    -0.0024,    -0.0010, 
    6.4600,    -0.0010,     0.0024,    -0.0010, 
    6.4700,    -0.0010,    -0.0024,     0.0039, 
    6.4800,    -0.0010,    -0.0024,    -0.0010, 
    6.4900,    -0.0010,     0.0024,     0.0039, 
    6.5000,    -0.0010,    -0.0024,    -0.0010, 
    6.5100,    -0.0010,     0.0024,    -0.0010, 
    6.5200,    -0.0010,    -0.0024,     0.0039, 
    6.5300,    -0.0010,    -0.0024,    -0.0010, 
    6.5400,    -0.0010,     0.0024,     0.0039, 
    6.5500,    -0.0010,    -0.0024,    -0.0010, 
    6.5600,    -0.0010,     0.0024,    -0.0010, 
    6.5700,    -0.0010,    -0.0024,    -0.0010, 
    6.5800,    -0.0010,    -0.0024,    -0.0010, 
    6.5900,    -0.0010,     0.0024,     0.0039, 
    6.6000,    -0.0010,    -0.0024,    -0.0010, 
    6.6100,    -0.0010,    -0.0024,    -0.0010, 
    6.6200,     0.0039,     0.0024,     0.0039, 
    6.6300,    -0.0010,    -0.0024,    -0.0010, 
    6.6400,    -0.0010,     0.0024,     0.0039, 
    6.6500,    -0.0010,     0.0024,    -0.0010, 
    6.6600,    -0.0010,    -0.0024,     0.0039, 
    6.6700,    -0.0010,    -0.0024,    -0.0010, 
    6.6800,    -0.0059,     0.0024,    -0.0010, 
    6.6900,     0.0039,     0.0024,    -0.0010, 
    6.7000,    -0.0010,    -0.0024,    -0.0010, 
    6.7100,    -0.0010,    -0.0024,    -0.0010, 
    6.7200,    -0.0010,     0.0024,     0.0039, 
    6.7300,    -0.0059,    -0.0073,    -0.0010, 
    6.7400,    -0.0010,     0.0024,     0.0039, 
    6.7500,    -0.0010,    -0.0024,     0.0039, 
    6.7600,    -0.0010,     0.0024,    -0.0010, 
    6.7700,    -0.0010,     0.0024,    -0.0010, 
    6.7800,    -0.0010,     0.0024,    -0.0010, 
    6.7900,    -0.0010,     0.0024,     0.0039, 
    6.8000,    -0.0010,    -0.0024,    -0.0010, 
    6.8100,    -0.0010,    -0.0024,    -0.0010, 
    6.8200,    -0.0010,     0.0024,    -0.0010, 
    6.8300,    -0.0010,     0.0024,    -0.0010, 
    6.8400,     0.0039,     0.0024,     0.0039, 
    6.8500,    -0.0010,     0.0024,    -0.0010, 
    6.8600,    -0.0010,     0.0024,    -0.0010, 
    6.8700,    -0.0010,    -0.0024,    -0.0010, 
    6.8800,    -0.0010,    -0.0024,    -0.0010, 
    6.8900,     0.0039,     0.0024,     0.0039, 
    6.9000,    -0.0010,    -0.0024,    -0.0010, 
    6.9100,    -0.0010,    -0.0024,    -0.0010, 
    6.9200,    -0.0010,     0.0024,    -0.0010, 
    6.9300,    -0.0010,    -0.0024,    -0.0010, 
    6.9400,     0.0039,     0.0024,     0.0039, 
    6.9500,    -0.0010,    -0.0073,    -0.0010, 
    6.9600,    -0.0010,    -0.0024,    -0.0010, 
    6.9700,    -0.0010,     0.0024,     0.0039, 
    6.9800,    -0.0059,    -0.0024,    -0.0010, 
    6.9900,     0.0039,     0.0024,     0.0039, 
    7.0000,    -0.0010,    -0.0024,    -0.0010, 
    7.0100,    -0.0010,     0.0024,    -0.0010, 
    7.0200,    -0.0010,    -0.0024,     0.0039, 
    7.0300,    -0.0010,    -0.0073,    -0.0010, 
    7.0400,     0.0039,     0.0024,     0.0039, 
    7.0500,    -0.0010,     0.0024,    -0.0010, 
    7.0600,    -0.0010,    -0.0024,    -0.0010, 
    7.0700,    -0.0010,    -0.0024,    -0.0010, 
    7.0800,    -0.0010,    -0.0024,    -0.0010, 
    7.0900,     0.0039,     0.0024,     0.0039, 
    7.1000,    -0.0059,     0.0024,    -0.0010, 
    7.1100,    -0.0010,    -0.0024,     0.0039, 
    7.1200,    -0.0010,     0.0024,    -0.0010, 
    7.1300,    -0.0059,    -0.0024,    -0.0059, 
    7.1400,    -0.0010,     0.0024,     0.0039, 
    7.1500,    -0.0010,    -0.0024,    -0.0010, 
    7.1600,    -0.0010,    -0.0024,    -0.0010, 
    7.1700,    -0.0010,     0.0024,     0.0039, 
    7.1800,    -0.0059,     0.0024,    -0.0010, 
    7.1900,     0.0039,     0.0024,    -0.0010, 
    7.2000,    -0.0010,    -0.0024,    -0.0010, 
    7.2100,     0.0039,     0.0024,     0.0039, 
    7.2200,    -0.0010,     0.0024,    -0.0010, 
    7.2300,    -0.0010,    -0.0024,    -0.0059, 
    7.2400,     0.0039,     0.0024,     0.0039, 
    7.2500,    -0.0010,    -0.0024,    -0.0010, 
    7.2600,    -0.0059,    -0.0024,    -0.0010, 
    7.2700,    -0.0010,     0.0024,     0.0039, 
    7.2800,    -0.0010,    -0.0024,    -0.0059, 
    7.2900,    -0.0010,     0.0024,     0.0039, 
    7.3000,    -0.0059,    -0.0024,    -0.0010, 
    7.3100,    -0.0010,    -0.0024,    -0.0010, 
    7.3200,    -0.0010,    -0.0024,    -0.0010, 
    7.3300,    -0.0059,    -0.0024,    -0.0010, 
    7.3400,    -0.0010,     0.0024,     0.0039, 
    7.3500,    -0.0010,    -0.0024,    -0.0010, 
    7.3600,    -0.0010,    -0.0024,     0.0039, 
    7.3700,    -0.0010,     0.0024,    -0.0010, 
    7.3800,    -0.0059,    -0.0024,    -0.0059, 
    7.3900,     0.0039,     0.0024,     0.0039, 
    7.4000,    -0.0010,    -0.0024,    -0.0010, 
    7.4100,    -0.0010,    -0.0024,    -0.0010, 
    7.4200,    -0.0010,     0.0024,    -0.0010, 
    7.4300,    -0.0010,    -0.0024,    -0.0010, 
    7.4400,    -0.0010,     0.0024,     0.0039, 
    7.4500,    -0.0010,    -0.0024,    -0.0010, 
    7.4600,    -0.0010,     0.0024,    -0.0010, 
    7.4700,    -0.0010,    -0.0024,    -0.0010, 
    7.4800,    -0.0010,    -0.0024,    -0.0010, 
    7.4900,    -0.0010,     0.0024,     0.0039, 
    7.5000,    -0.0010,    -0.0024,    -0.0010, 
    7.5100,     0.0039,    -0.0024,    -0.0010, 
    7.5200,    -0.0010,     0.0024,    -0.0010, 
    7.5300,    -0.0059,    -0.0024,    -0.0010, 
    7.5400,     0.0039,     0.0024,    -0.0010, 
    7.5500,    -0.0010,    -0.0024,    -0.0059, 
    7.5600,    -0.0010,    -0.0024,    -0.0010, 
    7.5700,    -0.0010,     0.0024,     0.0039, 
    7.5800,    -0.0010,    -0.0024,    -0.0010, 
    7.5900,     0.0039,     0.0024,     0.0039, 
    7.6000,    -0.0059,    -0.0024,    -0.0010, 
    7.6100,    -0.0010,    -0.0024,    -0.0010, 
    7.6200,     0.0039,     0.0024,     0.0039, 
    7.6300,    -0.0010,    -0.0024,    -0.0059, 
    7.6400,    -0.0010,     0.0024,     0.0039, 
    7.6500,    -0.0010,    -0.0024,    -0.0010, 
    7.6600,    -0.0010,     0.0024,     0.0039, 
    7.6700,    -0.0010,     0.0024,     0.0039, 
    7.6800,    -0.0059,    -0.0024,    -0.0059, 
    7.6900,     0.0039,     0.0024,    -0.0010, 
    7.7000,    -0.0010,     0.0024,    -0.0059, 
    7.7100,    -0.0010,    -0.0024,    -0.0010, 
    7.7200,    -0.0010,     0.0024,     0.0039, 
    7.7300,    -0.0010,    -0.0024,    -0.0010, 
    7.7400,     0.0039,     0.0024,     0.0039, 
    7.7500,    -0.0010,    -0.0024,    -0.0010, 
    7.7600,    -0.0010,    -0.0024,    -0.0010, 
    7.7700,     0.0039,     0.0024,    -0.0010, 
    7.7800,    -0.0010,    -0.0024,    -0.0010, 
    7.7900,    -0.0010,     0.0024,     0.0039, 
    7.8000,    -0.0010,     0.0024,    -0.0010, 
    7.8100,    -0.0010,    -0.0024,    -0.0010, 
    7.8200,    -0.0010,    -0.0024,    -0.0010, 
    7.8300,    -0.0010,    -0.0024,    -0.0059, 
    7.8400,     0.0039,    -0.0024,    -0.0010, 
    7.8500,    -0.0010,    -0.0024,    -0.0010, 
    7.8600,    -0.0010,    -0.0024,    -0.0010, 
    7.8700,    -0.0010,    -0.0024,     0.0039, 
    7.8800,    -0.0010,    -0.0024,    -0.0010, 
    7.8900,     0.0039,     0.0024,     0.0039, 
    7.9000,    -0.0059,    -0.0024,    -0.0010, 
    7.9100,    -0.0010,     0.0024,    -0.0010, 
    7.9200,    -0.0010,    -0.0024,     0.0039, 
    7.9300,    -0.0010,    -0.0024,    -0.0059, 
    7.9400,     0.0039,     0.0024,     0.0039, 
    7.9500,    -0.0010,    -0.0024,     0.0039, 
    7.9600,     0.0039,     0.0024,    -0.0010, 
    7.9700,     0.0039,     0.0024,    -0.0010, 
    7.9800,    -0.0059,    -0.0024,    -0.0059, 
    7.9900,     0.0039,     0.0024,     0.0039, 
    8.0000,     0.0039,    -0.0024,     0.0039, 
    8.0100,     0.0039,     0.0024,     0.0039, 
    8.0200,     0.0039,     0.0024,    -0.0010, 
    8.0300,    -0.0059,    -0.0024,    -0.0059, 
    8.0400,    -0.0010,     0.0024,    -0.0010, 
    8.0500,    -0.0010,    -0.0073,    -0.0010, 
    8.0600,    -0.0010,    -0.0024,    -0.0010, 
    8.0700,     0.0039,    -0.0024,     0.0039, 
    8.0800,    -0.0010,    -0.0024,    -0.0010, 
    8.0900,     0.0039,     0.0024,    -0.0010, 
    8.1000,    -0.0010,    -0.0024,    -0.0010, 
    8.1100,    -0.0010,    -0.0024,     0.0039, 
    8.1200,     0.0039,     0.0024,     0.0039, 
    8.1300,    -0.0059,    -0.0024,    -0.0059, 
    8.1400,    -0.0010,     0.0024,     0.0039, 
    8.1500,    -0.0010,    -0.0024,    -0.0010, 
    8.1600,    -0.0010,    -0.0024,    -0.0010, 
    8.1700,     0.0039,     0.0024,     0.0039, 
    8.1800,    -0.0059,    -0.0073,    -0.0059, 
    8.1900,     0.0039,     0.0024,     0.0039, 
    8.2000,    -0.0010,    -0.0024,    -0.0010, 
    8.2100,    -0.0010,     0.0024,     0.0088, 
    8.2200,     0.0039,     0.0024,     0.0039, 
    8.2300,    -0.0059,    -0.0024,    -0.0010, 
    8.2400,     0.0039,     0.0024,     0.0039, 
    8.2500,    -0.0010,    -0.0024,    -0.0010, 
    8.2600,    -0.0010,    -0.0024,    -0.0010, 
    8.2700,     0.0039,     0.0024,     0.0039, 
    8.2800,    -0.0059,    -0.0024,    -0.0059, 
    8.2900,    -0.0010,     0.0024,     0.0039, 
    8.3000,    -0.0010,    -0.0024,    -0.0010, 
    8.3100,    -0.0010,    -0.0024,     0.0039, 
    8.3200,    -0.0010,     0.0024,     0.0039, 
    8.3300,    -0.0059,    -0.0024,    -0.0059, 
    8.3400,     0.0039,     0.0024,     0.0039, 
    8.3500,    -0.0010,    -0.0024,    -0.0010, 
    8.3600,    -0.0010,    -0.0024,    -0.0010, 
    8.3700,     0.0039,     0.0024,     0.0039, 
    8.3800,    -0.0010,    -0.0024,    -0.0059, 
    8.3900,     0.0039,     0.0024,     0.0039, 
    8.4000,    -0.0010,    -0.0024,    -0.0010, 
    8.4100,    -0.0010,     0.0024,    -0.0010, 
    8.4200,     0.0039,    -0.0024,     0.0039, 
    8.4300,    -0.0059,    -0.0024,    -0.0010, 
    8.4400,     0.0039,     0.0024,     0.0039, 
    8.4500,    -0.0010,    -0.0024,    -0.0010, 
    8.4600,     0.0039,     0.0024,    -0.0010, 
    8.4700,     0.0039,     0.0024,     0.0039, 
    8.4800,    -0.0059,    -0.0073,    -0.0059, 
    8.4900,     0.0039,     0.0024,    -0.0010, 
    8.5000,    -0.0010,     0.0024,    -0.0010, 
    8.5100,    -0.0010,    -0.0024,    -0.0010, 
    8.5200,     0.0039,    -0.0024,     0.0039, 
    8.5300,    -0.0059,    -0.0024,    -0.0059, 
    8.5400,    -0.0010,    -0.0024,    -0.0010, 
    8.5500,    -0.0010,     0.0024,    -0.0010, 
    8.5600,    -0.0010,    -0.0024,     0.0039, 
    8.5700,     0.0039,    -0.0024,     0.0039, 
    8.5800,    -0.0059,    -0.0024,    -0.0059, 
    8.5900,    -0.0010,     0.0024,     0.0039, 
    8.6000,    -0.0010,    -0.0024,     0.0039, 
    8.6100,    -0.0010,    -0.0024,    -0.0010, 
    8.6200,     0.0039,     0.0024,     0.0039, 
    8.6300,    -0.0059,    -0.0073,    -0.0059, 
    8.6400,    -0.0010,     0.0024,    -0.0010, 
    8.6500,    -0.0010,    -0.0024,     0.0039, 
    8.6600,    -0.0010,    -0.0024,    -0.0010, 
    8.6700,     0.0039,    -0.0024,     0.0039, 
    8.6800,    -0.0059,    -0.0024,    -0.0059, 
    8.6900,     0.0039,     0.0024,     0.0039, 
    8.7000,    -0.0010,    -0.0024,     0.0039, 
    8.7100,    -0.0010,    -0.0024,     0.0039, 
    8.7200,     0.0039,    -0.0024,     0.0039, 
    8.7300,    -0.0059,    -0.0024,    -0.0059, 
    8.7400,     0.0039,     0.0024,     0.0039, 
    8.7500,    -0.0010,    -0.0024,    -0.0010, 
    8.7600,    -0.0010,    -0.0024,     0.0039, 
    8.7700,     0.0039,     0.0024,     0.0039, 
    8.7800,    -0.0059,    -0.0073,    -0.0059, 
    8.7900,     0.0039,     0.0024,     0.0039, 
    8.8000,    -0.0010,    -0.0024,    -0.0010, 
    8.8100,    -0.0010,    -0.0024,     0.0039, 
    8.8200,     0.0039,     0.0024,     0.0088, 
    8.8300,    -0.0107,    -0.0024,    -0.0059, 
    8.8400,     0.0039,     0.0024,     0.0039, 
    8.8500,    -0.0010,    -0.0024,     0.0039, 
    8.8600,    -0.0010,    -0.0024,    -0.0010, 
    8.8700,    -0.0010,     0.0024,     0.0039, 
    8.8800,    -0.0059,     0.0024,    -0.0059, 
    8.8900,     0.0039,    -0.0024,     0.0039, 
    8.9000,    -0.0010,    -0.0024,     0.0039, 
    8.9100,    -0.0010,    -0.0024,    -0.0010, 
    8.9200,     0.0039,     0.0024,     0.0039, 
    8.9300,    -0.0059,    -0.0024,    -0.0059, 
    8.9400,    -0.0010,     0.0024,     0.0039, 
    8.9500,    -0.0010,     0.0024,     0.0039, 
    8.9600,    -0.0010,    -0.0024,    -0.0010, 
    8.9700,     0.0039,     0.0024,     0.0039, 
    8.9800,    -0.0059,    -0.0024,    -0.0010, 
    8.9900,     0.0039,     0.0024,    -0.0010, 
    9.0000,    -0.0010,     0.0024,     0.0039, 
    9.0100,    -0.0010,    -0.0024,     0.0039, 
    9.0200,    -0.0010,     0.0024,     0.0039, 
    9.0300,    -0.0059,    -0.0024,    -0.0059, 
    9.0400,    -0.0010,     0.0024,     0.0039, 
    9.0500,    -0.0010,    -0.0024,     0.0039, 
    9.0600,    -0.0010,    -0.0024,    -0.0059, 
    9.0700,     0.0039,    -0.0024,     0.0039, 
    9.0800,    -0.0059,     0.0024,    -0.0059, 
    9.0900,     0.0039,     0.0024,    -0.0010, 
    9.1000,    -0.0010,    -0.0024,    -0.0010, 
    9.1100,    -0.0010,     0.0024,     0.0039, 
    9.1200,     0.0039,     0.0024,     0.0039, 
    9.1300,    -0.0010,    -0.0024,    -0.0010, 
    9.1400,    -0.0010,     0.0024,     0.0039, 
    9.1500,    -0.0010,     0.0024,    -0.0010, 
    9.1600,    -0.0010,    -0.0024,    -0.0010, 
    9.1700,     0.0039,     0.0024,     0.0039, 
    9.1800,    -0.0059,    -0.0024,    -0.0010, 
    9.1900,    -0.0010,     0.0024,     0.0039, 
    9.2000,    -0.0010,     0.0024,     0.0039, 
    9.2100,    -0.0010,    -0.0024,     0.0039, 
    9.2200,     0.0039,     0.0024,    -0.0010, 
    9.2300,    -0.0010,    -0.0024,    -0.0059, 
    9.2400,     0.0039,     0.0024,     0.0039, 
    9.2500,    -0.0010,    -0.0024,    -0.0010, 
    9.2600,    -0.0010,    -0.0024,    -0.0010, 
    9.2700,     0.0039,     0.0024,     0.0039, 
    9.2800,    -0.0010,    -0.0024,    -0.0059, 
    9.2900,     0.0039,     0.0024,    -0.0010, 
    9.3000,     0.0039,     0.0024,     0.0039, 
    9.3100,    -0.0010,     0.0024,     0.0039, 
    9.3200,     0.0039,     0.0024,    -0.0010, 
    9.3300,    -0.0059,    -0.0024,    -0.0010, 
    9.3400,    -0.0010,     0.0024,     0.0039, 
    9.3500,    -0.0010,    -0.0024,     0.0039, 
    9.3600,    -0.0010,    -0.0024,    -0.0010, 
    9.3700,     0.0039,    -0.0024,     0.0039, 
    9.3800,    -0.0010,    -0.0024,    -0.0059, 
    9.3900,     0.0039,     0.0024,    -0.0010, 
    9.4000,    -0.0010,    -0.0024,    -0.0010, 
    9.4100,    -0.0010,    -0.0024,    -0.0010, 
    9.4200,    -0.0010,     0.0024,     0.0039, 
    9.4300,    -0.0010,    -0.0024,    -0.0059, 
    9.4400,     0.0039,     0.0024,     0.0039, 
    9.4500,    -0.0010,    -0.0024,    -0.0010, 
    9.4600,    -0.0010,    -0.0024,    -0.0010, 
    9.4700,     0.0039,     0.0024,     0.0039, 
    9.4800,    -0.0059,    -0.0024,    -0.0010, 
    9.4900,     0.0039,     0.0024,     0.0039, 
    9.5000,    -0.0010,     0.0024,     0.0039, 
    9.5100,    -0.0010,    -0.0024,    -0.0010, 
    9.5200,     0.0039,     0.0024,     0.0039, 
    9.5300,    -0.0010,    -0.0024,    -0.0010, 
    9.5400,     0.0039,     0.0024,     0.0039, 
    9.5500,    -0.0010,    -0.0024,     0.0039, 
    9.5600,    -0.0010,    -0.0024,    -0.0010, 
    9.5700,    -0.0010,     0.0024,     0.0088, 
    9.5800,    -0.0010,    -0.0073,    -0.0059, 
    9.5900,     0.0039,     0.0024,     0.0039, 
    9.6000,    -0.0010,    -0.0024,     0.0039, 
    9.6100,    -0.0010,    -0.0024,    -0.0010, 
    9.6200,     0.0039,     0.0024,     0.0039, 
    9.6300,    -0.0010,    -0.0024,    -0.0010, 
    9.6400,    -0.0010,     0.0024,    -0.0010, 
    9.6500,    -0.0010,    -0.0024,    -0.0010, 
    9.6600,    -0.0010,     0.0024,    -0.0010, 
    9.6700,    -0.0010,    -0.0024,     0.0039, 
    9.6800,    -0.0059,    -0.0024,    -0.0010, 
    9.6900,     0.0039,     0.0024,     0.0039, 
    9.7000,    -0.0010,    -0.0024,     0.0039, 
    9.7100,    -0.0010,    -0.0024,    -0.0010, 
    9.7200,     0.0039,    -0.0024,     0.0039, 
    9.7300,    -0.0010,    -0.0024,    -0.0010, 
    9.7400,     0.0039,     0.0024,     0.0039, 
    9.7500,    -0.0010,     0.0024,     0.0039, 
    9.7600,    -0.0010,    -0.0024,    -0.0059, 
    9.7700,     0.0039,     0.0024,     0.0039, 
    9.7800,    -0.0010,    -0.0024,    -0.0010, 
    9.7900,     0.0039,     0.0024,     0.0039, 
    9.8000,    -0.0010,    -0.0024,    -0.0010, 
    9.8100,    -0.0010,    -0.0024,    -0.0010, 
    9.8200,    -0.0010,     0.0024,    -0.0010, 
    9.8300,    -0.0059,    -0.0024,    -0.0010, 
    9.8400,     0.0039,     0.0024,     0.0039, 
    9.8500,    -0.0010,     0.0024,    -0.0010, 
    9.8600,    -0.0010,    -0.0024,    -0.0010, 
    9.8700,    -0.0010,     0.0024,     0.0039, 
    9.8800,    -0.0010,    -0.0024,    -0.0010, 
    9.8900,     0.0039,     0.0024,     0.0039, 
    9.9000,    -0.0010,     0.0024,    -0.0010, 
    9.9100,    -0.0010,    -0.0024,     0.0039, 
    9.9200,     0.0039,     0.0024,    -0.0010, 
    9.9300,    -0.0010,    -0.0024,    -0.0010, 
    9.9400,     0.0039,     0.0024,     0.0039, 
    9.9500,    -0.0010,    -0.0024,     0.0039, 
    9.9600,     0.0039,    -0.0024,    -0.0010, 
    9.9700,     0.0039,     0.0024,     0.0039, 
    9.9800,    -0.0059,    -0.0024,    -0.0010, 
    9.9900,     0.0039,     0.0024,     0.0039, 
   10.0000,     0.0039,    -0.0024,    -0.0010, 
   10.0100,    -0.0010,    -0.0024,    -0.0010, 
   10.0200,    -0.0010,     0.0024,     0.0039, 
   10.0300,    -0.0010,    -0.0024,    -0.0059, 
   10.0400,     0.0039,     0.0024,     0.0039, 
   10.0500,    -0.0010,     0.0024,    -0.0010, 
   10.0600,    -0.0010,    -0.0024,    -0.0010, 
   10.0700,     0.0039,     0.0024,     0.0039, 
   10.0800,    -0.0010,    -0.0024,    -0.0010, 
   10.0900,    -0.0010,     0.0024,     0.0039, 
   10.1000,    -0.0010,     0.0024,     0.0039, 
   10.1100,    -0.0010,    -0.0024,    -0.0010, 
   10.1200,    -0.0010,     0.0024,    -0.0010, 
   10.1300,    -0.0059,    -0.0024,    -0.0010, 
   10.1400,     0.0039,     0.0024,     0.0039, 
   10.1500,    -0.0010,     0.0024,    -0.0010, 
   10.1600,    -0.0010,    -0.0024,    -0.0010, 
   10.1700,    -0.0010,     0.0024,     0.0039, 
   10.1800,    -0.0010,    -0.0024,    -0.0059, 
   10.1900,     0.0039,     0.0024,     0.0039, 
   10.2000,    -0.0010,     0.0024,    -0.0010, 
   10.2100,    -0.0010,    -0.0024,    -0.0010, 
   10.2200,    -0.0010,     0.0024,     0.0039, 
   10.2300,    -0.0010,    -0.0024,    -0.0010, 
   10.2400,     0.0039,     0.0024,     0.0039, 
   10.2500,    -0.0010,    -0.0024,    -0.0010, 
   10.2600,    -0.0010,    -0.0024,    -0.0010, 
   10.2700,     0.0039,     0.0024,     0.0039, 
   10.2800,    -0.0010,    -0.0024,    -0.0010, 
   10.2900,    -0.0010,     0.0024,     0.0039, 
   10.3000,    -0.0010,    -0.0024,     0.0039, 
   10.3100,    -0.0010,    -0.0024,    -0.0010, 
   10.3200,    -0.0010,     0.0024,    -0.0010, 
   10.3300,    -0.0010,    -0.0024,    -0.0059, 
   10.3400,     0.0039,     0.0024,     0.0039, 
   10.3500,    -0.0010,     0.0024,    -0.0010, 
   10.3600,    -0.0010,    -0.0024,    -0.0010, 
   10.3700,    -0.0010,     0.0024,     0.0039, 
   10.3800,    -0.0010,    -0.0024,    -0.0010, 
   10.3900,     0.0039,     0.0024,     0.0039, 
   10.4000,    -0.0010,    -0.0024,    -0.0010, 
   10.4100,    -0.0010,    -0.0024,    -0.0010, 
   10.4200,     0.0039,     0.0024,     0.0039, 
   10.4300,    -0.0010,    -0.0024,     0.0039, 
   10.4400,    -0.0010,     0.0024,    -0.0010, 
   10.4500,    -0.0010,     0.0024,    -0.0010, 
   10.4600,    -0.0010,    -0.0024,    -0.0010, 
   10.4700,    -0.0010,     0.0024,     0.0039, 
   10.4800,    -0.0010,    -0.0024,    -0.0010, 
   10.4900,     0.0039,     0.0024,    -0.0010, 
   10.5000,     0.0039,     0.0024,     0.0039, 
   10.5100,    -0.0010,    -0.0024,    -0.0010, 
   10.5200,    -0.0010,     0.0024,    -0.0010, 
   10.5300,    -0.0010,     0.0024,     0.0039, 
   10.5400,     0.0039,    -0.0024,    -0.0010, 
   10.5500,     0.0039,     0.0024,     0.0039, 
   10.5600,    -0.0010,    -0.0024,    -0.0010, 
   10.5700,    -0.0010,     0.0024,    -0.0010, 
   10.5800,    -0.0010,    -0.0024,    -0.0010, 
   10.5900,     0.0039,    -0.0024,     0.0039, 
   10.6000,    -0.0010,    -0.0024,    -0.0010, 
   10.6100,    -0.0010,    -0.0024,    -0.0010, 
   10.6200,    -0.0010,    -0.0024,    -0.0010, 
   10.6300,    -0.0010,    -0.0024,    -0.0010, 
   10.6400,    -0.0010,     0.0024,    -0.0010, 
   10.6500,    -0.0010,     0.0024,    -0.0010, 
   10.6600,     0.0039,     0.0024,    -0.0010, 
   10.6700,    -0.0010,     0.0024,    -0.0010, 
   10.6800,    -0.0059,    -0.0024,    -0.0010, 
   10.6900,     0.0039,    -0.0024,     0.0039, 
   10.7000,    -0.0010,     0.0024,     0.0039, 
   10.7100,    -0.0059,    -0.0024,    -0.0059, 
   10.7200,    -0.0010,     0.0024,    -0.0010, 
   10.7300,    -0.0010,    -0.0024,    -0.0010, 
   10.7400,    -0.0010,     0.0024,    -0.0010, 
   10.7500,    -0.0010,    -0.0024,    -0.0010, 
   10.7600,    -0.0010,    -0.0024,    -0.0010, 
   10.7700,    -0.0010,     0.0024,     0.0039, 
   10.7800,    -0.0010,     0.0024,    -0.0010, 
   10.7900,    -0.0010,     0.0024,     0.0039, 
   10.8000,    -0.0010,     0.0024,    -0.0010, 
   10.8100,    -0.0010,    -0.0024,    -0.0010, 
   10.8200,    -0.0010,     0.0024,     0.0039, 
   10.8300,    -0.0010,    -0.0024,    -0.0010, 
   10.8400,     0.0039,     0.0024,     0.0039, 
   10.8500,     0.0039,    -0.0024,    -0.0010, 
   10.8600,    -0.0059,    -0.0024,    -0.0059, 
   10.8700,    -0.0010,     0.0024,    -0.0010, 
   10.8800,    -0.0010,    -0.0024,    -0.0010, 
   10.8900,    -0.0010,     0.0024,    -0.0010, 
   10.9000,    -0.0010,    -0.0024,    -0.0010, 
   10.9100,    -0.0010,    -0.0024,    -0.0010, 
   10.9200,     0.0039,     0.0024,     0.0039, 
   10.9300,    -0.0010,    -0.0024,    -0.0010, 
   10.9400,    -0.0010,    -0.0024,     0.0039, 
   10.9500,    -0.0010,     0.0024,    -0.0010, 
   10.9600,    -0.0010,    -0.0024,    -0.0059, 
   10.9700,     0.0039,     0.0024,     0.0039, 
   10.9800,    -0.0059,    -0.0024,    -0.0010, 
   10.9900,     0.0039,     0.0024,    -0.0010, 
   11.0000,     0.0039,     0.0024,     0.0039, 
   11.0100,    -0.0010,    -0.0024,    -0.0010, 
   11.0200,    -0.0010,     0.0024,    -0.0010, 
   11.0300,    -0.0010,     0.0024,    -0.0010, 
   11.0400,    -0.0010,    -0.0024,     0.0039, 
   11.0500,    -0.0010,     0.0024,    -0.0010, 
   11.0600,    -0.0010,    -0.0073,    -0.0010, 
   11.0700,    -0.0010,     0.0024,     0.0039, 
   11.0800,    -0.0010,    -0.0024,    -0.0010, 
   11.0900,    -0.0010,     0.0024,    -0.0010, 
   11.1000,    -0.0010,    -0.0024,     0.0039, 
   11.1100,    -0.0010,    -0.0024,    -0.0010, 
   11.1200,     0.0039,     0.0024,     0.0039, 
   11.1300,    -0.0010,    -0.0024,    -0.0010, 
   11.1400,    -0.0010,    -0.0024,    -0.0010, 
   11.1500,     0.0039,     0.0024,     0.0039, 
   11.1600,    -0.0010,    -0.0024,    -0.0059, 
   11.1700,    -0.0010,     0.0024,     0.0039, 
   11.1800,    -0.0010,    -0.0024,    -0.0010, 
   11.1900,    -0.0010,    -0.0073,    -0.0010, 
   11.2000,    -0.0010,    -0.0024,    -0.0010, 
   11.2100,    -0.0010,    -0.0024,    -0.0010, 
   11.2200,    -0.0010,     0.0024,     0.0039, 
   11.2300,    -0.0010,     0.0024,    -0.0010, 
   11.2400,    -0.0010,     0.0024,     0.0039, 
   11.2500,    -0.0010,    -0.0024,    -0.0010, 
   11.2600,    -0.0010,    -0.0024,    -0.0010, 
   11.2700,    -0.0010,     0.0024,    -0.0010, 
   11.2800,    -0.0010,    -0.0024,    -0.0010, 
   11.2900,    -0.0010,    -0.0024,    -0.0010, 
   11.3000,    -0.0010,     0.0024,     0.0039, 
   11.3100,    -0.0010,    -0.0024,    -0.0010, 
   11.3200,     0.0039,     0.0024,     0.0039, 
   11.3300,    -0.0010,    -0.0024,    -0.0010, 
   11.3400,     0.0039,    -0.0024,    -0.0010, 
   11.3500,    -0.0010,    -0.0024,    -0.0010, 
   11.3600,    -0.0059,    -0.0024,    -0.0010, 
   11.3700,    -0.0010,     0.0024,    -0.0010, 
   11.3800,     0.0039,    -0.0073,    -0.0010, 
   11.3900,    -0.0010,     0.0024,    -0.0010, 
   11.4000,    -0.0010,    -0.0024,    -0.0010, 
   11.4100,    -0.0059,    -0.0024,    -0.0010, 
   11.4200,    -0.0010,    -0.0024,     0.0039, 
   11.4300,    -0.0010,    -0.0024,    -0.0010, 
   11.4400,    -0.0010,     0.0024,    -0.0010, 
   11.4500,    -0.0010,     0.0024,    -0.0010, 
   11.4600,    -0.0010,    -0.0073,    -0.0010, 
   11.4700,    -0.0010,     0.0024,    -0.0010, 
   11.4800,    -0.0010,    -0.0024,    -0.0010, 
   11.4900,     0.0039,    -0.0024,    -0.0010, 
   11.5000,    -0.0010,    -0.0024,     0.0039, 
   11.5100,    -0.0010,    -0.0024,    -0.0010, 
   11.5200,    -0.0010,     0.0024,     0.0039, 
   11.5300,    -0.0010,     0.0024,    -0.0010, 
   11.5400,    -0.0010,    -0.0024,    -0.0010, 
   11.5500,    -0.0010,     0.0024,    -0.0010, 
   11.5600,    -0.0010,    -0.0024,    -0.0010, 
   11.5700,    -0.0010,     0.0024,     0.0039, 
   11.5800,    -0.0010,     0.0024,    -0.0010, 
   11.5900,    -0.0010,     0.0024,    -0.0010, 
   11.6000,    -0.0010,     0.0024,    -0.0010, 
   11.6100,    -0.0059,    -0.0024,    -0.0010, 
   11.6200,     0.0039,    -0.0024,    -0.0010, 
   11.6300,    -0.0010,    -0.0024,    -0.0010, 
   11.6400,    -0.0010,     0.0024,    -0.0010, 
   11.6500,     0.0039,     0.0024,     0.0039, 
   11.6600,    -0.0010,    -0.0024,    -0.0010, 
   11.6700,    -0.0010,     0.0024,    -0.0010, 
   11.6800,    -0.0010,     0.0024,     0.0039, 
   11.6900,    -0.0010,    -0.0024,    -0.0010, 
   11.7000,     0.0039,     0.0024,     0.0039, 
   11.7100,    -0.0010,    -0.0024,    -0.0010, 
   11.7200,    -0.0010,     0.0024,    -0.0010, 
   11.7300,    -0.0010,     0.0024,    -0.0010, 
   11.7400,    -0.0010,    -0.0024,    -0.0010, 
   11.7500,    -0.0010,    -0.0024,    -0.0010, 
   11.7600,    -0.0010,    -0.0024,    -0.0010, 
   11.7700,    -0.0010,     0.0024,    -0.0010, 
   11.7800,    -0.0010,     0.0024,    -0.0010, 
   11.7900,    -0.0010,    -0.0024,    -0.0010, 
   11.8000,    -0.0010,    -0.0024,     0.0039, 
   11.8100,    -0.0010,    -0.0024,    -0.0010, 
   11.8200,    -0.0010,     0.0024,    -0.0010, 
   11.8300,    -0.0010,    -0.0024,    -0.0010, 
   11.8400,    -0.0010,    -0.0024,    -0.0010, 
   11.8500,     0.0039,    -0.0024,    -0.0010, 
   11.8600,    -0.0010,    -0.0024,     0.0039, 
   11.8700,    -0.0010,     0.0024,    -0.0010, 
   11.8800,    -0.0010,    -0.0024,    -0.0010, 
   11.8900,    -0.0010,    -0.0024,    -0.0010, 
   11.9000,    -0.0010,    -0.0024,    -0.0010, 
   11.9100,    -0.0010,    -0.0024,     0.0039, 
   11.9200,    -0.0010,     0.0024,     0.0039, 
   11.9300,    -0.0010,    -0.0024,    -0.0010, 
   11.9400,    -0.0010,    -0.0024,     0.0039, 
   11.9500,     0.0039,     0.0024,    -0.0010, 
   11.9600,     0.0039,    -0.0024,     0.0039, 
   11.9700,    -0.0010,     0.0024,    -0.0010, 
   11.9800,    -0.0010,    -0.0024,    -0.0010, 
   11.9900,    -0.0010,    -0.0024,    -0.0010, 
   12.0000,    -0.0010,    -0.0024,    -0.0010, 
   12.0100,    -0.0010,    -0.0024,    -0.0010, 
   12.0200,    -0.0010,     0.0024,    -0.0010, 
   12.0300,    -0.0010,    -0.0024,    -0.0010, 
   12.0400,    -0.0010,    -0.0024,     0.0039, 
   12.0500,    -0.0010,     0.0024,     0.0039, 
   12.0600,     0.0039,    -0.0024,    -0.0010, 
   12.0700,    -0.0010,     0.0024,     0.0039, 
   12.0800,    -0.0010,     0.0024,     0.0039, 
   12.0900,    -0.0010,    -0.0024,    -0.0010, 
   12.1000,    -0.0010,     0.0024,    -0.0010, 
   12.1100,    -0.0010,    -0.0024,    -0.0010, 
   12.1200,     0.0039,     0.0024,    -0.0010, 
   12.1300,    -0.0010,    -0.0024,    -0.0010, 
   12.1400,    -0.0010,    -0.0024,     0.0039, 
   12.1500,     0.0039,     0.0024,    -0.0010, 
   12.1600,    -0.0010,    -0.0073,    -0.0010, 
   12.1700,    -0.0010,     0.0024,     0.0039, 
   12.1800,    -0.0010,     0.0024,    -0.0010, 
   12.1900,    -0.0010,    -0.0024,    -0.0010, 
   12.2000,    -0.0010,    -0.0024,     0.0039, 
   12.2100,    -0.0010,    -0.0024,     0.0039, 
   12.2200,     0.0039,     0.0024,    -0.0010, 
   12.2300,    -0.0010,     0.0024,    -0.0010, 
   12.2400,    -0.0010,    -0.0073,    -0.0010, 
   12.2500,     0.0039,    -0.0024,    -0.0010, 
   12.2600,    -0.0010,    -0.0024,    -0.0010, 
   12.2700,    -0.0010,     0.0024,     0.0039, 
   12.2800,    -0.0010,     0.0024,    -0.0010, 
   12.2900,    -0.0010,    -0.0024,    -0.0010, 
   12.3000,     0.0039,    -0.0024,     0.0039, 
   12.3100,    -0.0010,    -0.0024,    -0.0010, 
   12.3200,    -0.0010,     0.0024,    -0.0010, 
   12.3300,    -0.0010,     0.0024,    -0.0010, 
   12.3400,     0.0039,     0.0024,     0.0039, 
   12.3500,    -0.0010,    -0.0024,    -0.0010, 
   12.3600,    -0.0010,    -0.0024,     0.0039, 
   12.3700,    -0.0010,     0.0024,    -0.0010, 
   12.3800,    -0.0010,     0.0024,    -0.0010, 
   12.3900,    -0.0010,     0.0024,    -0.0010, 
   12.4000,    -0.0010,    -0.0024,     0.0039, 
   12.4100,    -0.0010,    -0.0024,    -0.0010, 
   12.4200,    -0.0010,     0.0024,     0.0039, 
   12.4300,    -0.0010,    -0.0024,    -0.0010, 
   12.4400,    -0.0010,    -0.0024,    -0.0010, 
   12.4500,    -0.0010,    -0.0024,     0.0039, 
   12.4600,    -0.0010,    -0.0024,     0.0039, 
   12.4700,    -0.0010,     0.0024,    -0.0010, 
   12.4800,    -0.0010,    -0.0024,    -0.0010, 
   12.4900,    -0.0010,    -0.0024,    -0.0010, 
   12.5000,    -0.0010,     0.0024,    -0.0010, 
   12.5100,    -0.0010,    -0.0024,    -0.0010, 
   12.5200,    -0.0010,     0.0024,    -0.0010, 
   12.5300,    -0.0010,    -0.0024,    -0.0010, 
   12.5400,    -0.0010,    -0.0024,    -0.0010, 
   12.5500,    -0.0010,    -0.0024,    -0.0010, 
   12.5600,    -0.0010,    -0.0024,     0.0039, 
   12.5700,    -0.0010,     0.0024,    -0.0010, 
   12.5800,    -0.0010,     0.0024,    -0.0010, 
   12.5900,    -0.0010,    -0.0024,    -0.0010, 
   12.6000,    -0.0010,     0.0024,     0.0039, 
   12.6100,     0.0039,    -0.0024,     0.0039, 
   12.6200,    -0.0010,     0.0024,    -0.0010, 
   12.6300,    -0.0010,    -0.0024,    -0.0010, 
   12.6400,    -0.0010,    -0.0024,    -0.0010, 
   12.6500,     0.0039,     0.0024,     0.0039, 
   12.6600,    -0.0010,    -0.0024,     0.0039, 
   12.6700,    -0.0059,     0.0024,    -0.0010, 
   12.6800,    -0.0010,    -0.0024,    -0.0010, 
   12.6900,    -0.0010,    -0.0024,    -0.0010, 
   12.7000,    -0.0010,    -0.0024,    -0.0010, 
   12.7100,    -0.0010,    -0.0024,    -0.0010, 
   12.7200,    -0.0010,     0.0024,    -0.0010, 
   12.7300,    -0.0010,     0.0024,    -0.0010, 
   12.7400,    -0.0010,    -0.0024,    -0.0010, 
   12.7500,    -0.0010,     0.0024,    -0.0010, 
   12.7600,     0.0039,    -0.0024,    -0.0010, 
   12.7700,    -0.0010,     0.0024,    -0.0010, 
   12.7800,    -0.0010,    -0.0024,    -0.0010, 
   12.7900,    -0.0059,    -0.0024,    -0.0059, 
   12.8000,    -0.0010,     0.0024,    -0.0010, 
   12.8100,    -0.0010,    -0.0024,    -0.0010, 
   12.8200,    -0.0059,     0.0024,    -0.0010, 
   12.8300,    -0.0010,    -0.0024,    -0.0010, 
   12.8400,    -0.0010,    -0.0024,    -0.0059, 
   12.8500,    -0.0010,    -0.0024,     0.0039, 
   12.8600,    -0.0010,    -0.0024,    -0.0010, 
   12.8700,    -0.0059,     0.0024,    -0.0010, 
   12.8800,    -0.0010,    -0.0024,     0.0039, 
   12.8900,    -0.0010,    -0.0024,    -0.0010, 
   12.9000,    -0.0010,     0.0024,    -0.0010, 
   12.9100,    -0.0010,    -0.0024,     0.0039, 
   12.9200,    -0.0010,     0.0024,    -0.0010, 
   12.9300,    -0.0010,    -0.0024,    -0.0010, 
   12.9400,    -0.0010,    -0.0024,    -0.0010, 
   12.9500,    -0.0010,     0.0024,     0.0039, 
   12.9600,    -0.0010,    -0.0024,    -0.0010, 
   12.9700,    -0.0010,     0.0024,    -0.0010, 
   12.9800,    -0.0059,    -0.0024,    -0.0010, 
   12.9900,    -0.0010,    -0.0024,    -0.0010, 
   13.0000,     0.0039,     0.0024,     0.0039, 
   13.0100,    -0.0010,    -0.0073,    -0.0010, 
   13.0200,    -0.0010,     0.0024,    -0.0010, 
   13.0300,    -0.0010,     0.0024,    -0.0010, 
   13.0400,    -0.0010,    -0.0024,    -0.0010, 
   13.0500,     0.0039,     0.0024,     0.0039, 
   13.0600,    -0.0010,    -0.0024,    -0.0010, 
   13.0700,    -0.0010,     0.0024,    -0.0010, 
   13.0800,    -0.0010,    -0.0024,     0.0039, 
   13.0900,    -0.0010,    -0.0024,    -0.0059, 
   13.1000,    -0.0010,    -0.0024,    -0.0010, 
