# [Parameters]
# Name = tsmap_nel
# ShotNo = 174629
# Date = '01/22/2022 15:25'
# 
# DimNo = 1
# DimName = 'Time'
# DimSize = 149
# DimUnit = 's'
# 
# ValNo = 25
# ValName = 'laser', 'laser number', 'a99', 'a999', 'R99', 'R999', 'p0', 'pf', 'ip', 'ipf', 'nl_thomson_mid', 'nl_mmw_mid', 'nl_thomson_3579', 'nl_fir_3579', 'nl_thomson_3669', 'nl_fir_3669', 'nl_thomson_3759', 'nl_fir_3759', 'nl_thomson_3849', 'nl_fir_3849', 'nl_thomson_3939', 'nl_fir_3939', 'chi', 'geom_center', 'Rax_vmec'
# ValUnit = 'arb', 'arb', 'm', 'm', 'm', 'm', '%', 'arb', 'kA/T', 'arb', 'arb', 'e19m-2', 'arb', 'e19m-2', 'arb', 'e19m-2', 'arb', 'e19m-2', 'arb', 'e19m-2', 'arb', 'e19m-2', 'arb', 'm', 'm'
# 
# [Comments]
# Bt = -2.75000
# Rax = 3.60000
# Bq = 100.000
# Gamma = 1.25380
# phiedge = -3.2667143
# avac = 0.63700000
# ExpDate = 2.02112e+07
# Cycle = 23.0000
# t1 = 3.29800
# t2 = 8.79700
# density (ne) is only for very rough information
# Do not use data for ne_bar < 5*1-^12cm-3
# High Voltage is set at 0.90 times
# Te limit = 22keV
# Laser#1, #3, #5, 
# 
# [data]
  0.00028100,      46.000,      10.000,     0.71502,     0.73756,      4.7890,      4.8660,      0.0000,      1.4100,     -0.0000,      2.0000,    0.022396,   -0.016867,    0.022066,  0.00082224,    0.022654,  -0.0024748,    0.023154,      0.0000,    0.023309, -0.00082224,    0.022893,   0.0090395,      9999.0,      3.7210,      3.6350
      3.3003,      41.000,      10.000,     0.70352,     0.73901,      4.7813,      4.9030,     0.90000,      2.8814,  -0.0080537,      2.0000,    0.020768,    0.049369,    0.020766,    0.046021,    0.021136,    0.051979,    0.021151,    0.054671,    0.020820,    0.053416,    0.020016,    0.018079,      554.68,      3.7229,      3.6920
      3.3336,      45.000,      10.000,     0.58946,     0.63521,      4.4544,      4.5750,      1.1000,      2.0039,    -0.30758,      2.0000,    0.047664,     0.32259,    0.046607,     0.29010,    0.048718,     0.30610,    0.048477,     0.30980,    0.045800,     0.27941,    0.040061,     0.29831,      135.40,      3.7245,      3.6912
      3.3669,      49.000,      10.000,     0.61038,     0.64514,      4.4732,      4.5727,     0.10000,      1.7847,    -0.47353,      2.0000,    0.044069,     0.33087,    0.043327,     0.31721,    0.045421,     0.30610,    0.044521,     0.31891,    0.040390,     0.28845,    0.033619,     0.27119,      21.117,      3.7213,      3.6394
      3.4003,      52.000,      10.000,     0.63196,     0.66007,      4.5586,      4.6422,     0.90000,      1.4100,    -0.59638,      2.0000,    0.039261,     0.38883,    0.038192,     0.32626,    0.040094,     0.34240,    0.039760,     0.34625,    0.037348,     0.31557,    0.032958,     0.30735,      17.472,      3.7245,      3.6645
      3.4336,      48.000,      10.000,     0.63216,     0.65948,      4.5514,      4.6332,     0.70000,      2.0876,    -0.69404,      2.0000,    0.051556,     0.40558,    0.049588,     0.35337,    0.052972,     0.36055,    0.051723,     0.37358,    0.046490,     0.34269,    0.037813,     0.32543,      14.767,      3.7231,      3.6704
      3.4669,      48.000,      10.000,     0.63031,     0.65742,      4.5342,      4.6151,     0.30000,      1.5940,    -0.76313,      2.0000,    0.055055,     0.39711,    0.053655,     0.38049,    0.056662,     0.38778,    0.054784,     0.40092,    0.049280,     0.36981,    0.041123,     0.35255,      87.657,      3.7220,      3.6455
      3.5003,      44.000,      10.000,     0.64415,     0.66721,      4.6273,      4.6974,      1.7000,      1.4100,    -0.76111,      2.0000,    0.039813,     0.45486,    0.038659,     0.39857,    0.040397,     0.41501,    0.040412,     0.41914,    0.038799,     0.38789,    0.034885,     0.35255,      145.31,      3.7284,      3.7018
      3.5336,      50.000,      10.000,     0.58064,     0.62381,      4.3970,      4.5055,      0.0000,      1.7152,    -0.55978,      2.0000,    0.061645,     0.47201,    0.061000,     0.43473,    0.063355,     0.45131,    0.063536,     0.45559,    0.061022,     0.40597,    0.053808,     0.37967,      26.509,      3.7209,      3.6338
      3.5669,      46.000,      10.000,     0.59874,     0.63667,      4.4542,      4.5567,     0.40000,      1.6194,    -0.45757,      2.0000,    0.071417,     0.62065,    0.070358,     0.58841,    0.072964,     0.60559,    0.072976,     0.61049,    0.069829,     0.56868,    0.063216,     0.53335,      24.292,      3.7225,      3.6508
      3.6003,      47.000,      10.000,     0.61999,     0.64746,      4.5457,      4.6254,      1.4000,      1.4515,    -0.32250,      2.0000,    0.096699,     0.95183,    0.094081,     0.90480,    0.098428,     0.92324,    0.097892,     0.91118,    0.093504,     0.87604,    0.086000,     0.83166,      23.084,      3.7269,      3.6898
      3.6336,      45.000,      10.000,     0.62841,     0.65295,      4.5492,      4.6221,     0.90000,      1.4100,   -0.081653,      2.0000,     0.12534,      1.3740,     0.12324,      1.2935,     0.12762,      1.3135,     0.12684,      1.3030,     0.12270,      1.2557,     0.11562,      1.2746,      10.324,      3.7246,      3.6656
      3.6669,      46.000,      10.000,     0.63558,     0.65772,      4.5702,      4.6360,     0.90000,      1.4100,     0.20525,      2.0000,     0.14635,      1.6886,     0.14450,      1.5737,     0.14890,      1.6039,     0.14841,      1.5946,     0.14428,      1.5179,     0.13721,      1.5458,      10.620,      3.7246,      3.6656
      3.7003,      44.000,      10.000,     0.63657,     0.65918,      4.5674,      4.6350,     0.70000,      1.4100,     0.50506,      2.0000,     0.15753,      1.8460,     0.15571,      1.7365,     0.16018,      1.7945,     0.16057,      1.7768,     0.15726,      1.6896,     0.15043,      1.7356,      4.3469,      3.7239,      3.6597
      3.7336,      48.000,      10.000,     0.63478,     0.65783,      4.5555,      4.6248,     0.50000,      1.4100,     0.81379,      2.0000,     0.16276,      1.9532,     0.16035,      1.8269,     0.16537,      1.8853,     0.16574,      1.8770,     0.16304,      1.7800,     0.15697,      1.8170,      5.8678,      3.7231,      3.6529
      3.7669,      48.000,      10.000,     0.63369,     0.65703,      4.5654,      4.6348,     0.90000,      1.4100,      1.1505,      2.0000,     0.16579,      1.9784,     0.16411,      1.8630,     0.16879,      1.9216,     0.16932,      1.9226,     0.16646,      1.8162,     0.15894,      1.8441,      5.4461,      3.7247,      3.6665
      3.8003,      43.000,      10.000,     0.63142,     0.65629,      4.5595,      4.6334,     0.90000,      1.4100,      1.5208,      2.0000,     0.16541,      2.0110,     0.16390,      1.8901,     0.16847,      1.9306,     0.16937,      1.9499,     0.16664,      1.8343,     0.15825,      1.8532,      5.3759,      3.7248,      3.6674
      3.8336,      46.000,      10.000,     0.63000,     0.65543,      4.5629,      4.6380,      1.1000,      1.4100,      1.9153,      2.0000,     0.16985,      1.9949,     0.16861,      1.8721,     0.17300,      1.9397,     0.17387,      1.9499,     0.17065,      1.8162,     0.16145,      1.8080,      6.9929,      3.7257,      3.6755
      3.8669,      48.000,      10.000,     0.63095,     0.65569,      4.5548,      4.6286,     0.80000,      1.4100,      2.3355,      2.0000,     0.17032,      1.9784,     0.16835,      1.8630,     0.17362,      1.9216,     0.17438,      1.9226,     0.17032,      1.8071,     0.15935,      1.7628,      2.1899,      3.7244,      3.6640
      3.9003,      42.000,      10.000,     0.62849,     0.65496,      4.5517,      4.6303,     0.90000,      1.4100,      2.7929,      2.0000,     0.16739,      1.9619,     0.16495,      1.8359,     0.17075,      1.9034,     0.17107,      1.9135,     0.16617,      1.7891,     0.15350,      1.7447,      3.1081,      3.7248,      3.6683
      3.9336,      42.000,      10.000,     0.62744,     0.65452,      4.5517,      4.6319,      1.0000,      1.4792,      3.2588,      2.0000,     0.16661,      1.9453,     0.16477,      1.8178,     0.16996,      1.8762,     0.17067,      1.8861,     0.16572,      1.7529,     0.15247,      1.6904,      4.4758,      3.7251,      3.6734
      3.9669,      43.000,      10.000,     0.63124,     0.65744,      4.5572,      4.6354,     0.80000,      1.4100,      3.7599,      2.0000,     0.16264,      1.8791,     0.15984,      1.7726,     0.16597,      1.8399,     0.16581,      1.8406,     0.15970,      1.7167,     0.14555,      1.6272,      3.1026,      3.7245,      3.6658
      4.0003,      44.000,      10.000,     0.62786,     0.65560,      4.5505,      4.6329,     0.90000,      1.4477,      4.2757,      2.0000,     0.15522,      1.8625,     0.15309,      1.7365,     0.15845,      1.7945,     0.15898,      1.7950,     0.15346,      1.6715,     0.13940,      1.5548,      2.2765,      3.7249,      3.6701
      4.0336,      45.000,      10.000,     0.62665,     0.65398,      4.5506,      4.6317,      1.0000,      1.5891,      4.8102,      2.0000,     0.15358,      1.8128,     0.15148,      1.6822,     0.15684,      1.7491,     0.15720,      1.7495,     0.15150,      1.6173,     0.13700,      1.5368,      5.2839,      3.7252,      3.6778
      4.0669,      42.000,      10.000,     0.62474,     0.65236,      4.5496,      4.6311,      1.1000,      1.5668,      5.3504,      2.0000,     0.14887,      1.7383,     0.14608,      1.6370,     0.15197,      1.7038,     0.15177,      1.7039,     0.14570,      1.5721,     0.13177,      1.4464,      4.6668,      3.7256,      3.6825
      4.1003,      42.000,      10.000,     0.62374,     0.65154,      4.5476,      4.6296,      1.1000,      1.5478,      5.9079,      2.0000,     0.14427,      1.6969,     0.14206,      1.5828,     0.14726,      1.6402,     0.14757,      1.6492,     0.14225,      1.5179,     0.12833,      1.4012,      2.9688,      3.7257,      3.6827
      4.1336,      40.000,      10.000,     0.62436,     0.65316,      4.5445,      4.6299,      1.0000,      1.6798,      6.4668,      2.0000,     0.14086,      1.6390,     0.13868,      1.5285,     0.14390,      1.5948,     0.14389,      1.5946,     0.13851,      1.4727,     0.12548,      1.3381,      6.1798,      3.7251,      3.6808
      4.1669,      44.000,      10.000,     0.62109,     0.64932,      4.5493,      4.6320,      1.3000,      1.6278,      7.0426,      2.0000,     0.13418,      1.5893,     0.13170,      1.4924,     0.13686,      1.5585,     0.13688,      1.5581,     0.13188,      1.4365,     0.11938,      1.3288,      4.2686,      3.7266,      3.6962
      4.2003,      42.000,      10.000,     0.62075,     0.65023,      4.5450,      4.6314,      1.2000,      1.5573,      7.6178,      2.0000,     0.13000,      1.5562,     0.12772,      1.4472,     0.13259,      1.5041,     0.13275,      1.5126,     0.12801,      1.3913,     0.11629,      1.2837,      2.4559,      3.7264,      3.6896
      4.2336,      48.000,      10.000,     0.62395,     0.65166,      4.5583,      4.6401,      1.3000,      1.5150,      8.2215,      2.0000,     0.12896,      1.5065,     0.12686,      1.4110,     0.13143,      1.4769,     0.13164,      1.4761,     0.12749,      1.3642,     0.11577,      1.2475,      2.8329,      3.7269,      3.6934
      4.2669,      42.000,      10.000,     0.62188,     0.65101,      4.5445,      4.6304,      1.1000,      1.5437,      8.8428,      2.0000,     0.12478,      1.4817,     0.12304,      1.3839,     0.12731,      1.4406,     0.12767,      1.4488,     0.12386,      1.3280,     0.11303,      1.2385,      3.1892,      3.7260,      3.6849
      4.3003,      45.000,      10.000,     0.62495,     0.65364,      4.5532,      4.6383,      1.1000,      1.5808,      9.4652,      2.0000,     0.12519,      1.4485,     0.12378,      1.3568,     0.12778,      1.4133,     0.12812,      1.4123,     0.12379,      1.3009,     0.11187,      1.1842,      2.7139,      3.7259,      3.6859
      4.3336,      45.000,      10.000,     0.62093,     0.65071,      4.5556,      4.6432,      1.4000,      1.5212,      10.086,      2.0000,     0.12047,      1.4403,     0.11850,      1.3116,     0.12265,      1.3680,     0.12278,      1.3759,     0.11935,      1.2647,     0.10998,      1.1842,      4.1375,      3.7275,      3.6997
      4.3669,      38.000,      10.000,     0.62140,     0.64973,      4.5536,      4.6368,      1.3000,      1.4724,      10.707,      2.0000,     0.11738,      1.3823,     0.11529,      1.2845,     0.11955,      1.3316,     0.11970,      1.3394,     0.11619,      1.2286,     0.10623,      1.1390,      4.7605,      3.7272,      3.6941
      4.4003,      43.000,      10.000,     0.62397,     0.65191,      4.5566,      4.6393,      1.2000,      1.4145,      11.324,      2.0000,     0.11478,      1.3575,     0.11266,      1.2574,     0.11694,      1.3044,     0.11707,      1.3212,     0.11318,      1.2105,     0.10316,      1.1209,      8.4207,      3.7269,      3.6878
      4.4336,      46.000,      10.000,     0.62272,     0.65041,      4.5624,      4.6442,      1.4000,      1.4478,      11.938,      2.0000,     0.11184,      1.3244,     0.10963,      1.2212,     0.11383,      1.2772,     0.11398,      1.2848,     0.11022,      1.1834,     0.10117,      1.1029,      4.7746,      3.7279,      3.6989
      4.4669,      44.000,      10.000,     0.62295,     0.65137,      4.5639,      4.6481,      1.4000,      1.4100,      12.532,      2.0000,     0.11314,      1.3074,     0.11114,      1.1941,     0.11515,      1.2318,     0.11546,      1.2483,     0.11189,      1.1563,     0.10290,      1.0667,      8.1739,      3.7280,      3.6984
      4.5003,      43.000,      10.000,     0.62223,     0.64948,      4.5440,      4.6248,      1.0000,      1.6037,      13.105,      2.0000,     0.11069,      1.2581,     0.10894,      1.1850,     0.11301,      1.2227,     0.11306,      1.2392,     0.10937,      1.1382,     0.10007,      1.0848,      6.4767,      3.7258,      3.6846
      4.5336,      45.000,      10.000,     0.62212,     0.64918,      4.5622,      4.6421,      1.4000,      1.4266,      13.673,      2.0000,     0.10631,      1.2502,     0.10390,      1.1579,     0.10813,      1.2046,     0.10815,      1.2210,     0.10450,      1.1292,    0.095739,      1.0396,      7.3253,      3.7281,      3.6998
      4.5669,      46.000,      10.000,     0.61867,     0.64627,      4.5484,      4.6289,      1.3000,      1.4605,      14.264,      2.0000,     0.11920,      1.3989,     0.11741,      1.2935,     0.12139,      1.3498,     0.12136,      1.3485,     0.11761,      1.2647,     0.10801,      1.1661,      6.8869,      3.7275,      3.6961
      4.6003,      42.000,      10.000,     0.62071,     0.64681,      4.5634,      4.6400,      1.5000,      1.4100,      15.178,      2.0000,     0.14100,      1.7383,     0.14036,      1.6551,     0.14350,      1.6765,     0.14327,      1.6584,     0.14046,      1.5992,     0.13384,      1.5277,      6.9397,      3.7287,      3.7044
      4.6336,      42.000,      10.000,     0.61388,     0.64211,      4.5414,      4.6223,      1.4000,      1.4100,      16.157,      2.0000,     0.16279,      2.0447,     0.16318,      1.9896,     0.16578,      1.9942,     0.16587,      1.9864,     0.16416,      1.9337,     0.15780,      1.9256,      9.4404,      3.7283,      3.7007
      4.6669,      47.000,      10.000,     0.61430,     0.64248,      4.5346,      4.6156,      1.2000,      1.4100,      16.926,      2.0000,     0.19507,      2.3427,     0.19541,      2.2698,     0.19876,      2.2846,     0.19909,      2.2871,     0.19715,      2.2230,     0.19033,      2.2328,      7.1874,      3.7274,      3.6927
      4.7003,      44.000,      10.000,     0.61338,     0.64189,      4.5416,      4.6233,      1.4000,      1.4100,      17.500,      2.0000,     0.21471,      2.5828,     0.21535,      2.5139,     0.21869,      2.5296,     0.21877,      2.5240,     0.21667,      2.4490,     0.20904,      2.4498,      7.9134,      3.7284,      3.7023
      4.7336,      47.000,      10.000,     0.61540,     0.64349,      4.5382,      4.6195,      1.2000,      1.4100,      17.977,      2.0000,     0.22811,      2.7492,     0.22812,      2.6766,     0.23245,      2.7021,     0.23302,      2.6880,     0.23022,      2.6117,     0.21987,      2.5673,      3.0683,      3.7274,      3.6936
      4.7669,      44.000,      10.000,     0.61998,     0.64756,      4.5551,      4.6362,      1.3000,      1.4100,      18.375,      2.0000,     0.23751,      2.8478,     0.23677,      2.7218,     0.24199,      2.7838,     0.24214,      2.7609,     0.23793,      2.6478,     0.22514,      2.5673,      5.7803,      3.7279,      3.6979
      4.8003,      46.000,      10.000,     0.62136,     0.64970,      4.5553,      4.6394,      1.2000,      1.4100,      18.827,      2.0000,     0.23597,      2.8312,     0.23438,      2.6856,     0.24047,      2.7565,     0.24066,      2.7427,     0.23549,      2.6117,     0.22068,      2.5492,      3.2504,      3.7275,      3.6944
      4.8336,      46.000,      10.000,     0.62337,     0.65129,      4.5609,      4.6444,      1.2000,      1.4100,      19.303,      2.0000,     0.23620,      2.7981,     0.23529,      2.6495,     0.24075,      2.7293,     0.24119,      2.6971,     0.23708,      2.5665,     0.22252,      2.4588,      6.3838,      3.7275,      3.6944
      4.8669,      49.000,      10.000,     0.61857,     0.64742,      4.5527,      4.6375,      1.3000,      1.4100,      19.777,      2.0000,     0.22765,      2.7319,     0.22613,      2.6043,     0.23195,      2.6839,     0.23238,      2.6607,     0.22770,      2.5213,     0.21289,      2.4227,      3.8776,      3.7281,      3.6996
      4.9003,      45.000,      10.000,     0.62156,     0.64910,      4.5565,      4.6384,      1.2000,      1.4100,      20.279,      2.0000,     0.22962,      2.6656,     0.22753,      2.5500,     0.23402,      2.6385,     0.23423,      2.6151,     0.22851,      2.4580,     0.21226,      2.3684,      1.8680,      3.7276,      3.6952
      4.9336,      47.000,      10.000,     0.62306,     0.65132,      4.5571,      4.6418,      1.1000,      1.4100,      20.814,      2.0000,     0.22238,      2.6159,     0.22022,      2.4958,     0.22676,      2.5841,     0.22693,      2.5604,     0.22075,      2.4038,     0.20412,      2.3232,      5.5186,      3.7272,      3.6918
      4.9669,      47.000,      10.000,     0.62076,     0.64965,      4.5595,      4.6454,      1.3000,      1.4100,      21.369,      2.0000,     0.21505,      2.5580,     0.21280,      2.4416,     0.21903,      2.5296,     0.21937,      2.5149,     0.21426,      2.3586,     0.19835,      2.2419,      5.6141,      3.7282,      3.7004
      5.0003,      49.000,      10.000,     0.62109,     0.64997,      4.5653,      4.6514,      1.4000,      1.4604,      21.979,      2.0000,     0.21040,      2.5249,     0.20778,      2.3873,     0.21413,      2.4933,     0.21415,      2.4693,     0.20873,      2.2953,     0.19344,      2.1876,      5.9925,      3.7286,      3.7068
      5.0336,      44.000,      10.000,     0.61987,     0.64756,      4.5628,      4.6450,      1.4000,      1.4115,      22.626,      2.0000,     0.20664,      2.4586,     0.20369,      2.3240,     0.21034,      2.4298,     0.21049,      2.4146,     0.20510,      2.2320,     0.18973,      2.1515,      3.5095,      3.7288,      3.7062
      5.0669,      46.000,      10.000,     0.61925,     0.64840,      4.5609,      4.6474,      1.4000,      1.4655,      23.298,      2.0000,     0.20166,      2.3932,     0.19995,      2.2608,     0.20549,      2.3572,     0.20569,      2.3600,     0.20117,      2.1778,     0.18514,      2.0792,      4.9110,      3.7287,      3.7078
      5.1003,      46.000,      10.000,     0.61970,     0.64805,      4.5586,      4.6429,      1.3000,      1.4749,      23.884,      2.0000,     0.19740,      2.3510,     0.19447,      2.2156,     0.20115,      2.3118,     0.20121,      2.3144,     0.19515,      2.1326,     0.17756,      2.0340,      6.7223,      3.7283,      3.7042
      5.1336,      47.000,      10.000,     0.61756,     0.64689,      4.5566,      4.6432,      1.4000,      1.5659,      24.384,      2.0000,     0.19164,      2.2848,     0.18869,      2.1613,     0.19526,      2.2574,     0.19519,      2.2506,     0.18944,      2.0874,     0.17327,      1.9888,      6.3493,      3.7285,      3.7110
      5.1669,      44.000,      10.000,     0.61959,     0.64794,      4.5544,      4.6389,      1.2000,      1.5837,      24.875,      2.0000,     0.18826,      2.2599,     0.18600,      2.1161,     0.19204,      2.2120,     0.19198,      2.2142,     0.18630,      2.0422,     0.16947,      1.9255,      5.2458,      3.7277,      3.7030
      5.2003,      46.000,      10.000,     0.61554,     0.64487,      4.5563,      4.6423,      1.5000,      1.5242,      25.438,      2.0000,     0.18319,      2.2272,     0.18038,      2.0890,     0.18648,      2.1757,     0.18653,      2.1868,     0.18158,      2.0241,     0.16644,      1.9164,      9.5711,      3.7292,      3.7149
      5.2336,      48.000,      10.000,     0.61970,     0.64932,      4.5557,      4.6443,      1.2000,      1.5080,      26.072,      2.0000,     0.18625,      2.1771,     0.18322,      2.0619,     0.18989,      2.1485,     0.18981,      2.1504,     0.18362,      1.9879,     0.16735,      1.8622,      5.6110,      3.7279,      3.7022
      5.2669,      42.000,      10.000,     0.61882,     0.64837,      4.5580,      4.6462,      1.3000,      1.6284,      26.742,      2.0000,     0.17974,      2.1523,     0.17697,      2.0077,     0.18328,      2.0940,     0.18308,      2.1139,     0.17733,      1.9427,     0.16238,      1.8170,      7.5517,      3.7282,      3.7098
      5.3002,      44.000,      10.000,     0.61738,     0.64713,      4.5585,      4.6468,      1.4000,      1.5650,      27.405,      2.0000,     0.17474,      2.1109,     0.17097,      1.9805,     0.17788,      2.0577,     0.17780,      2.0775,     0.17171,      1.9156,     0.15728,      1.8170,      7.4471,      3.7287,      3.7129
      5.3336,      45.000,      10.000,     0.61529,     0.64538,      4.5545,      4.6430,      1.4000,      1.4129,      28.035,      2.0000,     0.17183,      2.0778,     0.16816,      1.9534,     0.17477,      2.0305,     0.17507,      2.0410,     0.16966,      1.8795,     0.15387,      1.7628,      8.4888,      3.7292,      3.7098
      5.3669,      42.000,      10.000,     0.62282,     0.65153,      4.5552,      4.6422,     0.90000,      1.6415,      28.661,      2.0000,     0.17056,      2.0529,     0.16795,      1.9263,     0.17420,      2.0032,     0.17388,      2.0137,     0.16744,      1.8614,     0.15160,      1.7266,      4.7842,      3.7266,      3.6944
      5.4002,      44.000,      10.000,     0.61476,     0.64553,      4.5537,      4.6442,      1.4000,      1.4575,      29.301,      2.0000,     0.16943,      2.0364,     0.16537,      1.8992,     0.17225,      1.9760,     0.17239,      1.9864,     0.16656,      1.8343,     0.15138,      1.7085,      8.3893,      3.7291,      3.7116
      5.4336,      48.000,      10.000,     0.61738,     0.64739,      4.5525,      4.6418,      1.2000,      1.6144,      29.942,      2.0000,     0.16678,      2.0030,     0.16336,      1.8811,     0.16995,      1.9488,     0.16976,      1.9682,     0.16352,      1.8162,     0.14833,      1.7176,      8.6217,      3.7280,      3.7069
      5.4669,      47.000,      10.000,     0.61791,     0.64624,      4.5551,      4.6395,      1.2000,      1.5060,      30.602,      2.0000,     0.16391,      1.9784,     0.16092,      1.8540,     0.16705,      1.9306,     0.16715,      1.9317,     0.16170,      1.7891,     0.14696,      1.6814,      7.7051,      3.7282,      3.7056
      5.5002,      43.000,      10.000,     0.61914,     0.64963,      4.5536,      4.6452,      1.1000,      1.7352,      31.235,      2.0000,     0.16127,      1.9612,     0.15893,      1.8178,     0.16461,      1.9034,     0.16432,      1.9044,     0.15879,      1.7619,     0.14479,      1.6362,      9.6605,      3.7274,      3.7054
      5.5336,      43.000,      10.000,     0.61085,     0.64215,      4.5373,      4.6289,      1.3000,      2.2787,      31.577,      2.0000,     0.15765,      1.8377,     0.15524,      1.7726,     0.16115,      1.8399,     0.16048,      1.8315,     0.15463,      1.7167,     0.14103,      1.6091,      5.6459,      3.7273,      3.7244
      5.5669,      46.000,      10.000,     0.61174,     0.64226,      4.5354,      4.6248,      1.2000,      2.2537,      31.457,      2.0000,     0.15547,      1.8294,     0.15370,      1.7365,     0.15909,      1.8036,     0.15835,      1.7768,     0.15290,      1.6896,     0.13949,      1.5729,      5.7481,      3.7270,      3.7185
      5.6002,      44.000,      10.000,     0.61072,     0.64190,      4.5288,      4.6201,      1.1000,      2.2513,      31.143,      2.0000,     0.15328,      1.8294,     0.15237,      1.7455,     0.15686,      1.8036,     0.15620,      1.7768,     0.15160,      1.6896,     0.13926,      1.5910,      9.3553,      3.7267,      3.7133
      5.6336,      49.000,      10.000,     0.60903,     0.64112,      4.5254,      4.6185,      1.1000,      1.9568,      30.770,      2.0000,     0.15582,      1.8542,     0.15458,      1.7726,     0.15932,      1.8217,     0.15882,      1.7859,     0.15411,      1.7167,     0.14255,      1.6091,      3.0348,      3.7271,      3.7093
      5.6669,      45.000,      10.000,     0.60756,     0.63958,      4.5167,      4.6096,      1.0000,      2.0646,      30.359,      2.0000,     0.15534,      1.8708,     0.15520,      1.8088,     0.15900,      1.8399,     0.15855,      1.8041,     0.15457,      1.7439,     0.14330,      1.6272,      13.757,      3.7265,      3.7055
      5.7002,      49.000,      10.000,     0.60656,     0.63871,      4.5140,      4.6068,      1.0000,      2.1276,      29.915,      2.0000,     0.15734,      1.8625,     0.15728,      1.7997,     0.16109,      1.8490,     0.16059,      1.8133,     0.15684,      1.7439,     0.14588,      1.6543,      8.0738,      3.7264,      3.7066
      5.7336,      46.000,      10.000,     0.61315,     0.64284,      4.5217,      4.6095,     0.70000,      2.1096,      29.445,      2.0000,     0.16153,      1.8874,     0.16089,      1.8088,     0.16518,      1.8399,     0.16483,      1.8133,     0.16018,      1.7439,     0.14810,      1.6633,      2.9910,      3.7254,      3.6930
      5.7669,      46.000,      10.000,     0.60899,     0.64023,      4.5108,      4.6012,     0.70000,      2.0447,      28.967,      2.0000,     0.15923,      1.8956,     0.15829,      1.7997,     0.16282,      1.8308,     0.16267,      1.8041,     0.15807,      1.7348,     0.14627,      1.6362,      5.0666,      3.7255,      3.6922
      5.8002,      46.000,      10.000,     0.61058,     0.64064,      4.5140,      4.6017,     0.70000,      2.1503,      28.485,      2.0000,     0.15666,      1.8625,     0.15591,      1.7817,     0.16027,      1.8308,     0.16010,      1.7950,     0.15570,      1.7258,     0.14372,      1.6091,      10.697,      3.7253,      3.6928
      5.8336,      44.000,      10.000,     0.60982,     0.64126,      4.5060,      4.5972,     0.50000,      2.1597,      28.002,      2.0000,     0.15742,      1.8377,     0.15698,      1.7545,     0.16099,      1.8036,     0.16128,      1.7768,     0.15685,      1.6987,     0.14389,      1.6091,      6.4284,      3.7247,      3.6842
      5.8669,      47.000,      10.000,     0.61109,     0.64124,      4.5125,      4.6004,     0.60000,      2.0717,      27.526,      2.0000,     0.15490,      1.8046,     0.15468,      1.7455,     0.15841,      1.7945,     0.15869,      1.7677,     0.15476,      1.6896,     0.14285,      1.5729,      2.1827,      3.7251,      3.6877
      5.9002,      46.000,      10.000,     0.60966,     0.64124,      4.5077,      4.5994,     0.60000,      2.2172,      27.052,      2.0000,     0.15207,      1.8128,     0.15121,      1.7365,     0.15559,      1.7764,     0.15564,      1.7495,     0.15086,      1.6715,     0.13785,      1.5458,      5.6897,      3.7249,      3.6881
      5.9336,      42.000,      10.000,     0.61088,     0.64161,      4.5049,      4.5943,     0.40000,      2.1904,      26.584,      2.0000,     0.15255,      1.7880,     0.15147,      1.7093,     0.15603,      1.7582,     0.15615,      1.7404,     0.15107,      1.6535,     0.13735,      1.5639,      2.3730,      3.7243,      3.6792
      5.9669,      47.000,      10.000,     0.61337,     0.64336,      4.5109,      4.5989,     0.40000,      2.1089,      26.122,      2.0000,     0.15261,      1.7967,     0.15189,      1.7093,     0.15604,      1.7401,     0.15638,      1.7312,     0.15193,      1.6444,     0.13896,      1.5458,      2.3437,      3.7243,      3.6781
      6.0002,      45.000,      10.000,     0.61142,     0.64173,      4.5053,      4.5936,     0.40000,      2.3523,      25.663,      2.0000,     0.15070,      1.7466,     0.15017,      1.7003,     0.15413,      1.7491,     0.15458,      1.7221,     0.14967,      1.6354,     0.13677,      1.5187,      2.2016,      3.7242,      3.6789
      6.0336,      41.000,      10.000,     0.61235,     0.64441,      4.5069,      4.6011,     0.40000,      2.3584,      25.174,      2.0000,     0.14947,      1.7474,     0.14918,      1.6641,     0.15291,      1.7128,     0.15364,      1.7039,     0.14976,      1.6083,     0.13720,      1.5096,      2.9442,      3.7241,      3.6782
      6.0669,      47.000,      10.000,     0.62038,     0.64836,      4.5352,      4.6193,     0.60000,      2.2812,      24.736,      2.0000,     0.14748,      1.6969,     0.14684,      1.6099,     0.15087,      1.6493,     0.15091,      1.6492,     0.14594,      1.5450,     0.13343,      1.4825,      5.0744,      3.7247,      3.6870
      6.1002,      44.000,      10.000,     0.62239,     0.65063,      4.5340,      4.6193,     0.40000,      2.3443,      24.362,      2.0000,     0.14271,      1.6721,     0.14166,      1.5737,     0.14591,      1.6130,     0.14587,      1.6128,     0.14154,      1.5179,     0.13020,      1.4373,      7.2591,      3.7240,      3.6773
      6.1336,      43.000,      10.000,     0.62312,     0.65222,      4.5239,      4.6121,      0.0000,      2.1323,      24.018,      2.0000,     0.14036,      1.6224,     0.13893,      1.5376,     0.14350,      1.5767,     0.14383,      1.5763,     0.13928,      1.4727,     0.12743,      1.3741,      3.4667,      3.7229,      3.6590
      6.1669,      47.000,      10.000,     0.62146,     0.65094,      4.5315,      4.6204,     0.40000,      2.1631,      23.701,      2.0000,     0.13768,      1.5897,     0.13671,      1.5014,     0.14072,      1.5404,     0.14094,      1.5399,     0.13643,      1.4455,     0.12485,      1.3650,      3.5940,      3.7241,      3.6768
      6.2002,      47.000,      10.000,     0.61992,     0.64967,      4.5170,      4.6063,     0.10000,      2.3336,      23.400,      2.0000,     0.13710,      1.5645,     0.13579,      1.4833,     0.14036,      1.5132,     0.14064,      1.5217,     0.13523,      1.4184,     0.12182,      1.3560,      5.6969,      3.7231,      3.6626
      6.2336,      43.000,      10.000,     0.61973,     0.64965,      4.5259,      4.6156,     0.40000,      2.1640,      23.111,      2.0000,     0.13251,      1.5476,     0.13141,      1.4562,     0.13551,      1.4950,     0.13572,      1.5035,     0.13120,      1.4094,     0.11854,      1.3108,      3.4690,      3.7240,      3.6759
      6.2669,      46.000,      10.000,     0.61981,     0.64896,      4.5198,      4.6072,     0.20000,      2.3634,      22.835,      2.0000,     0.13154,      1.5231,     0.13035,      1.4381,     0.13459,      1.4678,     0.13487,      1.4761,     0.13053,      1.3823,     0.11930,      1.2746,      4.3235,      3.7234,      3.6673
      6.3002,      46.000,      10.000,     0.62191,     0.65077,      4.5259,      4.6130,     0.20000,      2.1068,      22.588,      2.0000,     0.12949,      1.5231,     0.12788,      1.4201,     0.13252,      1.4496,     0.13233,      1.4579,     0.12705,      1.3732,     0.11494,      1.3288,      3.9764,      3.7234,      3.6668
      6.3336,      41.000,      10.000,     0.61841,     0.64874,      4.5121,      4.6025,     0.10000,      1.9501,      22.407,      2.0000,     0.12846,      1.4899,     0.12724,      1.4110,     0.13144,      1.4496,     0.13187,      1.4488,     0.12734,      1.3551,     0.11548,      1.2565,      3.6414,      3.7231,      3.6612
      6.3669,      45.000,      10.000,     0.61717,     0.64640,      4.5116,      4.5982,     0.20000,      2.4785,      22.191,      2.0000,     0.12635,      1.4651,     0.12556,      1.4110,     0.12935,      1.4496,     0.12999,      1.4397,     0.12521,      1.3642,     0.11261,      1.2385,      7.1979,      3.7233,      3.6665
      6.4002,      46.000,      10.000,     0.61399,     0.64513,      4.5089,      4.6005,     0.40000,      2.4649,      21.940,      2.0000,     0.12883,      1.4485,     0.12808,      1.3749,     0.13168,      1.4224,     0.13211,      1.4214,     0.12759,      1.3371,     0.11539,      1.2475,      2.2952,      3.7238,      3.6760
      6.4336,      45.000,      10.000,     0.61628,     0.64810,      4.5122,      4.6067,     0.30000,      2.4549,      21.676,      2.0000,     0.12533,      1.4320,     0.12428,      1.3568,     0.12817,      1.3861,     0.12842,      1.3850,     0.12362,      1.3009,     0.11170,      1.2113,      4.5939,      3.7236,      3.6713
      6.4669,      45.000,      10.000,     0.61806,     0.64765,      4.5134,      4.6013,     0.20000,      2.2931,      21.409,      2.0000,     0.12276,      1.4071,     0.12178,      1.3387,     0.12561,      1.3770,     0.12604,      1.3759,     0.12144,      1.2919,     0.10936,      1.1842,      4.4553,      3.7232,      3.6653
      6.5002,      42.000,      10.000,     0.61685,     0.64709,      4.5099,      4.5995,     0.20000,      2.4310,      21.142,      2.0000,     0.12078,      1.3902,     0.11978,      1.3116,     0.12362,      1.3498,     0.12401,      1.3485,     0.11914,      1.2647,     0.10729,      1.1752,      4.6797,      3.7232,      3.6656
      6.5336,      47.000,      10.000,     0.61810,     0.64829,      4.5133,      4.6032,     0.20000,      2.4841,      20.875,      2.0000,     0.12003,      1.3657,     0.11943,      1.2845,     0.12285,      1.3226,     0.12368,      1.3303,     0.11919,      1.2467,     0.10710,      1.1390,      3.7372,      3.7232,      3.6656
      6.5669,      46.000,      10.000,     0.61488,     0.64524,      4.5134,      4.6029,     0.50000,      2.5916,      20.612,      2.0000,     0.12063,      1.3492,     0.12010,      1.2754,     0.12347,      1.3044,     0.12381,      1.3030,     0.12009,      1.2286,     0.10848,      1.1300,      4.1419,      3.7239,      3.6805
      6.6002,      47.000,      10.000,     0.61512,     0.64568,      4.5043,      4.5941,     0.20000,      2.5336,      20.343,      2.0000,     0.11237,      1.3248,     0.11195,      1.2574,     0.11499,      1.2863,     0.11604,      1.2939,     0.11292,      1.2105,     0.10231,      1.1209,      3.7954,      3.7231,      3.6648
      6.6336,      49.000,      10.000,     0.61704,     0.64711,      4.5096,      4.5985,     0.20000,      2.5946,      19.998,      2.0000,     0.11646,      1.2912,     0.11561,      1.2302,     0.11929,      1.2681,     0.11991,      1.2665,     0.11574,      1.1834,     0.10359,      1.0848,      6.0186,      3.7231,      3.6649
      6.6669,      43.000,      10.000,     0.62066,     0.64976,      4.5284,      4.6157,     0.50000,      2.7279,      19.723,      2.0000,     0.11394,      1.2747,     0.11294,      1.2031,     0.11668,      1.2409,     0.11664,      1.2392,     0.11201,      1.1653,     0.10047,      1.0757,      5.0701,      3.7238,      3.6804
      6.7002,      46.000,      10.000,     0.62195,     0.65042,      4.5254,      4.6110,     0.30000,      2.7428,      19.496,      2.0000,     0.11076,      1.2830,     0.10998,      1.1941,     0.11346,      1.2318,     0.11387,      1.2392,     0.10903,      1.1653,    0.096420,      1.0757,      4.1167,      3.7232,      3.6694
      6.7336,      46.000,      10.000,     0.62052,     0.65061,      4.5184,      4.6086,     0.20000,      2.7713,      19.292,      2.0000,     0.11020,      1.2498,     0.10954,      1.1941,     0.11283,      1.2227,     0.11355,      1.2392,     0.10937,      1.1563,    0.098187,      1.0486,      5.4849,      3.7230,      3.6643
      6.7669,      49.000,      10.000,     0.62137,     0.65129,      4.5208,      4.6106,     0.20000,      2.7869,      19.101,      2.0000,     0.10972,      1.2416,     0.10868,      1.1850,     0.11243,      1.2137,     0.11273,      1.2210,     0.10865,      1.1472,    0.096847,      1.0577,      2.4770,      3.7230,      3.6644
      6.8002,      52.000,      10.000,     0.61651,     0.64646,      4.5106,      4.5989,     0.30000,      2.3038,      18.919,      2.0000,     0.11088,      1.2747,     0.10997,      1.1760,     0.11350,      1.2046,     0.11392,      1.2119,     0.10977,      1.1382,    0.098080,      1.0125,      5.1443,      3.7234,      3.6683
      6.8336,      50.000,      10.000,     0.61454,     0.64682,      4.5053,      4.6001,     0.30000,      2.0850,      18.750,      2.0000,     0.11261,      1.2498,     0.11156,      1.1670,     0.11537,      1.2046,     0.11577,      1.1936,     0.11039,      1.1292,    0.097027,      1.0125,      3.5383,      3.7234,      3.6675
      6.8669,      52.000,      10.000,     0.60638,     0.64082,      4.4896,      4.5876,     0.50000,      2.4146,      18.581,      2.0000,     0.10715,      1.2416,     0.10614,      1.1489,     0.10972,      1.1864,     0.10985,      1.1845,     0.10575,      1.1020,    0.094209,     0.99438,      5.5873,      3.7239,      3.6782
      6.9002,      50.000,      10.000,     0.60569,     0.64126,      4.4812,      4.5820,     0.30000,      2.3091,      18.436,      2.0000,     0.10771,      1.1836,     0.10703,      1.1218,     0.11036,      1.1683,     0.11106,      1.1663,     0.10717,      1.1020,    0.094175,     0.97630,      7.2611,      3.7233,      3.6674
      6.9336,      50.000,      10.000,     0.61060,     0.64267,      4.4935,      4.5861,     0.30000,      2.8154,      18.337,      2.0000,     0.10584,      1.2002,     0.10491,      1.1308,     0.10850,      1.1592,     0.10877,      1.1572,     0.10395,      1.0930,    0.091968,     0.98534,      3.7178,      3.7231,      3.6688
      6.9669,      50.000,      10.000,     0.61100,     0.64288,      4.4885,      4.5806,     0.10000,      3.0394,      18.208,      2.0000,     0.10525,      1.1919,     0.10418,      1.1218,     0.10790,      1.1592,     0.10822,      1.1572,     0.10401,      1.0840,    0.092298,     0.97630,      5.1529,      3.7226,      3.6584
      7.0002,      51.000,      10.000,     0.61073,     0.64373,      4.4971,      4.5926,     0.40000,      2.4844,      18.049,      2.0000,     0.10305,      1.1663,     0.10243,      1.0946,     0.10556,      1.1229,     0.10605,      1.1299,     0.10196,      1.0659,    0.090621,     0.95822,      4.1204,      3.7235,      3.6728
      7.0336,      49.000,      10.000,     0.61669,     0.64751,      4.5070,      4.5979,     0.20000,      2.7547,      17.877,      2.0000,     0.10255,      1.1505,     0.10125,      1.0766,     0.10490,      1.1138,     0.10475,      1.1116,    0.099628,      1.0388,    0.088576,     0.94014,      2.9509,      3.7229,      3.6634
      7.0669,      51.000,      10.000,     0.61301,     0.64435,      4.5000,      4.5913,     0.30000,      2.6671,      17.701,      2.0000,    0.098463,      1.1091,    0.097388,      1.0675,     0.10088,      1.0957,     0.10092,      1.0934,    0.096302,      1.0297,    0.085997,     0.93110,      3.4566,      3.7232,      3.6684
      7.1002,      52.000,      10.000,     0.60826,     0.64198,      4.4846,      4.5810,     0.20000,      2.6330,      17.519,      2.0000,     0.10117,      1.1091,    0.099743,      1.0404,     0.10366,      1.0775,     0.10335,      1.0752,    0.098151,      1.0026,    0.086706,     0.89494,      4.5608,      3.7229,      3.6632
      7.1336,      55.000,      10.000,     0.61147,     0.64381,      4.4920,      4.5857,     0.20000,      2.9179,      17.335,      2.0000,    0.097483,      1.0756,    0.096524,      1.0314,    0.099867,      1.0594,    0.099991,      1.0570,    0.095480,     0.98455,    0.084522,     0.86799,      4.9550,      3.7228,      3.6628
      7.1669,      48.000,      10.000,     0.60716,     0.64027,      4.4867,      4.5810,     0.40000,      2.8027,      17.151,      2.0000,    0.094503,      1.0677,    0.094127,      1.0133,    0.096888,      1.0412,    0.097533,      1.0479,    0.093387,     0.98451,    0.082979,     0.88590,      5.6046,      3.7233,      3.6732
      7.2002,      49.000,      10.000,     0.60528,     0.63916,      4.4907,      4.5867,     0.70000,      2.7686,      16.966,      2.0000,    0.093891,      1.0511,    0.093843,     0.99520,    0.096207,      1.0231,    0.096482,      1.0205,    0.093489,     0.96644,    0.083717,     0.84974,      17.451,      3.7239,      3.6889
      7.2336,      49.000,      10.000,     0.60134,     0.63725,      4.4662,      4.5658,     0.20000,      2.8021,      16.777,      2.0000,    0.095485,      1.0429,    0.094466,     0.97712,    0.097886,     0.99585,    0.098025,      1.0114,    0.093718,     0.94836,    0.082899,     0.83166,      7.4201,      3.7228,      3.6626
      7.2669,      50.000,      10.000,     0.60210,     0.63873,      4.4713,      4.5734,     0.30000,      2.4219,      16.591,      2.0000,    0.092523,      1.0180,    0.091440,     0.95000,    0.094798,     0.98677,    0.094831,     0.98408,    0.090451,     0.93028,    0.080270,     0.82262,      12.288,      3.7232,      3.6668
      7.3002,      47.000,      10.000,     0.60580,     0.64226,      4.4801,      4.5834,     0.30000,      2.1625,      16.424,      2.0000,    0.091274,      1.0263,    0.090029,     0.95000,    0.093525,     0.97770,    0.093455,     0.97496,    0.089511,     0.92124,    0.079994,     0.80454,      9.3113,      3.7232,      3.6652
      7.3336,      47.000,      10.000,     0.61115,     0.64370,      4.4974,      4.5910,     0.40000,      1.8262,      16.323,      2.0000,    0.092040,      1.0511,    0.090689,     0.96808,    0.094150,     0.99585,    0.094018,     0.99319,    0.090000,     0.93932,    0.080761,     0.80454,      13.380,      3.7236,      3.6673
      7.3669,      46.000,      10.000,     0.61156,     0.64195,      4.4921,      4.5794,     0.20000,      1.7321,      16.119,      2.0000,    0.088796,      1.0764,    0.087515,      1.0042,    0.090900,      1.0412,    0.090703,      1.0205,    0.086344,     0.97548,    0.077193,     0.84974,      3.6942,      3.7230,      3.6587
      7.4002,      44.000,      10.000,     0.59637,     0.63209,      4.4470,      4.5436,      0.0000,      1.7978,      15.774,      2.0000,    0.093003,      1.1422,    0.092033,      1.0404,    0.095260,      1.0775,    0.095789,      1.0752,    0.092392,      1.0116,    0.083620,     0.94014,      20.370,      3.7223,      3.6510
      7.4336,      43.000,      10.000,     0.57653,     0.61697,      4.4001,      4.4993,      0.0000,      1.9257,      15.194,      2.0000,    0.094381,      1.1588,    0.093556,      1.0856,    0.096742,      1.1229,    0.097908,      1.1299,    0.095525,      1.0568,    0.087153,     0.98534,      35.138,      3.7222,      3.6500
      7.4669,      43.000,      10.000,     0.55604,     0.59620,      4.3552,      4.4451,      0.0000,      1.7934,      14.260,      2.0000,    0.097557,      1.2010,    0.096655,      1.1127,     0.10021,      1.1592,     0.10114,      1.1663,    0.098567,      1.0930,    0.088649,      1.0034,      203.82,      3.7221,      3.6490
      7.5002,      45.000,      10.000,     0.53106,     0.58089,      4.3044,      4.4083,      0.0000,      1.5467,      12.711,      2.0000,    0.087928,      1.1836,    0.087429,      1.1218,    0.090667,      1.1592,    0.091773,      1.1663,    0.087391,      1.0840,    0.074054,     0.95822,      249.77,      3.7220,      3.6480
      7.5336,      46.000,      10.000,     0.62857,     0.68446,      4.5275,      4.6994,      0.0000,      2.5978,      9.4339,      2.0000,    0.068992,      1.1919,    0.066852,      1.1127,    0.071063,      1.1683,    0.067208,      1.1481,    0.058721,      1.0659,    0.048320,     0.79550,      1512.1,      3.7217,      3.6440
      7.5669,      47.000,      10.000,     0.72129,     0.74117,      4.8232,      4.8911,     0.40000,      1.4100,   -0.055019,      2.0000,    0.020788,     0.86904,    0.020451,     0.82344,    0.021044,     0.85971,    0.021061,     0.84740,    0.020569,     0.78564,    0.019718,     0.61471,      803.09,      3.7226,      3.6486
      7.6002,      44.000,      10.000,     0.70964,     0.73709,      4.7721,      4.8644,      0.0000,      5.0000,   -0.041941,      2.0000,    0.025805,     0.68689,    0.025317,     0.62457,    0.026002,     0.66912,    0.026368,     0.64694,    0.026592,     0.59580,    0.026716,     0.47007,      1106.6,      3.7210,      3.6350
      7.6336,      45.000,      10.000,     0.72478,     0.73847,      4.8225,      4.8690,      0.0000,      1.4100,   -0.029774,      2.0000,    0.014508,     0.50474,    0.014292,     0.46185,    0.014686,     0.48761,    0.014964,     0.46470,    0.014807,     0.44213,    0.014009,     0.37050,      1058.7,      3.7210,      3.6350
      7.6669,      45.000,      10.000,     0.72625,     0.74163,      4.8401,      4.8927,     0.40000,      1.4100,   -0.017629,      2.0000,    0.016746,     0.31312,    0.016506,     0.29010,    0.016989,     0.30610,    0.017079,     0.30069,    0.016632,     0.28845,    0.015607,     0.19888,      499.00,      3.7226,      3.6486
      7.7002,      43.000,      10.000,     0.74308,     0.76227,      5.0172,      5.0810,      2.8000,      1.4100,  -0.0074972,      2.0000,    0.021610,     0.17356,    0.021661,     0.14546,    0.021743,     0.15181,    0.021534,     0.14579,    0.021207,     0.14381,    0.020496,    0.090398,      816.12,      3.7340,      3.7674
      7.7336,      45.000,      10.000,     0.72035,     0.73805,      4.8077,      4.8677,      0.0000,      1.4100, -0.00061533,      2.0000,    0.018229,     0.10733,    0.017901,    0.073141,    0.018415,    0.079206,    0.018605,    0.072895,    0.018403,    0.071496,    0.017802,    0.036159,      690.24,      3.7210,      3.6350
      7.7669,      42.000,      10.000,     0.71236,     0.73733,      4.7806,      4.8652,      0.0000,      1.4100,   0.0045666,      2.0000,    0.022698,    0.082486,    0.022283,    0.036981,    0.022898,    0.042904,    0.023236,    0.036447,    0.023275,    0.044377,    0.023045,   0.0090395,      695.75,      3.7210,      3.6350
      7.8002,      40.000,      10.000,     0.71043,     0.73716,      4.7746,      4.8646,      0.0000,      1.4100,   0.0094121,      2.0000,    0.025468,    0.065927,    0.025006,   0.0098617,    0.025722,    0.024752,    0.026138,    0.018223,    0.026342,    0.026297,    0.026093,   -0.018080,      1342.1,      3.7210,      3.6350
      7.8336,      44.000,      10.000,     0.71193,     0.73729,      4.7792,      4.8651,      0.0000,      1.4100,    0.013081,      2.0000,    0.024993,    0.057648,    0.024599,    0.027942,    0.025272,    0.024752,    0.025836,    0.018223,    0.026264,    0.026297,    0.025959,  -0.0090403,      640.97,      3.7210,      3.6350
      7.8669,      41.000,      10.000,     0.70193,     0.73642,      4.7461,      4.8622,      0.0000,      1.4100,    0.017251,      2.0000,    0.030033,    0.049369,    0.029553,   0.0098617,    0.030311,    0.015677,    0.031151,   0.0091115,    0.031704,    0.017257,    0.031718,   -0.018080,      1284.3,      3.7210,      3.6350
      7.9002,      41.000,      10.000,     0.72244,     0.73825,      4.8143,      4.8683,      0.0000,      1.4100,    0.018982,      2.0000,    0.017174,    0.032810,    0.016864,    0.018902,    0.017418,    0.015677,    0.017394,    0.018223,    0.016797,    0.026297,    0.015766,  -0.0090403,      1027.4,      3.7210,      3.6350
      7.9336,      45.000,      10.000,     0.71173,     0.73727,      4.7786,      4.8650,      0.0000,      1.4100,    0.019481,      2.0000,    0.026054,    0.049369,    0.025626,    0.018902,    0.026412,    0.024752,    0.026858,    0.018223,    0.026989,    0.017257,    0.026155,   -0.018080,      673.62,      3.7210,      3.6350
      7.9669,      38.000,      10.000,     0.71750,     0.73779,      4.7983,      4.8668,      0.0000,      1.4100,    0.020316,      2.0000,    0.020772,    0.040695,    0.020425,   0.0098617,    0.021014,    0.024752,    0.021353,   0.0091115,    0.021329,    0.017257,    0.020790,      0.0000,      1579.0,      3.7210,      3.6350
      8.0002,      43.000,      10.000,     0.71374,     0.73745,      4.7849,      4.8656,      0.0000,      1.4100,    0.021264,      2.0000,    0.016274,    0.057648,    0.015990,    0.018902,    0.016412,    0.024752,    0.016659,    0.018223,    0.016675,    0.026297,    0.016432,      0.0000,      753.21,      3.7210,      3.6350
      8.0336,      43.000,      10.000,     0.71338,     0.73742,      4.7838,      4.8655,      0.0000,      1.4100,    0.022774,      2.0000,    0.016079,    0.041089,    0.015860,   0.0098617,    0.016311,    0.015677,    0.016579,   0.0091115,    0.016340,    0.017257,    0.015473,   -0.018080,      906.46,      3.7210,      3.6350
      8.0669,      44.000,      10.000,     0.71133,     0.73723,      4.7774,      4.8649,      0.0000,      1.4100,    0.023820,      2.0000,    0.024917,    0.049369,    0.024439,   0.0098617,    0.025102,    0.015677,    0.025384,   0.0091115,    0.025541,    0.017257,    0.025504,      0.0000,      1240.7,      3.7210,      3.6350
      8.1002,      43.000,      10.000,     0.71450,     0.73752,      4.7873,      4.8659,      0.0000,      1.4100,    0.023949,      2.0000,    0.023003,    0.024530,    0.022677,   0.0098617,    0.023269,    0.024752,    0.023931,   0.0091115,    0.024315,    0.017257,    0.023985,   -0.027119,      1068.1,      3.7210,      3.6350
      8.1336,      40.000,      10.000,     0.71671,     0.73772,      4.7953,      4.8665,      0.0000,      1.4100,    0.023292,      2.0000,    0.021963,    0.041089,    0.021590,  0.00082224,    0.022263,    0.015677,    0.022457,   0.0091115,    0.022259,    0.017257,    0.021368,   -0.027119,      1135.1,      3.7210,      3.6350
      8.1669,      47.000,      10.000,     0.71797,     0.73783,      4.8001,      4.8669,      0.0000,      1.4100,    0.021267,      2.0000,    0.020099,    0.032810,    0.019736,    0.018902,    0.020308,    0.024752,    0.020550,    0.018223,    0.020519,    0.026297,    0.020025,   -0.018080,      1189.1,      3.7210,      3.6350
      8.2002,      47.000,      10.000,     0.72191,     0.73820,      4.8126,      4.8681,      0.0000,      1.4100,    0.022665,      2.0000,    0.017363,    0.016251,    0.017065,   0.0098617,    0.017590,    0.024752,    0.017648,    0.018223,    0.017223,    0.017257,    0.016301,  -0.0090403,      1496.2,      3.7210,      3.6350
