# [Parameters]
# Name = tsmap_nel
# ShotNo = 163381
# Date = '07/05/2021 11:10'
# 
# DimNo = 1
# DimName = 'Time'
# DimSize = 176
# DimUnit = 's'
# 
# ValNo = 25
# ValName = 'laser', 'laser number', 'a99', 'a999', 'R99', 'R999', 'p0', 'pf', 'ip', 'ipf', 'nl_thomson_mid', 'nl_mmw_mid', 'nl_thomson_3579', 'nl_fir_3579', 'nl_thomson_3669', 'nl_fir_3669', 'nl_thomson_3759', 'nl_fir_3759', 'nl_thomson_3849', 'nl_fir_3849', 'nl_thomson_3939', 'nl_fir_3939', 'chi', 'geom_center', 'Rax_vmec'
# ValUnit = 'arb', 'arb', 'm', 'm', 'm', 'm', '%', 'arb', 'kA/T', 'arb', 'arb', 'e19m-2', 'arb', 'e19m-2', 'arb', 'e19m-2', 'arb', 'e19m-2', 'arb', 'e19m-2', 'arb', 'e19m-2', 'arb', 'm', 'm'
# 
# [Comments]
# Bt = -2.53850
# Rax = 3.90000
# Bq = 100.000
# Gamma = 1.25380
# phiedge = -2.8685000
# avac = 0.55800000
# ExpDate = 2.02011e+07
# Cycle = 22.0000
# t1 = 3.30000
# t2 = 9.14300
# density (ne) is only for very rough information
# Do not use data for ne_bar < 5*1-^12cm-3
# High Voltage is set at 0.90 times
# Te limit = 22keV
# Laser#1, #3, #5, 
# 
# [data]
    0.016944,     -404.00,      10.000,     0.77253,     0.78547,      5.2143,      5.2495,      0.0000,      2.1400,     -0.0000,      2.0000,    0.012945,  -0.0080779,    0.011836,   0.0016427,    0.012496,  -0.0033003,    0.012851,  -0.0041413,    0.012781, -0.00082224,    0.012248,    0.021368,      9999.0,      3.8133,      3.8981
      3.3169,     -400.00,      10.000,     0.55165,     0.60101,      4.6372,      4.7571,     0.10000,      2.1400,   0.0079033,      2.0000,    0.046494,     0.51021,    0.042916,     0.43555,    0.045494,     0.44141,    0.046223,     0.45145,    0.045448,     0.43309,    0.043438,     0.41008,      30.200,      3.8153,      3.9051
      3.3503,     -408.00,      10.000,     0.55691,     0.60731,      4.6498,      4.7732,     0.10000,      2.1400,     0.11814,      2.0000,    0.071177,     0.84966,    0.062226,     0.80618,    0.067958,     0.81351,    0.070494,     0.81592,    0.069550,     0.79468,    0.066314,     0.78071,      42.508,      3.8153,      3.9051
      3.3836,     -402.00,      10.000,     0.57065,     0.61533,      4.7030,      4.8176,     0.50000,      2.1400,     0.27750,      2.0000,     0.10690,      1.1311,    0.098136,      1.0412,     0.10352,      1.0767,     0.10501,      1.0802,     0.10329,      1.0568,    0.098722,     0.99767,      9.1415,      3.8234,      3.9329
      3.4169,     -389.00,      10.000,     0.57506,     0.61908,      4.7196,      4.8334,     0.60000,      2.1400,     0.46670,      2.0000,     0.13756,      1.4126,     0.12880,      1.3124,     0.13456,      1.3490,     0.13557,      1.3535,     0.13268,      1.3190,     0.12691,      1.2779,      10.943,      3.8254,      3.9399
      3.4503,     -392.00,      10.000,     0.57523,     0.61663,      4.7262,      4.8341,     0.70000,      2.1400,     0.65904,      2.0000,     0.16354,      1.6610,     0.15506,      1.5655,     0.15994,      1.6031,     0.16022,      1.5995,     0.15697,      1.5721,     0.15015,      1.5129,      22.250,      3.8279,      3.9465
      3.4836,     -400.00,      10.000,     0.56914,     0.61070,      4.7217,      4.8301,     0.90000,      2.1400,     0.83729,      2.0000,     0.18805,      1.8928,     0.18272,      1.7734,     0.18716,      1.8300,     0.18584,      1.8182,     0.18055,      1.7891,     0.17285,      1.7208,      10.684,      3.8319,      3.9603
      3.5169,     -405.00,      10.000,     0.57351,     0.61409,      4.7272,      4.8333,     0.80000,      2.1400,      1.0403,      2.0000,     0.19843,      2.1412,     0.19055,      2.0537,     0.19669,      2.0932,     0.19566,      2.0825,     0.18996,      2.0603,     0.18157,      1.9920,      5.3374,      3.8299,      3.9534
      3.5503,     -407.00,      10.000,     0.57344,     0.61364,      4.7270,      4.8321,     0.80000,      2.1400,      1.2148,      2.0000,     0.23252,      2.4645,     0.22493,      2.5147,     0.23127,      2.5107,     0.22924,      2.6201,     0.22194,      2.5574,     0.21183,      2.5164,      5.0464,      3.8299,      3.9534
      3.5836,     -406.00,      10.000,     0.56974,     0.61168,      4.7180,      4.8269,     0.80000,      2.1400,      1.4011,      2.0000,     0.25844,      2.7953,     0.24443,      2.8221,     0.25495,      2.8555,     0.25499,      2.9754,     0.24806,      2.9281,     0.23703,      2.8147,      4.8487,      3.8299,      3.9534
      3.6169,     -404.00,      10.000,     0.56477,     0.60724,      4.7173,      4.8280,      1.0000,      2.1400,      1.5787,      2.0000,     0.28640,      3.1016,     0.26671,      3.0661,     0.27844,      3.1369,     0.27954,      3.2488,     0.27423,      3.2264,     0.26359,      3.0859,      4.2258,      3.8344,      3.9668
      3.6503,     -398.00,      10.000,     0.56859,     0.61168,      4.7214,      4.8341,     0.90000,      2.1400,      1.7564,      2.0000,     0.31730,      3.3829,     0.29695,      3.3102,     0.31066,      3.4001,     0.31187,      3.5221,     0.30514,      3.4705,     0.29221,      3.3480,      10.404,      3.8324,      3.9599
      3.6836,     -403.00,      10.000,     0.56807,     0.61072,      4.7252,      4.8374,      1.0000,      2.1400,      1.9158,      2.0000,     0.34781,      3.6232,     0.32101,      3.5272,     0.33726,      3.6179,     0.33957,      3.7226,     0.33304,      3.6422,     0.32009,      3.4655,      4.3838,      3.8344,      3.9668
      3.7169,     -398.00,      10.000,     0.56413,     0.60592,      4.7157,      4.8244,      1.0000,      2.1400,      2.0769,      2.0000,     0.33566,      3.7808,     0.30262,      3.5904,     0.32151,      3.6905,     0.32596,      3.7864,     0.32130,      3.7055,     0.30903,      3.5650,      6.1424,      3.8344,      3.9668
      3.7503,     -387.00,      10.000,     0.56984,     0.61372,      4.7244,      4.8395,     0.90000,      2.1400,      2.2565,      2.0000,     0.36566,      3.8965,     0.33205,      3.5995,     0.35255,      3.7268,     0.35861,      3.8137,     0.35293,      3.7236,     0.33857,      3.5740,      6.0882,      3.8324,      3.9599
      3.7836,     -408.00,      10.000,     0.57370,     0.61613,      4.7339,      4.8459,     0.90000,      2.1400,      2.4263,      2.0000,     0.38049,      3.9793,     0.34597,      3.6447,     0.36597,      3.7813,     0.37086,      3.8593,     0.36562,      3.7597,     0.35144,      3.6192,      5.0686,      3.8324,      3.9599
      3.8169,     -399.00,      10.000,     0.57097,     0.61449,      4.7281,      4.8429,     0.90000,      2.1400,      2.5894,      2.0000,     0.37818,      3.9710,     0.34068,      3.6718,     0.36241,      3.8176,     0.36881,      3.8957,     0.36412,      3.8049,     0.35048,      3.6644,      3.6564,      3.8328,      3.9595
      3.8503,     -395.00,      10.000,     0.57278,     0.61638,      4.7326,      4.8479,     0.90000,      2.1400,      2.7492,      2.0000,     0.38772,      3.9875,     0.35507,      3.6899,     0.37564,      3.8357,     0.38028,      3.9231,     0.37456,      3.8321,     0.35960,      3.7006,      7.3518,      3.8328,      3.9595
      3.8836,     -398.00,      10.000,     0.56540,     0.60953,      4.7242,      4.8407,      1.1000,      2.1400,      2.9074,      2.0000,     0.37591,      4.0289,     0.33931,      3.7170,     0.36082,      3.8720,     0.36574,      3.9413,     0.36064,      3.8592,     0.34862,      3.7186,      7.3236,      3.8369,      3.9715
      3.9169,     -399.00,      10.000,     0.56761,     0.61087,      4.7296,      4.8442,      1.1000,      2.1400,      3.0516,      2.0000,     0.38468,      4.0788,     0.34640,      3.7712,     0.36786,      3.9083,     0.37380,      3.9868,     0.37042,      3.9134,     0.35763,      3.7819,      5.0376,      3.8369,      3.9715
      3.9503,     -403.00,      10.000,     0.57254,     0.61616,      4.7320,      4.8473,     0.90000,      2.1400,      3.1948,      2.0000,     0.39462,      4.1281,     0.35438,      3.7984,     0.37625,      3.9537,     0.38350,      4.0324,     0.38082,      3.9405,     0.36718,      3.8000,      3.9109,      3.8328,      3.9595
      3.9836,     -416.00,      10.000,     0.56932,     0.61310,      4.7292,      4.8450,      1.0000,      2.1400,      3.3340,      2.0000,     0.39646,      4.1862,     0.35979,      3.8436,     0.38017,      3.9991,     0.38481,      4.0780,     0.38063,      3.9948,     0.36767,      3.8633,      7.0099,      3.8348,      3.9663
      4.0169,     -406.00,      10.000,     0.57159,     0.61523,      4.7296,      4.8449,     0.90000,      2.1400,      3.4634,      2.0000,     0.39929,      4.2028,     0.35709,      3.9068,     0.38045,      4.0626,     0.38769,      4.1600,     0.38437,      4.0852,     0.37047,      3.9085,      6.4769,      3.8328,      3.9595
      4.0503,     -395.00,      10.000,     0.56796,     0.61235,      4.7267,      4.8443,      1.0000,      2.1400,      3.5875,      2.0000,     0.39945,      4.3270,     0.35667,      3.9882,     0.38013,      4.1352,     0.38795,      4.2511,     0.38470,      4.1756,     0.37119,      4.0170,      4.7796,      3.8353,      3.9658
      4.0836,     -395.00,      10.000,     0.56887,     0.61173,      4.7290,      4.8427,      1.0000,      2.1400,      3.7047,      2.0000,     0.40909,      4.3850,     0.36428,      4.0786,     0.38780,      4.2260,     0.39573,      4.3331,     0.39251,      4.2660,     0.37952,      4.0983,      3.6713,      3.8353,      3.9658
      4.1169,     -395.00,      10.000,     0.56729,     0.61051,      4.7200,      4.8336,     0.90000,      2.1400,      3.8121,      2.0000,     0.40932,      4.4926,     0.36286,      4.1871,     0.38899,      4.3530,     0.39800,      4.4880,     0.39450,      4.4196,     0.37950,      4.1887,      4.3242,      3.8333,      3.9591
      4.1503,     -399.00,      10.000,     0.56602,     0.60995,      4.7221,      4.8379,      1.0000,      2.1400,      3.9075,      2.0000,     0.42943,      4.6333,     0.38339,      4.3227,     0.40919,      4.5255,     0.41740,      4.6702,     0.41302,      4.6456,     0.39917,      4.4328,      4.0437,      3.8353,      3.9658
      4.1836,     -403.00,      10.000,     0.56223,     0.60642,      4.7074,      4.8225,     0.90000,      2.1400,      3.9896,      2.0000,     0.41964,      4.7161,     0.36830,      4.4854,     0.39710,      4.6525,     0.40661,      4.9071,     0.40410,      4.8445,     0.38920,      4.6407,      4.2804,      3.8333,      3.9591
      4.2169,     -401.00,      10.000,     0.56563,     0.61098,      4.7160,      4.8349,     0.90000,      2.1400,      4.0547,      2.0000,     0.45892,      4.6416,     0.41375,      4.6391,     0.44129,      4.8613,     0.45022,      5.1532,     0.44397,      5.0072,     0.42639,      4.8848,      3.8756,      3.8333,      3.9591
      4.2503,     -406.00,      10.000,     0.56243,     0.60685,      4.7079,      4.8236,     0.90000,      2.1400,      4.0982,      2.0000,     0.46157,      4.8238,     0.40703,      4.8470,     0.43765,      5.1063,     0.44858,      5.2807,     0.44550,      5.2061,     0.42842,      5.1469,      5.9784,      3.8333,      3.9591
      4.2836,     -401.00,      10.000,     0.55840,     0.60339,      4.6977,      4.8141,     0.90000,      2.1400,      4.1227,      2.0000,     0.47155,      4.8072,     0.41394,      5.0458,     0.44890,      5.2697,     0.45984,      5.5358,     0.45536,      5.4231,     0.43762,      5.3277,      3.7024,      3.8333,      3.9591
      4.3169,     -402.00,      10.000,     0.55179,     0.59667,      4.6814,      4.7965,     0.90000,      2.1400,      4.1156,      2.0000,     0.47190,      5.1226,     0.40604,      5.2899,     0.44386,      5.4784,     0.45713,      5.7636,     0.45583,      5.5858,     0.43968,      5.5266,      5.9450,      3.8333,      3.9591
      4.3503,     -394.00,      10.000,     0.55225,     0.59763,      4.6826,      4.7990,     0.90000,      2.1400,      4.0796,      2.0000,     0.50663,      5.4530,     0.43745,      5.5250,     0.47720,      5.8777,     0.49249,      6.0826,     0.48965,      5.7937,     0.47125,      5.7616,      7.1014,      3.8333,      3.9591
      4.3836,     -405.00,      10.000,     0.55754,     0.60393,      4.6904,      4.8099,     0.80000,      2.1400,      4.0465,      2.0000,     0.56898,      4.1697,     0.49121,      5.9589,     0.53403,      6.4586,     0.55209,      6.6293,     0.55017,      6.3090,     0.52919,      6.1775,      4.2474,      3.8313,      3.9524
      4.4169,     -392.00,      10.000,     0.52269,     0.56703,      4.6132,      4.7143,     0.80000,      2.1400,      4.0604,      2.0000,     0.51625,      14.825,     0.42332,      6.0583,     0.48273,      6.3950,     0.50568,      6.5290,     0.50416,      6.2638,     0.48404,      6.1232,      8.2471,      3.8313,      3.9524
      4.4503,     -385.00,      10.000,     0.51934,     0.56645,      4.6159,      4.7231,      1.0000,      2.1400,      3.8432,      2.0000,     0.60093,      24.645,     0.47362,      7.0979,     0.55556,      7.5567,     0.58831,      7.7318,     0.59012,      7.5112,     0.56704,      7.2803,      8.5565,      3.8353,      3.9658
      4.4836,     -397.00,      10.000,     0.52248,     0.56868,      4.6175,      4.7234,     0.90000,      2.1400,      3.6421,      2.0000,     0.72241,      4.7078,     0.56506,      7.8663,     0.66011,      8.5188,     0.70168,      8.6977,     0.70747,      8.5056,     0.68203,      8.3922,      8.1351,      3.8333,      3.9591
      4.5169,     -390.00,      10.000,     0.51664,     0.56461,      4.6063,      4.7135,     0.90000,      2.1400,      3.5483,      2.0000,     0.76610,      7.5394,     0.56624,      8.5985,     0.67985,      9.2267,     0.73861,      9.5724,     0.75360,      9.3463,     0.72875,      9.1968,      4.8467,      3.8333,      3.9591
      4.5503,     -392.00,      10.000,     0.51417,     0.56178,      4.6010,      4.7053,     0.90000,      2.1400,      3.2851,      2.0000,     0.87843,      6.0657,     0.65345,      9.5657,     0.79002,      10.397,     0.85635,      10.766,     0.86736,      10.621,     0.83439,      10.245,      4.5654,      3.8328,      3.9595
      4.5836,     -407.00,      10.000,     0.51478,     0.56233,      4.6066,      4.7122,      1.0000,      2.1400,      3.3311,      2.0000,     0.99186,      2.0584,     0.75118,      9.5386,     0.89502,      10.452,     0.96243,      11.067,     0.97456,      10.829,     0.94174,      10.508,      4.5116,      3.8348,      3.9663
      4.6169,     -401.00,      10.000,     0.50086,     0.55168,      4.5820,      4.6854,      1.0000,      2.1400,      3.1184,      2.0000,     0.93220,      16.846,     0.64152,      10.081,     0.80390,      11.205,     0.89589,      11.677,     0.92547,      11.425,     0.89474,      11.041,      3.0869,      3.8348,      3.9663
      4.6503,     -405.00,      10.000,     0.49322,     0.54604,      4.5692,      4.6718,      1.0000,      2.1400,      2.9689,      2.0000,     0.90012,      23.966,     0.55458,      10.235,     0.73823,      11.450,     0.85917,      11.914,     0.90265,      11.805,     0.87333,      11.475,      3.3918,      3.8348,      3.9663
      4.6836,     -401.00,      10.000,     0.49169,     0.54493,      4.5720,      4.6742,      1.1000,      2.1400,      2.7895,      2.0000,     0.94745,      25.564,     0.58268,      10.262,     0.77357,      11.632,     0.90009,      12.169,     0.94910,      12.058,     0.92177,      11.683,      3.1025,      3.8369,      3.9715
      4.7169,     -406.00,      10.000,     0.49502,     0.54760,      4.5775,      4.6805,      1.1000,      2.1400,      2.6802,      2.0000,     0.98662,      3.0291,     0.60519,      9.9906,     0.80568,      11.486,     0.93359,      12.215,     0.98794,      12.194,     0.95976,      11.791,      4.1448,      3.8369,      3.9715
      4.7503,     -395.00,      10.000,     0.50028,     0.55115,      4.5913,      4.6938,      1.2000,      2.1400,      2.6163,      2.0000,      1.0165,      3.3335,     0.62340,      9.6833,     0.82383,      11.459,     0.95231,      12.251,      1.0111,      12.329,     0.99147,      11.900,      4.0614,      3.8390,      3.9766
      4.7836,     -397.00,      10.000,     0.53521,     0.58646,      4.6614,      4.7878,      1.3000,      2.1400,      2.2635,      2.0000,      1.1581,      1.5037,     0.76982,      9.8369,     0.96316,      11.695,      1.0911,      12.743,      1.1459,      12.971,      1.1182,      12.632,      3.2720,      3.8406,      3.9824
      4.8169,     -393.00,      10.000,     0.50763,     0.55686,      4.6034,      4.7070,      1.2000,      2.1400,      2.2694,      2.0000,      1.0508,    -0.55784,     0.64648,      9.5929,     0.84804,      11.160,     0.98053,      12.133,      1.0426,      12.311,      1.0242,      11.927,      5.2835,      3.8386,      3.9772
      4.8503,     -392.00,      10.000,     0.51417,     0.56274,      4.6151,      4.7214,      1.2000,      2.1400,      2.2620,      2.0000,      1.1035,      24.247,     0.73105,      9.0686,     0.91572,      10.788,      1.0358,      11.796,      1.0910,      12.013,      1.0658,      11.601,      3.6458,      3.8386,      3.9772
      4.8836,     -402.00,      10.000,     0.50990,     0.55856,      4.6123,      4.7159,      1.3000,      2.1400,      2.2789,      2.0000,      1.0240,      23.130,     0.62087,      8.3815,     0.81282,      10.252,     0.94449,      11.295,      1.0124,      11.507,      1.0012,      11.249,      4.0973,      3.8406,      3.9824
      4.9169,     -397.00,      10.000,     0.50643,     0.55519,      4.6063,      4.7076,      1.3000,      2.1400,      2.4855,      2.0000,     0.98301,      21.897,     0.58136,      7.8120,     0.77632,      9.6169,     0.91381,      10.684,     0.98209,      10.964,     0.96374,      10.616,      6.1188,      3.8406,      3.9824
      4.9503,     -393.00,      10.000,     0.52750,     0.57779,      4.6454,      4.7643,      1.3000,      2.1400,      2.4216,      2.0000,     0.96349,      21.714,     0.55639,      7.5589,     0.71692,      9.7530,     0.84452,      10.884,     0.93632,      11.046,     0.94804,      10.833,      5.0839,      3.8406,      3.9824
      4.9836,     -399.00,      10.000,     0.53774,     0.58817,      4.6677,      4.7935,      1.3000,      2.1400,      2.5298,      2.0000,      1.0045,      21.391,     0.60047,      7.2425,     0.76292,      9.1813,     0.89692,      10.474,     0.98351,      10.802,     0.98435,      10.498,      3.5979,      3.8411,      3.9818
      5.0169,     -407.00,      10.000,     0.53663,     0.58656,      4.6652,      4.7893,      1.3000,      2.1400,      2.7063,      2.0000,     0.95648,      20.869,     0.55267,      6.6730,     0.70502,      8.5460,     0.83258,      9.8822,     0.92786,      10.314,     0.94160,      10.056,      3.4215,      3.8411,      3.9818
      5.0503,     -395.00,      10.000,     0.53844,     0.58990,      4.6693,      4.7980,      1.3000,      2.1400,      2.9484,      2.0000,     0.87193,      20.348,     0.49149,      6.1577,     0.63148,      7.8835,     0.75182,      9.1806,     0.84508,      9.7441,     0.86012,      9.5674,      3.9447,      3.8411,      3.9818
      5.0836,     -405.00,      10.000,     0.53916,     0.59084,      4.6660,      4.7956,      1.2000,      2.1400,      3.1553,      2.0000,     0.86921,      19.950,     0.48623,      5.8233,     0.62697,      7.3661,     0.75110,      8.6794,     0.84282,      9.3463,     0.85614,      9.1425,      3.5599,      3.8390,      3.9766
      5.1169,     -409.00,      10.000,     0.54104,     0.59290,      4.6750,      4.8059,      1.3000,      2.1400,      3.3915,      2.0000,     0.83572,      19.628,     0.46996,      5.5792,     0.59430,      6.9487,     0.70466,      8.1236,     0.79806,      8.8401,     0.82614,      8.6905,      3.4432,      3.8411,      3.9818
      5.1503,     -402.00,      10.000,     0.54548,     0.59764,      4.6859,      4.8199,      1.3000,      2.1400,      3.5895,      2.0000,     0.80485,      19.288,     0.46694,      5.4888,     0.58094,      6.7036,     0.68105,      7.7591,     0.76938,      8.4333,     0.79339,      8.3651,      3.9975,      3.8415,      3.9812
      5.1836,     -396.00,      10.000,     0.54396,     0.59540,      4.6825,      4.8137,      1.3000,      2.1400,      3.7220,      2.0000,     0.80296,      18.949,     0.47048,      5.4707,     0.58103,      6.5766,     0.67727,      7.5222,     0.76086,      8.1983,     0.79242,      8.1210,      4.5327,      3.8415,      3.9812
      5.2169,     -403.00,      10.000,     0.55456,     0.60585,      4.7077,      4.8425,      1.3000,      2.1400,      3.8162,      2.0000,     0.77029,      18.684,     0.48399,      5.4798,     0.57762,      6.4404,     0.65727,      7.3400,     0.72986,      7.9271,     0.75493,      7.8137,      3.1268,      3.8415,      3.9812
      5.2503,     -396.00,      10.000,     0.54986,     0.59969,      4.6915,      4.8203,      1.2000,      2.1400,      3.9644,      2.0000,     0.73936,      18.434,     0.48182,      5.6244,     0.56662,      6.4404,     0.63754,      7.2489,     0.70193,      7.8276,     0.71896,      7.7052,      1.9590,      3.8394,      3.9761
      5.2836,     -412.00,      10.000,     0.55108,     0.60133,      4.6945,      4.8249,      1.2000,      2.1400,      4.0440,      2.0000,     0.73697,      18.245,     0.50454,      5.8052,     0.58257,      6.5493,     0.64737,      7.2398,     0.70111,      7.7192,     0.71267,      7.4882,      3.3540,      3.8394,      3.9761
      5.3169,     -408.00,      10.000,     0.54396,     0.59267,      4.6677,      4.7916,      1.0000,      2.1400,      3.9673,      2.0000,     0.68788,      17.722,     0.48238,      6.0583,     0.55673,      6.6855,     0.61393,      7.4129,     0.65797,      7.5474,     0.65765,      7.4882,      1.8502,      3.8353,      3.9658
      5.3503,     -405.00,      10.000,     0.48531,     0.54078,      4.5428,      4.6461,     0.70000,      2.1400,      3.7306,      2.0000,     0.56949,      18.982,     0.35685,      7.6132,     0.46534,      7.7836,     0.53595,      7.7774,     0.56774,      7.8638,     0.54780,      7.5786,      5.0517,      3.8292,      3.9456
      5.3836,     -403.00,      10.000,     0.46687,     0.53733,      4.4928,      4.6182,     0.30000,      2.1400,      2.9951,      2.0000,     0.26766,      13.121,     0.13674,    -0.38720,     0.19820,      4.0446,     0.24704,      9.8823,     0.26934,      8.7944,     0.25471,      8.4106,      1076.4,      3.8208,      3.9188
      5.4169,     -413.00,      10.000,     0.76717,     0.77662,      5.2720,      5.2977,      1.2000,      2.1400,    -0.12704,      2.0000,   0.0095244,     0.46881,   0.0087905,      24.518,   0.0093611,      13.138,   0.0095251,      3.7499,   0.0093258,      1.0026,   0.0089734,    0.075606,      340.69,      3.8377,      3.9782
      5.4503,     -406.00,      10.000,     0.76801,     0.78430,      5.2088,      5.2532,     0.10000,      2.1400,    -0.12127,      2.0000,    0.017578,     0.43491,    0.015250,      24.436,    0.016646,      15.534,    0.017388,      3.6497,    0.017291,     0.91220,    0.016544,  -0.0057522,      644.62,      3.8153,      3.9051
      5.4836,     -410.00,      10.000,     0.76705,     0.78128,      5.2298,      5.2685,     0.50000,      2.1400,    -0.11612,      2.0000,    0.015203,     0.41913,    0.013052,      24.436,    0.014179,      15.580,    0.014878,      3.6497,    0.014959,     0.90316,    0.014378,   -0.014792,      341.18,      3.8234,      3.9329
      5.5169,     -391.00,      10.000,     0.77274,     0.78214,      5.2060,      5.2212,      4.0000,      1.4100,    -0.10964,      2.0000,   0.0094118,      1.5451,   0.0077741,      25.087,   0.0084831,    -0.62045,   0.0091020,      4.7340,   0.0096979,      1.9427,    0.010040,      1.1152,      251.22,      3.9203,      4.0803
      5.5503,     -393.00,      10.000,     0.75420,     0.78510,      5.2433,      5.3069,      3.4000,      1.4100,    -0.10492,      2.0000,    0.015681,      3.2341,    0.013047,      26.416,    0.014394,     0.55939,    0.015160,      6.2739,    0.015867,      3.6784,    0.016309,      2.5615,      1435.4,      3.9071,      4.0604
      5.5836,     -405.00,      10.000,     0.77140,     0.78463,      5.2181,      5.2541,     0.10000,      2.1400,    -0.10809,      2.0000,    0.014283,      4.1697,    0.012192,      25.874,    0.013393,     0.96780,    0.014040,      8.5792,    0.014075,      6.6886,    0.013461,      4.7582,      1202.1,      3.8153,      3.9051
      5.6169,     -403.00,      10.000,     0.76666,     0.78052,      5.2348,      5.2725,     0.60000,      2.1400,    -0.10877,      2.0000,    0.015034,      3.0433,    0.012610,      24.933,    0.013850,    -0.13036,    0.014498,      6.9664,    0.014772,      5.0615,    0.014274,      3.3661,      795.16,      3.8254,      3.9399
      5.6503,     -413.00,      10.000,     0.76921,     0.78514,      5.2053,      5.2486,      0.0000,      2.1400,    -0.11005,      2.0000,    0.018361,      3.0271,    0.014735,      25.774,    0.016865,     0.10561,    0.018089,      6.6384,    0.018187,      4.4106,    0.017313,      3.0497,      1693.7,      3.8133,      3.8981
      5.6836,     -407.00,      10.000,     0.76077,     0.77702,      5.2439,      5.2882,      1.0000,      2.1400,    -0.10997,      2.0000,    0.011879,      3.0851,    0.010653,      26.072,    0.011436,     0.49586,    0.011767,      7.3947,    0.011658,      5.3507,    0.011227,      3.8271,      616.39,      3.8335,      3.9677
      5.7169,     -392.00,      10.000,     0.76660,     0.78489,      5.1981,      5.2479,      0.0000,      2.1400,    -0.10664,      2.0000,    0.012737,      3.3169,    0.011427,      25.955,    0.012188,     0.45956,    0.012550,      7.0575,    0.012517,      4.7541,    0.011986,      3.3299,      1061.3,      3.8133,      3.8981
      5.7503,     -393.00,      10.000,     0.77383,     0.78559,      5.2178,      5.2498,      0.0000,      2.1400,   -0.099452,      2.0000,    0.012520,      5.6434,    0.010816,      6.4470,    0.011887,      1.8391,    0.012437,      7.9687,    0.012363,      5.7123,    0.011841,      4.2158,      1304.0,      3.8133,      3.8981
      5.7836,     -414.00,      10.000,     0.75838,     0.77973,      5.2122,      5.2703,     0.60000,      2.1400,    -0.10093,      2.0000,    0.017333,      13.144,    0.014404,     -1.4628,    0.015958,      2.2202,    0.016760,      8.5063,    0.016950,      6.4174,    0.016353,      4.7763,      968.43,      3.8254,      3.9399
      5.8169,     -401.00,      10.000,     0.76731,     0.77912,      5.2495,      5.2818,     0.80000,      2.1400,   -0.099498,      2.0000,    0.012555,      23.188,    0.010934,     -1.3905,    0.011928,      2.3110,    0.012397,      8.4152,    0.012330,      6.0739,    0.011857,      4.6045,      505.98,      3.8295,      3.9538
      5.8503,     -406.00,      10.000,     0.75796,     0.78408,      5.1746,      5.2457,      0.0000,      2.1400,   -0.095755,      2.0000,    0.019451,      11.407,    0.017100,     -1.3001,    0.018620,      2.4562,    0.019248,      8.4425,    0.019148,      6.1824,    0.018277,      4.7040,      1397.6,      3.8133,      3.8981
      5.8836,     -399.00,      10.000,     0.76680,     0.78418,      5.2055,      5.2529,     0.10000,      2.1400,   -0.097749,      2.0000,    0.018244,      8.7088,    0.016199,     -1.2367,    0.017526,      2.4836,    0.018092,      8.5882,    0.017938,      6.3813,    0.017167,      4.7945,      1104.5,      3.8153,      3.9051
      5.9169,     -406.00,      10.000,     0.76408,     0.78010,      5.3863,      5.4324,      3.2000,      2.1400,   -0.098245,      2.0000,    0.018499,      16.887,    0.014203,     -1.2639,    0.016362,      2.4290,    0.017531,      8.6156,    0.018104,      6.4626,    0.018114,      4.8215,      703.38,      3.8776,      4.0667
      5.9503,     -390.00,      10.000,     0.76883,     0.78438,      5.2111,      5.2535,     0.10000,      2.1400,   -0.097650,      2.0000,    0.017762,      6.0822,    0.013746,     -1.2820,    0.015569,      2.4108,    0.017005,      8.5610,    0.017609,      6.2276,    0.016671,      4.7040,      984.61,      3.8153,      3.9051
      5.9836,     -401.00,      10.000,     0.77165,     0.78538,      5.2119,      5.2493,      0.0000,      2.1400,   -0.093555,      2.0000,    0.014924,      7.0770,    0.012634,      4.5848,    0.013965,      1.9117,    0.014711,      8.1145,    0.014737,      5.7033,    0.014069,      4.2701,      1419.6,      3.8133,      3.8981
      6.0169,     -406.00,      10.000,     0.76621,     0.78486,      5.1971,      5.2478,      0.0000,      2.1400,   -0.093634,      2.0000,    0.015575,      6.7363,    0.013437,      10.099,    0.014702,      1.5849,    0.015434,      7.8594,    0.015378,      5.5406,    0.014707,      3.9989,      1638.2,      3.8133,      3.8981
      6.0503,     -404.00,      10.000,     0.77026,     0.78525,      5.2081,      5.2489,      0.0000,      2.1400,   -0.093148,      2.0000,    0.016775,      6.6445,    0.014011,      13.995,    0.015725,      1.4125,    0.016568,      7.6498,    0.016558,      5.3146,    0.015811,      3.8452,      1511.4,      3.8133,      3.8981
      6.0836,     -407.00,      10.000,     0.77288,     0.78548,      5.2153,      5.2495,      0.0000,      2.1400,   -0.091132,      2.0000,    0.017156,      6.6287,    0.015098,      14.294,    0.016365,      1.3762,    0.017018,      7.5769,    0.016959,      5.1609,    0.016238,      3.7096,      1201.7,      3.8133,      3.8981
      6.1169,     -416.00,      10.000,     0.77277,     0.78549,      5.2149,      5.2496,      0.0000,      2.1400,   -0.087240,      2.0000,    0.013720,      6.5376,    0.011721,      13.769,    0.012857,      1.3581,    0.013531,      7.5040,    0.013536,      5.0795,    0.012942,      3.6915,      1321.8,      3.8133,      3.8981
      6.1503,     -406.00,      10.000,     0.76677,     0.78491,      5.1986,      5.2480,      0.0000,      2.1400,   -0.088324,      2.0000,    0.019586,      6.5293,    0.017010,      15.017,    0.018438,      1.3217,    0.019214,      7.4676,    0.019259,      5.1067,    0.018344,      3.6463,      1571.0,      3.8133,      3.8981
      6.1836,     -402.00,      10.000,     0.75622,     0.77350,      5.2634,      5.3105,      1.6000,      2.1400,   -0.086420,      2.0000,    0.014495,      6.5045,    0.012983,      16.554,    0.013937,      1.2673,    0.014210,      7.4129,    0.014157,      5.0524,    0.013863,      3.6102,      1126.7,      3.8460,      3.9993
      6.2169,     -398.00,      10.000,     0.76380,     0.78463,      5.1905,      5.2472,      0.0000,      2.1400,   -0.083553,      2.0000,    0.015376,      6.5620,    0.013276,      16.282,    0.014468,      1.2582,    0.015186,      7.3947,    0.015241,      4.9349,    0.014523,      3.5469,      1458.5,      3.8133,      3.8981
      6.2503,     -417.00,      10.000,     0.77291,     0.78550,      5.2153,      5.2496,      0.0000,      2.1400,   -0.082056,      2.0000,    0.013161,      6.4962,    0.011749,      16.581,    0.012709,      1.2582,    0.013093,      7.3400,    0.012924,      4.8716,    0.012404,      3.5378,      1009.6,      3.8133,      3.8981
      6.2836,     -407.00,      10.000,     0.76169,     0.77711,      5.2464,      5.2885,      1.0000,      2.1400,   -0.081783,      2.0000,    0.015887,      6.4875,    0.014325,      16.020,    0.015339,      1.2854,    0.015612,      7.3582,    0.015438,      4.8987,    0.014927,      3.5559,      1342.4,      3.8335,      3.9677
      6.3169,     -400.00,      10.000,     0.76578,     0.78115,      5.2263,      5.2682,     0.50000,      2.1400,   -0.079373,      2.0000,    0.016869,      6.5206,    0.014546,      15.514,    0.015896,      1.3127,    0.016525,      7.3947,    0.016531,      4.9078,    0.015877,      3.5559,      1167.4,      3.8234,      3.9329
      6.3503,     -409.00,      10.000,     0.76174,     0.77770,      5.3247,      5.3692,      2.3000,      2.1400,   -0.078583,      2.0000,    0.017107,      6.5624,    0.014690,      16.282,    0.015976,      1.2764,    0.016462,      7.3127,    0.016530,      4.8897,    0.016379,      3.5288,      933.21,      3.8604,      4.0323
      6.3836,     -404.00,      10.000,     0.76963,     0.78518,      5.2064,      5.2487,      0.0000,      2.1400,   -0.079024,      2.0000,    0.016823,      6.5293,    0.014660,      15.777,    0.016057,      1.2673,    0.016595,      7.3308,    0.016548,      4.8807,    0.015797,      3.5106,      1409.3,      3.8133,      3.8981
      6.4169,     -397.00,      10.000,     0.76659,     0.77905,      5.2476,      5.2816,     0.80000,      2.1400,   -0.078596,      2.0000,    0.013345,      6.5535,    0.011505,      15.595,    0.012520,      1.3127,    0.012996,      7.3673,    0.013055,      4.8535,    0.012605,      3.5198,      678.34,      3.8295,      3.9538
      6.4503,     -400.00,      10.000,     0.77393,     0.78560,      5.2181,      5.2499,      0.0000,      2.1400,   -0.077384,      2.0000,    0.012301,      6.5790,    0.010721,      15.116,    0.011646,      1.2945,    0.012139,      7.3218,    0.012156,      4.8264,    0.011625,      3.5198,      1347.9,      3.8133,      3.8981
      6.4836,     -412.00,      10.000,     0.76864,     0.78644,      5.2730,      5.3097,      3.4000,      1.4100,   -0.076892,      2.0000,    0.018272,      6.5873,    0.015590,      15.170,    0.016908,      1.3036,    0.017550,      7.3582,    0.018257,      4.8987,    0.019013,      3.5288,      863.55,      3.9071,      4.0604
      6.5169,     -413.00,      10.000,     0.77177,     0.78539,      5.2122,      5.2493,      0.0000,      2.1400,   -0.074957,      2.0000,    0.014891,      6.6370,    0.012534,      14.538,    0.013780,      1.3217,    0.014601,      7.3764,    0.014686,      4.8897,    0.014004,      3.5198,      1045.0,      3.8133,      3.8981
      6.5503,     -404.00,      10.000,     0.76807,     0.78503,      5.2022,      5.2483,      0.0000,      2.1400,   -0.074033,      2.0000,    0.013810,      6.6618,    0.012208,      14.583,    0.013337,      1.3490,    0.013832,      7.3764,    0.013615,      4.8716,    0.013091,      3.5650,      1289.2,      3.8133,      3.8981
      6.5836,     -408.00,      10.000,     0.77119,     0.78461,      5.2175,      5.2541,     0.10000,      2.1400,   -0.072546,      2.0000,    0.012478,      6.6614,    0.010687,      13.362,    0.011655,      1.3762,    0.012230,      7.4038,    0.012311,      4.9259,    0.011781,      3.5921,      1693.3,      3.8153,      3.9051
      6.6169,     -405.00,      10.000,     0.75705,     0.77831,      5.2947,      5.3531,      2.1000,      2.1400,   -0.070415,      2.0000,    0.021193,      6.6949,    0.020371,      13.191,    0.021177,      1.3762,    0.021082,      7.3855,    0.020601,      4.8897,    0.019975,      3.5650,      284.61,      3.8564,      4.0243
      6.6503,     -399.00,      10.000,     0.77038,     0.78526,      5.2084,      5.2489,      0.0000,      2.1400,   -0.069495,      2.0000,    0.015260,      6.6949,    0.013982,      13.814,    0.014919,      1.3581,    0.015223,      7.3673,    0.014937,      4.9168,    0.014364,      3.5378,      717.60,      3.8133,      3.8981
      6.6836,     -407.00,      10.000,     0.75183,     0.77359,      5.2461,      5.3055,      1.5000,      2.1400,   -0.067620,      2.0000,    0.016549,      6.7032,    0.014073,      13.317,    0.015424,      1.3944,    0.015957,      7.4676,    0.016106,      4.9620,    0.015805,      3.6102,      1533.0,      3.8439,      3.9940
      6.7169,     -403.00,      10.000,     0.76840,     0.78507,      5.2031,      5.2484,      0.0000,      2.1400,   -0.067881,      2.0000,    0.017696,      6.6949,    0.015679,      14.086,    0.016947,      1.4125,    0.017525,      7.4038,    0.017424,      4.9168,    0.016657,      3.5830,      1408.8,      3.8133,      3.8981
      6.7503,     -402.00,      10.000,     0.76730,     0.78496,      5.2001,      5.2481,      0.0000,      2.1400,   -0.065087,      2.0000,    0.018198,      6.6618,    0.016560,      13.670,    0.017565,      1.3853,    0.018055,      7.3673,    0.017957,      4.8897,    0.017176,      3.5921,      1390.8,      3.8133,      3.8981
      6.7836,     -403.00,      10.000,     0.76103,     0.77499,      5.2650,      5.3030,      1.4000,      2.1400,   -0.065895,      2.0000,    0.014951,      6.6866,    0.012700,      12.820,    0.013890,      1.4307,    0.014459,      7.4402,    0.014559,      4.9530,    0.014235,      3.5921,      1327.7,      3.8419,      3.9887
      6.8169,     -407.00,      10.000,     0.77473,     0.78568,      5.2203,      5.2501,      0.0000,      2.1400,   -0.064994,      2.0000,    0.011909,      6.7272,    0.010044,      13.823,    0.011082,      1.3853,    0.011709,      7.3947,    0.011764,      4.8897,    0.011248,      3.5830,      1339.9,      3.8133,      3.8981
      6.8502,     -403.00,      10.000,     0.76889,     0.78511,      5.2044,      5.2485,      0.0000,      2.1400,   -0.063485,      2.0000,    0.013620,      6.6618,    0.012116,      13.634,    0.013017,      1.3671,    0.013474,      7.4038,    0.013406,      4.9439,    0.012846,      3.6011,      361.70,      3.8133,      3.8981
      6.8836,     -402.00,      10.000,     0.76769,     0.78134,      5.2315,      5.2687,     0.50000,      2.1400,   -0.062686,      2.0000,    0.014506,      6.9267,    0.012372,      13.444,    0.013606,      1.4125,    0.014291,      7.4039,    0.014277,      4.9348,    0.013724,      3.5741,      872.43,      3.8234,      3.9329
      6.9169,     -392.00,      10.000,     0.76960,     0.78518,      5.2063,      5.2487,      0.0000,      2.1400,   -0.060058,      2.0000,    0.013197,      6.9350,    0.011391,      13.706,    0.012418,      1.4034,    0.012946,      7.4220,    0.012992,      4.9078,    0.012408,      3.5740,      1081.6,      3.8133,      3.8981
      6.9502,     -399.00,      10.000,     0.76902,     0.78512,      5.2047,      5.2486,      0.0000,      2.1400,   -0.058235,      2.0000,    0.016862,      6.8944,    0.014693,      13.552,    0.016118,      1.4216,    0.016828,      7.4220,    0.016666,      4.9349,    0.015958,      3.6011,      1448.1,      3.8133,      3.8981
      6.9836,     -401.00,      10.000,     0.76275,     0.78014,      5.2241,      5.2715,     0.60000,      2.1400,   -0.057568,      2.0000,    0.015116,      6.9267,    0.013160,      14.447,    0.014357,      1.4125,    0.014982,      7.4402,    0.014882,      4.9078,    0.014298,      3.5378,      1536.3,      3.8254,      3.9399
      7.0169,     -398.00,      10.000,     0.76752,     0.78498,      5.2007,      5.2482,      0.0000,      2.1400,   -0.055079,      2.0000,    0.018988,      6.9598,    0.016354,      14.031,    0.017810,      1.4125,    0.018645,      7.4129,    0.018674,      4.8897,    0.017811,      3.6011,      1301.5,      3.8133,      3.8981
      7.0502,     -399.00,      10.000,     0.76955,     0.78518,      5.2062,      5.2487,      0.0000,      2.1400,   -0.052770,      2.0000,    0.017214,      6.9102,    0.014456,      13.218,    0.016002,      1.4488,    0.016902,      7.4584,    0.016986,      4.9349,    0.016185,      3.6011,      1360.7,      3.8133,      3.8981
      7.0836,     -398.00,      10.000,     0.76105,     0.78437,      5.1831,      5.2465,      0.0000,      2.1400,   -0.050053,      2.0000,    0.017908,      6.9847,    0.015567,      13.335,    0.016859,      1.4307,    0.017602,      7.4038,    0.017656,      4.8716,    0.016820,      3.5559,      1045.1,      3.8133,      3.8981
      7.1169,     -404.00,      10.000,     0.76133,     0.78439,      5.1838,      5.2466,      0.0000,      2.1400,   -0.048600,      2.0000,    0.016980,      6.9350,    0.014890,      13.516,    0.016170,      1.4579,    0.016801,      7.4676,    0.016845,      4.9439,    0.016055,      3.6554,      1533.4,      3.8133,      3.8981
      7.1502,     -392.00,      10.000,     0.76679,     0.78198,      5.2238,      5.2652,     0.40000,      2.1400,   -0.047568,      2.0000,    0.016593,      6.9930,    0.013822,      13.236,    0.015188,      1.4307,    0.016040,      7.4584,    0.016323,      4.9078,    0.015662,      3.5921,      675.83,      3.8214,      3.9259
      7.1836,     -402.00,      10.000,     0.75911,     0.77532,      5.2545,      5.2986,      1.3000,      2.1400,   -0.046359,      2.0000,    0.017967,      7.0344,    0.014892,      13.833,    0.016990,      1.4488,    0.017802,      7.4311,    0.017646,      4.8897,    0.016972,      3.5830,      569.10,      3.8398,      3.9835
      7.2169,     -390.00,      10.000,     0.77036,     0.78526,      5.2084,      5.2489,      0.0000,      2.1400,   -0.046082,      2.0000,    0.016651,      6.9350,    0.013810,      13.561,    0.015383,      1.4670,    0.016308,      7.4858,    0.016451,      4.9620,    0.015651,      3.6734,      1416.6,      3.8133,      3.8981
      7.2502,     -401.00,      10.000,     0.76814,     0.78504,      5.2024,      5.2483,      0.0000,      2.1400,   -0.046166,      2.0000,    0.017667,      7.0012,    0.015120,      14.049,    0.016549,      1.4579,    0.017514,      7.4311,    0.017523,      4.8897,    0.016712,      3.6282,      1367.2,      3.8133,      3.8981
      7.2836,     -397.00,      10.000,     0.77145,     0.78536,      5.2113,      5.2492,      0.0000,      2.1400,   -0.044457,      2.0000,    0.014609,      6.9772,    0.013294,      13.227,    0.014312,      1.4579,    0.014548,      7.4584,    0.014314,      4.9530,    0.013739,      3.6734,      1403.6,      3.8133,      3.8981
      7.3169,     -391.00,      10.000,     0.76611,     0.78119,      5.2272,      5.2682,     0.50000,      2.1400,   -0.045884,      2.0000,    0.015694,      7.0095,    0.014006,      13.263,    0.015014,      1.4942,    0.015552,      7.5587,    0.015414,      4.9620,    0.014802,      3.6373,      474.77,      3.8234,      3.9329
      7.3502,     -407.00,      10.000,     0.76462,     0.78606,      5.2648,      5.3089,      3.4000,      1.4100,   -0.046239,      2.0000,    0.016333,      7.0261,    0.012144,      14.275,    0.013590,      1.4942,    0.014962,      7.5040,    0.016127,      4.9530,    0.017277,      3.6734,      1680.0,      3.9071,      4.0604
      7.3836,     -402.00,      10.000,     0.77023,     0.78524,      5.2080,      5.2489,      0.0000,      2.1400,   -0.044679,      2.0000,    0.016112,      7.0095,    0.013938,      13.463,    0.015074,      1.5214,    0.015852,      7.5677,    0.015863,      5.0071,    0.015149,      3.6913,      1235.9,      3.8133,      3.8981
      7.4169,     -404.00,      10.000,     0.76947,     0.78371,      5.2181,      5.2569,     0.20000,      2.1400,   -0.045562,      2.0000,    0.015778,      7.0426,    0.012935,      13.299,    0.014435,      1.5033,    0.015367,      7.5496,    0.015575,      4.9801,    0.014880,      3.6463,      1033.8,      3.8173,      3.9120
      7.4502,     -388.00,      10.000,     0.77003,     0.78522,      5.2075,      5.2488,      0.0000,      2.1400,   -0.046738,      2.0000,    0.016602,      7.2579,    0.014203,      13.489,    0.015523,      1.4942,    0.016252,      7.5496,    0.016314,      4.9982,    0.015553,      3.6734,      993.49,      3.8133,      3.8981
      7.4836,     -403.00,      10.000,     0.76718,     0.78202,      5.2248,      5.2653,     0.40000,      2.1400,   -0.045437,      2.0000,    0.015477,      7.2745,    0.013665,      13.697,    0.014810,      1.5396,    0.015344,      7.5951,    0.015209,      4.9801,    0.014599,      3.6734,      641.85,      3.8214,      3.9259
      7.5169,     -402.00,      10.000,     0.77783,     0.78598,      5.2287,      5.2509,      0.0000,      2.1400,   -0.051714,      2.0000,   0.0088196,      6.4300,   0.0077291,      26.488,   0.0084663,     0.50494,   0.0087783,      6.2648,   0.0087348,      3.8049,   0.0084082,      2.7695,      582.73,      3.8133,      3.8981
      7.5502,     -396.00,      10.000,     0.77479,     0.78496,      5.2273,      5.2550,     0.10000,      2.1400,   -0.049338,      2.0000,    0.010663,      5.7428,   0.0095133,      26.335,    0.010166,     0.27805,    0.010502,      5.9094,    0.010501,      3.3529,    0.010076,      2.2723,      541.67,      3.8153,      3.9051
      7.5836,     -413.00,      10.000,     0.77637,     0.78584,      5.2248,      5.2505,      0.0000,      2.1400,   -0.048597,      2.0000,   0.0097474,      5.8835,   0.0087289,      26.271,   0.0094428,     0.21452,   0.0096868,      5.8912,   0.0096103,      3.2897,   0.0092434,      2.2452,      1279.1,      3.8133,      3.8981
      7.6169,     -394.00,      10.000,     0.77594,     0.78580,      5.2236,      5.2504,      0.0000,      2.1400,   -0.047139,      2.0000,    0.010050,      5.8752,   0.0089307,      26.298,   0.0096400,     0.23267,   0.0099638,      5.9550,   0.0099437,      3.2806,   0.0095436,      2.2180,      1363.6,      3.8133,      3.8981
      7.6502,     -397.00,      10.000,     0.77234,     0.78545,      5.2138,      5.2495,      0.0000,      2.1400,   -0.047059,      2.0000,   0.0099882,      5.3454,   0.0087636,      25.557,   0.0093654,    -0.45708,   0.0098017,      5.1987,   0.0098445,      2.4942,   0.0094359,      1.4949,      1084.6,      3.8133,      3.8981
      7.6836,     -392.00,      10.000,     0.76100,     0.77345,      5.2809,      5.3148,      1.7000,      2.1400,   -0.045136,      2.0000,    0.013671,      3.8385,    0.011100,      24.445,    0.012452,      15.135,    0.013102,      3.6679,    0.013298,     0.93932,    0.013134,    0.039447,      1676.3,      3.8481,      4.0045
      7.7169,     -394.00,      10.000,     0.77112,     0.78533,      5.2105,      5.2491,      0.0000,      2.1400,   -0.043064,      2.0000,    0.015965,      3.8137,    0.013475,      24.436,    0.014977,      15.716,    0.015699,      3.6497,    0.015745,     0.91220,    0.015017,    0.012328,      1422.9,      3.8133,      3.8981
      7.7502,     -400.00,      10.000,     0.76700,     0.78347,      5.2114,      5.2562,     0.20000,      2.1400,   -0.043526,      2.0000,    0.019621,      3.8302,    0.015038,      24.445,    0.017568,      15.807,    0.019195,      3.6406,    0.019445,     0.91220,    0.018536,   -0.014792,      391.19,      3.8173,      3.9120
      7.7836,     -401.00,      10.000,     0.76847,     0.78361,      5.2154,      5.2566,     0.20000,      2.1400,   -0.042814,      2.0000,    0.016951,      3.7971,    0.013825,      24.427,    0.015387,      15.779,    0.016404,      3.6497,    0.016726,     0.91220,    0.015964,   0.0032881,      371.03,      3.8173,      3.9120
      7.8169,     -409.00,      10.000,     0.77318,     0.78334,      5.2343,      5.2619,     0.30000,      2.1400,   -0.042798,      2.0000,    0.011074,      3.8149,   0.0091671,      24.427,    0.010161,      15.716,    0.010818,      3.6406,    0.010950,     0.90316,    0.010515,  -0.0057522,      616.61,      3.8194,      3.9190
      7.8502,     -406.00,      10.000,     0.76773,     0.77916,      5.2507,      5.2819,     0.80000,      2.1400,   -0.043388,      2.0000,    0.011805,      3.7975,    0.010490,      24.427,    0.011273,      15.861,    0.011650,      3.6406,    0.011596,     0.90316,    0.011178,   0.0032881,      319.47,      3.8295,      3.9538
      7.8836,     -407.00,      10.000,     0.76780,     0.78135,      5.2318,      5.2687,     0.50000,      2.1400,   -0.042839,      2.0000,    0.014550,      3.7971,    0.012670,      24.436,    0.013845,      15.770,    0.014215,      3.6497,    0.014214,     0.91220,    0.013675,  -0.0058383,      761.71,      3.8234,      3.9329
      7.9169,     -406.00,      10.000,     0.76200,     0.77714,      5.2473,      5.2885,      1.0000,      2.1400,   -0.044255,      2.0000,    0.016500,      3.7975,    0.014261,      24.436,    0.015737,      15.924,    0.016304,      3.6497,    0.016144,     0.90316,    0.015520,   -0.023831,      561.82,      3.8335,      3.9677
      7.9502,     -401.00,      10.000,     0.77306,     0.78552,      5.2157,      5.2496,      0.0000,      2.1400,   -0.043445,      2.0000,    0.013618,      3.8220,    0.011455,      24.436,    0.012651,      15.797,    0.013392,      3.6406,    0.013466,     0.90316,    0.012859,   0.0032881,      1109.0,      3.8133,      3.8981
      7.9836,     -409.00,      10.000,     0.76133,     0.77553,      5.2605,      5.2992,      1.3000,      2.1400,   -0.043877,      2.0000,    0.013423,      3.8302,    0.011273,      24.445,    0.012553,      15.598,    0.013056,      3.6588,    0.013125,     0.92124,    0.012743,    0.021368,      1563.4,      3.8398,      3.9835
      8.0169,     -400.00,      10.000,     0.76955,     0.78518,      5.2062,      5.2487,      0.0000,      2.1400,   -0.042900,      2.0000,    0.017273,      3.7888,    0.014862,      24.436,    0.016172,      15.689,    0.016934,      3.6497,    0.017001,     0.91220,    0.016205,   0.0032881,      502.03,      3.8133,      3.8981
      8.0502,     -406.00,      10.000,     0.76274,     0.77567,      5.2644,      5.2995,      1.3000,      2.1400,   -0.040887,      2.0000,    0.013995,      3.8468,    0.011618,      24.418,    0.012810,      15.843,    0.013427,      3.6406,    0.013624,     0.92124,    0.013394,    0.012156,      987.03,      3.8398,      3.9835
      8.0836,     -411.00,      10.000,     0.77156,     0.78537,      5.2117,      5.2492,      0.0000,      2.1400,   -0.038868,      2.0000,    0.014414,      3.7971,    0.013166,      24.427,    0.014088,      15.725,    0.014316,      3.6497,    0.014163,     0.91220,    0.013579,   0.0032881,      1675.4,      3.8133,      3.8981
      8.1169,     -415.00,      10.000,     0.76860,     0.78071,      5.2401,      5.2730,     0.60000,      2.1400,   -0.035654,      2.0000,    0.013184,      3.8220,    0.011119,      24.427,    0.012200,      15.816,    0.012806,      3.6588,    0.012941,     0.91220,    0.012481,    0.021368,      302.69,      3.8254,      3.9399
      8.1502,     -404.00,      10.000,     0.77232,     0.78545,      5.2137,      5.2494,      0.0000,      2.1400,   -0.033383,      2.0000,    0.014240,      3.8385,    0.012481,      24.427,    0.013588,      15.752,    0.014124,      3.6497,    0.014017,     0.91220,    0.013436,  -0.0057522,      575.09,      3.8133,      3.8981
      8.1836,     -407.00,      10.000,     0.77417,     0.78563,      5.2188,      5.2499,      0.0000,      2.1400,   -0.032987,      2.0000,    0.012487,      3.8137,    0.010819,      24.427,    0.011856,      15.752,    0.012365,      3.6406,    0.012315,     0.91220,    0.011801,    0.012328,      933.37,      3.8133,      3.8981
      8.2169,     -406.00,      10.000,     0.77072,     0.78529,      5.2094,      5.2490,      0.0000,      2.1400,   -0.033069,      2.0000,    0.015971,      3.8220,    0.013656,      24.436,    0.015143,      15.607,    0.015863,      3.6588,    0.015749,     0.92124,    0.015079,   0.0032881,      2192.8,      3.8133,      3.8981
      8.2502,     -411.00,      10.000,     0.76954,     0.78518,      5.2061,      5.2487,      0.0000,      2.1400,   -0.032113,      2.0000,    0.017277,      3.8302,    0.014811,      24.436,    0.016258,      15.716,    0.016992,      3.6497,    0.016994,     0.91220,    0.016219,    0.012328,      1022.4,      3.8133,      3.8981
      8.2836,     -416.00,      10.000,     0.77333,     0.78554,      5.2165,      5.2497,      0.0000,      2.1400,   -0.030009,      2.0000,    0.013028,      3.8054,    0.011313,      24.427,    0.012272,      15.707,    0.012784,      3.6497,    0.012870,     0.91220,    0.012278,  -0.0057522,      1113.8,      3.8133,      3.8981
      8.3169,     -413.00,      10.000,     0.77688,     0.78589,      5.2261,      5.2507,      0.0000,      2.1400,   -0.031420,      2.0000,   0.0098487,      3.7971,   0.0082420,      24.427,   0.0091199,      15.752,   0.0096704,      3.6497,   0.0097488,     0.91220,   0.0093252,   -0.014792,      1264.2,      3.8133,      3.8981
      8.3502,     -399.00,      10.000,     0.76730,     0.78496,      5.2001,      5.2481,      0.0000,      2.1400,   -0.030695,      2.0000,    0.019005,      3.8069,    0.016545,      24.418,    0.018080,      15.861,    0.018755,      3.6497,    0.018699,     0.91220,    0.017850,   -0.014792,      605.16,      3.8133,      3.8981
      8.3836,     -408.00,      10.000,     0.77083,     0.78530,      5.2097,      5.2490,      0.0000,      2.1400,   -0.029105,      2.0000,    0.015177,      3.8220,    0.013746,      24.418,    0.014656,      16.042,    0.015059,      3.6406,    0.014904,     0.90316,    0.014281,  -0.0057522,      1041.7,      3.8133,      3.8981
      8.4169,     -409.00,      10.000,     0.77222,     0.78544,      5.2135,      5.2494,      0.0000,      2.1400,   -0.027492,      2.0000,    0.014886,      3.8385,    0.012108,      24.418,    0.013599,      16.061,    0.014506,      3.6406,    0.014702,     0.90316,    0.013964,   0.0032881,      537.42,      3.8133,      3.8981
      8.4502,     -405.00,      10.000,     0.77600,     0.78580,      5.2237,      5.2504,      0.0000,      2.1400,   -0.027981,      2.0000,    0.010614,      3.8302,   0.0091767,      24.418,   0.0099607,      15.897,    0.010406,      3.6497,    0.010471,     0.91220,    0.010023,    0.012328,      1508.6,      3.8133,      3.8981
      8.4836,     -399.00,      10.000,     0.77522,     0.78573,      5.2216,      5.2502,      0.0000,      2.1400,   -0.028359,      2.0000,    0.011345,      3.8137,   0.0096408,      24.436,    0.010550,      15.689,    0.011073,      3.6497,    0.011207,     0.91220,    0.010685,   0.0032881,      366.34,      3.8133,      3.8981
      8.5169,     -406.00,      10.000,     0.77537,     0.78574,      5.2220,      5.2503,      0.0000,      2.1400,   -0.027580,      2.0000,    0.011601,      3.8137,   0.0095764,      24.418,    0.010711,      15.906,    0.011453,      3.6497,    0.011483,     0.91220,    0.010988,   -0.014792,      705.38,      3.8133,      3.8981
      8.5502,     -400.00,      10.000,     0.77357,     0.78557,      5.2171,      5.2498,      0.0000,      2.1400,   -0.027303,      2.0000,    0.012812,      3.7903,    0.011718,      24.436,    0.012528,      15.816,    0.012786,      3.6497,    0.012625,     0.91211,    0.012150,    0.012070,      440.75,      3.8133,      3.8981
      8.5836,     -411.00,      10.000,     0.77534,     0.78574,      5.2219,      5.2502,      0.0000,      2.1400,   -0.025685,      2.0000,    0.011300,      3.8220,   0.0096288,      24.436,    0.010651,      15.543,    0.011179,      3.6497,    0.011169,     0.92124,    0.010706,   -0.023831,      1498.1,      3.8133,      3.8981
      8.6169,     -402.00,      10.000,     0.76868,     0.78509,      5.2038,      5.2485,      0.0000,      2.1400,   -0.025331,      2.0000,    0.018625,      3.8310,    0.015159,      24.427,    0.017173,      15.689,    0.018239,      3.6497,    0.018403,     0.91220,    0.017490,  -0.0057522,      468.57,      3.8133,      3.8981
      8.6502,     -407.00,      10.000,     0.77118,     0.78534,      5.2106,      5.2491,      0.0000,      2.1400,   -0.021467,      2.0000,    0.015061,      3.8220,    0.013299,      24.427,    0.014438,      15.779,    0.014983,      3.6497,    0.014819,     0.91220,    0.014208,  -0.0057522,      725.18,      3.8133,      3.8981
      8.6836,     -409.00,      10.000,     0.77074,     0.78529,      5.2094,      5.2490,      0.0000,      2.1400,   -0.019120,      2.0000,    0.015294,      3.8054,    0.014071,      24.427,    0.014988,      15.943,    0.015245,      3.6406,    0.015003,     0.90316,    0.014423,   0.0032881,      701.65,      3.8133,      3.8981
      8.7169,     -406.00,      10.000,     0.76757,     0.78499,      5.2008,      5.2482,      0.0000,      2.1400,   -0.016103,      2.0000,    0.019164,      3.8054,    0.016347,      24.427,    0.018007,      15.906,    0.018947,      3.6406,    0.018893,     0.90316,    0.018037,  -0.0057522,      586.89,      3.8133,      3.8981
      8.7502,     -405.00,      10.000,     0.77363,     0.78557,      5.2173,      5.2498,      0.0000,      2.1400,   -0.013457,      2.0000,    0.012760,      3.8054,    0.011081,      24.418,    0.012042,      15.888,    0.012570,      3.6406,    0.012591,     0.90316,    0.012046,   -0.014792,      987.46,      3.8133,      3.8981
      8.7836,     -416.00,      10.000,     0.77160,     0.78538,      5.2118,      5.2493,      0.0000,      2.1400,   -0.010967,      2.0000,    0.015585,      3.8302,    0.012845,      24.427,    0.014297,      15.779,    0.015198,      3.6497,    0.015384,     0.90316,    0.014644,    0.012328,      312.01,      3.8133,      3.8981
      8.8169,     -410.00,      10.000,     0.77151,     0.78537,      5.2115,      5.2492,      0.0000,      2.1400,  -0.0082218,      2.0000,    0.015050,      3.8220,    0.012892,      24.427,    0.014180,      15.743,    0.014931,      3.6588,    0.014848,     0.91220,    0.014209,   -0.014792,      1086.8,      3.8133,      3.8981
      8.8502,     -410.00,      10.000,     0.77222,     0.78544,      5.2134,      5.2494,      0.0000,      2.1400,  -0.0061130,      2.0000,    0.013957,      3.8054,    0.012477,      24.427,    0.013499,      15.988,    0.013931,      3.6497,    0.013739,     0.91220,    0.013209,   0.0032881,      1325.6,      3.8133,      3.8981
      8.8836,     -407.00,      10.000,     0.77016,     0.78524,      5.2079,      5.2489,      0.0000,      2.1400,  -0.0064329,      2.0000,    0.017954,      3.7971,    0.014011,      24.418,    0.016224,      16.115,    0.017541,      3.6406,    0.017809,     0.90316,    0.016892,   0.0032881,      1207.9,      3.8133,      3.8981
      8.9169,     -421.00,      10.000,     0.77187,     0.78540,      5.2125,      5.2493,      0.0000,      2.1400,  -0.0053150,      2.0000,    0.014792,      3.8228,    0.012643,      24.427,    0.013916,      15.943,    0.014626,      3.6497,    0.014586,     0.91220,    0.013962,   0.0032881,      1243.5,      3.8133,      3.8981
      8.9502,     -403.00,      10.000,     0.77301,     0.78551,      5.2156,      5.2496,      0.0000,      2.1400,  -0.0046369,      2.0000,    0.013578,      3.7971,    0.011562,      24.427,    0.012669,      15.870,    0.013326,      3.6497,    0.013405,     0.91220,    0.012777,   0.0032881,      970.84,      3.8133,      3.8981
      8.9836,     -406.00,      10.000,     0.77197,     0.78541,      5.2128,      5.2494,      0.0000,      2.1400,  -0.0020552,      2.0000,    0.014151,      3.8363,    0.012192,      24.418,    0.013367,      16.097,    0.014010,      3.6406,    0.013989,     0.91220,    0.013376,   0.0032881,      261.99,      3.8133,      3.8981
      9.0169,     -424.00,      10.000,     0.77344,     0.78556,      5.2168,      5.2497,      0.0000,      2.1400, -0.00021001,      2.0000,    0.013549,      3.7971,    0.011260,      24.427,    0.012550,      15.807,    0.013205,      3.6497,    0.013392,     0.91220,    0.012731,  -0.0057522,      388.31,      3.8133,      3.8981
      9.0502,     -399.00,      10.000,     0.77233,     0.78545,      5.2137,      5.2494,      0.0000,      2.1400,      0.0000,      2.0000,    0.013723,      3.8302,    0.011982,      24.418,    0.013086,      15.996,    0.013649,      3.6498,    0.013563,     0.90316,    0.012993,    0.012328,      1609.1,      3.8133,      3.8981
      9.0836,     -408.00,      10.000,     0.77057,     0.78528,      5.2090,      5.2490,      0.0000,      2.1400,      0.0000,      2.0000,    0.013208,      3.8054,    0.011334,      24.427,    0.012463,      15.816,    0.013068,      3.6406,    0.013039,     0.90316,    0.012481,  -0.0057522,      1147.0,      3.8133,      3.8981
      9.1169,     -405.00,      10.000,     0.76949,     0.78517,      5.2060,      5.2487,      0.0000,      2.1400,      0.0000,      2.0000,    0.016884,      3.8220,    0.013755,      24.427,    0.015565,      15.897,    0.016648,      3.6497,    0.016700,     0.92124,    0.015921,    0.012328,      549.86,      3.8133,      3.8981
