# [Parameters]
# Name = tsmap_nel
# ShotNo = 176727
# Date = '01/29/2024 23:08'
# 
# DimNo = 1
# DimName = 'Time'
# DimSize = 156
# DimUnit = 's'
# 
# ValNo = 25
# ValName = 'laser', 'laser number', 'a99', 'a999', 'R99', 'R999', 'p0', 'pf', 'ip', 'ipf', 'nl_thomson_mid', 'nl_mmw_mid', 'nl_thomson_3579', 'nl_fir_3579', 'nl_thomson_3669', 'nl_fir_3669', 'nl_thomson_3759', 'nl_fir_3759', 'nl_thomson_3849', 'nl_fir_3849', 'nl_thomson_3939', 'nl_fir_3939', 'chi', 'geom_center', 'Rax_vmec'
# ValUnit = 'arb', 'arb', 'm', 'm', 'm', 'm', '%', 'arb', 'kA/T', 'arb', 'arb', 'e19m-2', 'arb', 'e19m-2', 'arb', 'e19m-2', 'arb', 'e19m-2', 'arb', 'e19m-2', 'arb', 'e19m-2', 'arb', 'm', 'm'
# 
# [Comments]
# Bt = -2.53840
# Rax = 3.90000
# Bq = 100.000
# Gamma = 1.25380
# phiedge = -2.8685000
# avac = 0.55800000
# ExpDate = 2.02201e+07
# Cycle = 23.0000
# t1 = 2.99900
# t2 = 8.13400
# density (ne) is only for very rough information
# Do not use data for ne_bar < 5*1-^12cm-3
# High Voltage is set at 0.90 times
# Te limit = 22keV
# Laser#1, #3, #5, 
# 
# [data]
  0.00028100,      57.000,      10.000,     0.76549,     0.78510,      5.1915,      5.2442,      0.0000,      2.1400,     -0.0000,      2.0000,    0.018827,   0.0097014,    0.018299,  -0.0065736,    0.018800, -0.00082463,    0.018840,      0.0000,    0.018396,  -0.0032872,    0.017699,   -0.015614,      9999.0,      3.8133,      3.8981
      3.0003,      61.000,      10.000,     0.75016,     0.78367,      5.1502,      5.2404,      0.0000,      2.1400,  -0.0035824,      2.0000,    0.029415,   -0.015137,    0.028613,   0.0024659,    0.029378,   0.0082516,    0.029527,   0.0091115,    0.029029,   0.0057522,    0.027778,    0.020545,      1420.9,      3.8133,      3.8981
      3.0337,      57.000,      10.000,     0.56277,     0.60849,      4.6681,      4.7819,     0.20000,      2.1400,     0.11581,      2.0000,    0.055094,     0.32432,    0.047464,     0.32790,    0.052167,     0.32590,    0.054509,     0.33714,    0.054047,     0.30407,    0.051513,     0.30982,      24.098,      3.8173,      3.9120
      3.0669,      54.000,      10.000,     0.54022,     0.59290,      4.6112,      4.7367,     0.10000,      2.1400,     0.18093,      2.0000,    0.055558,     0.38227,    0.049146,     0.37310,    0.053556,     0.38035,    0.054989,     0.40092,    0.054394,     0.34926,    0.051827,     0.36406,      48.168,      3.8153,      3.9051
      3.1003,      54.000,      10.000,     0.53733,     0.58993,      4.6206,      4.7454,     0.40000,      2.1400,     0.17969,      2.0000,    0.064966,     0.42367,    0.056585,     0.40022,    0.062073,     0.41666,    0.063998,     0.43737,    0.063526,     0.37638,    0.060652,     0.41830,      17.116,      3.8214,      3.9259
      3.1336,      50.000,      10.000,     0.53266,     0.58493,      4.6056,      4.7281,     0.30000,      2.1400,     0.15709,      2.0000,    0.068853,     0.43195,    0.060975,     0.40022,    0.066658,     0.41666,    0.068570,     0.43737,    0.067537,     0.37638,    0.064454,     0.40022,      10.598,      3.8194,      3.9190
      3.1669,      61.000,      10.000,     0.53614,     0.58954,      4.6129,      4.7389,     0.30000,      2.1400,    0.097416,      2.0000,    0.062337,     0.41579,    0.052398,     0.38214,    0.058449,     0.39850,    0.061151,     0.41914,    0.061157,     0.35830,    0.058305,     0.37310,      14.061,      3.8194,      3.9190
      3.2003,      55.000,      10.000,     0.53698,     0.58913,      4.6248,      4.7489,     0.50000,      2.1400,    0.063935,      2.0000,    0.061709,     0.40692,    0.053058,     0.38214,    0.058429,     0.38943,    0.060849,     0.41003,    0.060370,     0.34926,    0.057661,     0.39118,      6.3674,      3.8234,      3.9329
      3.2336,      52.000,      10.000,     0.54402,     0.59878,      4.6250,      4.7569,     0.20000,      2.1400,    0.030567,      2.0000,    0.060395,     0.38227,    0.052037,     0.37310,    0.057640,     0.38943,    0.060027,     0.41914,    0.059513,     0.34926,    0.056746,     0.38214,      18.579,      3.8173,      3.9120
      3.2669,      56.000,      10.000,     0.53531,     0.58737,      4.6111,      4.7338,     0.30000,      2.1400,   0.0074366,      2.0000,    0.060549,     0.40692,    0.051165,     0.36406,    0.056651,     0.38943,    0.059374,     0.41003,    0.059512,     0.34022,    0.056747,     0.36406,      20.876,      3.8194,      3.9190
      3.3003,      54.000,      10.000,     0.53867,     0.58954,      4.6079,      4.7289,     0.10000,      2.1400,   -0.023605,      2.0000,    0.061544,     0.43195,    0.056481,     0.39118,    0.060703,     0.40758,    0.061722,     0.42826,    0.060453,     0.35830,    0.057802,     0.39118,      25.253,      3.8153,      3.9051
      3.3336,      56.000,      10.000,     0.57714,     0.61658,      4.7085,      4.8092,     0.30000,      2.1400,    -0.15856,      2.0000,     0.13900,      1.4007,     0.13603,      1.4036,     0.13803,      1.4422,     0.13710,      1.4123,     0.13368,      1.3527,     0.12780,      1.3675,      18.504,      3.8194,      3.9190
      3.3669,      56.000,      10.000,     0.54183,     0.58443,      4.6303,      4.7319,     0.40000,      2.1400,   -0.097863,      2.0000,     0.26567,      2.8247,     0.26163,      3.4466,     0.27056,      3.4752,     0.26700,      3.1891,     0.25650,      3.3053,     0.24480,      2.8771,      17.616,      3.8214,      3.9259
      3.4003,      54.000,      10.000,     0.54961,     0.59240,      4.6479,      4.7517,     0.40000,      2.1400,     0.16207,      2.0000,     0.43170,      3.4871,     0.39156,      3.6545,     0.42073,      3.7202,     0.42793,      3.7176,     0.41927,      3.5042,     0.39980,      3.4466,      2.4876,      3.8214,      3.9259
      3.4336,      56.000,      10.000,     0.56789,     0.61446,      4.7014,      4.8211,     0.60000,      2.1400,     0.45312,      2.0000,     0.44380,      3.3049,     0.37061,      3.1483,     0.41391,      3.4116,     0.43527,      3.5081,     0.43505,      2.9166,     0.41547,      3.3291,      1.4972,      3.8254,      3.9399
      3.4669,      59.000,      10.000,     0.57266,     0.61754,      4.7147,      4.8307,     0.60000,      2.1400,     0.79436,      2.0000,     0.43764,      3.2884,     0.36331,      3.0760,     0.40200,      3.3481,     0.42313,      3.4352,     0.42738,      2.8533,     0.40981,      3.3201,      1.7579,      3.8259,      3.9396
      3.5003,      59.000,      10.000,     0.57531,     0.61904,      4.7316,      4.8464,     0.80000,      2.1400,     0.95888,      2.0000,     0.47548,      3.5701,     0.41764,      3.4918,     0.44829,      3.6839,     0.46234,      3.7267,     0.46144,      3.2691,     0.44359,      3.5641,      3.4415,      3.8299,      3.9534
      3.5336,      59.000,      10.000,     0.57645,     0.61927,      4.7292,      4.8412,     0.70000,      2.1400,      1.0637,      2.0000,     0.50888,      3.9010,     0.46090,      3.8805,     0.49058,      4.0378,     0.50019,      4.0548,     0.49356,      3.6669,     0.47248,      3.8444,      1.5046,      3.8279,      3.9465
      3.5669,      58.000,      10.000,     0.57631,     0.62071,      4.7341,      4.8508,     0.80000,      2.1400,      1.1422,      2.0000,     0.54842,      4.2488,     0.50169,      4.2331,     0.53168,      4.4009,     0.53869,      4.4010,     0.53148,      4.0013,     0.50955,      4.1879,      1.6783,      3.8299,      3.9534
      3.6003,      57.000,      10.000,     0.57801,     0.62038,      4.7382,      4.8499,     0.80000,      2.1400,      1.2061,      2.0000,     0.58889,      4.6048,     0.53661,      4.5856,     0.56885,      4.7548,     0.57763,      4.7473,     0.56933,      4.3177,     0.54552,      4.5133,      3.1116,      3.8299,      3.9534
      3.6336,      56.000,      10.000,     0.57690,     0.61998,      4.7355,      4.8489,     0.80000,      2.1400,      1.2669,      2.0000,     0.62837,      4.9525,     0.57324,      4.8930,     0.60864,      5.0997,     0.61780,      5.0844,     0.60819,      4.6160,     0.58247,      4.8388,      1.6268,      3.8299,      3.9534
      3.6669,      59.000,      10.000,     0.57945,     0.62276,      4.7419,      4.8566,     0.80000,      2.1400,      1.3241,      2.0000,     0.68140,      5.2920,     0.62043,      5.2094,     0.65833,      5.4355,     0.67042,      5.4124,     0.66106,      4.9053,     0.63392,      5.1461,      1.4150,      3.8299,      3.9534
      3.7003,      56.000,      10.000,     0.57758,     0.62203,      4.7372,      4.8546,     0.80000,      2.1400,      1.3607,      2.0000,     0.70455,      5.6232,     0.63908,      5.5077,     0.67958,      5.7441,     0.69235,      5.7313,     0.68318,      5.1765,     0.65495,      5.4625,      1.8421,      3.8299,      3.9534
      3.7336,      56.000,      10.000,     0.57893,     0.62363,      4.7405,      4.8591,     0.80000,      2.1400,      1.4010,      2.0000,     0.74684,      5.9626,     0.67451,      5.7699,     0.71959,      6.0799,     0.73510,      6.0503,     0.72639,      5.4387,     0.69657,      5.7608,      1.6932,      3.8299,      3.9534
      3.7669,      55.000,      10.000,     0.57706,     0.62160,      4.7359,      4.8534,     0.80000,      2.1400,      1.4424,      2.0000,     0.78521,      6.2690,     0.70109,      6.0410,     0.74954,      6.3703,     0.76690,      6.3509,     0.76002,      5.6827,     0.72920,      6.0591,      1.5623,      3.8299,      3.9534
      3.8003,      56.000,      10.000,     0.57625,     0.62189,      4.7339,      4.8542,     0.80000,      2.1400,      1.4971,      2.0000,     0.82546,      6.5587,     0.74266,      6.3032,     0.79378,      6.6516,     0.81235,      6.6334,     0.80486,      5.8997,     0.77278,      6.3213,      1.4168,      3.8299,      3.9534
      3.8336,      54.000,      10.000,     0.57581,     0.62000,      4.7339,      4.8503,     0.80000,      2.1400,      1.5342,      2.0000,     0.85255,      6.8400,     0.75139,      6.5382,     0.80688,      6.9239,     0.82929,      6.9159,     0.82507,      6.1076,     0.79246,      6.5744,      1.4726,      3.8304,      3.9531
      3.8669,      53.000,      10.000,     0.57914,     0.62356,      4.7422,      4.8605,     0.80000,      2.1400,      1.5633,      2.0000,     0.91631,      7.3370,     0.80740,      6.7642,     0.86596,      7.2143,     0.89176,      7.1892,     0.88991,      6.3246,     0.85593,      6.8275,      1.8806,      3.8304,      3.9531
      3.9003,      55.000,      10.000,     0.57349,     0.61956,      4.7281,      4.8492,     0.80000,      2.1400,      1.6018,      2.0000,     0.90616,      7.6930,     0.79645,      6.9993,     0.86061,      7.4503,     0.88618,      7.4899,     0.88173,      6.5325,     0.84673,      7.0806,     0.97568,      3.8304,      3.9531
      3.9336,      60.000,      10.000,     0.57381,     0.61911,      4.7289,      4.8479,     0.80000,      2.1400,      1.6200,      2.0000,     0.96555,      8.1567,     0.84223,      7.2524,     0.91173,      7.7407,     0.94060,      7.7815,     0.93738,      6.7585,     0.90022,      7.3066,      1.0615,      3.8304,      3.9531
      3.9669,      57.000,      10.000,     0.57032,     0.61613,      4.7204,      4.8401,     0.80000,      2.1400,      1.6235,      2.0000,     0.95805,      8.7031,     0.83283,      7.5145,     0.90395,      8.0674,     0.93302,      8.0913,     0.92986,      7.0297,     0.89414,      7.5688,      1.1624,      3.8304,      3.9531
      4.0003,      58.000,      10.000,     0.56977,     0.61594,      4.7190,      4.8396,     0.80000,      2.1400,      1.5456,      2.0000,      1.0126,      10.251,     0.87244,      7.8219,     0.94761,      8.4577,     0.98287,      8.5560,     0.98318,      7.3732,     0.94571,      7.8942,      1.2677,      3.8304,      3.9531
      4.0336,      61.000,      10.000,     0.56090,     0.60753,      4.6959,      4.8155,     0.80000,      2.1400,      1.4710,      2.0000,     0.99489,      11.228,     0.85099,      8.1564,     0.93019,      8.9659,     0.96464,      9.0663,     0.96505,      7.6986,     0.92762,      8.3733,      2.0406,      3.8299,      3.9534
      4.0669,      60.000,      10.000,     0.55421,     0.60047,      4.6743,      4.7912,     0.70000,      2.1400,      1.2720,      2.0000,      1.0416,      10.019,     0.89219,      9.0784,     0.97724,      9.9643,      1.0137,      9.9957,      1.0124,      8.6026,     0.97076,      9.1507,      1.2176,      3.8279,      3.9465
      4.1003,      57.000,      10.000,     0.52185,     0.56892,      4.6092,      4.7160,     0.80000,      2.1400,      1.4223,      2.0000,     0.98262,      21.196,     0.80860,      10.507,     0.91916,      10.899,     0.96316,      10.515,     0.96116,      10.411,     0.92027,      9.8920,      1.7699,      3.8299,      3.9534
      4.1336,      58.000,      10.000,     0.52533,     0.57630,      4.6113,      4.7288,     0.70000,      2.1400,      1.1977,      2.0000,      1.2105,      23.614,     0.99511,      12.224,      1.1411,      12.723,      1.2008,      12.274,      1.1908,      11.577,      1.1359,      11.139,      2.1628,      3.8279,      3.9465
      4.1669,      60.000,      10.000,     0.52785,     0.57744,      4.6212,      4.7368,     0.80000,      2.1400,     0.98744,      2.0000,      1.3958,      21.205,      1.1181,      13.047,      1.2929,      13.840,      1.3706,      13.394,      1.3743,      12.228,      1.3127,      12.016,      1.6084,      3.8299,      3.9534
      4.2003,      59.000,      10.000,     0.52108,     0.56972,      4.6078,      4.7180,     0.80000,      2.1400,     0.83746,      2.0000,      1.4180,      21.412,      1.0770,      12.414,      1.2845,      13.477,      1.3876,      13.312,      1.4011,      11.595,      1.3418,      12.125,      1.0990,      3.8299,      3.9534
      4.2336,      56.000,      10.000,     0.52805,     0.57459,      4.6263,      4.7351,     0.90000,      2.1400,     0.79391,      2.0000,      1.5803,      16.850,      1.2125,      11.456,      1.4243,      12.469,      1.5290,      12.893,      1.5515,      10.826,      1.4940,      11.971,      2.7669,      3.8319,      3.9603
      4.2669,      56.000,      10.000,     0.52336,     0.57031,      4.6216,      4.7297,      1.0000,      2.1400,     0.79252,      2.0000,      1.5301,      19.242,      1.0803,      10.561,      1.3140,      11.961,      1.4519,      12.492,      1.5045,      9.6964,      1.4615,      11.944,      1.3388,      3.8339,      3.9672
      4.3003,      59.000,      10.000,     0.52864,     0.57511,      4.6321,      4.7418,      1.0000,      2.1400,     0.71583,      2.0000,      1.5719,      20.211,      1.1436,      10.760,      1.3573,      12.079,      1.4786,      12.593,      1.5357,      9.7416,      1.4964,      12.107,      1.8475,      3.8339,      3.9672
      4.3336,      54.000,      10.000,     0.52928,     0.57741,      4.6334,      4.7477,      1.0000,      2.1400,     0.74141,      2.0000,      1.5094,      4.8615,      1.0839,      10.724,      1.2923,      12.188,      1.4203,      12.620,      1.4761,      9.5970,      1.4398,      12.269,      1.7274,      3.8339,      3.9672
      4.3669,      61.000,      10.000,     0.52806,     0.57523,      4.6309,      4.7421,      1.0000,      2.1400,     0.73873,      2.0000,      1.5213,      9.5559,      1.1095,      11.176,      1.3123,      12.551,      1.4314,      13.030,      1.4852,      10.212,      1.4479,      12.423,      1.6226,      3.8339,      3.9672
      4.4003,      58.000,      10.000,     0.52580,     0.57341,      4.6264,      4.7375,      1.0000,      2.1400,     0.70533,      2.0000,      1.5548,      19.011,      1.1716,      11.935,      1.3785,      13.014,      1.4929,      13.358,      1.5226,      11.007,      1.4742,      12.604,      1.3650,      3.8339,      3.9672
      4.4336,      56.000,      10.000,     0.52280,     0.56902,      4.6205,      4.7265,      1.0000,      2.1400,     0.64622,      2.0000,      1.5284,      23.101,      1.1472,      12.360,      1.3567,      13.068,      1.4650,      13.668,      1.4985,      11.803,      1.4511,      12.541,      1.7110,      3.8339,      3.9672
      4.4669,      54.000,      10.000,     0.52217,     0.56955,      4.6193,      4.7278,      1.0000,      2.1400,     0.60348,      2.0000,      1.5438,      21.777,      1.1209,      11.980,      1.3483,      13.241,      1.4762,      13.467,      1.5175,      11.161,      1.4703,      12.396,      2.4890,      3.8339,      3.9672
      4.5003,      57.000,      10.000,     0.52667,     0.57352,      4.6235,      4.7324,     0.90000,      2.1400,     0.63126,      2.0000,      1.5671,      23.175,      1.1924,      11.537,      1.3920,      12.932,      1.5013,      13.258,      1.5351,      10.826,      1.4821,      12.369,      1.9997,      3.8319,      3.9603
      4.5336,      57.000,      10.000,     0.52274,     0.57073,      4.6204,      4.7308,      1.0000,      2.1400,     0.63448,      2.0000,      1.5410,      4.1242,      1.1333,      11.546,      1.3501,      12.932,      1.4709,      13.176,      1.5126,      10.709,      1.4646,      12.523,      2.0872,      3.8339,      3.9672
      4.5669,      53.000,      10.000,     0.52698,     0.57323,      4.6288,      4.7370,      1.0000,      2.1400,     0.62398,      2.0000,      1.5612,      10.234,      1.1735,      11.881,      1.3826,      12.941,      1.4926,      13.294,      1.5245,      11.134,      1.4798,      12.514,      1.7840,      3.8339,      3.9672
      4.6003,      60.000,      10.000,     0.52542,     0.57367,      4.6256,      4.7381,      1.0000,      2.1400,     0.59665,      2.0000,      1.5714,      15.028,      1.1387,      11.754,      1.3576,      13.186,      1.4848,      13.540,      1.5393,      10.781,      1.4965,      12.568,      1.3414,      3.8339,      3.9672
      4.6336,      57.000,      10.000,     0.52579,     0.57265,      4.6264,      4.7356,      1.0000,      2.1400,     0.59279,      2.0000,      1.5789,      15.111,      1.1753,      11.655,      1.3906,      12.887,      1.5055,      13.185,      1.5462,      10.835,      1.4991,      12.577,      1.3569,      3.8339,      3.9672
      4.6669,      55.000,      10.000,     0.52874,     0.57487,      4.6323,      4.7412,      1.0000,      2.1400,     0.56519,      2.0000,      1.6097,      19.649,      1.2085,      12.170,      1.4196,      13.059,      1.5344,      13.376,      1.5728,      11.242,      1.5251,      12.432,      1.3720,      3.8339,      3.9672
      4.7003,      56.000,      10.000,     0.52254,     0.57201,      4.6200,      4.7340,      1.0000,      2.1400,     0.61032,      2.0000,      1.5163,      22.140,      1.0988,      12.080,      1.3268,      13.585,      1.4570,      13.577,      1.4985,      10.917,      1.4463,      12.523,      1.5501,      3.8339,      3.9672
      4.7336,      57.000,      10.000,     0.52263,     0.56935,      4.6202,      4.7273,      1.0000,      2.1400,     0.57723,      2.0000,      1.4942,    -0.43889,      1.0835,      11.528,      1.3036,      12.887,      1.4297,      13.130,      1.4709,      10.700,      1.4236,      12.495,      1.8853,      3.8339,      3.9672
      4.7669,      53.000,      10.000,     0.52141,     0.56898,      4.6178,      4.7265,      1.0000,      2.1400,     0.57467,      2.0000,      1.4226,     0.13389,      1.0154,      11.854,      1.2311,      13.231,      1.3514,      13.385,      1.3992,      10.998,      1.3577,      12.604,      1.8303,      3.8339,      3.9672
      4.8003,      57.000,      10.000,     0.52193,     0.56917,      4.6188,      4.7269,      1.0000,      2.1400,     0.60729,      2.0000,      1.5645,      10.938,      1.1705,      11.863,      1.3873,      13.077,      1.5025,      13.285,      1.5345,      11.188,      1.4844,      12.577,      1.5020,      3.8339,      3.9672
      4.8336,      58.000,      10.000,     0.52531,     0.57193,      4.6254,      4.7338,      1.0000,      2.1400,     0.59210,      2.0000,      1.5382,      13.157,      1.1250,      12.134,      1.3505,      13.213,      1.4745,      13.595,      1.5124,      11.080,      1.4636,      12.459,      1.0283,      3.8339,      3.9672
      4.8669,      57.000,      10.000,     0.52018,     0.56780,      4.6154,      4.7236,      1.0000,      2.1400,     0.65173,      2.0000,      1.5319,      17.471,      1.1235,      11.953,      1.3494,      13.104,      1.4750,      13.349,      1.5116,      10.998,      1.4564,      12.477,      1.4366,      3.8339,      3.9672
      4.9003,      55.000,      10.000,     0.52501,     0.57231,      4.6248,      4.7347,      1.0000,      2.1400,     0.60440,      2.0000,      1.5156,      21.667,      1.0984,      11.890,      1.3145,      12.887,      1.4381,      13.367,      1.4860,      10.908,      1.4445,      12.559,      2.0849,      3.8339,      3.9672
      4.9336,      54.000,      10.000,     0.51361,     0.56141,      4.6082,      4.7128,      1.1000,      2.1400,     0.61755,      2.0000,      1.4505,     0.58098,      1.0151,      12.450,      1.2480,      13.359,      1.3788,      13.613,      1.4267,      11.242,      1.3897,      12.758,      3.6360,      3.8360,      3.9725
      4.9669,      56.000,      10.000,     0.52299,     0.56967,      4.6209,      4.7281,      1.0000,      2.1400,     0.60072,      2.0000,      1.5675,      3.3463,      1.1783,      12.089,      1.3935,      13.050,      1.5104,      13.558,      1.5378,      11.324,      1.4872,      12.586,      1.0708,      3.8339,      3.9672
      5.0003,      57.000,      10.000,     0.52255,     0.56781,      4.6200,      4.7236,      1.0000,      2.1400,     0.58967,      2.0000,      1.5023,      10.549,      1.1325,      12.053,      1.3387,      13.159,      1.4472,      13.476,      1.4739,      11.206,      1.4243,      12.523,      1.7517,      3.8339,      3.9672
      5.0336,      52.000,      10.000,     0.52312,     0.57261,      4.6211,      4.7355,      1.0000,      2.1400,     0.59002,      2.0000,      1.4754,      15.335,      1.0612,      11.718,      1.2757,      12.959,      1.4078,      13.340,      1.4530,      10.754,      1.4085,      12.514,      1.5765,      3.8339,      3.9672
      5.0669,      58.000,      10.000,     0.52373,     0.57080,      4.6223,      4.7310,      1.0000,      2.1400,     0.62989,      2.0000,      1.5638,      13.647,      1.1468,      11.962,      1.3669,      13.168,      1.4914,      13.367,      1.5331,      11.034,      1.4871,      12.532,      1.4086,      3.8339,      3.9672
      5.1003,      56.000,      10.000,     0.53060,     0.57819,      4.6360,      4.7497,      1.0000,      2.1400,     0.63076,      2.0000,      1.5377,      20.965,      1.1371,      11.519,      1.3493,      12.787,      1.4710,      13.267,      1.5093,      10.718,      1.4607,      12.523,      1.5339,      3.8339,      3.9672
      5.1336,      55.000,      10.000,     0.52599,     0.57360,      4.6268,      4.7379,      1.0000,      2.1400,     0.62356,      2.0000,      1.5464,      4.7455,      1.1546,      12.125,      1.3641,      13.404,      1.4821,      13.522,      1.5171,      11.206,      1.4666,      12.559,      1.8039,      3.8339,      3.9672
      5.1669,      52.000,      10.000,     0.51996,     0.56702,      4.6150,      4.7218,      1.0000,      2.1400,     0.58520,      2.0000,      1.5586,      8.9432,      1.1487,      11.935,      1.3777,      13.322,      1.4964,      13.604,      1.5313,      11.342,      1.4824,      12.658,      1.4541,      3.8339,      3.9672
      5.2003,      57.000,      10.000,     0.52753,     0.57582,      4.6299,      4.7436,      1.0000,      2.1400,     0.58527,      2.0000,      1.5404,      13.746,      1.1400,      12.025,      1.3500,      13.041,      1.4697,      13.568,      1.5105,      11.224,      1.4631,      12.577,      1.4099,      3.8339,      3.9672
      5.2336,      55.000,      10.000,     0.52492,     0.57219,      4.6246,      4.7344,      1.0000,      2.1400,     0.61558,      2.0000,      1.5899,      16.394,      1.1784,      12.161,      1.3982,      13.304,      1.5196,      13.549,      1.5585,      11.287,      1.5091,      12.559,      1.7541,      3.8339,      3.9672
      5.2669,      58.000,      10.000,     0.52253,     0.56952,      4.6200,      4.7278,      1.0000,      2.1400,     0.61314,      2.0000,      1.5194,      15.707,      1.1119,      11.673,      1.3287,      12.923,      1.4473,      13.267,      1.4948,      10.989,      1.4477,      12.559,      1.5630,      3.8339,      3.9672
      5.3003,      58.000,      10.000,     0.52702,     0.57640,      4.6389,      4.7548,      1.2000,      2.1400,     0.71302,      2.0000,      1.4827,      17.098,      1.0065,      11.257,      1.2269,      12.451,      1.3717,      12.902,      1.4503,      10.067,      1.4277,      12.297,     0.89125,      3.8381,      3.9777
      5.3336,      57.000,      10.000,     0.52609,     0.57357,      4.6270,      4.7379,      1.0000,      2.1400,     0.66192,      2.0000,      1.5177,      2.0382,      1.1064,      10.950,      1.3092,      12.133,      1.4297,      12.893,      1.4817,      10.365,      1.4446,      12.297,      1.5382,      3.8339,      3.9672
      5.3669,      54.000,      10.000,     0.52576,     0.57573,      4.6217,      4.7379,     0.90000,      2.1400,     0.61752,      2.0000,      1.4821,      9.0012,      1.0955,      11.546,      1.3130,      12.633,      1.4308,      12.775,      1.4625,      10.890,      1.4082,      11.989,      2.3381,      3.8319,      3.9603
      5.4003,      60.000,      10.000,     0.52794,     0.57698,      4.6261,      4.7411,     0.90000,      2.1400,     0.56705,      2.0000,      1.5296,      15.674,      1.1490,      11.709,      1.3675,      12.896,      1.4814,      13.075,      1.5095,      10.953,      1.4495,      12.089,      1.8397,      3.8319,      3.9603
      5.4336,      54.000,      10.000,     0.51212,     0.56292,      4.5912,      4.7008,     0.80000,      2.1400,     0.55414,      2.0000,      1.4303,      17.662,     0.98893,      12.043,      1.2372,      12.977,      1.3790,      13.157,      1.4233,      11.179,      1.3670,      12.197,      2.4573,      3.8299,      3.9534
      5.4669,      55.000,      10.000,     0.51546,     0.56654,      4.6019,      4.7155,     0.90000,      2.1400,     0.53707,      2.0000,      1.4869,      21.552,      1.0420,      11.510,      1.3001,      12.769,      1.4385,      13.030,      1.4777,      10.854,      1.4214,      12.224,      2.3865,      3.8319,      3.9603
      5.5003,      56.000,      10.000,     0.52210,     0.57053,      4.6145,      4.7251,     0.90000,      2.1400,     0.55433,      2.0000,      1.6765,      20.228,      1.2457,      11.302,      1.4928,      12.696,      1.6292,      12.966,      1.6630,      10.600,      1.5912,      12.215,      1.8025,      3.8319,      3.9603
      5.5336,      57.000,      10.000,     0.52010,     0.56858,      4.6105,      4.7204,     0.90000,      2.1400,     0.54851,      2.0000,      1.6056,      20.650,      1.1357,      10.760,      1.3910,      12.142,      1.5379,      12.675,      1.5874,      9.8230,      1.5327,      12.116,      2.0717,      3.8319,      3.9603
      5.5669,      58.000,      10.000,     0.53830,     0.58632,      4.6476,      4.7650,     0.90000,      2.1400,     0.58632,      2.0000,      1.6784,      21.561,      1.2311,      10.380,      1.4669,      12.061,      1.6073,      12.520,      1.6528,      9.4433,      1.5942,      12.251,      2.0899,      3.8319,      3.9603
      5.6003,      58.000,      10.000,     0.52276,     0.56871,      4.6158,      4.7207,     0.90000,      2.1400,     0.56178,      2.0000,      1.5554,      21.180,      1.0631,      9.8378,      1.3103,      11.698,      1.4619,      12.374,      1.5327,      8.8467,      1.4902,      11.881,     0.68246,      3.8319,      3.9603
      5.6336,      56.000,      10.000,     0.51432,     0.56363,      4.6037,      4.7127,      1.0000,      2.1400,     0.46870,      2.0000,      1.4891,      22.819,     0.93976,      8.9790,      1.2097,      10.826,      1.3899,      11.754,      1.4758,      7.9516,      1.4400,      11.628,      1.6970,      3.8335,      3.9677
      5.6669,      59.000,      10.000,     0.52259,     0.57099,      4.6201,      4.7314,      1.0000,      2.1400,     0.60792,      2.0000,      1.4803,      23.556,     0.97603,      9.2321,      1.2232,      10.872,      1.3835,      11.563,      1.4585,      8.3133,      1.4255,      11.320,     0.97208,      3.8339,      3.9672
      5.7003,      58.000,      10.000,     0.52693,     0.57513,      4.6287,      4.7418,      1.0000,      2.1400,     0.64612,      2.0000,      1.4840,      23.110,     0.96625,      9.0694,      1.2056,      10.727,      1.3722,      11.235,      1.4579,      7.9517,      1.4309,      11.031,      1.0015,      3.8339,      3.9672
      5.7336,      58.000,      10.000,     0.53014,     0.57967,      4.6351,      4.7535,      1.0000,      2.1400,     0.59766,      2.0000,      1.4259,      22.513,     0.90368,      8.4637,      1.1386,      10.345,      1.3126,      11.299,      1.4043,      7.4455,      1.3774,      11.185,     0.91729,      3.8339,      3.9672
      5.7669,      54.000,      10.000,     0.53102,     0.58021,      4.6369,      4.7549,      1.0000,      2.1400,     0.64078,      2.0000,      1.3625,      21.685,     0.86415,      8.1925,      1.0919,      10.010,      1.2602,      10.825,      1.3453,      7.4817,      1.3162,      10.688,     0.90758,      3.8339,      3.9672
      5.8003,      56.000,      10.000,     0.53493,     0.58333,      4.6451,      4.7629,      1.0000,      2.1400,     0.61967,      2.0000,      1.3614,      21.818,     0.85786,      8.0840,      1.0882,      9.8281,      1.2571,      10.725,      1.3447,      7.1743,      1.3157,      10.742,     0.84279,      3.8339,      3.9672
      5.8336,      59.000,      10.000,     0.54020,     0.58956,      4.6566,      4.7792,      1.0000,      2.1400,     0.77962,      2.0000,      1.3854,      21.718,     0.88986,      7.7767,      1.1074,      9.4923,      1.2694,      10.488,      1.3617,      6.8218,      1.3371,      10.407,     0.78986,      3.8339,      3.9672
      5.8669,      55.000,      10.000,     0.53956,     0.58797,      4.6551,      4.7749,      1.0000,      2.1400,     0.83168,      2.0000,      1.3280,      21.437,     0.84488,      7.5959,      1.0593,      9.2745,      1.2186,      10.233,      1.3049,      6.6681,      1.2824,      10.199,      1.5396,      3.8339,      3.9672
      5.9003,      61.000,      10.000,     0.54074,     0.59133,      4.6578,      4.7842,      1.0000,      2.1400,      1.0006,      2.0000,      1.3027,      21.114,     0.82630,      7.2976,      1.0357,      8.9659,      1.1950,      9.9228,      1.2821,      6.4240,      1.2585,      9.9101,     0.84893,      3.8339,      3.9672
      5.9336,      60.000,      10.000,     0.54059,     0.58963,      4.6575,      4.7794,      1.0000,      2.1400,      1.1394,      2.0000,      1.2156,      20.824,     0.76746,      7.0535,     0.96164,      8.6483,      1.1097,      9.5948,      1.1950,      6.2071,      1.1748,      9.5937,     0.89451,      3.8339,      3.9672
      5.9669,      57.000,      10.000,     0.54021,     0.58930,      4.6566,      4.7784,      1.0000,      2.1400,      1.2881,      2.0000,      1.2148,      20.559,     0.75499,      6.7914,     0.95047,      8.3306,      1.1034,      9.2303,      1.1927,      5.9539,      1.1759,      9.2683,     0.64776,      3.8339,      3.9672
      6.0003,      55.000,      10.000,     0.54449,     0.59423,      4.6665,      4.7922,      1.0000,      2.1400,      1.4604,      2.0000,      1.1980,      20.253,     0.76636,      6.5744,     0.95001,      8.0674,      1.0935,      8.9478,      1.1770,      5.8003,      1.1569,      9.0242,      1.1327,      3.8339,      3.9672
      6.0336,      57.000,      10.000,     0.55170,     0.60195,      4.6846,      4.8134,      1.0000,      2.1400,      1.6173,      2.0000,      1.1750,      19.938,     0.75293,      6.3484,     0.92778,      7.7498,      1.0682,      8.6198,      1.1520,      5.6195,      1.1354,      8.6897,     0.84429,      3.8344,      3.9668
      6.0669,      58.000,      10.000,     0.55679,     0.60725,      4.6971,      4.8280,      1.0000,      2.1400,      1.7443,      2.0000,      1.1359,      19.615,     0.73729,      6.1405,     0.90000,      7.4957,      1.0285,      8.3373,      1.1093,      5.4929,      1.0959,      8.4276,     0.95138,      3.8344,      3.9668
      6.1002,      57.000,      10.000,     0.55445,     0.60481,      4.6913,      4.8213,      1.0000,      2.1400,      1.9406,      2.0000,      1.0846,      19.325,     0.69148,      5.9597,     0.84879,      7.2143,     0.97476,      8.0275,      1.0580,      5.3392,      1.0489,      8.1473,      1.2830,      3.8344,      3.9668
      6.1336,      57.000,      10.000,     0.55025,     0.59830,      4.6811,      4.8040,      1.0000,      2.1400,      2.0967,      2.0000,      1.0350,      19.019,     0.67569,      5.8151,     0.81981,      6.9330,     0.93214,      7.6995,      1.0057,      5.2036,     0.99779,      7.8129,      1.4906,      3.8344,      3.9668
      6.1669,      57.000,      10.000,     0.55594,     0.60571,      4.6898,      4.8178,     0.90000,      2.1400,      2.2151,      2.0000,     0.99507,      18.696,     0.64745,      5.6433,     0.78661,      6.7061,     0.89588,      7.4353,     0.96931,      5.1042,     0.95764,      7.5597,      1.0930,      3.8324,      3.9599
      6.2002,      55.000,      10.000,     0.55734,     0.60704,      4.6933,      4.8214,     0.90000,      2.1400,      2.4433,      2.0000,     0.98131,      18.406,     0.64550,      5.5167,     0.77457,      6.4974,     0.88038,      7.1346,     0.95353,      4.9776,     0.94334,      7.2885,      1.0952,      3.8324,      3.9599
      6.2336,      60.000,      10.000,     0.55496,     0.60304,      4.6883,      4.8119,     0.90000,      2.1400,      2.5935,      2.0000,     0.93411,      18.125,     0.61977,      5.3902,     0.73974,      6.2886,     0.83511,      6.8612,     0.90479,      4.8692,     0.89770,      6.9993,     0.75452,      3.8328,      3.9595
      6.2669,      57.000,      10.000,     0.55622,     0.60593,      4.6914,      4.8197,     0.90000,      2.1400,      2.7762,      2.0000,     0.88738,      17.827,     0.60669,      5.2455,     0.72185,      6.0980,     0.80797,      6.6243,     0.86351,      4.7607,     0.85011,      6.7190,     0.75865,      3.8328,      3.9595
      6.3002,      58.000,      10.000,     0.55887,     0.60686,      4.6979,      4.8223,     0.90000,      2.1400,      2.9600,      2.0000,     0.85757,      17.529,     0.60131,      5.1100,     0.70665,      5.8893,     0.78387,      6.3965,     0.83360,      4.6432,     0.82022,      6.4659,      1.6918,      3.8328,      3.9595
      6.3336,      58.000,      10.000,     0.55862,     0.60800,      4.6973,      4.8254,     0.90000,      2.1400,      3.1170,      2.0000,     0.83314,      17.322,     0.58639,      5.0376,     0.68816,      5.7350,     0.76420,      6.1960,     0.81048,      4.5799,     0.79698,      6.2399,     0.86078,      3.8328,      3.9595
      6.3669,      53.000,      10.000,     0.55840,     0.60667,      4.6968,      4.8218,     0.90000,      2.1400,      3.3127,      2.0000,     0.77454,      17.048,     0.55016,      4.8930,     0.64492,      5.5807,     0.71115,      5.9682,     0.75245,      4.4443,     0.73930,      5.9868,     0.98726,      3.8328,      3.9595
      6.4002,      55.000,      10.000,     0.55792,     0.60636,      4.6904,      4.8150,     0.80000,      2.1400,      3.4817,      2.0000,     0.76376,      16.809,     0.55706,      4.7845,     0.64599,      5.4264,     0.70927,      5.7678,     0.74463,      4.3629,     0.72562,      5.7879,      1.0401,      3.8308,      3.9527
      6.4336,      57.000,      10.000,     0.55730,     0.60604,      4.6949,      4.8213,     0.90000,      2.1400,      3.6706,      2.0000,     0.74750,      16.577,     0.55060,      4.6941,     0.63576,      5.2721,     0.69409,      5.5947,     0.72625,      4.2816,     0.71042,      5.5800,      1.2634,      3.8333,      3.9591
      6.4669,      54.000,      10.000,     0.55618,     0.60476,      4.6871,      4.8121,     0.80000,      2.1400,      3.8628,      2.0000,     0.69848,      16.378,     0.52219,      4.5856,     0.60287,      5.1360,     0.65635,      5.4215,     0.68129,      4.1821,     0.66244,      5.3811,     0.64170,      3.8313,      3.9524
      6.5002,      56.000,      10.000,     0.56143,     0.60903,      4.6999,      4.8237,     0.80000,      2.1400,      4.0531,      2.0000,     0.67081,      16.155,     0.51082,      4.4772,     0.58533,      4.9999,     0.63122,      5.2666,     0.65301,      4.0917,     0.63466,      5.1823,     0.86445,      3.8313,      3.9524
      6.5336,      57.000,      10.000,     0.56195,     0.60929,      4.7012,      4.8244,     0.80000,      2.1400,      4.2447,      2.0000,     0.66388,      15.989,     0.51428,      4.3777,     0.58442,      4.8819,     0.62773,      5.1300,     0.64633,      4.0194,     0.62663,      5.0286,     0.90743,      3.8313,      3.9524
      6.5669,      54.000,      10.000,     0.56105,     0.60815,      4.6939,      4.8154,     0.70000,      2.1400,      4.4215,      2.0000,     0.63144,      15.807,     0.49212,      4.2873,     0.56074,      4.7639,     0.60169,      4.9842,     0.61622,      3.9381,     0.59458,      4.8478,      2.4040,      3.8292,      3.9456
      6.6002,      62.000,      10.000,     0.56286,     0.61045,      4.6993,      4.8230,     0.70000,      2.1400,      4.6116,      2.0000,     0.61627,      15.649,     0.48719,      4.2060,     0.55206,      4.6550,     0.59029,      4.8475,     0.60250,      3.8748,     0.58050,      4.7032,      1.5938,      3.8297,      3.9453
      6.6336,      58.000,      10.000,     0.56620,     0.61229,      4.6972,      4.8165,     0.50000,      2.1400,      4.5837,      2.0000,     0.62194,      15.641,     0.50128,      4.2512,     0.56193,      4.6459,     0.59761,      4.8293,     0.60854,      3.9290,     0.58378,      4.6580,      3.2339,      3.8257,      3.9320
      6.6669,      55.000,      10.000,     0.55606,     0.60131,      4.6664,      4.7799,     0.40000,      2.1400,      4.3512,      2.0000,     0.59438,      15.682,     0.48007,      4.4320,     0.53796,      4.8274,     0.57100,      5.0297,     0.58068,      4.1189,     0.55510,      4.8297,      1.6875,      3.8232,      3.9255
      6.7002,      59.000,      10.000,     0.53369,     0.57900,      4.6113,      4.7179,     0.30000,      2.1400,      4.0280,      2.0000,     0.55112,      15.765,     0.43982,      4.5676,     0.50048,      4.8184,     0.53328,      4.8931,     0.54119,      4.3539,     0.51555,      4.5766,      2.5826,      3.8212,      3.9187
      6.7336,      56.000,      10.000,     0.51231,     0.56375,      4.5795,      4.6903,     0.50000,      2.1400,      3.6346,      2.0000,     0.56070,      16.312,     0.43483,      5.0105,     0.51350,      5.3538,     0.55012,      5.4671,     0.55360,      4.7245,     0.52876,      5.1461,      24.408,      3.8252,      3.9322
      6.7669,      58.000,      10.000,     0.51455,     0.56913,      4.5877,      4.7078,     0.60000,      2.1400,      3.2988,      2.0000,     0.52016,      16.858,     0.35751,      5.9416,     0.45267,      5.9256,     0.50869,      5.9227,     0.51988,      5.7008,     0.49630,      5.2727,      275.90,      3.8268,      3.9392
      6.8002,      52.000,      10.000,     0.52083,     0.59814,      4.6081,      4.7921,     0.80000,      2.1400,      2.2921,      2.0000,     0.26951,      18.150,     0.14806,      3.5370,     0.20065,      5.3084,     0.24361,      7.0161,     0.26832,      16.567,     0.26214,      6.3574,      329.70,      3.8304,      3.9531
      6.8336,      57.000,      10.000,     0.76236,     0.78480,      5.1830,      5.2434,      0.0000,      2.1400,   0.0060840,      2.0000,    0.019401,      12.917,    0.019349,     0.12902,    0.019564,     0.14439,    0.019629,     0.17312,    0.019318,      13.674,    0.018513,     0.16518,      1088.7,      3.8133,      3.8981
      6.8669,      57.000,      10.000,     0.73655,     0.78245,      5.1136,      5.2371,      0.0000,      2.1400,   0.0088708,      2.0000,    0.037208,      12.751,    0.037620,   0.0024659,    0.037647,   0.0082516,    0.037141,      0.0000,    0.036042,      13.565,    0.034659,    0.020545,      352.84,      3.8133,      3.8981
      6.9002,      57.000,      10.000,     0.75229,     0.77946,      5.1920,      5.2651,     0.60000,      2.1400,    0.013870,      2.0000,    0.024015,      12.743,    0.024474,   0.0024659,    0.024544,    0.017327,    0.024083,      0.0000,    0.023294,      13.574,    0.022348,    0.020545,      987.39,      3.8254,      3.9399
      6.9336,      59.000,      10.000,     0.73799,     0.77963,      5.1415,      5.2535,     0.40000,      2.1400,    0.013563,      2.0000,    0.032381,      12.751,    0.032752,    0.011506,    0.032890,    0.017327,    0.032262,   0.0091115,    0.031115,      13.574,    0.029820,    0.029585,      944.55,      3.8214,      3.9259
      6.9669,      58.000,      10.000,     0.75790,     0.78438,      5.1711,      5.2423,      0.0000,      2.1400,    0.015774,      2.0000,    0.026738,      12.751,    0.024167,    0.011506,    0.025847,    0.017327,    0.026643,   0.0091115,    0.026347,      13.574,    0.025172,    0.020545,      507.37,      3.8133,      3.8981
      7.0002,      58.000,      10.000,     0.74846,     0.78351,      5.1456,      5.2400,      0.0000,      2.1400,    0.016149,      2.0000,    0.029579,      12.751,    0.029434,    0.011506,    0.029553, -0.00082463,    0.029406,   0.0091115,    0.028818,      13.565,    0.027620,    0.020545,      872.89,      3.8133,      3.8981
      7.0336,      57.000,      10.000,     0.71734,     0.77785,      5.0859,      5.2488,     0.40000,      2.1400,    0.015288,      2.0000,    0.039049,      12.727,    0.040819,    0.020546,    0.040149,    0.017327,    0.039089,   0.0091115,    0.037681,      13.565,    0.036118,   0.0024659,      1276.5,      3.8214,      3.9259
      7.0669,      58.000,      10.000,     0.75636,     0.78575,      5.2458,      5.3060,      3.4000,      1.4100,    0.015560,      2.0000,    0.024490,      12.768,    0.025987,    0.020546,    0.024930,    0.017327,    0.024241,   0.0091115,    0.024283,      13.574,    0.025736,    0.020545,      48.299,      3.9071,      4.0604
      7.1002,      55.000,      10.000,     0.73614,     0.77295,      5.1936,      5.2926,      1.4000,      2.1400,    0.014215,      2.0000,    0.030163,      12.751,    0.032503,   0.0024659,    0.032309,   0.0082516,    0.031227,      0.0000,    0.029969,      13.565,    0.028898,    0.020545,      543.68,      3.8419,      3.9887
      7.1336,      59.000,      10.000,     0.74463,     0.78053,      5.0166,      5.0419,      7.0000,      2.1400,    0.015733,      2.0000,    0.029037,      12.752,    0.032821,    0.011506,    0.030937,    0.017327,    0.029835,      0.0000,    0.030651,      13.565,    0.029024,    0.011591,      1014.3,      3.9308,      4.1708
      7.1669,      54.000,      10.000,     0.75370,     0.78399,      5.1597,      5.2413,      0.0000,      2.1400,    0.015239,      2.0000,    0.026089,      12.743,    0.026695,    0.011506,    0.026639,    0.017327,    0.026117,   0.0091115,    0.025304,      13.574,    0.024374,   0.0024659,      766.23,      3.8133,      3.8981
      7.2002,      56.000,      10.000,     0.75754,     0.78435,      5.1701,      5.2422,      0.0000,      2.1400,    0.014043,      2.0000,    0.024711,      12.751,    0.024245,   0.0024659,    0.024581,   0.0082516,    0.024645,      0.0000,    0.024192,      13.565,    0.023198,    0.020545,      911.20,      3.8133,      3.8981
      7.2336,      56.000,      10.000,     0.75388,     0.78401,      5.1602,      5.2413,      0.0000,      2.1400,    0.013910,      2.0000,    0.027639,      12.776,    0.027393,   0.0024659,    0.027743, -0.00082463,    0.027608,      0.0000,    0.026921,      13.565,    0.025869,    0.020545,      463.26,      3.8133,      3.8981
      7.2669,      58.000,      10.000,     0.75502,     0.78412,      5.1633,      5.2416,      0.0000,      2.1400,    0.011009,      2.0000,    0.026076,      12.735,    0.026677,    0.011506,    0.026601,    0.026402,    0.026145,   0.0091115,    0.025339,      13.574,    0.024411,   0.0024659,      396.73,      3.8133,      3.8981
      7.3002,      55.000,      10.000,     0.75529,     0.78414,      5.1640,      5.2416,      0.0000,      2.1400,    0.010692,      2.0000,    0.026038,      12.760,    0.026004,    0.011506,    0.026057,    0.017327,    0.025862,   0.0091115,    0.025322,      13.565,    0.024306,    0.011505,      605.31,      3.8133,      3.8981
      7.3336,      55.000,      10.000,     0.75500,     0.78411,      5.1632,      5.2416,      0.0000,      2.1400,   0.0089640,      2.0000,    0.027125,      12.776,    0.026035,    0.011506,    0.026973,   0.0082516,    0.027090,   0.0091115,    0.026556,      13.565,    0.025468,   0.0024659,      809.99,      3.8133,      3.8981
      7.3669,      59.000,      10.000,     0.75293,     0.78392,      5.1577,      5.2411,      0.0000,      2.1400,   0.0081777,      2.0000,    0.028199,      12.769,    0.027933,   0.0024659,    0.028233,   0.0082516,    0.028091,   0.0091115,    0.027481,      13.565,    0.026374,    0.020545,      1245.7,      3.8133,      3.8981
      7.4002,      56.000,      10.000,     0.75640,     0.78424,      5.1670,      5.2419,      0.0000,      2.1400,   0.0057548,      2.0000,    0.024179,      12.760,    0.023782,    0.011506,    0.024117,    0.017327,    0.024006,   0.0091115,    0.023513,      13.574,    0.022570,   0.0024659,      976.86,      3.8133,      3.8981
      7.4336,      53.000,      10.000,     0.76102,     0.78467,      5.1794,      5.2431,      0.0000,      2.1400,   0.0055444,      2.0000,    0.022001,      12.785,    0.021753,    0.011506,    0.022086,    0.017327,    0.021984,   0.0091115,    0.021463,      13.574,    0.020634,    0.011505,      438.04,      3.8133,      3.8981
      7.4669,      56.000,      10.000,     0.75833,     0.78442,      5.1722,      5.2424,      0.0000,      2.1400,   0.0042274,      2.0000,    0.023251,      12.776,    0.022984,   0.0024659,    0.023301,    0.017327,    0.023254,      0.0000,    0.022722,      13.565,    0.021829,   0.0024659,      192.37,      3.8133,      3.8981
      7.5002,      57.000,      10.000,     0.75603,     0.78421,      5.1660,      5.2418,      0.0000,      2.1400,   0.0041163,      2.0000,    0.025669,      12.760,    0.025230,    0.011506,    0.025858,    0.017327,    0.025831,   0.0091115,    0.025126,      13.574,    0.024169,    0.020545,      1586.6,      3.8133,      3.8981
      7.5336,      56.000,      10.000,     0.75811,     0.78440,      5.1716,      5.2423,      0.0000,      2.1400,   0.0014048,      2.0000,    0.024350,      12.751,    0.024356,    0.011506,    0.024731,    0.017327,    0.024446,   0.0091115,    0.023717,      13.565,    0.022845,    0.011505,      1683.8,      3.8133,      3.8981
      7.5669,      58.000,      10.000,     0.76236,     0.78480,      5.1831,      5.2434,      0.0000,      2.1400,  0.00013648,      2.0000,    0.021336,      12.760,    0.020850,    0.011506,    0.021217,   0.0082516,    0.021199,      0.0000,    0.020759,      13.565,    0.019942,   0.0024659,      676.73,      3.8133,      3.8981
      7.6002,      56.000,      10.000,     0.75596,     0.78420,      5.1658,      5.2418,      0.0000,      2.1400,  0.00079566,      2.0000,    0.025749,      12.768,    0.025795,    0.011506,    0.025993,    0.017327,    0.025817,   0.0091115,    0.025177,      13.574,    0.024197,    0.020545,      1453.1,      3.8133,      3.8981
      7.6336,      53.000,      10.000,     0.74114,     0.78286,      5.1260,      5.2382,      0.0000,      2.1400,  0.00053708,      2.0000,    0.032106,      12.743,    0.032769,    0.011506,    0.032663,    0.026359,    0.032117,   0.0091115,    0.031176,      13.574,    0.029994,    0.011591,      744.82,      3.8133,      3.8981
      7.6669,      58.000,      10.000,     0.75739,     0.78433,      5.1697,      5.2422,      0.0000,      2.1400, -0.00096116,      2.0000,    0.024285,      12.752,    0.024235,    0.011506,    0.024552,    0.017327,    0.024498,   0.0091115,    0.023901,      13.574,    0.022970,    0.011505,      1158.4,      3.8133,      3.8981
      7.7002,      56.000,      10.000,     0.74949,     0.78361,      5.1484,      5.2402,      0.0000,      2.1400,  -0.0018984,      2.0000,    0.029775,      12.760,    0.029926,   0.0024659,    0.029871,   0.0082516,    0.029547,   0.0091115,    0.028863,      13.574,    0.027717,    0.020545,      485.82,      3.8133,      3.8981
      7.7336,      57.000,      10.000,     0.75515,     0.78413,      5.1637,      5.2416,      0.0000,      2.1400,  -0.0021633,      2.0000,    0.026396,      12.760,    0.026139,   0.0024659,    0.026422,   0.0082516,    0.026229,      0.0000,    0.025599,      13.565,    0.024606,   0.0024659,      1625.5,      3.8133,      3.8981
      7.7669,      53.000,      10.000,     0.75086,     0.78373,      5.1521,      5.2405,      0.0000,      2.1400,  -0.0027713,      2.0000,    0.029805,      12.751,    0.029285,   0.0024659,    0.029980,    0.017327,    0.030034,   0.0091115,    0.029296,      13.565,    0.028125,    0.029585,      1441.7,      3.8133,      3.8981
      7.8002,      55.000,      10.000,     0.74219,     0.78295,      5.1288,      5.2384,      0.0000,      2.1400, -0.00079491,      2.0000,    0.031305,      12.743,    0.031872,   0.0024659,    0.031735,   0.0082516,    0.031268,   0.0091115,    0.030337,      13.565,    0.029195,    0.011505,      1232.4,      3.8133,      3.8981
      7.8336,      60.000,      10.000,     0.76121,     0.78469,      5.1799,      5.2431,      0.0000,      2.1400, -0.00097764,      2.0000,    0.021804,      12.743,    0.021196,    0.011506,    0.021695,   0.0082516,    0.021824,   0.0091115,    0.021433,      13.574,    0.020553,   0.0024659,      1303.8,      3.8133,      3.8981
      7.8669,      60.000,      10.000,     0.75366,     0.78399,      5.1596,      5.2412,      0.0000,      2.1400,  -0.0017352,      2.0000,    0.025979,      12.760,    0.025662,    0.011506,    0.026052,    0.017327,    0.025905,    0.018224,    0.025300,      13.574,    0.024321,    0.047665,      367.50,      3.8133,      3.8981
      7.9002,      52.000,      10.000,     0.75614,     0.78422,      5.1663,      5.2419,      0.0000,      2.1400, -0.00043433,      2.0000,    0.025296,      12.752,    0.025533,    0.011506,    0.025593,   0.0082516,    0.025311,   0.0091115,    0.024593,      13.565,    0.023682,    0.020545,      412.16,      3.8133,      3.8981
      7.9336,      53.000,      10.000,     0.74930,     0.78359,      5.1479,      5.2402,      0.0000,      2.1400, -0.00019080,      2.0000,    0.029225,      12.751,    0.029582,   0.0024659,    0.029589,   0.0082516,    0.029209,   0.0091115,    0.028341,      13.565,    0.027294,    0.011505,      1388.2,      3.8133,      3.8981
      7.9669,      56.000,      10.000,     0.75367,     0.78399,      5.1597,      5.2412,      0.0000,      2.1400,  0.00079035,      2.0000,    0.026272,      12.776,    0.027229,    0.011506,    0.026933,   0.0082516,    0.026434,   0.0091115,    0.025585,      13.565,    0.024651,    0.029585,      754.97,      3.8133,      3.8981
      8.0002,      56.000,      10.000,     0.74930,     0.78359,      5.1479,      5.2402,      0.0000,      2.1400,  0.00074831,      2.0000,    0.030775,      12.751,    0.030634,    0.011506,    0.030894, -0.00082463,    0.030716,   0.0091115,    0.029973,      13.565,    0.028799,    0.029585,      619.90,      3.8133,      3.8981
      8.0336,      56.000,      10.000,     0.72693,     0.78162,      5.0877,      5.2349,      0.0000,      2.1400,      0.0000,      2.0000,    0.037428,      12.743,    0.037731,   0.0024659,    0.037551, -0.00082463,    0.037262,   0.0091115,    0.036338,      13.565,    0.034880,    0.020545,      1407.7,      3.8133,      3.8981
      8.0669,      61.000,      10.000,     0.76674,     0.78522,      5.1948,      5.2445,      0.0000,      2.1400,      0.0000,      2.0000,    0.018144,      12.760,    0.017314,    0.011506,    0.017980, -0.00082463,    0.018118,      0.0000,    0.017797,      13.565,    0.017094,    0.020545,      664.99,      3.8133,      3.8981
      8.1002,      57.000,      10.000,     0.73987,     0.78274,      5.1225,      5.2379,      0.0000,      2.1400,      0.0000,      2.0000,    0.036023,      12.760,    0.036774,    0.011506,    0.036829,   0.0082516,    0.036340,   0.0091115,    0.035299,      13.574,    0.033917,   0.0024659,      280.30,      3.8133,      3.8981
      8.1336,      56.000,      10.000,     0.75456,     0.78407,      5.1620,      5.2415,      0.0000,      2.1400,      0.0000,      2.0000,    0.028088,      12.727,    0.027652,    0.011506,    0.028324,   0.0082516,    0.028103,      0.0000,    0.027305,      13.565,    0.026280,  -0.0065745,      869.45,      3.8133,      3.8981
