# [Parameters]
# Name = tsmap_nel
# ShotNo = 115083
# Date = '07/24/2021 12:29'
# 
# DimNo = 1
# DimName = 'Time'
# DimSize = 178
# DimUnit = 's'
# 
# ValNo = 25
# ValName = 'laser', 'laser number', 'a99', 'a999', 'R99', 'R999', 'p0', 'pf', 'ip', 'ipf', 'nl_thomson_mid', 'nl_mmw_mid', 'nl_thomson_3579', 'nl_fir_3579', 'nl_thomson_3669', 'nl_fir_3669', 'nl_thomson_3759', 'nl_fir_3759', 'nl_thomson_3849', 'nl_fir_3849', 'nl_thomson_3939', 'nl_fir_3939', 'chi', 'geom_center', 'Rax_vmec'
# ValUnit = 'arb', 'arb', 'm', 'm', 'm', 'm', '%', 'arb', 'kA/T', 'arb', 'arb', 'e19m-2', 'arb', 'e19m-2', 'arb', 'e19m-2', 'arb', 'e19m-2', 'arb', 'e19m-2', 'arb', 'e19m-2', 'arb', 'm', 'm'
# 
# [Comments]
# Bt = -2.53850
# Rax = 3.90000
# Bq = 100.000
# Gamma = 1.25380
# phiedge = -2.8685000
# avac = 0.55800000
# ExpDate = 2.01211e+07
# Cycle = 16.0000
# t1 = 3.29800
# t2 = 9.81300
# density (ne) is only for very rough information
# Do not use data for ne_bar < 5*1-^12cm-3
# High Voltage is set at 0.90 times
# Te limit = 22keV
# Laser#1, #3, #5, 
# 
# [data]
      0.0000,      918.00,      2.0000,     0.77191,     0.77922,      5.2354,      5.2566,      0.0000,      2.1400,      0.0000,      2.0000,   0.0076095,  -0.0082647,   0.0066900,  8.7610E-07,   0.0071901,  -0.0033134,   0.0075107, -0.00082792,   0.0075422,   0.0057522,   0.0072523,   0.0066006,      9999.0,      3.8133,      3.8981
      3.3000,      920.00,      2.0000,     0.76715,     0.77447,      5.2614,      5.2827,     0.60000,      2.1400,   0.0044457,      2.0000,   0.0077376,    0.024844,   0.0068374,    0.054672,   0.0076046,    0.069581,   0.0078723,    0.044731,   0.0077262,    0.050951,   0.0074325,    0.042904,      1219.0,      3.8254,      3.9399
      3.3330,      914.00,      2.0000,     0.56516,     0.60699,      4.6685,      4.7724,     0.10000,      2.1400,   -0.031233,      2.0000,     0.85816,     0.84801,     0.83245,     0.83829,     0.84912,     0.86231,     0.84648,     0.86480,     0.82449,     0.82837,     0.78866,     0.79618,      34.299,      3.8153,      3.9051
      3.3660,      916.00,      2.0000,     0.57336,     0.61230,      4.6887,      4.7861,     0.10000,      2.1400,     0.15517,      2.0000,      1.4107,      1.3946,      1.3444,      1.4123,      1.3874,      1.4455,      1.3928,      1.4297,      1.3595,      1.3798,      1.2994,      1.3407,      9.3932,      3.8153,      3.9051
      3.4000,      917.00,      2.0000,     0.57148,     0.61127,      4.6945,      4.7949,     0.30000,      2.1400,     0.35712,      2.0000,      1.7453,      1.7142,      1.6411,      1.6948,      1.7035,      1.7644,      1.7132,      1.7486,      1.6768,      1.6962,      1.6005,      1.6221,      4.6092,      3.8194,      3.9190
      3.4330,      913.00,      2.0000,     0.57790,     0.61707,      4.7171,      4.8178,     0.40000,      2.1400,     0.61828,      2.0000,      2.0744,      1.9693,      1.9465,      1.9408,      2.0204,      2.0286,      2.0343,      1.9855,      1.9923,      1.9312,      1.9033,      1.8217,      5.9295,      3.8218,      3.9258
      3.4660,      912.00,      2.0000,     0.57626,     0.61620,      4.7183,      4.8212,     0.50000,      2.1400,     0.78381,      2.0000,      2.4934,      2.3718,      2.3955,      2.3964,      2.4627,      2.4387,      2.4587,      2.3956,      2.3968,      2.3019,      2.2916,      2.1938,      8.0916,      3.8239,      3.9327
      3.5000,      909.00,      2.0000,     0.57963,     0.61822,      4.7317,      4.8325,     0.60000,      2.1400,      1.0474,      2.0000,      2.7990,      2.7246,      2.6931,      2.7700,      2.7713,      2.8214,      2.7610,      2.7509,      2.6821,      2.6544,      2.5621,      2.5206,      6.8032,      3.8259,      3.9396
      3.5330,      913.00,      2.0000,     0.57815,     0.61751,      4.7177,      4.8189,     0.40000,      2.1400,      1.2143,      2.0000,      3.0395,      2.9912,      2.9034,      3.0342,      3.0059,      3.1129,      3.0075,      3.0516,      2.9261,      2.9166,      2.7946,      2.7928,      4.4160,      3.8218,      3.9258
      3.5660,      906.00,      2.0000,     0.57520,     0.61498,      4.7156,      4.8180,     0.50000,      2.1400,      1.4064,      2.0000,      3.2315,      3.2463,      3.0312,      3.2347,      3.1628,      3.3043,      3.1798,      3.2977,      3.1044,      3.1516,      2.9649,      3.0106,      4.0088,      3.8239,      3.9327
      3.6000,      910.00,      2.0000,     0.57253,     0.61302,      4.7208,      4.8257,     0.70000,      2.1400,      1.6342,      2.0000,      3.3831,      3.4451,      3.1324,      3.4169,      3.2942,      3.5047,      3.3189,      3.5163,      3.2480,      3.3776,      3.1041,      3.2285,      6.8340,      3.8283,      3.9462
      3.6330,      912.00,      2.0000,     0.57218,     0.61449,      4.7091,      4.8181,     0.50000,      2.1400,      1.7586,      2.0000,      3.6873,      3.8045,      3.4211,      3.7358,      3.6166,      3.8510,      3.6498,      3.8444,      3.5596,      3.6849,      3.3986,      3.5189,      4.5909,      3.8243,      3.9325
      3.6660,      919.00,      2.0000,     0.56823,     0.61085,      4.7045,      4.8142,     0.60000,      2.1400,      1.8331,      2.0000,      3.9020,      4.1241,      3.5686,      3.9819,      3.7965,      4.1243,      3.8442,      4.1451,      3.7650,      3.9833,      3.5961,      3.8002,      2.5035,      3.8263,      3.9394
      3.7000,      915.00,      2.0000,     0.56938,     0.61178,      4.7074,      4.8167,     0.60000,      2.1400,      1.8898,      2.0000,      4.2042,      4.3726,      3.7992,      4.2006,      4.0619,      4.3704,      4.1340,      4.4002,      4.0601,      4.2454,      3.8780,      4.0362,      3.8639,      3.8263,      3.9394
      3.7330,      920.00,      2.0000,     0.56482,     0.60924,      4.7013,      4.8157,     0.70000,      2.1400,      2.1126,      2.0000,      4.3535,      4.5614,      3.9246,      4.3828,      4.2331,      4.5799,      4.3069,      4.6098,      4.2174,      4.4443,      4.0224,      4.2359,      2.9154,      3.8283,      3.9462
      3.7660,      917.00,      2.0000,     0.56729,     0.61132,      4.7021,      4.8155,     0.60000,      2.1400,      2.2063,      2.0000,      4.6164,      4.7734,      4.1068,      4.5377,      4.4332,      4.7713,      4.5396,      4.8102,      4.4715,      4.6251,      4.2722,      4.4083,      2.8547,      3.8263,      3.9394
      3.8000,      916.00,      2.0000,     0.56465,     0.60881,      4.6955,      4.8089,     0.60000,      2.1400,      2.4149,      2.0000,      4.6694,      4.9523,      4.1389,      4.7017,      4.4915,      4.9353,      4.6043,      4.9469,      4.5298,      4.8059,      4.3241,      4.5898,      3.7565,      3.8263,      3.9394
      3.8330,      917.00,      2.0000,     0.56600,     0.61057,      4.6999,      4.8149,     0.60000,      2.1400,      2.5421,      2.0000,      4.8594,      5.1014,      4.3061,      4.8293,      4.6593,      5.0902,      4.7788,      5.1200,      4.7145,      4.9596,      4.5036,      4.7078,      2.0978,      3.8268,      3.9392
      3.8660,      912.00,      2.0000,     0.56439,     0.60927,      4.6959,      4.8115,     0.60000,      2.1400,      2.5896,      2.0000,      4.9924,      5.2935,      4.4083,      4.9751,      4.7854,      5.2451,      4.9074,      5.2658,      4.8429,      5.1042,      4.6283,      4.8439,      3.2748,      3.8268,      3.9392
      3.9000,      918.00,      2.0000,     0.56848,     0.61271,      4.7116,      4.8263,     0.70000,      2.1400,      2.6013,      2.0000,      5.2044,      5.3746,      4.5752,      5.0935,      4.9753,      5.3818,      5.1179,      5.4025,      5.0457,      5.2398,      4.8216,      4.9982,      3.3015,      3.8288,      3.9459
      3.9330,      914.00,      2.0000,     0.56677,     0.61198,      4.7018,      4.8185,     0.60000,      2.1400,      2.6173,      2.0000,      5.2865,      5.5386,      4.6691,      5.2120,      5.0829,      5.5185,      5.2230,      5.5301,      5.1364,      5.3664,      4.9052,      5.1071,      2.5211,      3.8268,      3.9392
      3.9660,      912.00,      2.0000,     0.56090,     0.60653,      4.6925,      4.8099,     0.70000,      2.1400,      2.7103,      2.0000,      5.1547,      5.7042,      4.4724,      5.3304,      4.9038,      5.6551,      5.0623,      5.6576,      5.0045,      5.4929,      4.7848,      5.2342,      2.4542,      3.8288,      3.9459
      4.0000,      912.00,      2.0000,     0.56233,     0.60793,      4.6960,      4.8136,     0.70000,      2.1400,      2.9385,      2.0000,      5.3563,      5.8053,      4.6805,      5.4398,      5.1261,      5.7918,      5.2832,      5.7761,      5.2063,      5.6104,      4.9713,      5.3612,      3.0236,      3.8288,      3.9459
      4.0330,      910.00,      2.0000,     0.55976,     0.60588,      4.6897,      4.8082,     0.70000,      2.1400,      3.0137,      2.0000,      5.3512,      5.9080,      4.6278,      5.5673,      5.0997,      5.9103,      5.2719,      5.8854,      5.2030,      5.7279,      4.9701,      5.4520,      2.3894,      3.8288,      3.9459
      4.0660,      910.00,      2.0000,     0.56300,     0.60821,      4.6925,      4.8087,     0.60000,      2.1400,      3.2470,      2.0000,      5.6107,      6.0703,      4.9011,      5.6584,      5.3559,      6.0287,      5.5207,      6.0039,      5.4513,      5.8364,      5.2079,      5.5791,      4.3596,      3.8268,      3.9392
      4.1000,      911.00,      2.0000,     0.56115,     0.60724,      4.6932,      4.8118,     0.70000,      2.1400,      3.3112,      2.0000,      5.6658,      6.1614,      4.9377,      5.7769,      5.4200,      6.1472,      5.5956,      6.1223,      5.5165,      5.9449,      5.2661,      5.6517,      2.9263,      3.8288,      3.9459
      4.1330,      909.00,      2.0000,     0.56490,     0.61033,      4.7025,      4.8198,     0.70000,      2.1400,      3.4818,      2.0000,      5.6743,      6.2806,      4.9361,      5.8771,      5.4059,      6.2474,      5.5821,      6.2317,      5.5137,      6.0624,      5.2680,      5.7696,      2.7472,      3.8288,      3.9459
      4.1660,      911.00,      2.0000,     0.56465,     0.61137,      4.7028,      4.8240,     0.70000,      2.1400,      3.7062,      2.0000,      6.0238,      6.3800,      5.2374,      5.9774,      5.7401,      6.3567,      5.9367,      6.3501,      5.8641,      6.1619,      5.6072,      5.8604,      2.8686,      3.8292,      3.9456
      4.2000,      912.00,      2.0000,     0.56320,     0.60941,      4.6992,      4.8187,     0.70000,      2.1400,      3.6138,      2.0000,      5.9588,      6.5009,      5.1606,      6.0685,      5.6598,      6.4934,      5.8591,      6.4503,      5.7937,      6.2613,      5.5408,      5.9875,      1.6669,      3.8292,      3.9456
      4.2330,      910.00,      2.0000,     0.56411,     0.61036,      4.7015,      4.8212,     0.70000,      2.1400,      3.7432,      2.0000,      6.0725,      6.6102,      5.2290,      6.1778,      5.7643,      6.5845,      5.9755,      6.5506,      5.9124,      6.3788,      5.6564,      6.1054,      2.2309,      3.8292,      3.9456
      4.2660,      909.00,      2.0000,     0.56209,     0.60897,      4.6964,      4.8176,     0.70000,      2.1400,      3.7787,      2.0000,      6.1460,      6.7030,      5.3138,      6.2598,      5.8598,      6.7030,      6.0663,      6.6508,      5.9919,      6.4782,      5.7259,      6.1871,      1.7786,      3.8292,      3.9456
      4.3000,      913.00,      2.0000,     0.56248,     0.60950,      4.6974,      4.8190,     0.70000,      2.1400,      3.8838,      2.0000,      6.3328,      6.8156,      5.4498,      6.3509,      5.9951,      6.8032,      6.2246,      6.7601,      6.1669,      6.5777,      5.8965,      6.3051,      2.2783,      3.8292,      3.9456
      4.3330,      909.00,      2.0000,     0.56340,     0.60995,      4.6997,      4.8201,     0.70000,      2.1400,      3.8584,      2.0000,      6.3597,      6.9315,      5.4758,      6.4694,      6.0146,      6.9217,      6.2287,      6.8877,      6.1827,      6.6952,      5.9185,      6.3686,      2.3815,      3.8292,      3.9456
      4.3660,      910.00,      2.0000,     0.56161,     0.60824,      4.6901,      4.8101,     0.60000,      2.1400,      3.9712,      2.0000,      6.3997,      7.0823,      5.4945,      6.5514,      6.0608,      7.0128,      6.2898,      6.9697,      6.2365,      6.7946,      5.9636,      6.4957,      2.9350,      3.8272,      3.9389
      4.4000,      913.00,      2.0000,     0.56154,     0.60834,      4.6899,      4.8104,     0.60000,      2.1400,      3.8845,      2.0000,      6.4962,      7.1551,      5.5476,      6.6516,      6.1214,      7.1221,      6.3588,      7.0882,      6.3227,      6.9031,      6.0491,      6.6046,      1.8716,      3.8272,      3.9389
      4.4330,      911.00,      2.0000,     0.56038,     0.60696,      4.6922,      4.8124,     0.70000,      2.1400,      3.9697,      2.0000,      6.6364,      7.2695,      5.6596,      6.7519,      6.2666,      7.2406,      6.5194,      7.2066,      6.4602,      7.0206,      6.1791,      6.6954,      2.1228,      3.8292,      3.9456
      4.4660,      910.00,      2.0000,     0.55719,     0.60439,      4.6844,      4.8055,     0.70000,      2.1400,      4.1627,      2.0000,      6.5007,      7.3788,      5.4781,      6.8703,      6.1200,      7.3682,      6.3825,      7.3433,      6.3428,      7.1382,      6.0658,      6.8134,      3.4763,      3.8292,      3.9456
      4.5000,      908.00,      2.0000,     0.56150,     0.60881,      4.6898,      4.8116,     0.60000,      2.1400,      4.4156,      2.0000,      6.8253,      7.4864,      5.7845,      6.9705,      6.4267,      7.4775,      6.7117,      7.4709,      6.6653,      7.2557,      6.3711,      6.9132,      1.9404,      3.8272,      3.9389
      4.5330,      906.00,      2.0000,     0.56027,     0.60794,      4.6919,      4.8149,     0.70000,      2.1400,      4.4723,      2.0000,      6.9461,      7.6636,      5.8988,      7.0890,      6.5472,      7.6415,      6.8233,      7.6167,      6.7841,      7.3732,      6.4877,      7.0312,      2.1133,      3.8292,      3.9456
      4.5660,      909.00,      2.0000,     0.56433,     0.61224,      4.6967,      4.8206,     0.60000,      2.1400,      4.4688,      2.0000,      7.1271,      7.9999,      6.0447,      7.2257,      6.7072,      7.7600,      7.0116,      7.7624,      6.9669,      7.5269,      6.6598,      7.1945,      2.0196,      3.8272,      3.9389
      4.6000,      912.00,      2.0000,     0.55591,     0.60440,      4.6771,      4.8011,     0.60000,      2.1400,      4.6086,      2.0000,      6.9080,      8.3145,      5.7583,      7.3077,      6.4883,      7.8966,      6.8068,      7.8809,      6.7639,      7.6353,      6.4635,      7.3034,      2.5180,      3.8277,      3.9387
      4.6330,      907.00,      2.0000,     0.55824,     0.60648,      4.6828,      4.8068,     0.60000,      2.1400,      4.5519,      2.0000,      7.2329,      5.0533,      6.1176,      7.5264,      6.8081,      8.0698,      7.1166,      8.1087,      7.0677,      7.8613,      6.7573,      7.5213,      1.2573,      3.8277,      3.9387
      4.6660,      909.00,      2.0000,     0.55803,     0.60617,      4.6823,      4.8059,     0.60000,      2.1400,      4.6055,      2.0000,      7.1281,    -0.93413,      5.9119,      7.6357,      6.6257,      8.1973,      6.9683,      8.2909,      6.9573,      8.0602,      6.6581,      7.6392,      1.4919,      3.8277,      3.9387
      4.7000,      914.00,      2.0000,     0.55807,     0.60622,      4.6824,      4.8060,     0.60000,      2.1400,      4.5614,      2.0000,      7.4985,     -10.675,      6.3174,      7.7815,      7.0462,      8.3887,      7.3760,      8.5278,      7.3278,      8.2500,      7.0042,      7.8298,      2.2257,      3.8277,      3.9387
      4.7330,      909.00,      2.0000,     0.54307,     0.59150,      4.6473,      4.7667,     0.60000,      2.1400,      4.6078,      2.0000,      7.3365,      6.1763,      6.0972,      8.0822,      6.8935,      8.6894,      7.2277,      8.8468,      7.1817,      8.5303,      6.8634,      8.0749,      1.7231,      3.8277,      3.9387
      4.7660,      910.00,      2.0000,     0.54854,     0.59760,      4.6596,      4.7828,     0.60000,      2.1400,      4.5633,      2.0000,      7.5797,     -1.8153,      6.3256,      8.2553,      7.1111,      8.9536,      7.4593,      9.0563,      7.4124,      8.7834,      7.0860,      8.3199,      2.0475,      3.8277,      3.9387
      4.8000,      909.00,      2.0000,     0.52865,     0.57641,      4.6165,      4.7282,     0.60000,      2.1400,      4.5330,      2.0000,      7.2444,     -12.033,      5.9508,      8.4376,      6.7754,      9.3819,      7.1096,      9.4572,      7.0967,      8.9823,      6.7904,      8.5014,      1.8762,      3.8277,      3.9387
      4.8330,      909.00,      2.0000,     0.52174,     0.56962,      4.6019,      4.7101,     0.60000,      2.1400,      4.4266,      2.0000,      7.3242,     -4.4844,      5.9663,      8.7018,      6.8870,      9.5914,      7.2565,      9.8035,      7.2142,      9.4614,      6.8850,      9.1004,      1.9474,      3.8272,      3.9389
      4.8660,      903.00,      2.0000,     0.51739,     0.56758,      4.5992,      4.7113,     0.70000,      2.1400,      4.5019,      2.0000,      7.4800,      6.9753,      5.8892,      8.8294,      6.9335,      9.9832,      7.4193,      10.177,      7.3957,      9.3981,      7.0553,      8.9734,      1.5996,      3.8297,      3.9453
      4.9000,      911.00,      2.0000,     0.50433,     0.55126,      4.5707,      4.6659,     0.60000,      2.1400,      4.6673,      2.0000,      7.2759,      1.5983,      5.4716,      9.3123,      6.6836,      9.9377,      7.2287,      9.5666,      7.2462,      9.2263,      6.9102,      8.6557,      3.4323,      3.8277,      3.9387
      4.9330,      909.00,      2.0000,     0.51035,     0.55920,      4.5862,      4.6903,     0.70000,      2.1400,      4.7166,      2.0000,      7.7570,     -13.305,      5.9265,      8.8476,      7.0956,      9.6917,      7.6381,      9.8491,      7.6856,      9.4523,      7.3449,      8.9552,      1.9325,      3.8297,      3.9453
      4.9660,      904.00,      2.0000,     0.51003,     0.55805,      4.5856,      4.6875,     0.70000,      2.1400,      4.6886,      2.0000,      7.6499,     -15.390,      5.7761,      9.0207,      6.9964,      9.9286,      7.5627,      9.9766,      7.5929,      9.6874,      7.2557,      9.2184,      2.5891,      3.8297,      3.9453
      5.0000,      908.00,      2.0000,     0.50694,     0.55532,      4.5801,      4.6808,     0.70000,      2.1400,      4.7008,      2.0000,      7.7719,     -15.966,      5.8410,      9.0572,      7.0554,      9.9741,      7.6542,      10.077,      7.7159,      9.7778,      7.3715,      9.2275,      2.3481,      3.8297,      3.9453
      5.0330,      909.00,      2.0000,     0.50798,     0.55485,      4.5819,      4.6796,     0.70000,      2.1400,      4.7363,      2.0000,      7.9472,     -14.769,      5.9730,      9.3852,      7.2239,      10.102,      7.8059,      10.250,      7.8859,      9.8139,      7.5420,      9.2819,      2.1798,      3.8297,      3.9453
      5.0660,      905.00,      2.0000,     0.50611,     0.55319,      4.5786,      4.6755,     0.70000,      2.1400,      4.7229,      2.0000,      8.1971,      1.0152,      6.2052,      9.7314,      7.4864,      10.585,      8.0779,      10.478,      8.1371,      10.148,      7.7790,      9.5451,      2.4937,      3.8297,      3.9453
      5.1000,      901.00,      2.0000,     0.50876,     0.55697,      4.5834,      4.6848,     0.70000,      2.1400,      4.8225,      2.0000,      7.9921,     -5.6976,      6.0511,      9.6039,      7.3230,      10.430,      7.9143,      10.642,      7.9448,      10.166,      7.5800,      9.6450,      2.9118,      3.8297,      3.9453
      5.1330,      912.00,      2.0000,     0.51561,     0.56284,      4.5958,      4.6993,     0.70000,      2.1400,      4.9214,      2.0000,      8.4035,      9.3199,      6.3294,      9.6039,      7.6622,      10.503,      8.2982,      10.778,      8.3480,      10.329,      7.9684,      9.6722,      3.1010,      3.8297,      3.9453
      5.1660,      906.00,      2.0000,     0.50776,     0.55437,      4.5816,      4.6784,     0.70000,      2.1400,      4.8954,      2.0000,      8.5338,      9.3977,      6.4927,      9.8590,      7.8504,      10.749,      8.4529,      10.851,      8.4707,      10.519,      8.0893,      9.8991,      2.7261,      3.8297,      3.9453
      5.2000,      911.00,      2.0000,     0.51101,     0.55972,      4.5874,      4.6916,     0.70000,      2.1400,      4.8670,      2.0000,      8.3590,      9.5568,      6.2601,      10.069,      7.5856,      11.040,      8.2186,      11.061,      8.2969,      10.700,      7.9306,      10.099,      2.7911,      3.8297,      3.9453
      5.2330,      910.00,      2.0000,     0.50686,     0.55372,      4.5846,      4.6819,     0.80000,      2.1400,      5.0014,      2.0000,      8.6154,     -15.517,      6.4112,      10.087,      7.8172,      11.122,      8.4972,      11.170,      8.5733,      10.817,      8.1950,      10.162,      3.1302,      3.8317,      3.9520
      5.2660,      909.00,      2.0000,     0.50286,     0.54996,      4.5776,      4.6728,     0.80000,      2.1400,      5.0033,      2.0000,      8.7124,     -15.589,      6.2421,      10.406,      7.7687,      11.304,      8.5513,      11.343,      8.6903,      11.025,      8.3166,      10.317,      3.2664,      3.8317,      3.9520
      5.3000,      912.00,      2.0000,     0.50564,     0.55182,      4.5778,      4.6721,     0.70000,      2.1400,      4.9439,      2.0000,      9.3291,     -13.043,      7.0212,      10.688,      8.5355,      11.541,      9.2108,      11.544,      9.2789,      11.242,      8.8642,      10.435,      2.1813,      3.8297,      3.9453
      5.3330,      911.00,      2.0000,     0.50598,     0.55306,      4.5784,      4.6752,     0.70000,      2.1400,      4.9793,      2.0000,      9.0555,     -12.043,      6.6679,      10.488,      8.1769,      11.459,      8.9069,      11.644,      9.0149,      11.324,      8.6154,      10.543,      2.6309,      3.8297,      3.9453
      5.3660,      908.00,      2.0000,     0.50493,     0.55174,      4.5812,      4.6771,     0.80000,      2.1400,      5.0719,      2.0000,      9.1374,     -12.320,      6.6793,      11.007,      8.2290,      11.824,      8.9652,      11.908,      9.0852,      11.504,      8.7079,      10.661,      1.8728,      3.8317,      3.9520
      5.4000,      906.00,      2.0000,     0.50686,     0.55421,      4.5846,      4.6831,     0.80000,      2.1400,      4.8911,      2.0000,      9.3791,     -13.995,      6.8570,      11.198,      8.4350,      11.997,      9.2125,      11.945,      9.3383,      11.730,      8.9321,      10.779,      2.8086,      3.8317,      3.9520
      5.4330,      915.00,      2.0000,     0.50468,     0.55186,      4.5808,      4.6774,     0.80000,      2.1400,      4.9285,      2.0000,      9.8277,     -13.588,      7.2526,      11.791,      8.8709,      12.498,      9.6253,      12.437,      9.7703,      12.101,      9.3596,      10.961,      2.6218,      3.8317,      3.9520
      5.4660,      915.00,      2.0000,     0.50548,     0.55278,      4.5822,      4.6796,     0.80000,      2.1400,      4.9017,      2.0000,      9.5894,      8.5067,      6.8890,      12.374,      8.5593,      12.990,      9.4028,      12.637,      9.5728,      12.282,      9.1541,      11.324,      2.2977,      3.8317,      3.9520
      5.5000,      909.00,      2.0000,     0.50745,     0.55544,      4.5857,      4.6862,     0.80000,      2.1400,      4.8052,      2.0000,      9.5786,      4.8032,      6.8387,      12.356,      8.5179,      12.781,      9.4029,      12.646,      9.5698,      12.327,      9.1414,      11.161,      2.0080,      3.8317,      3.9520
      5.5330,      912.00,      2.0000,     0.50250,     0.54946,      4.5770,      4.6715,     0.80000,      2.1400,      4.7871,      2.0000,      10.191,      2.7014,      7.3831,      12.848,      9.1839,      13.582,      10.059,      13.093,      10.172,      12.517,      9.7244,      11.406,      2.3943,      3.8317,      3.9520
      5.5660,      914.00,      2.0000,     0.50422,     0.55368,      4.5800,      4.6818,     0.80000,      2.1400,      4.7812,      2.0000,      10.348,     -5.9378,      7.4354,      12.957,      9.2806,      14.293,      10.221,      13.548,      10.344,      12.897,      9.8754,      11.732,      2.0513,      3.8317,      3.9520
      5.6000,      912.00,      2.0000,     0.51571,     0.56637,      4.6007,      4.7135,     0.80000,      2.1400,      4.6965,      2.0000,      10.675,      2.4513,      7.9637,      12.930,      9.6041,      14.147,      10.456,      13.858,      10.582,      13.348,      10.125,      12.259,      2.4935,      3.8317,      3.9520
      5.6330,      908.00,      2.0000,     0.50167,     0.54842,      4.5755,      4.6691,     0.80000,      2.1400,      4.5925,      2.0000,      10.175,     -4.5248,      7.3664,      12.793,      9.1386,      13.601,      9.9833,      13.348,      10.134,      12.915,      9.7123,      11.778,      2.8273,      3.8317,      3.9520
      5.6660,      907.00,      2.0000,     0.50523,     0.55308,      4.5810,      4.6795,     0.80000,      2.1400,      4.4192,      2.0000,      10.680,      7.2761,      7.8165,      12.602,      9.6059,      14.084,      10.480,      14.004,      10.629,      13.330,      10.178,      12.431,      2.1168,      3.8313,      3.9524
      5.7000,      905.00,      2.0000,     0.50021,     0.54761,      4.5724,      4.6664,     0.80000,      2.1400,      4.4621,      2.0000,      10.011,     -4.7867,      6.9552,      12.675,      8.8618,      13.592,      9.8597,      13.366,      10.033,      12.978,      9.5860,      11.941,      4.0804,      3.8313,      3.9524
      5.7330,      910.00,      2.0000,     0.50622,     0.55374,      4.5828,      4.6811,     0.80000,      2.1400,      4.3415,      2.0000,      11.185,     -13.992,      7.8191,      13.066,      9.8272,      14.065,      10.890,      13.785,      11.160,      13.204,      10.693,      12.150,      3.8084,      3.8313,      3.9524
      5.7660,      911.00,      2.0000,     0.50861,     0.55580,      4.5870,      4.6861,     0.80000,      2.1400,      4.3254,      2.0000,      11.061,      3.6903,      7.8451,      13.057,      9.7345,      16.097,      10.736,      13.867,      10.981,      13.620,      10.556,      12.259,      3.8183,      3.8313,      3.9524
      5.8000,      907.00,      2.0000,     0.50040,     0.54688,      4.5727,      4.6646,     0.80000,      2.1400,      4.2025,      2.0000,      11.122,     -5.2339,      7.7637,      12.902,      9.7681,      16.143,      10.824,      13.977,      11.098,      13.430,      10.645,      12.431,      3.9634,      3.8313,      3.9524
      5.8330,      907.00,      2.0000,     0.50239,     0.54953,      4.5761,      4.6708,     0.80000,      2.1400,      4.0752,      2.0000,      11.182,     -13.611,      7.8169,      13.157,      9.7893,    -0.99650,      10.883,      14.387,      11.155,      13.773,      10.695,      11.832,      4.3090,      3.8313,      3.9524
      5.8660,      906.00,      2.0000,     0.49983,     0.54696,      4.5717,      4.6648,     0.80000,      2.1400,      4.0351,      2.0000,      11.083,      5.4673,      7.7070,      13.859,      9.8293,     -1.1332,      10.965,      14.095,      11.121,      13.828,      10.609,      11.796,      3.3523,      3.8313,      3.9524
      5.9000,      907.00,      2.0000,     0.49799,     0.54518,      4.5686,      4.6607,     0.80000,      2.1400,      3.9539,      2.0000,      11.487,     -5.6562,      8.0135,      13.549,      10.139,     -1.3336,      11.243,      14.195,      11.464,      13.692,      11.002,      11.968,      4.3763,      3.8313,      3.9524
      5.9330,      908.00,      2.0000,     0.49953,     0.54640,      4.5758,      4.6684,     0.90000,      2.1400,      4.0583,      2.0000,      11.322,     -12.583,      8.1277,      13.558,      10.203,     -1.3519,      11.229,      14.031,      11.355,      13.746,      10.826,      11.760,      3.4657,      3.8333,      3.9591
      5.9660,      908.00,      2.0000,     0.50727,     0.55487,      4.5847,      4.6839,     0.80000,      2.1400,      4.0477,      2.0000,      11.410,      7.8906,      8.0723,      13.732,      10.115,    -0.40423,      11.210,      14.806,      11.411,      14.126,      10.901,      12.014,      3.0102,      3.8313,      3.9524
      6.0000,      906.00,      2.0000,     0.49903,     0.54594,      4.5703,      4.6625,     0.80000,      2.1400,      3.9254,      2.0000,      11.518,    -0.43892,      7.9216,      13.713,      10.112,    -0.83249,      11.319,      14.624,      11.576,      13.990,      11.046,      12.050,      3.9083,      3.8313,      3.9524
      6.0330,      910.00,      2.0000,     0.49890,     0.54586,      4.5748,      4.6672,     0.90000,      2.1400,      3.9146,      2.0000,      11.348,     -4.5862,      7.7756,      13.704,      9.9256,    -0.22200,      11.050,      14.988,      11.344,      14.216,      10.903,      12.077,      3.5212,      3.8333,      3.9591
      6.0660,      905.00,      2.0000,     0.50714,     0.55596,      4.5890,      4.6916,     0.90000,      2.1400,      3.8598,      2.0000,      11.528,     -10.019,      8.0253,      13.376,      10.114,     0.64363,      11.279,      15.744,      11.544,      15.147,      11.031,      13.248,      3.5028,      3.8333,      3.9591
      6.1000,      907.00,      2.0000,     0.50171,     0.54827,      4.5749,      4.6679,     0.80000,      2.1400,      3.8326,      2.0000,      11.450,     -14.269,      8.1604,      13.549,      10.230,     0.19715,      11.239,      14.706,      11.445,      14.117,      10.941,      12.159,      5.2443,      3.8313,      3.9524
      6.1330,      910.00,      2.0000,     0.50119,     0.54796,      4.5741,      4.6672,     0.80000,      2.1400,      3.7667,      2.0000,      11.448,      6.6004,      7.9783,      13.722,      10.169,     0.52517,      11.327,      14.943,      11.517,      14.361,      10.964,      12.095,      3.7592,      3.8313,      3.9524
      6.1660,      909.00,      2.0000,     0.50228,     0.54869,      4.5759,      4.6688,     0.80000,      2.1400,      3.5627,      2.0000,      11.948,     -3.4086,      8.4344,      13.850,      10.584,     0.32471,      11.702,      14.605,      11.939,      14.090,      11.425,      12.159,      3.9113,      3.8313,      3.9524
      6.2000,      911.00,      2.0000,     0.50787,     0.55553,      4.5857,      4.6855,     0.80000,      2.1400,      3.5354,      2.0000,      11.547,     -8.4222,      7.9329,      14.460,      10.084,     0.68007,      11.296,      14.751,      11.553,      14.225,      11.050,      12.168,      3.7315,      3.8313,      3.9524
      6.2330,      913.00,      2.0000,     0.50134,     0.54873,      4.5736,      4.6681,     0.80000,      2.1400,      3.3461,      2.0000,      11.709,     -12.937,      7.9805,      13.668,      10.252,     0.31560,      11.540,      14.842,      11.773,      14.216,      11.224,      12.304,      3.1930,      3.8308,      3.9527
      6.2660,      910.00,      2.0000,     0.50269,     0.55075,      4.5759,      4.6729,     0.80000,      2.1400,      3.2358,      2.0000,      11.377,     -15.566,      7.7309,      13.832,      9.8558,      1.5457,      11.055,      15.234,      11.364,      14.623,      10.897,      12.431,      3.2983,      3.8308,      3.9527
      6.3000,      907.00,      2.0000,     0.50971,     0.55789,      4.5928,      4.6955,     0.90000,      2.1400,      3.1313,      2.0000,      11.893,      6.0454,      8.2042,      14.114,      10.345,      1.0810,      11.559,      14.706,      11.876,      14.262,      11.384,      12.277,      2.9834,      3.8328,      3.9595
      6.3330,      910.00,      2.0000,     0.50178,     0.54888,      4.5790,      4.6735,     0.90000,      2.1400,      3.1252,      2.0000,      11.583,      2.5043,      7.9375,      13.577,      10.103,      20.671,      11.278,      14.687,      11.569,      14.153,      11.112,      12.132,      2.8695,      3.8328,      3.9595
      6.3660,      910.00,      2.0000,     0.50673,     0.55480,      4.5876,      4.6879,     0.90000,      2.1400,      2.9646,      2.0000,      11.579,     -2.3786,      8.1899,      13.558,      10.243,      20.599,      11.342,      14.779,      11.550,      14.072,      11.061,      12.195,      3.3550,      3.8328,      3.9595
      6.4000,      910.00,      2.0000,     0.50181,     0.55080,      4.5790,      4.6782,     0.90000,      2.1400,      3.0240,      2.0000,      10.620,     -3.3954,      6.9563,      13.495,      9.0220,      21.774,      10.243,      14.314,      10.646,      13.945,      10.225,      11.941,      4.3306,      3.8328,      3.9595
      6.4330,      915.00,      2.0000,     0.50680,     0.55423,      4.5877,      4.6865,     0.90000,      2.1400,      3.0875,      2.0000,      11.646,     -8.3080,      8.3183,      13.832,      10.354,      7.8420,      11.430,      14.460,      11.610,      14.162,      11.117,      12.186,      1.6033,      3.8328,      3.9595
      6.4660,      912.00,      2.0000,     0.49993,     0.54645,      4.5712,      4.6628,     0.80000,      2.1400,      2.9564,      2.0000,      11.573,     -4.8695,      8.1196,      13.194,      10.309,      15.387,      11.428,      14.605,      11.586,      14.054,      11.074,      12.123,      3.6965,      3.8308,      3.9527
      6.5000,      915.00,      2.0000,     0.50332,     0.55070,      4.5817,      4.6779,     0.90000,      2.1400,      2.9833,      2.0000,      11.584,     -13.913,      7.9964,      14.652,      10.184,    -0.85983,      11.345,      14.897,      11.595,      14.307,      11.105,      12.032,      2.4814,      3.8328,      3.9595
      6.5330,      910.00,      2.0000,     0.50493,     0.55202,      4.5845,      4.6811,     0.90000,      2.1400,      3.0477,      2.0000,      11.582,      7.6885,      7.9549,      13.595,      9.9967,      17.072,      11.149,      14.332,      11.522,      13.846,      11.104,      11.878,      3.1709,      3.8328,      3.9595
      6.5660,      911.00,      2.0000,     0.50404,     0.55142,      4.5783,      4.6745,     0.80000,      2.1400,      3.1143,      2.0000,      11.432,     0.25176,      7.9451,      13.850,      10.082,     0.68919,      11.199,      14.332,      11.440,      13.936,      10.936,      11.968,      3.7844,      3.8308,      3.9527
      6.6000,      917.00,      2.0000,     0.50691,     0.55469,      4.5833,      4.6825,     0.80000,      2.1400,      3.1341,      2.0000,      11.376,    -0.53001,      7.8167,      13.267,      9.9173,      20.015,      11.123,      14.296,      11.378,      13.963,      10.888,      12.095,      3.0395,      3.8308,      3.9527
      6.6330,      916.00,      2.0000,     0.49993,     0.54697,      4.5712,      4.6640,     0.80000,      2.1400,      3.2196,      2.0000,      11.032,     -4.2815,      7.5081,      13.221,      9.6517,      23.241,      10.820,      14.159,      11.058,      13.728,      10.573,      11.841,      2.1425,      3.8308,      3.9527
      6.6660,      914.00,      2.0000,     0.50231,     0.54866,      4.5753,      4.6679,     0.80000,      2.1400,      3.2849,      2.0000,      11.448,     -11.332,      8.0089,      13.358,      10.040,      12.963,      11.144,      14.341,      11.419,      13.737,      10.950,      11.814,      2.9635,      3.8308,      3.9527
      6.7000,      912.00,      2.0000,     0.50303,     0.55040,      4.5812,      4.6772,     0.90000,      2.1400,      3.2175,      2.0000,      11.320,      5.9543,      7.9122,      13.349,      9.9361,      3.3225,      11.016,      14.031,      11.301,      13.629,      10.843,      11.778,      4.4450,      3.8328,      3.9595
      6.7330,      917.00,      2.0000,     0.50557,     0.55230,      4.5809,      4.6766,     0.80000,      2.1400,      3.2451,      2.0000,      11.145,     -3.7513,      7.6874,      13.139,      9.7114,      3.4501,      10.816,      14.359,      11.117,      13.728,      10.672,      11.714,      2.6045,      3.8308,      3.9527
      6.7660,      919.00,      2.0000,     0.51214,     0.55947,      4.5926,      4.6942,     0.80000,      2.1400,      3.1784,      2.0000,      11.155,     -10.965,      7.9159,      13.440,      9.7692,      3.4956,      10.810,      14.195,      11.080,      13.810,      10.632,      11.832,      2.9500,      3.8308,      3.9527
      6.8000,      913.00,      2.0000,     0.49959,     0.54584,      4.5706,      4.6614,     0.80000,      2.1400,      3.1721,      2.0000,      11.324,     -16.298,      7.6861,      13.094,      9.8381,      3.1038,      11.035,      14.287,      11.314,      13.764,      10.862,      11.878,      4.7983,      3.8308,      3.9527
      6.8330,      916.00,      2.0000,     0.50422,     0.55100,      4.5786,      4.6735,     0.80000,      2.1400,      3.1341,      2.0000,      11.445,      5.0963,      7.9920,      12.893,      10.061,      3.5594,      11.165,      14.651,      11.402,      14.117,      10.939,      12.295,      3.1066,      3.8308,      3.9527
      6.8660,      913.00,      2.0000,     0.50784,     0.55671,      4.5895,      4.6926,     0.90000,      2.1400,      3.2303,      2.0000,      11.291,    0.057844,      7.8736,      14.005,      9.8356,      9.2179,      10.936,      14.851,      11.242,      14.433,      10.801,      11.986,      3.8067,      3.8328,      3.9595
      6.9000,      909.00,      2.0000,     0.50365,     0.54990,      4.5776,      4.6708,     0.80000,      2.1400,      3.1173,      2.0000,      11.463,     -6.3684,      8.2339,      13.513,      10.338,      16.462,      11.368,      14.250,      11.458,      13.728,      10.936,      11.651,      3.0698,      3.8308,      3.9527
      6.9330,      918.00,      2.0000,     0.51061,     0.55867,      4.5945,      4.6974,     0.90000,      2.1400,      3.1624,      2.0000,      11.695,     -13.586,      8.3173,      14.442,      10.253,      17.765,      11.321,      15.161,      11.606,      14.858,      11.159,      12.749,      2.9021,      3.8328,      3.9595
      6.9660,      917.00,      2.0000,     0.49956,     0.54593,      4.5706,      4.6616,     0.80000,      2.1400,      2.9664,      2.0000,      11.135,      7.9998,      7.7597,      13.331,      9.7583,      19.359,      10.797,      14.268,      11.095,      13.674,      10.662,      11.732,      2.8030,      3.8308,      3.9527
      7.0000,      917.00,      2.0000,     0.50343,     0.54960,      4.5772,      4.6701,     0.80000,      2.1400,      2.9225,      2.0000,      11.545,      2.1946,      8.1781,      13.167,      10.334,      19.296,      11.405,      14.341,      11.534,      13.963,      11.032,      12.023,      2.3429,      3.8308,      3.9527
      7.0330,      914.00,      2.0000,     0.50148,     0.55019,      4.5785,      4.6767,     0.90000,      2.1400,      2.9156,      2.0000,      11.033,     -6.6566,      7.5849,      13.476,      9.6162,      18.995,      10.785,      13.922,      11.038,      13.746,      10.580,      11.596,      3.3718,      3.8328,      3.9595
      7.0660,      917.00,      2.0000,     0.50435,     0.55285,      4.5835,      4.6831,     0.90000,      2.1400,      2.7982,      2.0000,      11.370,     -10.638,      7.7507,      13.139,      9.8881,      22.129,      11.089,      13.767,      11.398,      13.430,      10.909,      11.696,      3.5472,      3.8328,      3.9595
      7.1000,      911.00,      2.0000,     0.50929,     0.55761,      4.5921,      4.6948,     0.90000,      2.1400,      2.8457,      2.0000,      11.306,     -9.1013,      7.8017,      12.401,      9.8175,      21.209,      10.983,      13.466,      11.268,      13.168,      10.816,      11.333,      2.5477,      3.8328,      3.9595
      7.1330,      912.00,      2.0000,     0.50790,     0.55660,      4.5896,      4.6923,     0.90000,      2.1400,      2.6986,      2.0000,      11.132,     -8.1555,      7.5391,      11.927,      9.5391,      20.845,      10.761,      13.148,      11.125,      12.996,      10.666,      11.061,      2.3767,      3.8328,      3.9595
      7.1660,      916.00,      2.0000,     0.50504,     0.55283,      4.5847,      4.6831,     0.90000,      2.1400,      2.7726,      2.0000,      10.700,     -9.2619,      7.1508,      11.526,      9.0931,      20.179,      10.289,      12.719,      10.669,      12.589,      10.271,      10.816,      2.2422,      3.8328,      3.9595
      7.2000,      916.00,      2.0000,     0.51012,     0.55917,      4.5936,      4.6987,     0.90000,      2.1400,      2.8387,      2.0000,      10.424,     -6.3270,      6.8287,      11.071,      8.7749,      19.851,      10.016,      12.501,      10.423,      12.255,      10.012,      10.480,      3.0564,      3.8328,      3.9595
      7.2330,      914.00,      2.0000,     0.53946,     0.59421,      4.6565,      4.7944,      1.0000,      2.1400,      2.9996,      2.0000,      10.452,     -1.9346,      7.1106,      10.943,      8.7938,      20.252,      9.9539,      12.583,      10.393,      12.074,      10.022,      10.144,      2.5308,      3.8348,      3.9663
      7.2660,      909.00,      2.0000,     0.50820,     0.55908,      4.5902,      4.6985,     0.90000,      2.1400,      2.9898,      2.0000,      9.9235,     -5.9990,      6.6023,      10.360,      8.3885,      19.040,      9.5428,      11.726,      9.9106,      11.631,      9.5232,      10.062,      2.4309,      3.8328,      3.9595
      7.3000,      914.00,      2.0000,     0.50363,     0.55121,      4.5822,      4.6792,     0.90000,      2.1400,      2.8770,      2.0000,      9.5921,     -6.6831,      6.3780,      9.9683,      8.1902,      18.721,      9.2176,      11.790,      9.5639,      11.613,      9.2230,      9.9808,      2.9198,      3.8328,      3.9595
      7.3330,      907.00,      2.0000,     0.50452,     0.55315,      4.5791,      4.6787,     0.80000,      2.1400,      2.8946,      2.0000,      9.1621,     -8.0959,      6.2342,      9.9410,      7.8866,      18.448,      8.8381,      11.316,      9.1284,      11.107,      8.7725,      9.6087,      2.2355,      3.8308,      3.9527
      7.3660,      913.00,      2.0000,     0.50873,     0.55871,      4.5865,      4.6923,     0.80000,      2.1400,      2.8618,      2.0000,      9.0296,     -8.4802,      6.2232,      9.6221,      7.7769,      18.439,      8.6982,      11.052,      8.9864,      10.890,      8.6259,      9.3727,      2.9337,      3.8308,      3.9527
      7.4000,      914.00,      2.0000,     0.51078,     0.56137,      4.5902,      4.6989,     0.80000,      2.1400,      2.9768,      2.0000,      8.8195,     -5.8136,      6.0952,      9.6859,      7.6104,      18.348,      8.5059,      11.024,      8.7770,      10.691,      8.4213,      9.3092,      2.2058,      3.8308,      3.9527
      7.4330,      907.00,      2.0000,     0.52222,     0.57350,      4.6116,      4.7292,     0.80000,      2.1400,      2.9476,      2.0000,      9.1612,     -4.2334,      6.5905,      9.4672,      8.0065,      18.120,      8.8562,      11.143,      9.0769,      10.754,      8.7039,      9.3182,      2.2924,      3.8308,      3.9527
      7.4660,      910.00,      2.0000,     0.54350,     0.59693,      4.6560,      4.7900,     0.80000,      2.1400,      2.8258,      2.0000,      9.1917,     0.91593,      6.7136,      9.3214,      8.0591,      17.993,      8.8695,      11.006,      9.0904,      10.908,      8.7320,      9.5724,      1.7475,      3.8308,      3.9527
      7.5000,      919.00,      2.0000,     0.53644,     0.58864,      4.6406,      4.7678,     0.80000,      2.1400,      2.8533,      2.0000,      8.9713,      1.2919,      6.5296,      9.0936,      7.9016,      17.756,      8.6868,      10.806,      8.8877,      10.483,      8.5111,      9.1639,      2.1513,      3.8308,      3.9527
      7.5330,      917.00,      2.0000,     0.51429,     0.56431,      4.5966,      4.7064,     0.80000,      2.1400,      2.9889,      2.0000,      8.5948,      5.9295,      6.2730,      8.9205,      7.6308,      17.482,      8.3674,      10.542,      8.5270,      10.203,      8.1673,      8.9280,      2.5753,      3.8308,      3.9527
      7.5660,      916.00,      2.0000,     0.54746,     0.60219,      4.6651,      4.8041,     0.80000,      2.1400,      3.0731,      2.0000,      9.0165,     -14.921,      6.6238,      8.8749,      7.9744,      17.491,      8.7956,      10.350,      8.9519,      10.239,      8.5635,      9.0732,      2.8079,      3.8308,      3.9527
      7.6000,      921.00,      2.0000,     0.55332,     0.60520,      4.6791,      4.8120,     0.80000,      2.1400,      3.1074,      2.0000,      8.9835,     -10.443,      6.7331,      8.7291,      7.9506,      17.282,      8.6988,      10.359,      8.8618,      10.185,      8.4987,      8.7102,      1.9800,      3.8308,      3.9527
      7.6330,      917.00,      2.0000,     0.52370,     0.57389,      4.6145,      4.7302,     0.80000,      2.1400,      3.2330,      2.0000,      8.6611,     -9.3747,      6.5078,      8.7929,      7.7277,      17.336,      8.3980,      10.387,      8.5333,      10.185,      8.1875,      8.7102,      2.6011,      3.8308,      3.9527
      7.6660,      920.00,      2.0000,     0.52384,     0.57254,      4.6101,      4.7218,     0.70000,      2.1400,      3.4817,      2.0000,      8.7354,     -8.9141,      6.7350,      8.6836,      7.9183,      17.100,      8.5183,      10.077,      8.6039,      9.9405,      8.2351,      8.5377,      1.9783,      3.8288,      3.9459
      7.7000,      914.00,      2.0000,     0.54606,     0.59802,      4.6628,      4.7942,     0.80000,      2.1400,      3.6275,      2.0000,      8.7018,     -9.8798,      6.5520,      8.6016,      7.7282,      17.100,      8.4197,      10.159,      8.5785,      9.8501,      8.2310,      8.4651,      1.9266,      3.8313,      3.9524
      7.7330,      914.00,      2.0000,     0.54097,     0.59286,      4.6513,      4.7802,     0.80000,      2.1400,      3.6948,      2.0000,      8.4189,     -10.524,      6.3118,      8.4922,      7.5134,      16.854,      8.1797,      9.8946,      8.3144,      9.8862,      7.9684,      8.4107,      2.0722,      3.8313,      3.9524
      7.7660,      914.00,      2.0000,     0.55452,     0.60724,      4.6830,      4.8186,     0.80000,      2.1400,      3.6948,      2.0000,      8.9698,     -10.341,      6.9563,      8.4011,      8.0874,      16.872,      8.7503,      9.9128,      8.8577,      9.8411,      8.4832,      8.3381,      2.6450,      3.8313,      3.9524
      7.8000,      914.00,      2.0000,     0.54605,     0.59825,      4.6627,      4.7948,     0.80000,      2.1400,      3.6868,      2.0000,      8.6229,     -11.014,      6.6852,      8.2826,      7.8119,      16.644,      8.4253,      9.5484,      8.5106,      9.4704,      8.1547,      8.0295,      1.9436,      3.8313,      3.9524
      7.8330,      915.00,      2.0000,     0.55259,     0.60493,      4.6783,      4.8126,     0.80000,      2.1400,      3.9724,      2.0000,      8.4415,     -12.469,      6.4519,      8.1551,      7.5665,      16.544,      8.2267,      9.4026,      8.3344,      9.3348,      7.9792,      7.9660,      1.7381,      3.8313,      3.9524
      7.8660,      912.00,      2.0000,     0.55073,     0.60131,      4.6687,      4.7972,     0.70000,      2.1400,      4.1024,      2.0000,      8.2355,     -12.434,      6.3336,      8.0093,      7.4253,      16.316,      8.0431,      9.1748,      8.1270,      9.0817,      7.7733,      7.6937,      2.3755,      3.8292,      3.9456
      7.9000,      916.00,      2.0000,     0.55079,     0.60186,      4.6688,      4.7987,     0.70000,      2.1400,      4.1225,      2.0000,      8.0582,     -11.056,      6.1728,      7.9000,      7.2403,      16.152,      7.8564,      9.0017,      7.9480,      8.8919,      7.6021,      7.4850,      1.7176,      3.8292,      3.9456
      7.9330,      914.00,      2.0000,     0.55226,     0.60305,      4.6775,      4.8077,     0.80000,      2.1400,      4.4251,      2.0000,      7.9428,     -11.734,      6.1913,      7.6904,      7.1841,      15.979,      7.7625,      8.8103,      7.8356,      8.7382,      7.4952,      7.3851,      2.0148,      3.8313,      3.9524
      7.9660,      916.00,      2.0000,     0.55574,     0.60520,      4.6860,      4.8133,     0.80000,      2.1400,      4.4475,      2.0000,      7.9503,     -12.122,      6.1505,      7.6630,      7.1543,      15.869,      7.7341,      8.7192,      7.8264,      8.7020,      7.4980,      7.2853,      2.3156,      3.8313,      3.9524
      8.0000,      911.00,      2.0000,     0.55704,     0.60613,      4.6901,      4.8171,     0.80000,      2.1400,      4.6267,      2.0000,      7.7338,     -12.836,      6.0859,      7.4170,      7.0254,      15.651,      7.5537,      8.4549,      7.6083,      8.3495,      7.2847,      7.0039,      1.7938,      3.8317,      3.9520
      8.0330,      912.00,      2.0000,     0.55819,     0.60553,      4.6929,      4.8155,     0.80000,      2.1400,      4.8020,      2.0000,      7.5409,     -15.985,      5.9514,      7.3350,      6.8145,      15.505,      7.3004,      8.2727,      7.3817,      8.1416,      7.0866,      6.8315,      2.2340,      3.8317,      3.9520
      8.0660,      916.00,      2.0000,     0.55916,     0.60718,      4.6902,      4.8143,     0.70000,      2.1400,      4.8635,      2.0000,      7.6190,      4.0248,      6.0983,      7.2348,      6.9595,      15.359,      7.4284,      8.1269,      7.4706,      7.9969,      7.1543,      6.7044,      1.9017,      3.8297,      3.9453
      8.1000,      917.00,      2.0000,     0.56042,     0.60859,      4.6932,      4.8179,     0.70000,      2.1400,      5.0116,      2.0000,      7.3674,     -9.1758,      5.9123,      7.1346,      6.7398,      15.223,      7.1846,      7.9538,      7.2210,      7.8252,      6.9165,      6.5320,      2.1123,      3.8297,      3.9453
      8.1330,      914.00,      2.0000,     0.55880,     0.60706,      4.6893,      4.8140,     0.70000,      2.1400,      5.0148,      2.0000,      7.1527,   -0.033153,      5.8293,      7.0343,      6.6205,      15.113,      7.0060,      7.8171,      7.0118,      7.6986,      6.7160,      6.4140,      1.8045,      3.8297,      3.9453
      8.1660,      915.00,      2.0000,     0.55947,     0.60726,      4.6909,      4.8145,     0.70000,      2.1400,      5.1353,      2.0000,      7.1588,     -15.398,      5.8276,      6.9523,      6.5843,      15.004,      6.9710,      7.6804,      6.9971,      7.5630,      6.7068,      6.2779,      2.9761,      3.8297,      3.9453
      8.2000,      912.00,      2.0000,     0.55959,     0.60760,      4.6912,      4.8153,     0.70000,      2.1400,      5.1010,      2.0000,      7.1379,      7.1469,      5.8721,      6.8339,      6.6052,      14.895,      6.9694,      7.5347,      6.9797,      7.4455,      6.6887,      6.1508,      2.3214,      3.8297,      3.9453
      8.2330,      913.00,      2.0000,     0.56035,     0.60696,      4.6931,      4.8137,     0.70000,      2.1400,      5.1629,      2.0000,      6.9967,      6.9995,      5.7027,      6.7792,      6.4473,      14.794,      6.8169,      7.4435,      6.8314,      7.3461,      6.5478,      6.0782,      2.1075,      3.8297,      3.9453
      8.2660,      911.00,      2.0000,     0.55993,     0.60725,      4.6972,      4.8200,     0.80000,      2.1400,      5.1948,      2.0000,      6.7408,      6.9100,      5.4623,      6.7154,      6.1989,      14.685,      6.5804,      7.3433,      6.5956,      7.2557,      6.3193,      5.9693,      2.8436,      3.8317,      3.9520
      8.3000,      915.00,      2.0000,     0.55963,     0.60701,      4.6964,      4.8194,     0.80000,      2.1400,      5.3067,      2.0000,      6.7019,      6.7990,      5.4958,      6.6243,      6.2103,      14.603,      6.5542,      7.2522,      6.5532,      7.1291,      6.2763,      5.8513,      2.0198,      3.8317,      3.9520
      8.3330,      913.00,      2.0000,     0.54840,     0.59617,      4.6497,      4.7678,     0.40000,      2.1400,      5.0305,      2.0000,      6.7106,      6.7842,      5.6133,      6.8065,      6.2852,      14.794,      6.5915,      7.5893,      6.5643,      7.3822,      6.2690,      6.1054,      2.7402,      3.8237,      3.9253
      8.3660,      913.00,      2.0000,     0.50270,     0.54934,      4.5477,      4.6420,     0.20000,      2.1400,      4.7367,      2.0000,      5.5815,      8.9289,      4.4772,      7.7359,      5.2615,      15.432,      5.5528,      7.7351,      5.5417,      7.3551,      5.2723,      5.9784,      4.8018,      3.8197,      3.9120
      8.4000,      909.00,      2.0000,     0.48425,     0.53580,      4.5157,      4.6108,     0.20000,      2.1400,      4.3518,      2.0000,      5.4545,      8.6044,      3.7575,      8.7929,      4.9092,      16.489,      5.4602,      9.0472,      5.4816,      8.6207,      5.2029,      7.3307,      3.9939,      3.8192,      3.9120
      8.4330,      912.00,      2.0000,     0.43172,     0.49553,      4.4305,      4.5292,     0.10000,      2.1400,      3.5010,      2.0000,      3.6916,    -0.21924,      1.2533,      24.529,      2.2071,      19.423,      3.1621,      10.569,      3.7373,      9.4614,      3.4146,      7.8389,      885.92,      3.8172,      3.9053
      8.4660,      910.00,      2.0000,     0.77067,     0.77695,      5.2521,      5.2704,     0.30000,      2.1400,    -0.39876,      2.0000,   0.0064432,      9.3945,   0.0057642,      16.009,   0.0062425,      3.9148,   0.0063839,      9.5484,   0.0063939,     0.22271,   0.0061918,    -0.69223,      1528.3,      3.8194,      3.9190
      8.5000,      911.00,      2.0000,     0.77228,     0.77732,      5.3308,      5.3455,      1.5000,      2.1400,    -0.30628,      2.0000,   0.0050623,      9.1344,   0.0044368,      15.845,   0.0047638,      3.7143,   0.0049119,      9.3206,   0.0049634,  -0.0032872,   0.0049156,    -0.91912,      1309.6,      3.8439,      3.9940
      8.5330,      916.00,      2.0000,     0.77290,     0.77932,      5.2383,      5.2569,      0.0000,      2.1400,    -0.32711,      2.0000,   0.0065392,      9.1361,   0.0059062,      15.845,   0.0063692,      3.7052,   0.0065279,      9.3206,   0.0065058,   0.0057522,   0.0062839,    -0.91004,      1210.1,      3.8133,      3.8981
      8.5660,      912.00,      2.0000,     0.76943,     0.77541,      5.2606,      5.2780,     0.50000,      2.1400,    -0.28488,      2.0000,   0.0058211,      9.1079,   0.0054884,      15.836,   0.0058632,      3.7052,   0.0059182,      9.3115,   0.0057694,   0.0057522,   0.0055894,    -0.91004,      1633.6,      3.8234,      3.9329
      8.6000,      914.00,      2.0000,     0.75782,     0.77284,      5.2407,      5.2845,     0.70000,      2.1400,    -0.28469,      2.0000,    0.016079,      9.1427,    0.013719,      15.845,    0.015029,      3.7052,    0.015653,      9.3206,    0.015767,  -0.0032872,    0.015230,    -0.91004,      349.32,      3.8274,      3.9468
      8.6330,      910.00,      2.0000,     0.77250,     0.77928,      5.2371,      5.2568,      0.0000,      2.1400,    -0.17957,      2.0000,   0.0073314,      9.1195,   0.0062323,      15.836,   0.0069663,      3.7052,   0.0072889,      9.3206,   0.0073299,  -0.0032872,   0.0070417,    -0.92819,      1117.8,      3.8133,      3.8981
      8.6660,      912.00,      2.0000,     0.77008,     0.77761,      5.2430,      5.2649,     0.20000,      2.1400,    -0.14378,      2.0000,   0.0074295,      9.1328,   0.0068653,      15.845,   0.0072301,      3.7143,   0.0074185,      9.3206,   0.0073214,  -0.0032872,   0.0070804,    -0.91912,      1269.2,      3.8173,      3.9120
      8.7000,      910.00,      2.0000,     0.77279,     0.77931,      5.2379,      5.2569,      0.0000,      2.1400,   -0.062114,      2.0000,   0.0066056,      9.1344,   0.0059171,      15.836,   0.0064439,      3.7052,   0.0066431,      9.3206,   0.0065659,  -0.0032872,   0.0063546,    -0.94634,      1264.1,      3.8133,      3.8981
      8.7330,      910.00,      2.0000,     0.76407,     0.77559,      5.2386,      5.2720,     0.40000,      2.1400,   -0.069175,      2.0000,    0.012458,      9.1278,    0.010395,      15.836,    0.011606,      3.7143,    0.012241,      9.3206,    0.012283,   0.0057522,    0.011800,    -0.91912,      1038.4,      3.8214,      3.9259
      8.7660,      906.00,      2.0000,     0.76628,     0.77652,      5.2393,      5.2692,     0.30000,      2.1400,   -0.045202,      2.0000,    0.010835,      9.1311,   0.0093381,      15.836,    0.010433,      3.7052,    0.010752,      9.3206,    0.010697,   -0.012328,    0.010287,    -0.93727,      1120.8,      3.8194,      3.9190
      8.8000,      915.00,      2.0000,     0.77519,     0.77955,      5.2449,      5.2576,      0.0000,      2.1400,   -0.058381,      2.0000,   0.0040054,      9.1427,   0.0038196,      15.836,   0.0039645,      3.7052,   0.0040113,      9.3206,   0.0040035,  -0.0032872,   0.0039118,    -0.92819,      1201.2,      3.8133,      3.8981
      8.8330,      910.00,      2.0000,     0.77145,     0.77917,      5.2340,      5.2565,      0.0000,      2.1400,   -0.087737,      2.0000,   0.0080458,      9.1411,   0.0072872,      15.836,   0.0078966,      3.7052,   0.0080795,      9.3206,   0.0079881,  -0.0032872,   0.0077176,    -0.93727,      888.27,      3.8133,      3.8981
      8.8660,      912.00,      2.0000,     0.77358,     0.77939,      5.2402,      5.2571,      0.0000,      2.1400,   -0.049955,      2.0000,   0.0060125,      9.1543,   0.0051286,      15.836,   0.0056773,      3.7052,   0.0059721,      9.3206,   0.0060113,  -0.0032872,   0.0058089,    -0.91004,      1326.4,      3.8133,      3.8981
      8.9000,      916.00,      2.0000,     0.76998,     0.77903,      5.2298,      5.2561,      0.0000,      2.1400,  -0.0020282,      2.0000,   0.0099865,      9.1344,   0.0081574,      15.836,   0.0092635,      3.6961,   0.0098693,      9.3206,   0.0099374,  -0.0032872,   0.0095085,    -0.91004,      1733.5,      3.8133,      3.8981
      8.9330,      914.00,      2.0000,     0.77477,     0.77950,      5.2437,      5.2574,      0.0000,      2.1400,  -0.0081196,      2.0000,   0.0044800,      9.1476,   0.0042509,      15.836,   0.0044610,      3.7052,   0.0045180,      9.3206,   0.0044781,   0.0057522,   0.0043728,    -0.91004,      767.61,      3.8133,      3.8981
      8.9660,      916.00,      2.0000,     0.76700,     0.77874,      5.2211,      5.2552,      0.0000,      2.1400,    0.048388,      2.0000,    0.012879,      9.1377,    0.011250,      15.836,    0.012516,      3.7052,    0.012918,      9.3206,    0.012766,   0.0057522,    0.012251,    -0.91912,      1343.2,      3.8133,      3.8981
      9.0000,      919.00,      2.0000,     0.77322,     0.77935,      5.2392,      5.2570,      0.0000,      2.1400,     0.12625,      2.0000,   0.0059465,      9.1261,   0.0055565,      15.836,   0.0058592,      3.7052,   0.0059755,      9.3206,   0.0058948,  -0.0032872,   0.0057312,    -0.90097,      1279.5,      3.8133,      3.8981
      9.0330,      916.00,      2.0000,     0.77506,     0.77953,      5.2445,      5.2575,      0.0000,      2.1400,     0.17324,      2.0000,   0.0042418,      9.1560,   0.0039838,      15.836,   0.0042070,      3.7052,   0.0042740,      9.3115,   0.0042503,  -0.0032872,   0.0041514,    -0.92819,      1010.8,      3.8133,      3.8981
      9.0660,      909.00,      2.0000,     0.77185,     0.77921,      5.2352,      5.2566,      0.0000,      2.1400,     0.17341,      2.0000,   0.0075578,      9.1212,   0.0068785,      15.836,   0.0073969,      3.7052,   0.0075804,      9.3206,   0.0074981,   0.0057522,   0.0072467,    -0.92819,      1045.5,      3.8133,      3.8981
      9.1000,      908.00,      2.0000,     0.76312,     0.77836,      5.2098,      5.2541,      0.0000,      2.1400,     0.27014,      2.0000,    0.016435,      9.1592,    0.014098,      15.836,    0.015702,      3.7052,    0.016447,      9.3297,    0.016233,   0.0057522,    0.015571,    -0.91004,      1087.7,      3.8133,      3.8981
      9.1330,      908.00,      2.0000,     0.77260,     0.77929,      5.2374,      5.2568,      0.0000,      2.1400,     0.25094,      2.0000,   0.0070544,      9.1427,   0.0061248,      15.836,   0.0068661,      3.7052,   0.0071443,      9.3206,   0.0070475,  -0.0032872,   0.0068244,    -0.91912,      1247.1,      3.8133,      3.8981
      9.1660,      902.00,      2.0000,     0.76081,     0.77813,      5.2031,      5.2535,      0.0000,      2.1400,     0.21545,      2.0000,    0.020765,      9.1245,    0.015937,      15.836,    0.018733,      3.6961,    0.020371,      9.3206,    0.020657,   -0.012328,    0.019588,    -0.93727,      1180.7,      3.8133,      3.8981
