# [Parameters]
# Name = tsmap_nel
# ShotNo = 163402
# Date = '07/05/2021 10:45'
# 
# DimNo = 1
# DimName = 'Time'
# DimSize = 176
# DimUnit = 's'
# 
# ValNo = 25
# ValName = 'laser', 'laser number', 'a99', 'a999', 'R99', 'R999', 'p0', 'pf', 'ip', 'ipf', 'nl_thomson_mid', 'nl_mmw_mid', 'nl_thomson_3579', 'nl_fir_3579', 'nl_thomson_3669', 'nl_fir_3669', 'nl_thomson_3759', 'nl_fir_3759', 'nl_thomson_3849', 'nl_fir_3849', 'nl_thomson_3939', 'nl_fir_3939', 'chi', 'geom_center', 'Rax_vmec'
# ValUnit = 'arb', 'arb', 'm', 'm', 'm', 'm', '%', 'arb', 'kA/T', 'arb', 'arb', 'e19m-2', 'arb', 'e19m-2', 'arb', 'e19m-2', 'arb', 'e19m-2', 'arb', 'e19m-2', 'arb', 'e19m-2', 'arb', 'm', 'm'
# 
# [Comments]
# Bt = -2.53850
# Rax = 3.90000
# Bq = 100.000
# Gamma = 1.25380
# phiedge = -2.8685000
# avac = 0.55800000
# ExpDate = 2.02011e+07
# Cycle = 22.0000
# t1 = 3.16900
# t2 = 9.01000
# density (ne) is only for very rough information
# Do not use data for ne_bar < 5*1-^12cm-3
# High Voltage is set at 0.90 times
# Te limit = 22keV
# Laser#1, #3, #5, 
# 
# [data]
    0.016944,     -405.00,      10.000,     0.77253,     0.78547,      5.2143,      5.2495,      0.0000,      2.1400,     -0.0000,      2.0000,    0.013343,   -0.018118,    0.011754,  -0.0090395,    0.012708,  0.00082463,    0.013208,  -0.0082827,    0.013182,  -0.0041095,    0.012612,    0.010682,      9999.0,      3.8133,      3.8981
      3.1836,     -401.00,      10.000,     0.77385,     0.78413,      5.2300,      5.2580,     0.20000,      2.1400,   0.0024759,      2.0000,    0.011261,  -0.0098389,   0.0097061,  -0.0090395,    0.010703,  -0.0082516,    0.011201,  -0.0082827,    0.011119,  -0.0041095,    0.010685,   0.0016427,      1219.9,      3.8173,      3.9120
      3.2169,     -399.00,      10.000,     0.75810,     0.77625,      5.2419,      5.2914,      1.1000,      2.1400,   0.0042949,      2.0000,    0.015739,    0.023279,    0.014692,      0.0000,    0.015504,  0.00082463,    0.015668,   0.0099412,    0.015397,   0.0049300,    0.014837,   0.0016427,      500.82,      3.8356,      3.9730
      3.2503,     -413.00,      10.000,     0.77413,     0.78696,      5.2843,      5.3107,      3.4000,      1.4100,   0.0054638,      2.0000,    0.012898,   0.0065273,    0.010524,  -0.0090395,    0.011478,  0.00082463,    0.012221,  -0.0082827,    0.013162,   0.0049300,    0.013721,    0.010682,      2078.8,      3.9071,      4.0604
      3.2836,     -408.00,      10.000,     0.76061,     0.77598,      5.2541,      5.2960,      1.2000,      2.1400,   0.0055143,      2.0000,    0.014073,  -0.0098389,    0.012528,  -0.0090395,    0.013598,  0.00082463,    0.013908,  -0.0082827,    0.013696,  -0.0041095,    0.013262,   -0.016437,      865.92,      3.8377,      3.9782
      3.3169,     -412.00,      10.000,     0.58286,     0.65951,      4.7065,      4.9068,      0.0000,      2.1400,   0.0095262,      2.0000,    0.039117,     0.43725,    0.036105,     0.42487,    0.038455,     0.43646,    0.038903,     0.43820,    0.038318,     0.42076,    0.036628,     0.41747,      21.321,      3.8133,      3.8981
      3.3503,     -404.00,      10.000,     0.55009,     0.60028,      4.6490,      4.7719,     0.40000,      2.1400,    0.098320,      2.0000,    0.067513,     0.80155,    0.056247,     0.76838,    0.062227,     0.78133,    0.065351,     0.77533,    0.065957,     0.75523,    0.063002,     0.74291,      9.9803,      3.8214,      3.9259
      3.3836,     -394.00,      10.000,     0.56298,     0.60929,      4.6948,      4.8131,     0.70000,      2.1400,     0.24201,      2.0000,     0.10384,      1.0830,    0.093478,      1.0125,    0.099258,      1.0445,     0.10120,      1.0487,     0.10027,      1.0174,    0.096077,     0.97794,      10.986,      3.8274,      3.9468
      3.4169,     -411.00,      10.000,     0.57252,     0.61522,      4.7186,      4.8290,     0.70000,      2.1400,     0.42259,      2.0000,     0.14188,      1.3811,     0.13381,      1.2927,     0.13919,      1.3168,     0.13966,      1.3312,     0.13643,      1.2795,     0.13073,      1.2491,      18.820,      3.8274,      3.9468
      3.4503,     -409.00,      10.000,     0.57111,     0.61456,      4.7161,      4.8287,     0.70000,      2.1400,     0.60807,      2.0000,     0.16619,      1.6543,     0.15815,      1.5368,     0.16372,      1.5891,     0.16404,      1.5772,     0.16029,      1.5327,     0.15337,      1.5022,      8.1098,      3.8279,      3.9465
      3.4836,     -408.00,      10.000,     0.57625,     0.61683,      4.7287,      4.8347,     0.70000,      2.1400,     0.78065,      2.0000,     0.18557,      1.8944,     0.17578,      1.7537,     0.18179,      1.8069,     0.18180,      1.7959,     0.17786,      1.7587,     0.17041,      1.7011,      14.086,      3.8279,      3.9465
      3.5169,     -413.00,      10.000,     0.57489,     0.61508,      4.7358,      4.8417,     0.90000,      2.1400,     0.95809,      2.0000,     0.20434,      2.1262,     0.19842,      2.0340,     0.20358,      2.0701,     0.20145,      2.0510,     0.19521,      2.0118,     0.18663,      1.9452,      6.8866,      3.8319,      3.9603
      3.5503,     -413.00,      10.000,     0.56753,     0.60839,      4.7230,      4.8298,      1.0000,      2.1400,      1.1255,      2.0000,     0.22829,      2.4576,     0.22021,      2.4769,     0.22688,      2.4694,     0.22503,      2.5521,     0.21792,      2.5180,     0.20829,      2.4424,      8.4028,      3.8339,      3.9672
      3.5836,     -413.00,      10.000,     0.57166,     0.61310,      4.7227,      4.8306,     0.80000,      2.1400,      1.2985,      2.0000,     0.26780,      2.7803,     0.25580,      2.7843,     0.26408,      2.8143,     0.26322,      2.9166,     0.25661,      2.8525,     0.24551,      2.7226,      3.1671,      3.8299,      3.9534
      3.6169,     -401.00,      10.000,     0.57025,     0.61158,      4.7193,      4.8266,     0.80000,      2.1400,      1.4725,      2.0000,     0.29042,      3.0533,     0.27494,      3.0193,     0.28559,      3.0775,     0.28586,      3.1991,     0.27840,      3.1237,     0.26634,      2.9757,      7.2233,      3.8299,      3.9534
      3.6503,     -405.00,      10.000,     0.56702,     0.60999,      4.7227,      4.8354,      1.0000,      2.1400,      1.6360,      2.0000,     0.31532,      3.3512,     0.29936,      3.2543,     0.31148,      3.3044,     0.31113,      3.4087,     0.30305,      3.3406,     0.29050,      3.2017,      6.9622,      3.8344,      3.9668
      3.6836,     -401.00,      10.000,     0.57326,     0.61609,      4.7328,      4.8458,     0.90000,      2.1400,      1.7925,      2.0000,     0.35517,      3.5586,     0.33103,      3.4351,     0.34542,      3.5222,     0.34727,      3.6091,     0.34038,      3.5395,     0.32723,      3.4006,      7.6950,      3.8324,      3.9599
      3.7169,     -416.00,      10.000,     0.56730,     0.61050,      4.7279,      4.8419,      1.1000,      2.1400,      1.9489,      2.0000,     0.35546,      3.7328,     0.32854,      3.4984,     0.34493,      3.5948,     0.34700,      3.6638,     0.34032,      3.5666,     0.32810,      3.4458,      5.6688,      3.8365,      3.9720
      3.7503,     -393.00,      10.000,     0.57095,     0.61444,      4.7271,      4.8414,     0.90000,      2.1400,      2.1131,      2.0000,     0.36142,      3.7987,     0.32634,      3.5346,     0.34706,      3.6402,     0.35342,      3.7093,     0.34874,      3.6208,     0.33462,      3.5000,      3.0158,      3.8324,      3.9599
      3.7836,     -404.00,      10.000,     0.56867,     0.61194,      4.7314,      4.8457,      1.1000,      2.1400,      2.2784,      2.0000,     0.37557,      3.8566,     0.34612,      3.5707,     0.36441,      3.6946,     0.36695,      3.7458,     0.36094,      3.6570,     0.34853,      3.5362,      6.2752,      3.8365,      3.9720
      3.8169,     -407.00,      10.000,     0.57425,     0.61841,      4.7300,      4.8461,     0.80000,      2.1400,      2.4334,      2.0000,     0.37734,      3.8980,     0.34306,      3.5978,     0.36352,      3.7128,     0.36938,      3.7913,     0.36489,      3.6932,     0.35046,      3.5724,      5.2340,      3.8304,      3.9531
      3.8503,     -401.00,      10.000,     0.56858,     0.61190,      4.7321,      4.8469,      1.1000,      2.1400,      2.5800,      2.0000,     0.36278,      3.8898,     0.32664,      3.6069,     0.34762,      3.7309,     0.35248,      3.8005,     0.34816,      3.7022,     0.33602,      3.5904,      5.4022,      3.8369,      3.9715
      3.8836,     -415.00,      10.000,     0.57065,     0.61359,      4.7326,      4.8463,      1.0000,      2.1400,      2.7251,      2.0000,     0.37392,      3.9312,     0.34208,      3.6430,     0.35993,      3.7854,     0.36380,      3.8460,     0.35910,      3.7474,     0.34639,      3.6447,      7.3578,      3.8348,      3.9663
      3.9169,     -406.00,      10.000,     0.57375,     0.61668,      4.7298,      4.8429,     0.80000,      2.1400,      2.8626,      2.0000,     0.37640,      3.9725,     0.33770,      3.6702,     0.35981,      3.7945,     0.36709,      3.8642,     0.36333,      3.7745,     0.34913,      3.6447,      5.4370,      3.8308,      3.9527
      3.9503,     -411.00,      10.000,     0.56987,     0.61276,      4.7306,      4.8441,      1.0000,      2.1400,      2.9914,      2.0000,     0.36831,      4.0059,     0.33224,      3.7063,     0.35313,      3.8398,     0.35891,      3.9007,     0.35458,      3.8016,     0.34120,      3.6628,      5.2266,      3.8348,      3.9663
      3.9836,     -416.00,      10.000,     0.57060,     0.61460,      4.7324,      4.8489,      1.0000,      2.1400,      3.1261,      2.0000,     0.38776,      4.0553,     0.35198,      3.7515,     0.37379,      3.8852,     0.37953,      3.9554,     0.37399,      3.8559,     0.36057,      3.7351,      2.1782,      3.8348,      3.9663
      4.0169,     -403.00,      10.000,     0.56881,     0.61247,      4.7279,      4.8433,      1.0000,      2.1400,      3.2548,      2.0000,     0.38513,      4.1381,     0.35129,      3.8238,     0.37387,      3.9487,     0.37931,      4.0283,     0.37244,      3.9282,     0.35712,      3.8074,      4.5004,      3.8348,      3.9663
      4.0503,     -399.00,      10.000,     0.56798,     0.61079,      4.7259,      4.8389,      1.0000,      2.1400,      3.3840,      2.0000,     0.38883,      4.2209,     0.35046,      3.9233,     0.37191,      4.0486,     0.37802,      4.1467,     0.37285,      4.0548,     0.35902,      3.9159,      4.7453,      3.8348,      3.9663
      4.0836,     -392.00,      10.000,     0.57082,     0.61351,      4.7277,      4.8403,     0.90000,      2.1400,      3.4881,      2.0000,     0.39960,      4.2458,     0.36267,      3.9504,     0.38389,      4.0849,     0.38834,      4.1832,     0.38344,      4.0728,     0.36919,      3.9340,      3.7999,      3.8328,      3.9595
      4.1169,     -413.00,      10.000,     0.56810,     0.61153,      4.7271,      4.8421,      1.0000,      2.1400,      3.6001,      2.0000,     0.40234,      4.3451,     0.36324,      4.0317,     0.38588,      4.1938,     0.39118,      4.2834,     0.38648,      4.1813,     0.37319,      4.0605,      3.8022,      3.8353,      3.9658
      4.1503,     -399.00,      10.000,     0.56894,     0.61286,      4.7292,      4.8457,      1.0000,      2.1400,      3.7053,      2.0000,     0.41770,      4.4362,     0.37739,      4.1402,     0.40171,      4.2845,     0.40835,      4.3927,     0.40281,      4.3079,     0.38833,      4.1509,      4.3412,      3.8353,      3.9658
      4.1836,     -404.00,      10.000,     0.56894,     0.61175,      4.7241,      4.8369,     0.90000,      2.1400,      3.8010,      2.0000,     0.41400,      4.5273,     0.36883,      4.2487,     0.39306,      4.4025,     0.40065,      4.5203,     0.39678,      4.4435,     0.38300,      4.2955,      4.3743,      3.8333,      3.9591
      4.2169,     -401.00,      10.000,     0.56763,     0.61179,      4.7259,      4.8428,      1.0000,      2.1400,      3.8862,      2.0000,     0.44066,      4.6515,     0.39766,      4.3753,     0.42149,      4.5568,     0.42824,      4.7025,     0.42360,      4.6333,     0.40896,      4.4131,      5.4696,      3.8353,      3.9658
      4.2503,     -394.00,      10.000,     0.56382,     0.60830,      4.7167,      4.8335,      1.0000,      2.1400,      3.9629,      2.0000,     0.43361,      4.8170,     0.38912,      4.5380,     0.41462,      4.7383,     0.42197,      5.0123,     0.41813,      4.8683,     0.40347,      4.6662,      3.7291,      3.8353,      3.9658
      4.2836,     -396.00,      10.000,     0.56804,     0.61195,      4.7168,      4.8316,     0.80000,      2.1400,      4.0153,      2.0000,     0.46597,      4.9661,     0.41748,      4.7188,     0.44430,      4.9561,     0.45297,      5.2401,     0.44886,      5.0763,     0.43185,      4.9826,      4.6449,      3.8313,      3.9524
      4.3169,     -392.00,      10.000,     0.55973,     0.60502,      4.7010,      4.8186,     0.90000,      2.1400,      4.0459,      2.0000,     0.45461,      5.0985,     0.40237,      4.9448,     0.43321,      5.1921,     0.44323,      5.4224,     0.43948,      5.2751,     0.42284,      5.2086,      5.7806,      3.8333,      3.9591
      4.3503,     -406.00,      10.000,     0.55686,     0.60143,      4.6939,      4.8089,     0.90000,      2.1400,      4.0572,      2.0000,     0.47119,      5.3635,     0.40683,      5.1527,     0.44291,      5.3736,     0.45586,      5.7413,     0.45369,      5.5192,     0.43835,      5.4165,      4.1719,      3.8333,      3.9591
      4.3836,     -404.00,      10.000,     0.55757,     0.60209,      4.7009,      4.8164,      1.0000,      2.1400,      4.0882,      2.0000,     0.50835,      5.6202,     0.43540,      5.3696,     0.47294,      5.6640,     0.48833,      5.9782,     0.48870,      5.7994,     0.47302,      5.7328,      4.9118,      3.8353,      3.9658
      4.4169,     -399.00,      10.000,     0.56466,     0.60927,      4.7188,      4.8361,      1.0000,      2.1400,      4.2581,      2.0000,     0.53120,      5.7692,     0.45189,      5.3968,     0.49145,      5.6822,     0.50943,      5.9509,     0.51118,      5.9350,     0.49513,      5.6334,      2.5313,      3.8353,      3.9658
      4.4503,     -407.00,      10.000,     0.56513,     0.61117,      4.7199,      4.8412,      1.0000,      2.1400,      4.4249,      2.0000,     0.52655,      5.8437,     0.45260,      5.4058,     0.49122,      5.6640,     0.50753,      5.9873,     0.50790,      5.8808,     0.49089,      5.6425,      7.0627,      3.8353,      3.9658
      4.4836,     -414.00,      10.000,     0.56175,     0.60626,      4.7062,      4.8220,     0.90000,      2.1400,      4.4840,      2.0000,     0.51727,      5.6363,     0.44503,      5.4872,     0.48271,      5.7820,     0.49935,      6.2242,     0.49862,      5.9712,     0.48100,      5.9950,      4.6530,      3.8333,      3.9591
      4.5169,     -423.00,      10.000,     0.55437,     0.59981,      4.6877,      4.8047,     0.90000,      2.1400,      4.3581,      2.0000,     0.53727,      6.1169,     0.47137,      5.8487,     0.51128,      6.2449,     0.52457,      6.4793,     0.51942,      6.1339,     0.49938,      6.1035,      2.6266,      3.8333,      3.9591
      4.5503,     -406.00,      10.000,     0.52127,     0.56534,      4.6151,      4.7153,     0.90000,      2.1400,      4.2850,      2.0000,     0.51568,      17.080,     0.42512,      6.3188,     0.48532,      6.6351,     0.50546,      6.7891,     0.50447,      6.4955,     0.48400,      6.3295,      5.9166,      3.8333,      3.9591
      4.5836,     -407.00,      10.000,     0.51700,     0.56359,      4.6069,      4.7109,     0.90000,      2.1400,      4.0189,      2.0000,     0.62776,    -0.64735,     0.49568,      7.2770,     0.58450,      7.7151,     0.62149,      7.9372,     0.61930,      7.6707,     0.59238,      7.5770,      3.6510,      3.8333,      3.9591
      4.6169,     -399.00,      10.000,     0.53445,     0.58093,      4.6418,      4.7545,     0.90000,      2.1400,      3.9385,      2.0000,     0.75065,      2.5071,     0.58699,      7.5663,     0.68065,      9.0402,     0.72717,      9.3496,     0.73512,      8.6199,     0.70730,      8.3906,      4.8433,      3.8333,      3.9591
      4.6503,     -393.00,      10.000,     0.53785,     0.58595,      4.6588,      4.7781,      1.1000,      2.1400,      3.9244,      2.0000,     0.73524,      3.9891,     0.53801,      7.2318,     0.63423,      8.2234,     0.69151,      8.7482,     0.71637,      8.4752,     0.70025,      8.2821,      2.2721,      3.8373,      3.9710
      4.6836,     -397.00,      10.000,     0.54894,     0.59669,      4.6846,      4.8071,      1.1000,      2.1400,      4.0074,      2.0000,     0.76252,      3.5751,     0.57233,      7.1686,     0.65960,      8.0509,     0.71488,      8.5113,     0.73969,      8.3939,     0.72515,      8.1555,      3.6224,      3.8373,      3.9710
      4.7169,     -395.00,      10.000,     0.55127,     0.59997,      4.6949,      4.8211,      1.2000,      2.1400,      4.1861,      2.0000,     0.72305,      3.3599,     0.54401,      6.8160,     0.62441,      7.5699,     0.67479,      7.9919,     0.70004,      8.0684,     0.68931,      7.8211,      3.7516,      3.8394,      3.9761
      4.7503,     -413.00,      10.000,     0.56254,     0.61153,      4.7182,      4.8473,      1.1000,      2.1400,      4.3640,      2.0000,     0.71754,      3.0287,     0.55192,      6.5810,     0.62433,      7.3158,     0.66858,      7.8006,     0.69148,      7.9961,     0.68070,      7.5860,      1.8819,      3.8373,      3.9710
      4.7836,     -406.00,      10.000,     0.54620,     0.59462,      4.6780,      4.8017,      1.1000,      2.1400,      4.4407,      2.0000,     0.67109,      2.8217,     0.51753,      6.6804,     0.58668,      7.3975,     0.62566,      7.8643,     0.64553,      7.7972,     0.63575,      7.7307,      2.3518,      3.8373,      3.9710
      4.8169,     -394.00,      10.000,     0.51849,     0.56538,      4.6143,      4.7205,      1.0000,      2.1400,      4.4204,      2.0000,     0.60594,      4.6171,     0.46074,      6.8431,     0.53825,      7.3521,     0.57590,      7.3996,     0.58958,      7.3091,     0.57434,      7.2606,      3.5226,      3.8353,      3.9658
      4.8503,     -411.00,      10.000,     0.51592,     0.56310,      4.6049,      4.7096,     0.90000,      2.1400,      4.4476,      2.0000,     0.70863,      12.252,     0.57133,      8.2533,     0.66073,      8.6227,     0.69579,      8.7117,     0.69521,      8.4391,     0.66691,      8.1555,      4.9210,      3.8333,      3.9591
      4.8836,     -399.00,      10.000,     0.50518,     0.55487,      4.5856,      4.6890,     0.90000,      2.1400,      4.1120,      2.0000,     0.74243,      12.740,     0.54429,      9.1485,     0.66622,      9.9296,     0.72386,      9.9693,     0.73508,      9.7679,     0.70708,      9.4301,      2.6338,      3.8333,      3.9591
      4.9169,     -400.00,      10.000,     0.51368,     0.56108,      4.6053,      4.7098,      1.0000,      2.1400,      3.9467,      2.0000,     0.90102,      10.590,     0.69491,      9.5008,     0.82483,      10.456,     0.88111,      10.634,     0.88815,      10.464,     0.85314,      10.153,      1.8131,      3.8353,      3.9658
      4.9503,     -407.00,      10.000,     0.53890,     0.58823,      4.6612,      4.7845,      1.1000,      2.1400,      3.9713,      2.0000,      1.0212,      8.9899,     0.75097,      9.6364,     0.88086,      10.683,     0.96025,      11.299,     0.99590,      11.151,     0.97104,      10.732,      2.4368,      3.8373,      3.9710
      4.9836,     -407.00,      10.000,     0.55015,     0.60110,      4.6922,      4.8242,      1.2000,      2.1400,      3.7121,      2.0000,      1.0423,      13.096,     0.77515,      9.3200,     0.90608,      10.574,     0.98677,      11.263,      1.0200,      11.287,     0.99357,      10.840,      2.2496,      3.8394,      3.9761
      5.0169,     -404.00,      10.000,     0.51913,     0.56597,      4.6257,      4.7312,      1.2000,      2.1400,      3.7639,      2.0000,     0.92040,      16.143,     0.64712,      8.2443,     0.79004,      9.6936,     0.87066,      10.179,     0.90393,      10.220,     0.88334,      9.9725,      2.7569,      3.8394,      3.9761
      5.0503,     -414.00,      10.000,     0.53997,     0.59011,      4.6734,      4.7997,      1.3000,      2.1400,      3.8131,      2.0000,     0.94254,      18.138,     0.65385,      8.1991,     0.78426,      9.5303,     0.87281,      10.416,     0.91686,      10.446,     0.90762,      10.072,      2.7442,      3.8415,      3.9812
      5.0836,     -414.00,      10.000,     0.53760,     0.58621,      4.6632,      4.7842,      1.2000,      2.1400,      3.9161,      2.0000,     0.89140,      17.724,     0.60255,      7.6657,     0.73132,      9.0311,     0.82192,      10.051,     0.86939,      9.9306,     0.85925,      9.6923,      3.3070,      3.8394,      3.9761
      5.1169,     -410.00,      10.000,     0.55182,     0.60150,      4.6963,      4.8253,      1.2000,      2.1400,      4.0774,      2.0000,     0.90526,      16.598,     0.62843,      7.3674,     0.73606,      8.5410,     0.81537,      9.3405,     0.87130,      9.5419,     0.87213,      9.2132,      2.2155,      3.8394,      3.9761
      5.1503,     -421.00,      10.000,     0.54692,     0.59848,      4.6893,      4.8222,      1.3000,      2.1400,      4.2896,      2.0000,     0.84300,      16.292,     0.55962,      7.1053,     0.67557,      8.1417,     0.76077,      8.9304,     0.81678,      9.2436,     0.81667,      8.9510,      4.9036,      3.8415,      3.9812
      5.1836,     -420.00,      10.000,     0.55722,     0.60854,      4.7143,      4.8496,      1.3000,      2.1400,      4.4100,      2.0000,     0.86817,      15.977,     0.60605,      6.9787,     0.70102,      7.9148,     0.77452,      8.8302,     0.83099,      9.2707,     0.84073,      8.8335,      1.7547,      3.8415,      3.9812
      5.2169,     -409.00,      10.000,     0.55805,     0.60792,      4.7171,      4.8493,      1.3000,      2.1400,      4.5713,      2.0000,     0.81788,      15.803,     0.57185,      7.1414,     0.65958,      8.0056,     0.72444,      8.9122,     0.77835,      8.9814,     0.78921,      8.7250,      1.7820,      3.8419,      3.9807
      5.2503,     -410.00,      10.000,     0.54849,     0.59761,      4.6843,      4.8107,      1.1000,      2.1400,      4.6580,      2.0000,     0.76789,      15.654,     0.55545,      7.0691,     0.63621,      7.8513,     0.69464,      8.5751,     0.73554,      8.7826,     0.73470,      8.7250,      2.3057,      3.8378,      3.9705
      5.2836,     -401.00,      10.000,     0.51401,     0.56129,      4.6066,      4.7113,      1.0000,      2.1400,      4.6905,      2.0000,     0.65464,      16.673,     0.45290,      7.2047,     0.54672,      7.8876,     0.60548,      8.0648,     0.63719,      8.2492,     0.62770,      8.0471,      2.6620,      3.8357,      3.9654
      5.3169,     -413.00,      10.000,     0.49841,     0.55078,      4.5746,      4.6798,     0.90000,      2.1400,      4.5395,      2.0000,     0.70132,      8.7632,     0.50490,      8.7234,     0.62013,      9.1128,     0.68104,      9.0762,     0.69530,      8.9724,     0.66952,      8.8335,      2.6009,      3.8337,      3.9587
      5.3503,     -415.00,      10.000,     0.45559,     0.52291,      4.4821,      4.5945,     0.40000,      2.1400,      4.0579,      2.0000,     0.44867,      12.682,     0.20944,      19.029,     0.31017,      22.182,     0.39646,      15.145,     0.44999,      11.793,     0.42934,      10.108,      1116.9,      3.8232,      3.9255
      5.3836,     -421.00,      10.000,     0.76653,     0.77904,      5.2474,      5.2815,     0.80000,      2.1400,    -0.11442,      2.0000,    0.012689,      8.3851,    0.011852,      24.887,    0.012548,      20.321,    0.012642,      7.3995,    0.012358,      24.069,    0.011862,      15.830,      692.55,      3.8295,      3.9538
      5.4169,     -406.00,      10.000,     0.76791,     0.77988,      5.3156,      5.3482,      2.0000,      2.1400,    -0.11965,      2.0000,    0.012987,      6.3487,    0.010580,      22.835,    0.011535,      16.655,    0.012185,      3.1626,    0.012637,      19.386,    0.012665,      11.473,      588.65,      3.8544,      4.0203
      5.4503,     -411.00,      10.000,     0.77720,     0.78592,      5.2270,      5.2507,      0.0000,      2.1400,    -0.11586,      2.0000,   0.0088817,      6.2328,   0.0081688,      22.663,   0.0086184,      16.292,   0.0088076,      2.7982,   0.0087327,      19.052,   0.0084229,      11.148,      395.49,      3.8133,      3.8981
      5.4836,     -426.00,      10.000,     0.77572,     0.78578,      5.2230,      5.2503,      0.0000,      2.1400,    -0.10929,      2.0000,    0.010958,      6.1997,   0.0093336,      22.627,    0.010246,      16.246,    0.010765,      2.7344,    0.010823,      18.998,    0.010350,      11.103,      1148.8,      3.8133,      3.8981
      5.5169,     -420.00,      10.000,     0.74655,     0.78009,      5.1686,      5.2600,     0.40000,      2.1400,    -0.10781,      2.0000,    0.018013,      7.0690,    0.014841,      23.196,    0.016431,      17.399,    0.017522,      3.7458,    0.017684,      19.965,    0.016949,      12.133,      563.07,      3.8214,      3.9259
      5.5503,     -404.00,      10.000,     0.77100,     0.78459,      5.2170,      5.2540,     0.10000,      2.1400,   -0.099713,      2.0000,    0.014246,      8.3855,    0.012539,      24.398,    0.013752,      18.352,    0.014244,      5.0943,    0.014084,      21.420,    0.013514,      13.417,      460.65,      3.8153,      3.9051
      5.5836,     -415.00,      10.000,     0.76213,     0.77862,      5.2354,      5.2804,     0.80000,      2.1400,    -0.10512,      2.0000,    0.018541,      9.6936,    0.014645,      24.570,    0.016599,      19.268,    0.017876,      7.2812,    0.018264,      24.177,    0.017645,      15.460,      635.27,      3.8295,      3.9538
      5.6169,     -409.00,      10.000,     0.77145,     0.78390,      5.2235,      5.2574,     0.20000,      2.1400,    -0.10238,      2.0000,    0.013571,      8.6504,    0.011503,      23.169,    0.012499,      18.007,    0.013124,      6.0966,    0.013336,      23.138,    0.012758,      14.465,      657.26,      3.8173,      3.9120
      5.6503,     -392.00,      10.000,     0.76696,     0.78200,      5.2242,      5.2652,     0.40000,      2.1400,    -0.10776,      2.0000,    0.015948,      8.4269,    0.014236,      23.748,    0.015384,      17.971,    0.015825,      5.4770,    0.015613,      22.234,    0.014978,      13.932,      1239.5,      3.8214,      3.9259
      5.6836,     -409.00,      10.000,     0.75793,     0.77417,      5.2628,      5.3071,      1.5000,      2.1400,    -0.10032,      2.0000,    0.017486,      8.6007,    0.014799,      24.272,    0.016239,      18.533,    0.016920,      6.4611,    0.016987,      23.427,    0.016641,      14.899,      640.24,      3.8439,      3.9940
      5.7169,     -408.00,      10.000,     0.77524,     0.78573,      5.2217,      5.2502,      0.0000,      2.1400,   -0.089305,      2.0000,    0.010804,      6.5723,   0.0099999,      23.024,    0.010530,      17.027,    0.010689,      4.0920,    0.010581,      20.607,    0.010180,      12.404,      1265.1,      3.8133,      3.8981
      5.7503,     -416.00,      10.000,     0.77567,     0.78577,      5.2228,      5.2503,      0.0000,      2.1400,   -0.086163,      2.0000,    0.010839,      5.7775,   0.0093990,      22.645,    0.010261,      16.264,    0.010727,      2.7526,    0.010710,      19.007,    0.010270,      11.103,      1853.3,      3.8133,      3.8981
      5.7836,     -409.00,      10.000,     0.76592,     0.78208,      5.0456,      5.0580,      7.0000,      2.1400,   -0.084204,      2.0000,    0.016529,      5.7372,    0.013080,      22.636,    0.014290,      16.255,    0.015511,      2.7435,    0.017080,      18.998,    0.017309,      11.075,      949.00,      3.9308,      4.1708
      5.8169,     -413.00,      10.000,     0.75876,     0.77580,      5.2490,      5.2955,      1.2000,      2.1400,   -0.081018,      2.0000,    0.017395,      5.7443,    0.015581,      22.627,    0.016753,      16.246,    0.017075,      2.7344,    0.016937,      18.998,    0.016458,      11.075,      846.27,      3.8377,      3.9782
      5.8503,     -415.00,      10.000,     0.77620,     0.78639,      5.2735,      5.2935,      3.5000,      1.4100,   -0.079735,      2.0000,    0.010506,      5.7361,   0.0088841,      22.636,   0.0095218,      16.255,    0.010022,      2.7435,    0.010522,      19.007,    0.010860,      11.112,      202.31,      3.9093,      4.0638
      5.8836,     -401.00,      10.000,     0.77105,     0.78532,      5.2103,      5.2491,      0.0000,      2.1400,   -0.074564,      2.0000,    0.015839,      5.7282,    0.013567,      22.636,    0.014960,      16.264,    0.015627,      2.7435,    0.015615,      19.007,    0.014920,      11.112,      670.24,      3.8133,      3.8981
      5.9169,     -397.00,      10.000,     0.76999,     0.78522,      5.2074,      5.2488,      0.0000,      2.1400,   -0.072837,      2.0000,    0.016574,      5.7361,    0.013848,      22.627,    0.015258,      16.246,    0.016200,      2.7253,    0.016438,      18.979,    0.015600,      11.066,      669.37,      3.8133,      3.8981
      5.9503,     -411.00,      10.000,     0.76650,     0.77975,      5.3118,      5.3478,      2.0000,      2.1400,   -0.070652,      2.0000,    0.013361,      5.7278,    0.012250,      22.627,    0.013024,      16.255,    0.013321,      2.7435,    0.013159,      18.998,    0.012856,      11.103,      922.91,      3.8544,      4.0203
      5.9836,     -415.00,      10.000,     0.76736,     0.78075,      5.4035,      5.4428,      3.1000,      2.1400,   -0.070754,      2.0000,    0.014545,      5.7286,    0.012530,      22.636,    0.013663,      16.246,    0.014099,      2.7344,    0.014185,      18.998,    0.014089,      11.112,      565.72,      3.8760,      4.0635
      6.0169,     -408.00,      10.000,     0.76591,     0.77756,      5.0762,      5.0838,      8.0000,      2.1400,   -0.065733,      2.0000,    0.011982,      5.7195,   0.0089258,      22.636,   0.0099012,      16.246,    0.010868,      2.7344,    0.012336,      18.998,    0.011946,      11.112,      661.51,      3.9441,      4.1950
      6.0503,     -424.00,      10.000,     0.77491,     0.78570,      5.2208,      5.2501,      0.0000,      2.1400,   -0.064689,      2.0000,    0.010497,      5.7357,   0.0099259,      22.627,    0.010397,      16.246,    0.010597,      2.7344,    0.010368,      18.998,    0.010024,      11.112,      905.26,      3.8133,      3.8981
      6.0836,     -408.00,      10.000,     0.76264,     0.78159,      5.2125,      5.2641,     0.40000,      2.1400,   -0.063288,      2.0000,    0.021648,      5.7361,    0.017084,      22.627,    0.019332,      16.246,    0.020961,      2.7435,    0.021374,      18.998,    0.020449,      11.093,      633.14,      3.8214,      3.9259
      6.1169,     -422.00,      10.000,     0.77288,     0.78550,      5.2152,      5.2496,      0.0000,      2.1400,   -0.061859,      2.0000,    0.013622,      5.7609,    0.011792,      22.636,    0.012920,      16.246,    0.013453,      2.7435,    0.013423,      18.989,    0.012839,      11.093,      1313.4,      3.8133,      3.8981
      6.1503,     -412.00,      10.000,     0.77436,     0.78565,      5.2193,      5.2500,      0.0000,      2.1400,   -0.060214,      2.0000,    0.011638,      5.7361,    0.010557,      22.636,    0.011313,      16.246,    0.011595,      2.7435,    0.011468,      18.998,    0.011025,      11.084,      1254.4,      3.8133,      3.8981
      6.1836,     -408.00,      10.000,     0.76503,     0.78475,      5.1939,      5.2475,      0.0000,      2.1400,   -0.058940,      2.0000,    0.020965,      5.7361,    0.017814,      22.636,    0.019570,      16.246,    0.020685,      2.7435,    0.020762,      18.998,    0.019752,      11.084,      844.35,      3.8133,      3.8981
      6.2169,     -409.00,      10.000,     0.76967,     0.78519,      5.2065,      5.2487,      0.0000,      2.1400,   -0.056594,      2.0000,    0.016911,      5.7526,    0.014656,      22.636,    0.016073,      16.255,    0.016756,      2.7435,    0.016655,      19.007,    0.015936,      11.112,      931.68,      3.8133,      3.8981
      6.2503,     -418.00,      10.000,     0.77068,     0.78529,      5.2093,      5.2490,      0.0000,      2.1400,   -0.056549,      2.0000,    0.016477,      5.7526,    0.013514,      22.636,    0.015213,      16.246,    0.016233,      2.7435,    0.016288,      18.998,    0.015530,      11.112,      499.63,      3.8133,      3.8981
      6.2836,     -401.00,      10.000,     0.77334,     0.78555,      5.2165,      5.2497,      0.0000,      2.1400,   -0.055006,      2.0000,    0.013014,      5.7274,    0.011364,      22.636,    0.012375,      16.246,    0.012899,      2.7344,    0.012828,      18.998,    0.012290,      11.084,      796.41,      3.8133,      3.8981
      6.3169,     -411.00,      10.000,     0.77495,     0.78570,      5.2209,      5.2501,      0.0000,      2.1400,   -0.053867,      2.0000,    0.011262,      5.7361,    0.010149,      22.627,    0.010931,      16.255,    0.011226,      2.7435,    0.011080,      18.998,    0.010670,      11.103,      1531.6,      3.8133,      3.8981
      6.3503,     -397.00,      10.000,     0.75810,     0.77419,      5.2632,      5.3071,      1.5000,      2.1400,   -0.054593,      2.0000,    0.015318,      5.7361,    0.012739,      22.636,    0.014178,      16.255,    0.014889,      2.7435,    0.015006,      18.998,    0.014630,      11.075,      1363.4,      3.8439,      3.9940
      6.3836,     -414.00,      10.000,     0.76083,     0.77570,      5.1356,      5.1534,      4.5000,      1.4100,   -0.053000,      2.0000,    0.014533,      5.7609,    0.011862,      22.636,    0.012903,      16.255,    0.013862,      2.7435,    0.015169,      18.998,    0.015129,      11.112,      1746.1,      3.9303,      4.0960
      6.4169,     -417.00,      10.000,     0.76284,     0.77795,      5.2435,      5.2847,     0.90000,      2.1400,   -0.051706,      2.0000,    0.017093,      5.7685,    0.013399,      22.627,    0.015079,      16.246,    0.016277,      2.7344,    0.016767,      18.998,    0.016329,      11.075,      191.10,      3.8315,      3.9607
      6.4503,     -410.00,      10.000,     0.76620,     0.77974,      5.2404,      5.2774,     0.70000,      2.1400,   -0.050263,      2.0000,    0.015286,      5.7443,    0.012620,      22.636,    0.014181,      16.246,    0.014871,      2.7435,    0.014973,      18.989,    0.014453,      11.112,      640.34,      3.8274,      3.9468
      6.4836,     -407.00,      10.000,     0.76737,     0.77663,      5.2725,      5.2978,      1.2000,      2.1400,   -0.049843,      2.0000,   0.0091831,      5.7443,   0.0086526,      22.636,   0.0091610,      16.246,   0.0092400,      2.7435,   0.0090033,      18.979,   0.0086773,      11.112,      262.78,      3.8377,      3.9782
      6.5169,     -423.00,      10.000,     0.76347,     0.77801,      5.2452,      5.2848,     0.90000,      2.1400,   -0.047579,      2.0000,    0.015419,      5.7526,    0.013704,      22.627,    0.015026,      16.246,    0.015469,      2.7344,    0.015175,      18.998,    0.014493,      11.112,      1649.4,      3.8315,      3.9607
      6.5503,     -415.00,      10.000,     0.77062,     0.78528,      5.2091,      5.2490,      0.0000,      2.1400,   -0.045195,      2.0000,    0.016200,      5.7195,    0.013770,      22.636,    0.015068,      16.255,    0.015837,      2.7435,    0.015961,      19.007,    0.015192,      11.103,      704.78,      3.8133,      3.8981
      6.5836,     -416.00,      10.000,     0.77769,     0.78597,      5.2283,      5.2509,      0.0000,      2.1400,   -0.044322,      2.0000,   0.0084207,      5.7436,   0.0077016,      22.636,   0.0082305,      16.255,   0.0084089,      2.7435,   0.0082939,      18.998,   0.0080095,      11.103,      1380.1,      3.8133,      3.8981
      6.6169,     -413.00,      10.000,     0.76963,     0.78226,      5.2315,      5.2660,     0.40000,      2.1400,   -0.040564,      2.0000,    0.014140,      5.7278,    0.011418,      22.627,    0.012804,      16.246,    0.013664,      2.7344,    0.013916,      18.998,    0.013376,      11.084,      1216.7,      3.8214,      3.9259
      6.6503,     -410.00,      10.000,     0.76631,     0.77602,      5.2741,      5.3005,      1.3000,      2.1400,   -0.036829,      2.0000,   0.0098007,      5.7361,   0.0087287,      22.636,   0.0094270,      16.246,   0.0097481,      2.7344,   0.0096730,      18.989,   0.0094000,      11.093,      474.02,      3.8398,      3.9835
      6.6836,     -415.00,      10.000,     0.77084,     0.78165,      5.2401,      5.2695,     0.50000,      2.1400,   -0.036229,      2.0000,    0.011083,      5.7443,    0.010320,      22.636,    0.011027,      16.255,    0.011184,      2.7435,    0.010875,      18.998,    0.010447,      11.093,      895.44,      3.8234,      3.9329
      6.7169,     -410.00,      10.000,     0.77395,     0.78561,      5.2182,      5.2499,      0.0000,      2.1400,   -0.034033,      2.0000,    0.012827,      5.7443,    0.010905,      22.636,    0.011899,      16.255,    0.012541,      2.7435,    0.012657,      18.998,    0.012070,      11.103,      1912.3,      3.8133,      3.8981
      6.7503,     -404.00,      10.000,     0.77276,     0.78549,      5.2149,      5.2496,      0.0000,      2.1400,   -0.032160,      2.0000,    0.013526,      5.7692,    0.012008,      22.636,    0.012814,      16.255,    0.013296,      2.7435,    0.013282,      18.998,    0.012708,      11.084,      1341.0,      3.8133,      3.8981
      6.7836,     -394.00,      10.000,     0.77437,     0.78492,      5.2262,      5.2549,     0.10000,      2.1400,   -0.029632,      2.0000,    0.011135,      5.7526,   0.0098768,      22.636,    0.010646,      16.264,    0.011003,      2.7526,    0.010955,      19.007,    0.010514,      11.121,      672.11,      3.8153,      3.9051
      6.8169,     -410.00,      10.000,     0.77299,     0.78551,      5.2155,      5.2496,      0.0000,      2.1400,   -0.026358,      2.0000,    0.013308,      5.7443,    0.011685,      22.627,    0.012669,      16.255,    0.013158,      2.7435,    0.013121,      18.998,    0.012558,      11.084,      1255.9,      3.8133,      3.8981
      6.8502,     -417.00,      10.000,     0.76540,     0.77541,      5.2769,      5.3042,      1.4000,      2.1400,   -0.025008,      2.0000,    0.010435,      5.7526,   0.0093867,      22.627,    0.010093,      16.246,    0.010241,      2.7435,    0.010146,      18.989,   0.0098606,      11.103,      139.37,      3.8419,      3.9887
      6.8836,     -418.00,      10.000,     0.77216,     0.78543,      5.2133,      5.2494,      0.0000,      2.1400,   -0.022140,      2.0000,    0.015533,      5.7526,    0.012220,      22.627,    0.013947,      16.246,    0.015162,      2.7435,    0.015399,      18.989,    0.014610,      11.103,      1236.4,      3.8133,      3.8981
      6.9169,     -405.00,      10.000,     0.76284,     0.77671,      5.2548,      5.2927,      1.1000,      2.1400,   -0.019635,      2.0000,    0.015125,      5.7443,    0.012935,      22.636,    0.014445,      16.264,    0.015059,      2.7526,    0.014887,      19.007,    0.014253,      11.093,      626.16,      3.8356,      3.9730
      6.9502,     -400.00,      10.000,     0.76991,     0.78375,      5.2193,      5.2570,     0.20000,      2.1400,   -0.017993,      2.0000,    0.014810,      5.7278,    0.012721,      22.636,    0.013994,      16.264,    0.014575,      2.7435,    0.014593,      19.007,    0.013972,      11.093,      530.16,      3.8173,      3.9120
      6.9836,     -408.00,      10.000,     0.77508,     0.78572,      5.2212,      5.2502,      0.0000,      2.1400,   -0.015790,      2.0000,    0.011860,      5.7361,   0.0098221,      22.618,    0.010930,      16.246,    0.011593,      2.7435,    0.011726,      18.998,    0.011166,      11.093,      1316.9,      3.8133,      3.8981
      7.0169,     -417.00,      10.000,     0.76661,     0.77605,      5.2749,      5.3006,      1.3000,      2.1400,   -0.011693,      2.0000,   0.0096965,      5.7278,   0.0085440,      22.627,   0.0091549,      16.246,   0.0094184,      2.7435,   0.0094388,      18.989,   0.0092608,      11.112,      926.03,      3.8398,      3.9835
      7.0502,     -422.00,      10.000,     0.77411,     0.78696,      5.2843,      5.3107,      3.4000,      1.4100,  -0.0086348,      2.0000,    0.012244,      5.7526,    0.011305,      22.627,    0.011611,      16.246,    0.011846,      2.7344,    0.012229,      18.998,    0.012756,      11.103,      799.89,      3.9071,      4.0604
      7.0836,     -425.00,      10.000,     0.77742,     0.78594,      5.2276,      5.2508,      0.0000,      2.1400,  -0.0042240,      2.0000,   0.0092313,      5.7361,   0.0077435,      22.627,   0.0085604,      16.246,   0.0090342,      2.7435,   0.0091415,      18.998,   0.0087396,      11.093,      932.40,      3.8133,      3.8981
      7.1169,     -412.00,      10.000,     0.77369,     0.78558,      5.2175,      5.2498,      0.0000,      2.1400, -0.00068722,      2.0000,    0.012572,      5.7278,    0.011075,      22.636,    0.012110,      16.255,    0.012515,      2.7435,    0.012392,      18.998,    0.011902,      11.084,      790.72,      3.8133,      3.8981
      7.1502,     -407.00,      10.000,     0.76040,     0.77492,      5.3689,      5.4114,      2.8000,      2.1400,      0.0000,      2.0000,    0.015396,      5.7361,    0.012871,      22.636,    0.014141,      16.255,    0.014821,      2.7526,    0.015127,      19.007,    0.015161,      11.112,      515.85,      3.8703,      4.0523
      7.1836,     -392.00,      10.000,     0.76576,     0.77897,      5.2453,      5.2813,     0.80000,      2.1400,      0.0000,      2.0000,    0.014502,      5.7443,    0.012427,      22.636,    0.013923,      16.255,    0.014443,      2.7526,    0.014181,      18.998,    0.013659,      11.103,      635.03,      3.8295,      3.9538
      7.2169,     -402.00,      10.000,     0.77492,     0.78548,      5.2566,      5.2765,      3.6000,      1.4100,      0.0000,      2.0000,    0.011044,      5.7361,   0.0088270,      22.627,   0.0098645,      16.246,    0.010644,      2.7344,    0.011307,      18.998,    0.011591,      11.084,      1316.8,      3.9115,      4.0671
      7.2502,     -404.00,      10.000,     0.77457,     0.78567,      5.2198,      5.2500,      0.0000,      2.1400,      0.0000,      2.0000,    0.012047,      5.7443,    0.010658,      22.636,    0.011707,      16.255,    0.012091,      2.7435,    0.011895,      19.007,    0.011452,      11.084,      904.23,      3.8133,      3.8981
      7.2836,     -399.00,      10.000,     0.77347,     0.78556,      5.2169,      5.2498,      0.0000,      2.1400,      0.0000,      2.0000,    0.012824,      5.7439,    0.011195,      22.627,    0.012171,      16.255,    0.012623,      2.7435,    0.012634,      18.998,    0.012080,      11.121,      1011.1,      3.8133,      3.8981
      7.3169,     -403.00,      10.000,     0.77252,     0.78547,      5.2143,      5.2495,      0.0000,      2.1400,      0.0000,      2.0000,    0.014006,      5.7692,    0.011859,      22.627,    0.012994,      16.246,    0.013731,      2.7344,    0.013831,      18.989,    0.013188,      11.075,      916.03,      3.8133,      3.8981
      7.3502,     -421.00,      10.000,     0.76832,     0.77995,      5.2462,      5.2779,     0.70000,      2.1400,      0.0000,      2.0000,    0.012595,      5.7609,    0.011034,      22.618,    0.012112,      16.246,    0.012531,      2.7435,    0.012377,      18.989,    0.011869,      11.103,      490.69,      3.8274,      3.9468
      7.3836,     -402.00,      10.000,     0.77436,     0.78565,      5.2193,      5.2500,      0.0000,      2.1400,      0.0000,      2.0000,    0.010242,      5.7526,   0.0085960,      22.627,   0.0095367,      16.246,    0.010072,      2.7435,    0.010137,      18.989,   0.0096977,      11.084,      943.21,      3.8133,      3.8981
      7.4169,     -417.00,      10.000,     0.75863,     0.77271,      5.2797,      5.3180,      1.8000,      2.1400,      0.0000,      2.0000,    0.014969,      5.7361,    0.012541,      22.627,    0.013823,      16.255,    0.014363,      2.7435,    0.014471,      18.998,    0.014389,      11.103,      274.83,      3.8502,      4.0098
      7.4502,     -406.00,      10.000,     0.76419,     0.77581,      5.2683,      5.2999,      1.3000,      2.1400,      0.0000,      2.0000,    0.012308,      5.7526,    0.010555,      22.618,    0.011588,      16.246,    0.012060,      2.7435,    0.012033,      18.998,    0.011710,      11.121,      1144.0,      3.8398,      3.9835
      7.4836,     -412.00,      10.000,     0.76829,     0.78140,      5.2331,      5.2688,     0.50000,      2.1400,      0.0000,      2.0000,    0.014095,      5.7278,    0.012255,      22.627,    0.013268,      16.255,    0.013752,      2.7526,    0.013785,      19.007,    0.013259,      11.121,      1007.1,      3.8234,      3.9329
      7.5169,     -419.00,      10.000,     0.76442,     0.77583,      5.2689,      5.3000,      1.3000,      2.1400,      0.0000,      2.0000,    0.012539,      5.7361,    0.010436,      22.627,    0.011672,      16.255,    0.012217,      2.7435,    0.012263,      18.998,    0.011950,      11.130,      249.37,      3.8398,      3.9835
      7.5502,     -409.00,      10.000,     0.76858,     0.78643,      5.2729,      5.3096,      3.4000,      1.4100,      0.0000,      2.0000,    0.018347,      5.7361,    0.014878,      22.618,    0.016065,      16.237,    0.017016,      2.7253,    0.017936,      18.979,    0.019286,      11.075,      280.04,      3.9071,      4.0604
      7.5836,     -420.00,      10.000,     0.77072,     0.78529,      5.2094,      5.2490,      0.0000,      2.1400,      0.0000,      2.0000,    0.011225,      5.7361,    0.010156,      22.618,    0.010867,      16.237,    0.011146,      2.7344,    0.011046,      18.989,    0.010619,      11.112,      1160.5,      3.8133,      3.8981
      7.6169,     -390.00,      10.000,     0.76222,     0.77721,      5.0738,      5.0835,      8.0000,      2.1400,      0.0000,      2.0000,    0.014082,      5.7195,    0.012386,      22.627,    0.012966,      16.246,    0.013649,      2.7253,    0.015151,      18.989,    0.013614,      11.093,      581.45,      3.9441,      4.1950
      7.6502,     -406.00,      10.000,     0.77143,     0.78463,      5.2182,      5.2541,     0.10000,      2.1400,      0.0000,      2.0000,    0.014276,      5.7357,    0.012507,      22.618,    0.013561,      16.246,    0.014090,      2.7344,    0.014024,      18.989,    0.013446,      11.103,      671.23,      3.8153,      3.9051
      7.6836,     -405.00,      10.000,     0.77493,     0.78570,      5.2208,      5.2501,      0.0000,      2.1400,      0.0000,      2.0000,    0.011846,      5.7526,    0.010053,      22.627,    0.011067,      16.246,    0.011650,      2.7253,    0.011699,      18.989,    0.011182,      11.084,      1460.5,      3.8133,      3.8981
      7.7169,     -402.00,      10.000,     0.77771,     0.78597,      5.2284,      5.2509,      0.0000,      2.1400,      0.0000,      2.0000,   0.0092546,      5.7361,   0.0076872,      22.627,   0.0085081,      16.246,   0.0090729,      2.7435,   0.0091824,      18.998,   0.0087787,      11.093,      686.81,      3.8133,      3.8981
      7.7502,     -419.00,      10.000,     0.75866,     0.77422,      5.3739,      5.4199,      2.9000,      2.1400,      0.0000,      2.0000,    0.016209,      5.7526,    0.014181,      22.636,    0.015293,      16.255,    0.015708,      2.7435,    0.015772,      18.998,    0.015727,      11.103,      699.82,      3.8723,      4.0563
      7.7836,     -399.00,      10.000,     0.76603,     0.78046,      5.2331,      5.2723,     0.60000,      2.1400,      0.0000,      2.0000,    0.015143,      5.7439,    0.012929,      22.618,    0.014225,      16.246,    0.014925,      2.7253,    0.014947,      18.989,    0.014359,      11.103,      571.33,      3.8254,      3.9399
      7.8169,     -399.00,      10.000,     0.76346,     0.77625,      5.2619,      5.2968,      1.2000,      2.1400,      0.0000,      2.0000,    0.013593,      5.7361,    0.011803,      22.618,    0.012932,      16.246,    0.013411,      2.7344,    0.013320,      18.989,    0.012847,      11.075,      1087.9,      3.8377,      3.9782
      7.8502,     -405.00,      10.000,     0.76757,     0.77914,      5.2502,      5.2818,     0.80000,      2.1400,      0.0000,      2.0000,    0.013187,      5.7522,    0.010507,      22.618,    0.011944,      16.246,    0.012699,      2.7344,    0.012951,      18.989,    0.012557,      11.112,      469.45,      3.8295,      3.9538
      7.8836,     -415.00,      10.000,     0.77069,     0.78309,      5.2275,      5.2613,     0.30000,      2.1400,      0.0000,      2.0000,    0.014010,      5.7361,    0.011219,      22.618,    0.012691,      16.246,    0.013649,      2.7253,    0.013848,      18.989,    0.013265,      11.075,      417.11,      3.8194,      3.9190
      7.9169,     -413.00,      10.000,     0.77164,     0.78538,      5.2119,      5.2493,      0.0000,      2.1400,      0.0000,      2.0000,    0.014748,      5.7439,    0.012566,      22.618,    0.013799,      16.246,    0.014516,      2.7253,    0.014581,      18.989,    0.013909,      11.084,      685.31,      3.8133,      3.8981
      7.9502,     -411.00,      10.000,     0.77422,     0.78563,      5.2189,      5.2499,      0.0000,      2.1400,      0.0000,      2.0000,    0.011665,      5.7443,    0.010416,      22.627,    0.011144,      16.246,    0.011539,      2.7344,    0.011489,      18.989,    0.011017,      11.084,      591.66,      3.8133,      3.8981
      7.9836,     -404.00,      10.000,     0.77201,     0.78542,      5.2129,      5.2494,      0.0000,      2.1400,      0.0000,      2.0000,    0.015003,      5.7195,    0.012695,      22.636,    0.014160,      16.246,    0.014904,      2.7435,    0.014819,      18.998,    0.014179,      11.103,      536.72,      3.8133,      3.8981
      8.0169,     -405.00,      10.000,     0.77260,     0.78547,      5.2145,      5.2495,      0.0000,      2.1400,      0.0000,      2.0000,    0.014362,      5.7526,    0.011810,      22.627,    0.013305,      16.246,    0.014121,      2.7344,    0.014209,      18.998,    0.013544,      11.112,      1325.0,      3.8133,      3.8981
      8.0502,     -421.00,      10.000,     0.77529,     0.78574,      5.2218,      5.2502,      0.0000,      2.1400,      0.0000,      2.0000,    0.011586,      5.7112,   0.0099490,      22.618,    0.010936,      16.246,    0.011418,      2.7254,    0.011448,      18.989,    0.010953,      11.103,      1681.1,      3.8133,      3.8981
      8.0836,     -409.00,      10.000,     0.77577,     0.78578,      5.2231,      5.2504,      0.0000,      2.1400,      0.0000,      2.0000,    0.010308,      5.7278,   0.0094522,      22.618,    0.010093,      16.246,    0.010320,      2.7344,    0.010143,      18.989,   0.0097875,      11.103,      391.75,      3.8133,      3.8981
      8.1169,     -410.00,      10.000,     0.77398,     0.78561,      5.2182,      5.2499,      0.0000,      2.1400,      0.0000,      2.0000,    0.012013,      5.7361,    0.010821,      22.618,    0.011613,      16.246,    0.011932,      2.7253,    0.011814,      18.989,    0.011349,      11.103,      1511.3,      3.8133,      3.8981
      8.1502,     -409.00,      10.000,     0.77245,     0.78546,      5.2141,      5.2495,      0.0000,      2.1400,      0.0000,      2.0000,    0.013990,      5.7278,    0.012272,      22.618,    0.013357,      16.237,    0.013886,      2.7253,    0.013773,      18.979,    0.013209,      11.084,      1248.8,      3.8133,      3.8981
      8.1836,     -387.00,      10.000,     0.77406,     0.78562,      5.2185,      5.2499,      0.0000,      2.1400,      0.0000,      2.0000,    0.012240,      5.7361,    0.010730,      22.627,    0.011647,      16.246,    0.012109,      2.7344,    0.012052,      18.989,    0.011554,      11.075,      127.50,      3.8133,      3.8981
      8.2169,     -414.00,      10.000,     0.77195,     0.78541,      5.2127,      5.2493,      0.0000,      2.1400,      0.0000,      2.0000,    0.014952,      5.7195,    0.012743,      22.627,    0.013993,      16.255,    0.014702,      2.7435,    0.014751,      18.998,    0.014094,      11.112,      1250.3,      3.8133,      3.8981
      8.2502,     -413.00,      10.000,     0.77140,     0.78536,      5.2112,      5.2492,      0.0000,      2.1400,      0.0000,      2.0000,    0.014607,      5.7443,    0.012929,      22.618,    0.014075,      16.246,    0.014581,      2.7253,    0.014369,      18.989,    0.013798,      11.093,      1328.0,      3.8133,      3.8981
      8.2836,     -410.00,      10.000,     0.77437,     0.78565,      5.2193,      5.2500,      0.0000,      2.1400,      0.0000,      2.0000,    0.012089,      5.7195,    0.010564,      22.627,    0.011546,      16.246,    0.011979,      2.7344,    0.011939,      18.998,    0.011438,      11.103,      1671.6,      3.8133,      3.8981
      8.3169,     -415.00,      10.000,     0.77596,     0.78580,      5.2236,      5.2504,      0.0000,      2.1400,      0.0000,      2.0000,    0.010896,      5.7361,   0.0091763,      22.627,    0.010151,      16.246,    0.010713,      2.7344,    0.010767,      18.989,    0.010295,      11.093,      1821.4,      3.8133,      3.8981
      8.3502,     -419.00,      10.000,     0.77496,     0.78570,      5.2209,      5.2501,      0.0000,      2.1400,      0.0000,      2.0000,    0.011820,      5.7519,   0.0099835,      22.609,    0.011019,      16.246,    0.011584,      2.7344,    0.011662,      18.979,    0.011128,      11.075,      1252.6,      3.8133,      3.8981
      8.3836,     -402.00,      10.000,     0.77142,     0.78536,      5.2113,      5.2492,      0.0000,      2.1400,      0.0000,      2.0000,    0.015276,      5.7443,    0.012512,      22.618,    0.013912,      16.237,    0.014866,      2.7344,    0.015120,      18.970,    0.014349,      11.093,      911.41,      3.8133,      3.8981
      8.4169,     -408.00,      10.000,     0.77287,     0.78550,      5.2152,      5.2496,      0.0000,      2.1400,      0.0000,      2.0000,    0.013364,      5.7369,    0.011626,      22.618,    0.012682,      16.237,    0.013229,      2.7344,    0.013171,      18.989,    0.012610,      11.093,      631.81,      3.8133,      3.8981
      8.4502,     -410.00,      10.000,     0.77613,     0.78582,      5.2241,      5.2505,      0.0000,      2.1400,      0.0000,      2.0000,    0.010188,      5.7361,   0.0090099,      22.627,   0.0097283,      16.246,    0.010089,      2.7344,    0.010055,      18.989,   0.0096563,      11.103,      444.03,      3.8133,      3.8981
      8.4836,     -414.00,      10.000,     0.76867,     0.78509,      5.2038,      5.2485,      0.0000,      2.1400,      0.0000,      2.0000,    0.018885,      5.7443,    0.015359,      22.627,    0.017350,      16.246,    0.018476,      2.7344,    0.018645,      18.989,    0.017692,      11.112,      1122.1,      3.8133,      3.8981
      8.5169,     -404.00,      10.000,     0.77237,     0.78545,      5.2139,      5.2495,      0.0000,      2.1400,      0.0000,      2.0000,    0.013458,      5.7278,    0.012151,      22.627,    0.013069,      16.246,    0.013413,      2.7344,    0.013265,      18.989,    0.012727,      11.103,      549.58,      3.8133,      3.8981
      8.5502,     -412.00,      10.000,     0.77440,     0.78565,      5.2194,      5.2500,      0.0000,      2.1400,      0.0000,      2.0000,    0.012702,      5.7195,    0.010682,      22.627,    0.011798,      16.246,    0.012464,      2.7255,    0.012553,      18.989,    0.011967,      11.093,      1382.3,      3.8133,      3.8981
      8.5836,     -417.00,      10.000,     0.77475,     0.78568,      5.2203,      5.2501,      0.0000,      2.1400,      0.0000,      2.0000,    0.011830,      5.7361,    0.010321,      22.618,    0.011295,      16.246,    0.011744,      2.7344,    0.011700,      18.989,    0.011216,      11.075,      522.42,      3.8133,      3.8981
      8.6169,     -423.00,      10.000,     0.77079,     0.78530,      5.2096,      5.2490,      0.0000,      2.1400,      0.0000,      2.0000,    0.015943,      5.7022,    0.013691,      22.618,    0.014936,      16.237,    0.015642,      2.7344,    0.015696,      18.989,    0.014969,      11.075,      1545.6,      3.8133,      3.8981
      8.6502,     -417.00,      10.000,     0.77675,     0.78588,      5.2258,      5.2506,      0.0000,      2.1400,      0.0000,      2.0000,   0.0099384,      5.7361,   0.0085168,      22.618,   0.0092733,      16.246,   0.0097696,      2.7435,   0.0098215,      18.989,   0.0094049,      11.103,      1387.1,      3.8133,      3.8981
      8.6836,     -417.00,      10.000,     0.77316,     0.78553,      5.2160,      5.2497,      0.0000,      2.1400,      0.0000,      2.0000,    0.013374,      5.7278,    0.011708,      22.627,    0.012714,      16.246,    0.013193,      2.7344,    0.013174,      18.989,    0.012604,      11.075,      1848.7,      3.8133,      3.8981
      8.7169,     -389.00,      10.000,     0.77482,     0.78569,      5.2205,      5.2501,      0.0000,      2.1400,      0.0000,      2.0000,    0.011941,      5.7361,    0.010003,      22.618,    0.011004,      16.246,    0.011643,      2.7344,    0.011787,      18.979,    0.011235,      11.075,      1137.4,      3.8133,      3.8981
      8.7502,     -409.00,      10.000,     0.77375,     0.78559,      5.2176,      5.2498,      0.0000,      2.1400,      0.0000,      2.0000,    0.012484,      5.7278,    0.011059,      22.609,    0.011852,      16.237,    0.012331,      2.7344,    0.012292,      18.979,    0.011783,      11.084,      600.24,      3.8133,      3.8981
      8.7836,     -432.00,      10.000,     0.77046,     0.78526,      5.2087,      5.2490,      0.0000,      2.1400,      0.0000,      2.0000,    0.016703,      5.7361,    0.013922,      22.618,    0.015454,      16.246,    0.016440,      2.7344,    0.016496,      18.989,    0.015731,      11.075,      656.36,      3.8133,      3.8981
      8.8169,     -412.00,      10.000,     0.77116,     0.78533,      5.2106,      5.2491,      0.0000,      2.1400,      0.0000,      2.0000,    0.015360,      5.7443,    0.013296,      22.618,    0.014458,      16.246,    0.015091,      2.7435,    0.015123,      18.989,    0.014434,      11.103,      640.13,      3.8133,      3.8981
      8.8502,     -415.00,      10.000,     0.77191,     0.78541,      5.2126,      5.2493,      0.0000,      2.1400,      0.0000,      2.0000,    0.013757,      5.7195,    0.012478,      22.627,    0.013279,      16.246,    0.013635,      2.7344,    0.013512,      18.998,    0.012948,      11.093,      1076.2,      3.8133,      3.8981
      8.8836,     -412.00,      10.000,     0.77303,     0.78552,      5.2157,      5.2496,      0.0000,      2.1400,      0.0000,      2.0000,    0.011418,      5.7278,    0.010236,      22.627,    0.011147,      16.246,    0.011401,      2.7344,    0.011247,      18.989,    0.010815,      11.093,      2026.7,      3.8133,      3.8981
      8.9169,     -414.00,      10.000,     0.76868,     0.78509,      5.2038,      5.2485,      0.0000,      2.1400,      0.0000,      2.0000,    0.018568,      5.7195,    0.015567,      22.627,    0.017226,      16.246,    0.018357,      2.7435,    0.018329,      18.989,    0.017497,      11.093,      1034.2,      3.8133,      3.8981
      8.9502,     -417.00,      10.000,     0.77317,     0.78553,      5.2161,      5.2497,      0.0000,      2.1400,      0.0000,      2.0000,    0.013678,      5.7195,    0.011837,      22.618,    0.013010,      16.246,    0.013517,      2.7344,    0.013496,      18.998,    0.012898,      11.075,      991.85,      3.8133,      3.8981
      8.9836,     -418.00,      10.000,     0.77124,     0.78534,      5.2108,      5.2492,      0.0000,      2.1400,      0.0000,      2.0000,    0.016155,      5.7218,    0.013105,      22.618,    0.014920,      16.246,    0.015916,      2.7344,    0.015993,      18.998,    0.015243,      11.103,      590.61,      3.8133,      3.8981
