# [Parameters]
# Name = tsmap_nel
# ShotNo = 152718
# Date = '07/11/2021 07:55'
# 
# DimNo = 1
# DimName = 'Time'
# DimSize = 190
# DimUnit = 's'
# 
# ValNo = 25
# ValName = 'laser', 'laser number', 'a99', 'a999', 'R99', 'R999', 'p0', 'pf', 'ip', 'ipf', 'nl_thomson_mid', 'nl_mmw_mid', 'nl_thomson_3579', 'nl_fir_3579', 'nl_thomson_3669', 'nl_fir_3669', 'nl_thomson_3759', 'nl_fir_3759', 'nl_thomson_3849', 'nl_fir_3849', 'nl_thomson_3939', 'nl_fir_3939', 'chi', 'geom_center', 'Rax_vmec'
# ValUnit = 'arb', 'arb', 'm', 'm', 'm', 'm', '%', 'arb', 'kA/T', 'arb', 'arb', 'e19m-2', 'arb', 'e19m-2', 'arb', 'e19m-2', 'arb', 'e19m-2', 'arb', 'e19m-2', 'arb', 'e19m-2', 'arb', 'm', 'm'
# 
# [Comments]
# Bt = -2.53850
# Rax = 3.90000
# Bq = 100.000
# Gamma = 1.25380
# phiedge = -2.8685000
# avac = 0.55800000
# ExpDate = 2.01902e+07
# Cycle = 20.0000
# t1 = 2.86900
# t2 = 9.80400
# density (ne) is only for very rough information
# Do not use data for ne_bar < 5*1-^12cm-3
# High Voltage is set at 0.90 times
# Te limit = 22keV
# Laser#1, #3, #5, 
# 
# [data]
  0.00027800,      1090.0,      10.000,     0.77065,     0.78257,      5.1972,      5.2284,      0.0000,      2.1400,     -0.0000,      2.0000,    0.013149,  -0.0079904,    0.010992, -0.00082137,    0.012224,  -0.0041258,    0.012916,  0.00082880,    0.012997,  0.00082137,    0.012404,  0.00082551,      9999.0,      3.8133,      3.8981
      2.9003,      1090.0,      10.000,     0.76694,     0.78221,      5.1874,      5.2274,      0.0000,      2.1400,  -0.0038121,      2.0000,    0.017752,   0.0085728,    0.014013,   0.0082181,    0.015983,    0.014026,    0.017164,   0.0099403,    0.017552,  0.00082137,    0.016607,  0.00082551,      108.82,      3.8133,      3.8981
      2.9336,      1073.0,      10.000,     0.76449,     0.77925,      5.2754,      5.3068,      3.8000,      1.8141,  -0.0050253,      2.0000,    0.015084,   0.0085728,    0.012380,    0.017258,    0.013501,   0.0049504,    0.014431,  0.00082880,    0.015246,   0.0098617,    0.015633,  0.00082551,      827.51,      3.9004,      4.0804
      2.9669,      1071.0,      10.000,     0.76689,     0.78222,      5.3389,      5.3812,      2.4000,      2.1400,  -0.0050577,      2.0000,    0.016797,  0.00029164,    0.014123,   0.0082181,    0.015464,   0.0049504,    0.015987,   0.0099403,    0.016214,  0.00082137,    0.016193,    0.028052,      434.94,      3.8624,      4.0363
      3.0003,      1086.0,      10.000,     0.77073,     0.78258,      5.1974,      5.2284,      0.0000,      2.1400,   -0.044580,      2.0000,    0.012552,    0.099669,    0.011060,     0.11670,    0.011961,     0.12293,    0.012363,     0.11017,    0.012333,    0.091219,    0.011800,    0.082506,      2015.2,      3.8133,      3.8981
      3.0336,      1069.0,      10.000,     0.58453,     0.67269,      4.7323,      4.9641,     0.40000,      2.1400,     0.12882,      2.0000,    0.035218,     0.43920,    0.032650,     0.43309,    0.034549,     0.44966,    0.035131,     0.45642,    0.034417,     0.43473,    0.032935,     0.43646,      6.3446,      3.8214,      3.9259
      3.0669,      1087.0,      10.000,     0.53263,     0.58715,      4.6156,      4.7438,     0.50000,      2.1400,     0.21244,      2.0000,    0.047186,     0.54686,    0.039398,     0.51445,    0.044071,     0.54949,    0.046543,     0.55665,    0.046405,     0.53417,    0.044282,     0.52721,      32.260,      3.8234,      3.9329
      3.1003,      1084.0,      10.000,     0.52476,     0.58126,      4.5948,      4.7243,     0.40000,      2.1400,     0.23195,      2.0000,    0.046494,     0.59655,    0.038908,     0.54157,    0.043806,     0.58579,    0.045935,     0.59310,    0.045643,     0.57033,    0.043589,     0.55444,      28.606,      3.8214,      3.9259
      3.1336,      1087.0,      10.000,     0.52353,     0.58062,      4.5924,      4.7227,     0.40000,      2.1400,     0.26347,      2.0000,    0.049122,     0.58827,    0.039590,     0.55965,    0.044907,     0.59487,    0.048125,     0.61132,    0.048579,     0.57937,    0.046396,     0.58167,      18.829,      3.8214,      3.9259
      3.1669,      1087.0,      10.000,     0.52822,     0.58621,      4.5966,      4.7312,     0.30000,      2.1400,     0.29104,      2.0000,    0.048886,     0.57999,    0.041365,     0.53253,    0.046309,     0.58579,    0.048404,     0.59310,    0.048195,     0.57033,    0.045983,     0.54537,      17.182,      3.8194,      3.9190
      3.2003,      1083.0,      10.000,     0.52663,     0.58352,      4.6034,      4.7349,     0.50000,      2.1400,     0.31678,      2.0000,    0.048641,     0.56343,    0.040827,     0.51445,    0.045553,     0.55857,    0.047895,     0.57487,    0.047919,     0.55225,    0.045816,     0.52721,      11.354,      3.8234,      3.9329
      3.2336,      1085.0,      10.000,     0.52290,     0.57737,      4.6009,      4.7252,     0.60000,      2.1400,     0.33230,      2.0000,    0.046532,     0.55514,    0.037315,     0.51445,    0.042398,     0.54949,    0.045038,     0.56576,    0.045614,     0.54321,    0.043798,     0.54537,      14.277,      3.8254,      3.9399
      3.2669,      1076.0,      10.000,     0.52510,     0.58046,      4.6149,      4.7433,     0.80000,      2.1400,     0.34024,      2.0000,    0.044759,     0.53858,    0.036493,     0.50541,    0.041235,     0.54041,    0.043635,     0.55665,    0.043903,     0.53417,    0.042210,     0.50906,      34.361,      3.8295,      3.9538
      3.3003,      1069.0,      10.000,     0.52141,     0.57685,      4.5933,      4.7188,     0.50000,      2.1400,     0.33572,      2.0000,    0.044630,     0.55514,    0.036233,     0.48733,    0.041041,     0.52226,    0.043405,     0.52931,    0.043780,     0.52513,    0.042015,     0.51814,      11.564,      3.8234,      3.9329
      3.3336,      1075.0,      10.000,     0.57339,     0.64853,      4.7045,      4.9006,     0.40000,      2.1400,     0.21617,      2.0000,    0.043679,     0.54686,    0.038610,     0.50541,    0.041625,     0.54949,    0.042669,     0.56576,    0.042468,     0.54321,    0.040618,     0.53629,      7.3795,      3.8214,      3.9259
      3.3669,      1078.0,      10.000,     0.54255,     0.59749,      4.6269,      4.7592,     0.30000,      2.1400,     0.25021,      2.0000,    0.052226,     0.74562,    0.043211,     0.74044,    0.048265,     0.77638,    0.050863,     0.77533,    0.051310,     0.75112,    0.048931,     0.79948,      6.3918,      3.8194,      3.9190
      3.4003,      1073.0,      10.000,     0.54339,     0.58750,      4.6338,      4.7394,     0.40000,      2.1400,     0.33613,      2.0000,     0.11338,      1.6235,     0.10844,      1.8071,     0.11502,      1.8110,     0.11438,      1.6774,     0.11005,      1.5828,     0.10497,      1.6072,      6.4753,      3.8214,      3.9259
      3.4336,      1071.0,      10.000,     0.55484,     0.59947,      4.6707,      4.7824,     0.60000,      2.1400,     0.62403,      2.0000,     0.17527,      2.3688,     0.15725,      2.4580,     0.17072,      2.4372,     0.17408,      2.3790,     0.17028,      2.2879,     0.16239,      2.2607,      2.3496,      3.8259,      3.9396
      3.4669,      1077.0,      10.000,     0.56998,     0.61407,      4.7078,      4.8214,     0.60000,      2.1400,     0.92194,      2.0000,     0.21413,      2.7663,     0.18267,      2.6298,     0.19975,      2.7912,     0.20779,      2.8073,     0.20766,      2.7128,     0.19902,      2.6691,      2.5529,      3.8259,      3.9396
      3.5003,      1078.0,      10.000,     0.56699,     0.61215,      4.7057,      4.8221,     0.70000,      2.1400,      1.2016,      2.0000,     0.21163,      2.7994,     0.17947,      2.5936,     0.19764,      2.7730,     0.20595,      2.8073,     0.20609,      2.7218,     0.19781,      2.6600,      3.9216,      3.8279,      3.9465
      3.5336,      1078.0,      10.000,     0.56795,     0.61314,      4.7137,      4.8309,     0.80000,      2.1400,      1.4333,      2.0000,     0.21699,      2.8160,     0.18274,      2.6207,     0.20129,      2.8003,     0.21046,      2.8346,     0.21124,      2.7489,     0.20295,      2.6963,      3.5250,      3.8299,      3.9534
      3.5669,      1084.0,      10.000,     0.56773,     0.61307,      4.7086,      4.8261,     0.70000,      2.1400,      1.6430,      2.0000,     0.21677,      2.8822,     0.17932,      2.6840,     0.19848,      2.8638,     0.20869,      2.9075,     0.21056,      2.8212,     0.20226,      2.7780,      1.9278,      3.8283,      3.9462
      3.6003,      1085.0,      10.000,     0.56800,     0.61296,      4.7093,      4.8258,     0.70000,      2.1400,      1.8342,      2.0000,     0.22551,      2.9651,     0.18909,      2.7563,     0.20782,      2.9364,     0.21722,      2.9713,     0.21920,      2.8845,     0.21081,      2.8143,      3.7765,      3.8283,      3.9462
      3.6336,      1066.0,      10.000,     0.56674,     0.61252,      4.7061,      4.8246,     0.70000,      2.1400,      2.0137,      2.0000,     0.23088,      3.0313,     0.19914,      2.8286,     0.21701,      3.0181,     0.22491,      3.0442,     0.22483,      2.9568,     0.21580,      2.8687,      2.0450,      3.8283,      3.9462
      3.6669,      1078.0,      10.000,     0.56905,     0.61380,      4.7120,      4.8281,     0.70000,      2.1400,      2.1833,      2.0000,     0.23830,      3.1141,     0.20297,      2.9100,     0.22247,      3.0998,     0.23129,      3.1262,     0.23134,      3.0382,     0.22198,      2.9867,      1.8308,      3.8283,      3.9462
      3.7003,      1078.0,      10.000,     0.57247,     0.61641,      4.7153,      4.8292,     0.60000,      2.1400,      2.3528,      2.0000,     0.24283,      3.1969,     0.20811,      2.9914,     0.22756,      3.1905,     0.23685,      3.2173,     0.23587,      3.1286,     0.22578,      3.0502,      6.5278,      3.8263,      3.9394
      3.7336,      1089.0,      10.000,     0.57163,     0.61599,      4.7195,      4.8353,     0.70000,      2.1400,      2.5102,      2.0000,     0.24917,      3.2880,     0.21126,      3.0817,     0.23152,      3.2722,     0.24221,      3.3084,     0.24189,      3.2099,     0.23216,      3.1319,      1.8515,      3.8288,      3.9459
      3.7669,      1069.0,      10.000,     0.57123,     0.61566,      4.7186,      4.8344,     0.70000,      2.1400,      2.6633,      2.0000,     0.25806,      3.3460,     0.22101,      3.1541,     0.24210,      3.3539,     0.25131,      3.3904,     0.25050,      3.2913,     0.24019,      3.1955,      1.9925,      3.8288,      3.9459
      3.8003,      1075.0,      10.000,     0.57024,     0.61524,      4.7161,      4.8333,     0.70000,      2.1400,      2.8154,      2.0000,     0.26641,      3.4537,     0.22789,      3.2445,     0.24857,      3.4537,     0.25823,      3.4815,     0.25874,      3.3727,     0.24875,      3.2953,      1.7407,      3.8288,      3.9459
      3.8336,      1077.0,      10.000,     0.56254,     0.60800,      4.7019,      4.8194,     0.80000,      2.1400,      2.9573,      2.0000,     0.27059,      3.5448,     0.22866,      3.3168,     0.25150,      3.5263,     0.26215,      3.5636,     0.26300,      3.4540,     0.25295,      3.3860,      1.9830,      3.8308,      3.9527
      3.8669,      1081.0,      10.000,     0.56783,     0.61292,      4.7153,      4.8330,     0.80000,      2.1400,      3.0981,      2.0000,     0.27964,      3.6276,     0.23705,      3.3801,     0.26068,      3.5989,     0.27071,      3.6456,     0.27098,      3.5354,     0.26060,      3.4677,      5.8456,      3.8308,      3.9527
      3.9003,      1069.0,      10.000,     0.56674,     0.61189,      4.7126,      4.8302,     0.80000,      2.1400,      3.2349,      2.0000,     0.28217,      3.7021,     0.24172,      3.4524,     0.26510,      3.6806,     0.27517,      3.7367,     0.27451,      3.6167,     0.26356,      3.5313,      2.0435,      3.8308,      3.9527
      3.9336,      1086.0,      10.000,     0.56610,     0.61106,      4.7055,      4.8219,     0.70000,      2.1400,      3.3633,      2.0000,     0.28665,      3.7766,     0.24132,      3.5247,     0.26660,      3.7532,     0.27895,      3.8096,     0.27870,      3.6891,     0.26725,      3.5948,      3.8049,      3.8288,      3.9459
      3.9669,      1081.0,      10.000,     0.56899,     0.61591,      4.7183,      4.8408,     0.80000,      2.1400,      3.4854,      2.0000,     0.29654,      3.8429,     0.25275,      3.5880,     0.27881,      3.8258,     0.29045,      3.8916,     0.28956,      3.7704,     0.27780,      3.6946,      2.5430,      3.8308,      3.9527
      4.0003,      1086.0,      10.000,     0.56467,     0.61001,      4.7082,      4.8264,     0.80000,      2.1400,      3.6141,      2.0000,     0.29429,      3.9257,     0.24750,      3.6603,     0.27359,      3.8984,     0.28501,      3.9645,     0.28557,      3.8518,     0.27492,      3.7672,      2.2218,      3.8313,      3.9524
      4.0336,      1077.0,      10.000,     0.56491,     0.61103,      4.7035,      4.8232,     0.70000,      2.1400,      3.7253,      2.0000,     0.30426,      3.9837,     0.25894,      3.7326,     0.28474,      3.9801,     0.29623,      4.0465,     0.29574,      3.9331,     0.28392,      3.8217,      2.9582,      3.8292,      3.9456
      4.0669,      1087.0,      10.000,     0.56720,     0.61338,      4.7147,      4.8355,     0.80000,      2.1400,      3.8388,      2.0000,     0.31223,      4.0748,     0.26352,      3.8049,     0.29047,      4.0618,     0.30299,      4.1285,     0.30331,      4.0055,     0.29173,      3.9034,      2.4425,      3.8313,      3.9524
      4.1003,      1062.0,      10.000,     0.56879,     0.61386,      4.7188,      4.8368,     0.80000,      2.1400,      3.9469,      2.0000,     0.31544,      4.1576,     0.26558,      3.8682,     0.29334,      4.1344,     0.30591,      4.2014,     0.30587,      4.0687,     0.29397,      3.9669,      3.4226,      3.8313,      3.9524
      4.1336,      1085.0,      10.000,     0.55999,     0.60643,      4.6913,      4.8108,     0.70000,      2.1400,      4.0652,      2.0000,     0.32070,      4.2321,     0.27169,      3.9315,     0.29917,      4.2070,     0.31206,      4.2652,     0.31159,      4.1320,     0.29927,      4.0486,      2.8650,      3.8292,      3.9456
      4.1669,      1086.0,      10.000,     0.56587,     0.61248,      4.7113,      4.8331,     0.80000,      2.1400,      4.1805,      2.0000,     0.32814,      4.2984,     0.27995,      3.9948,     0.30747,      4.2705,     0.31986,      4.3381,     0.31966,      4.2043,     0.30766,      4.1121,      4.0783,      3.8313,      3.9524
      4.2003,      1081.0,      10.000,     0.56868,     0.61345,      4.7185,      4.8357,     0.80000,      2.1400,      4.2642,      2.0000,     0.33178,      4.3729,     0.27975,      4.0490,     0.30913,      4.3340,     0.32290,      4.3927,     0.32238,      4.2676,     0.30943,      4.1666,      2.0324,      3.8313,      3.9524
      4.2336,      1076.0,      10.000,     0.56611,     0.61155,      4.7119,      4.8307,     0.80000,      2.1400,      4.3632,      2.0000,     0.33660,      4.4392,     0.28765,      4.1123,     0.31514,      4.3976,     0.32711,      4.4656,     0.32668,      4.3399,     0.31393,      4.2573,      2.4203,      3.8313,      3.9524
      4.2669,      1072.0,      10.000,     0.56137,     0.60730,      4.7052,      4.8249,     0.90000,      2.1400,      4.4402,      2.0000,     0.32926,      4.5303,     0.27307,      4.1846,     0.30313,      4.4702,     0.31774,      4.5476,     0.31949,      4.4122,     0.30813,      4.2936,      1.4401,      3.8333,      3.9591
      4.3003,      1077.0,      10.000,     0.56847,     0.61382,      4.7136,      4.8323,     0.70000,      2.1400,      4.5445,      2.0000,     0.33972,      4.5965,     0.28827,      4.2479,     0.31792,      4.5337,     0.33036,      4.6023,     0.33047,      4.4665,     0.31721,      4.3571,      3.5864,      3.8297,      3.9453
      4.3336,      1080.0,      10.000,     0.56228,     0.60846,      4.7085,      4.8295,     0.90000,      2.1400,      4.6339,      2.0000,     0.34773,      4.6628,     0.29379,      4.3021,     0.32471,      4.5882,     0.33858,      4.6661,     0.33835,      4.5298,     0.32522,      4.4388,      2.8310,      3.8337,      3.9587
      4.3669,      1092.0,      10.000,     0.56393,     0.61089,      4.7073,      4.8302,     0.80000,      2.1400,      4.7027,      2.0000,     0.34906,      4.7042,     0.29196,      4.3564,     0.32284,      4.6517,     0.33792,      4.7299,     0.33886,      4.6021,     0.32628,      4.4933,      1.2353,      3.8317,      3.9520
      4.4003,      1091.0,      10.000,     0.56512,     0.61193,      4.7104,      4.8330,     0.80000,      2.1400,      4.7990,      2.0000,     0.35789,      4.7704,     0.29923,      4.4106,     0.33108,      4.7152,     0.34575,      4.8028,     0.34778,      4.6654,     0.33487,      4.5750,      3.9651,      3.8317,      3.9520
      4.4336,      1090.0,      10.000,     0.56342,     0.60887,      4.7114,      4.8306,     0.90000,      2.1400,      4.8809,      2.0000,     0.35742,      4.8449,     0.29518,      4.4558,     0.32816,      4.7697,     0.34410,      4.8483,     0.34643,      4.7106,     0.33486,      4.5840,      2.9128,      3.8337,      3.9587
      4.4669,      1082.0,      10.000,     0.56518,     0.61243,      4.7159,      4.8401,     0.90000,      2.1400,      4.9721,      2.0000,     0.36942,      4.9195,     0.31101,      4.5281,     0.34383,      4.8332,     0.35836,      4.9121,     0.35895,      4.7919,     0.34629,      4.6748,      1.8418,      3.8337,      3.9587
      4.5003,      1083.0,      10.000,     0.56825,     0.61437,      4.7184,      4.8395,     0.80000,      2.1400,      5.0374,      2.0000,     0.36271,      4.9775,     0.30128,      4.5643,     0.33377,      4.8967,     0.34949,      4.9759,     0.35190,      4.8371,     0.33934,      4.7383,      3.8409,      3.8317,      3.9520
      4.5336,      1071.0,      10.000,     0.56038,     0.60689,      4.6984,      4.8190,     0.80000,      2.1400,      5.1331,      2.0000,     0.37579,      5.0271,     0.31244,      4.6276,     0.34650,      4.9603,     0.36380,      5.0397,     0.36536,      4.9004,     0.35182,      4.8019,      2.5173,      3.8317,      3.9520
      4.5669,      1073.0,      10.000,     0.56119,     0.60732,      4.7056,      4.8263,     0.90000,      2.1400,      5.2014,      2.0000,     0.37161,      5.1017,     0.30964,      4.6908,     0.34316,      5.0238,     0.36010,      5.0852,     0.36130,      4.9637,     0.34758,      4.8291,      3.7281,      3.8337,      3.9587
      4.6003,      1084.0,      10.000,     0.55635,     0.60437,      4.6884,      4.8123,     0.80000,      2.1400,      5.2681,      2.0000,     0.37875,      5.1596,     0.30941,      4.7360,     0.34795,      5.0782,     0.36775,      5.1581,     0.36943,      5.0269,     0.35527,      4.9108,      1.9627,      3.8317,      3.9520
      4.6336,      1084.0,      10.000,     0.56023,     0.60767,      4.7032,      4.8273,     0.90000,      2.1400,      5.3221,      2.0000,     0.38151,      5.2259,     0.31246,      4.7993,     0.34985,      5.1509,     0.36769,      5.2310,     0.37062,      5.0902,     0.35785,      4.9834,      1.7848,      3.8337,      3.9587
      4.6669,      1079.0,      10.000,     0.56473,     0.61111,      4.7148,      4.8366,     0.90000,      2.1400,      5.3985,      2.0000,     0.38450,      5.2839,     0.31939,      4.8626,     0.35404,      5.2144,     0.37030,      5.2766,     0.37356,      5.1445,     0.36030,      5.0197,      1.8987,      3.8337,      3.9587
      4.7003,      1082.0,      10.000,     0.56271,     0.61013,      4.7096,      4.8340,     0.90000,      2.1400,      5.4331,      2.0000,     0.38822,      5.3336,     0.32457,      4.8987,     0.36034,      5.2688,     0.37894,      5.3404,     0.37875,      5.1897,     0.36415,      5.0650,      1.5736,      3.8337,      3.9587
      4.7336,      1082.0,      10.000,     0.56724,     0.61368,      4.7158,      4.8377,     0.80000,      2.1400,      5.4921,      2.0000,     0.40188,      5.4246,     0.33376,      4.9620,     0.36955,      5.3324,     0.38796,      5.4041,     0.39041,      5.2620,     0.37607,      5.1286,      2.2024,      3.8317,      3.9520
      4.7669,      1080.0,      10.000,     0.56499,     0.61129,      4.7110,      4.8326,     0.80000,      2.1400,      5.5469,      2.0000,     0.41626,      5.4826,     0.34927,      5.0163,     0.38443,      5.3959,     0.40220,      5.4679,     0.40385,      5.3253,     0.39001,      5.2193,      1.3309,      3.8322,      3.9517
      4.8003,      1087.0,      10.000,     0.56351,     0.60996,      4.7072,      4.8291,     0.80000,      2.1400,      5.6267,      2.0000,     0.42117,      5.5489,     0.34778,      5.0705,     0.38586,      5.4413,     0.40421,      5.5135,     0.40803,      5.3705,     0.39434,      5.2647,      2.4672,      3.8322,      3.9517
      4.8336,      1081.0,      10.000,     0.56343,     0.61055,      4.7124,      4.8364,     0.90000,      2.1400,      5.6496,      2.0000,     0.40789,      5.6317,     0.33069,      5.1157,     0.37053,      5.5048,     0.39172,      5.5955,     0.39667,      5.4428,     0.38329,      5.3464,      2.6517,      3.8342,      3.9583
      4.8669,      1080.0,      10.000,     0.56387,     0.61004,      4.7081,      4.8293,     0.80000,      2.1400,      5.7188,      2.0000,     0.41503,      5.6814,     0.34160,      5.1880,     0.38103,      5.5683,     0.40184,      5.6410,     0.40346,      5.5061,     0.38908,      5.3736,      1.5817,      3.8322,      3.9517
      4.9003,      1082.0,      10.000,     0.56010,     0.60819,      4.7038,      4.8301,     0.90000,      2.1400,      5.7737,      2.0000,     0.42442,      5.7311,     0.34883,      5.2242,     0.38994,      5.6228,     0.41047,      5.7139,     0.41350,      5.5693,     0.39910,      5.4462,      2.7125,      3.8342,      3.9583
      4.9336,      1073.0,      10.000,     0.56177,     0.60901,      4.7081,      4.8323,     0.90000,      2.1400,      5.7993,      2.0000,     0.42511,      5.7890,     0.34565,      5.2694,     0.38710,      5.6772,     0.40883,      5.7595,     0.41309,      5.6145,     0.39901,      5.4825,      2.1373,      3.8342,      3.9583
      4.9669,      1075.0,      10.000,     0.56449,     0.61091,      4.7151,      4.8374,     0.90000,      2.1400,      5.8471,      2.0000,     0.42674,      5.8222,     0.34897,      5.3417,     0.38899,      5.7589,     0.40921,      5.8233,     0.41389,      5.6778,     0.40074,      5.5642,      3.7948,      3.8342,      3.9583
      5.0003,      1069.0,      10.000,     0.56090,     0.60887,      4.7006,      4.8260,     0.80000,      2.1400,      5.9002,      2.0000,     0.43538,      5.8884,     0.35810,      5.3779,     0.39780,      5.8043,     0.41879,      5.8780,     0.42294,      5.7321,     0.40845,      5.6096,      1.2780,      3.8322,      3.9517
      5.0336,      1080.0,      10.000,     0.55813,     0.60523,      4.6989,      4.8218,     0.90000,      2.1400,      5.9393,      2.0000,     0.42571,      6.0209,     0.34365,      5.4321,     0.38738,      5.8678,     0.40981,      5.9509,     0.41422,      5.8044,     0.39992,      5.6822,      2.5892,      3.8342,      3.9583
      5.0669,      1092.0,      10.000,     0.56240,     0.60978,      4.7044,      4.8286,     0.80000,      2.1400,      5.9814,      2.0000,     0.44627,      6.0706,     0.36842,      5.4954,     0.40993,      5.9404,     0.43102,      6.0146,     0.43406,      5.8676,     0.41884,      5.7366,      1.6765,      3.8322,      3.9517
      5.1003,      1085.0,      10.000,     0.56450,     0.61285,      4.7152,      4.8426,     0.90000,      2.1400,      5.9827,      2.0000,     0.44634,      6.3522,     0.36266,      5.5315,     0.40595,      5.9949,     0.43022,      6.0784,     0.43598,      5.9219,     0.42148,      5.7729,      2.5469,      3.8342,      3.9583
      5.1336,      1079.0,      10.000,     0.56088,     0.60914,      4.7006,      4.8268,     0.80000,      2.1400,      6.0316,      2.0000,     0.44726,      6.6255,     0.36426,      5.5767,     0.40774,      6.0675,     0.43109,      6.1331,     0.43663,      5.9852,     0.42149,      5.8545,      1.6955,      3.8322,      3.9517
      5.1669,      1081.0,      10.000,     0.56063,     0.60730,      4.7052,      4.8276,     0.90000,      2.1400,      6.0433,      2.0000,     0.44509,      7.0727,     0.35678,      5.6490,     0.40193,      6.1219,     0.42671,      6.2242,     0.43184,      6.0575,     0.41795,      5.9182,      1.2861,      3.8342,      3.9583
      5.2003,      1085.0,      10.000,     0.56168,     0.60923,      4.7079,      4.8329,     0.90000,      2.1400,      6.0735,      2.0000,     0.45556,      9.2838,     0.36729,      5.6852,     0.41399,      6.1855,     0.43846,      6.2971,     0.44385,      6.1208,     0.42894,      5.9726,      1.6233,      3.8342,      3.9583
      5.2336,      1077.0,      10.000,     0.55792,     0.60610,      4.7036,      4.8302,      1.0000,      2.1400,      6.0958,      2.0000,     0.45221,      10.212,     0.36194,      5.7575,     0.40685,      6.2581,     0.43167,      6.3700,     0.43887,      6.1931,     0.42611,      6.0543,      2.2474,      3.8362,      3.9649
      5.2669,      1091.0,      10.000,     0.55753,     0.60534,      4.6922,      4.8161,     0.80000,      2.1400,      6.1324,      2.0000,     0.46551,      12.199,     0.37544,      5.8027,     0.42028,      6.3216,     0.44546,      6.4338,     0.45221,      6.2654,     0.43746,      6.1269,      1.2883,      3.8322,      3.9517
      5.3003,      1080.0,      10.000,     0.55771,     0.60618,      4.6978,      4.8245,     0.90000,      2.1400,      6.1481,      2.0000,     0.47648,      12.862,     0.38848,      5.9022,     0.43420,      6.4214,     0.45730,      6.5067,     0.46420,      6.3558,     0.44938,      6.2086,      1.8435,      3.8342,      3.9583
      5.3336,      1088.0,      10.000,     0.55552,     0.60469,      4.6923,      4.8202,     0.90000,      2.1400,      6.1529,      2.0000,     0.47339,      15.056,     0.37508,      5.9654,     0.42605,      6.4668,     0.45398,      6.6069,     0.46100,      6.4372,     0.44603,      6.2993,      2.4034,      3.8342,      3.9583
      5.3669,      1093.0,      10.000,     0.55900,     0.60715,      4.6959,      4.8212,     0.80000,      2.1400,      6.1647,      2.0000,     0.47977,      18.750,     0.38197,      6.0287,     0.43046,      6.5667,     0.45847,      6.6707,     0.46727,      6.5276,     0.45154,      6.3810,      1.4928,      3.8322,      3.9517
      5.4003,      1088.0,      10.000,     0.56011,     0.60884,      4.7038,      4.8318,     0.90000,      2.1400,      6.1602,      2.0000,     0.49011,      22.849,     0.39857,      6.1010,     0.44588,      6.6120,     0.47116,      6.7527,     0.47787,      6.6180,     0.46159,      6.4355,      1.1718,      3.8342,      3.9583
      5.4336,      1090.0,      10.000,     0.56076,     0.60894,      4.7055,      4.8321,     0.90000,      2.1400,      6.1624,      2.0000,     0.48793,      25.656,     0.39357,      6.1553,     0.44245,      6.6937,     0.46801,      6.8256,     0.47475,      6.6812,     0.45977,      6.4990,      1.9656,      3.8342,      3.9583
      5.4669,      1084.0,      10.000,     0.55716,     0.60460,      4.6964,      4.8200,     0.90000,      2.1400,      6.1372,      2.0000,     0.49006,      4.4806,     0.39082,      6.2457,     0.44057,      6.8026,     0.46722,      6.9349,     0.47566,      6.7897,     0.46096,      6.6261,      1.6308,      3.8342,      3.9583
      5.5003,      1081.0,      10.000,     0.55382,     0.60255,      4.6881,      4.8144,     0.90000,      2.1400,      6.1316,      2.0000,     0.49243,      15.089,     0.39262,      6.2909,     0.44281,      6.8843,     0.47062,      7.0260,     0.47867,      6.8801,     0.46347,      6.6896,      1.3249,      3.8342,      3.9583
      5.5336,      1081.0,      10.000,     0.55041,     0.59834,      4.6798,      4.8033,     0.90000,      2.1400,      6.1020,      2.0000,     0.49632,      25.184,     0.39405,      6.4265,     0.44598,      6.9932,     0.47419,      7.1901,     0.48234,      7.0609,     0.46690,      6.8620,      1.7403,      3.8342,      3.9583
      5.5669,      1088.0,      10.000,     0.55502,     0.60424,      4.6911,      4.8189,     0.90000,      2.1400,      6.0622,      2.0000,     0.50943,      8.6710,     0.40985,      6.4898,     0.46071,      7.1112,     0.48789,      7.3176,     0.49523,      7.1332,     0.47957,      6.9800,      1.1623,      3.8342,      3.9583
      5.6003,      1086.0,      10.000,     0.55440,     0.60225,      4.6845,      4.8080,     0.80000,      2.1400,      6.0203,      2.0000,     0.50978,      18.278,     0.40713,      6.5982,     0.45777,      7.2020,     0.48597,      7.4543,     0.49471,      7.2327,     0.47847,      7.0617,      1.6127,      3.8322,      3.9517
      5.6336,      1108.0,      10.000,     0.55050,     0.59965,      4.6750,      4.8011,     0.80000,      2.1400,      5.9725,      2.0000,     0.52020,      1.9382,     0.41546,      6.7429,     0.47188,      7.3925,     0.50278,      7.7002,     0.50828,      7.4497,     0.49019,      7.2342,      1.2441,      3.8322,      3.9517
      5.6669,      1095.0,      10.000,     0.55731,     0.60640,      4.6968,      4.8251,     0.90000,      2.1400,      5.9098,      2.0000,     0.56067,      13.797,     0.45626,      6.8965,     0.51080,      7.5015,     0.54212,      7.7914,     0.54738,      7.6846,     0.52678,      7.4610,      1.8177,      3.8342,      3.9583
      5.7003,      1094.0,      10.000,     0.54307,     0.59183,      4.6624,      4.7856,     0.90000,      2.1400,      5.8191,      2.0000,     0.53202,      22.866,     0.41558,      7.0231,     0.47618,      7.7737,     0.50860,      8.0010,     0.51813,      7.6756,     0.50164,      7.4883,      1.6015,      3.8342,      3.9583
      5.7336,      1094.0,      10.000,     0.53508,     0.58426,      4.6447,      4.7654,     0.90000,      2.1400,      5.8691,      2.0000,     0.52234,      2.0789,     0.39276,      7.3847,     0.46107,      8.0097,     0.49917,      7.9737,     0.51125,      7.7389,     0.49464,      7.3703,      2.5167,      3.8342,      3.9583
      5.7669,      1084.0,      10.000,     0.51805,     0.56618,      4.6104,      4.7194,     0.90000,      2.1400,      5.8737,      2.0000,     0.51901,      2.1286,     0.38660,      7.4299,     0.45871,      8.1458,     0.49736,      8.0010,     0.50946,      7.6666,     0.49248,      7.4247,      2.2500,      3.8342,      3.9583
      5.8003,      1083.0,      10.000,     0.53210,     0.58210,      4.6384,      4.7598,     0.90000,      2.1400,      5.8641,      2.0000,     0.55330,      2.4516,     0.41237,      7.2762,     0.48854,      8.0278,     0.53166,      8.1286,     0.54352,      7.9287,     0.52462,      7.7424,      2.0439,      3.8342,      3.9583
      5.8336,      1096.0,      10.000,     0.51994,     0.56824,      4.6140,      4.7243,     0.90000,      2.1400,      5.8286,      2.0000,     0.55368,      2.5510,     0.40627,      7.6649,     0.48509,      8.3183,     0.52930,      8.3017,     0.54445,      8.0191,     0.52642,      7.8241,      2.7777,      3.8342,      3.9583
      5.8669,      1080.0,      10.000,     0.51782,     0.56624,      4.6099,      4.7195,     0.90000,      2.1400,      5.7962,      2.0000,     0.55932,      5.8304,     0.40498,      7.3214,     0.48819,      8.1549,     0.53615,      8.3199,     0.55066,      8.0824,     0.53246,      7.9148,      1.6906,      3.8342,      3.9583
      5.9003,      1080.0,      10.000,     0.52468,     0.57303,      4.6278,      4.7417,      1.0000,      2.1400,      5.8703,      2.0000,     0.56168,      9.6233,     0.40023,      7.8638,     0.48128,      8.4998,     0.52993,      8.3290,     0.55030,      8.1638,     0.53655,      7.7696,      2.4229,      3.8362,      3.9649
      5.9336,      1087.0,      10.000,     0.51695,     0.56506,      4.6083,      4.7166,     0.90000,      2.1400,      5.8193,      2.0000,     0.56081,      10.882,     0.40149,      8.1892,     0.48774,      8.8537,     0.53614,      8.5568,     0.55240,      8.4530,     0.53472,      8.0237,      1.9064,      3.8342,      3.9583
      5.9669,      1068.0,      10.000,     0.52123,     0.57081,      4.6211,      4.7358,      1.0000,      2.1400,      5.7538,      2.0000,     0.57233,      12.936,     0.40515,      7.7282,     0.49109,      8.4907,     0.54172,      8.6480,     0.56127,      8.4350,     0.54661,      8.2052,      2.6545,      3.8362,      3.9649
      6.0002,      1094.0,      10.000,     0.53074,     0.58082,      4.6401,      4.7619,      1.0000,      2.1400,      5.8385,      2.0000,     0.62588,      18.866,     0.45919,      7.9813,     0.54108,      8.7539,     0.59069,      8.8211,     0.61076,      8.6429,     0.59480,      8.2688,      2.0083,      3.8362,      3.9649
      6.0336,      1087.0,      10.000,     0.51614,     0.56518,      4.6113,      4.7219,      1.0000,      2.1400,      5.7759,      2.0000,     0.59013,      21.242,     0.41464,      8.4604,     0.50726,      9.2077,     0.56083,      8.9851,     0.58076,      8.7604,     0.56452,      8.2778,      1.6437,      3.8362,      3.9649
      6.0669,      1091.0,      10.000,     0.51364,     0.56285,      4.6021,      4.7109,     0.90000,      2.1400,      5.6634,      2.0000,     0.59597,      25.143,     0.42068,      8.1440,     0.51006,      8.8810,     0.56319,      9.0398,     0.58550,      8.7965,     0.56886,      8.5683,      1.7133,      3.8342,      3.9583
      6.1002,      1088.0,      10.000,     0.52572,     0.57707,      4.6299,      4.7522,      1.0000,      2.1400,      5.7006,      2.0000,     0.61720,      16.688,     0.43078,      8.0898,     0.52105,      8.8356,     0.57928,      9.0398,     0.60553,      8.8508,     0.59036,      8.4957,      2.2177,      3.8362,      3.9649
      6.1336,      1087.0,      10.000,     0.51784,     0.56774,      4.6145,      4.7280,      1.0000,      2.1400,      5.6783,      2.0000,     0.62360,      5.5489,     0.44840,      8.8400,     0.54091,      9.3980,     0.59384,      9.3861,     0.61204,      9.1583,     0.59461,      8.6954,      1.5193,      3.8362,      3.9649
      6.1669,      1100.0,      10.000,     0.52202,     0.57242,      4.6226,      4.7401,      1.0000,      2.1400,      5.6149,      2.0000,     0.63265,      6.7248,     0.44810,      9.2830,     0.54199,      9.6342,     0.59898,      9.5136,     0.62118,      9.3118,     0.60474,      8.8678,      1.3499,      3.8362,      3.9649
      6.2002,      1092.0,      10.000,     0.51307,     0.56192,      4.6107,      4.7186,      1.1000,      2.1400,      5.5689,      2.0000,     0.61587,      7.6772,     0.42201,      8.9215,     0.52277,      9.9700,     0.58207,      9.7687,     0.60427,      9.5107,     0.59209,      9.0220,      3.6432,      3.8382,      3.9700
      6.2336,      1093.0,      10.000,     0.51062,     0.55920,      4.6112,      4.7164,      1.2000,      2.1400,      5.5228,      2.0000,     0.62683,      6.1203,     0.41779,      8.9305,     0.52224,      9.8884,     0.58466,      9.8234,     0.61343,      9.7005,     0.60586,      9.1672,      18.173,      3.8403,      3.9750
      6.2669,      1084.0,      10.000,     0.51422,     0.56355,      4.6070,      4.7172,      1.0000,      2.1400,      5.4826,      2.0000,     0.63727,      8.8200,     0.44223,      9.1565,     0.54375,      9.9156,     0.60384,      9.9054,     0.62867,      9.8000,     0.61063,      9.1672,      2.6215,      3.8357,      3.9654
      6.3002,      1068.0,      10.000,     0.53387,     0.58443,      4.6460,      4.7702,      1.0000,      2.1400,      5.4812,      2.0000,     0.70857,      10.112,     0.51109,      9.2107,     0.60591,      10.542,     0.66688,      10.379,     0.69297,      9.9265,     0.67464,      9.4395,      2.3019,      3.8357,      3.9654
      6.3336,      1088.0,      10.000,     0.51790,     0.56882,      4.6139,      4.7296,      1.0000,      2.1400,      5.3720,      2.0000,     0.68466,      11.843,     0.47224,      9.7260,     0.57702,      10.251,     0.64439,      10.088,     0.67331,      9.9356,     0.65564,      9.4940,      1.1343,      3.8357,      3.9654
      6.3669,      1075.0,      10.000,     0.51016,     0.56055,      4.5995,      4.7094,      1.0000,      2.1400,      5.3342,      2.0000,     0.65924,      9.4494,     0.43838,      9.5542,     0.55221,      10.778,     0.62268,      10.807,     0.65211,      10.388,     0.63423,      9.9568,      1.5097,      3.8357,      3.9654
      6.4002,      1086.0,      10.000,     0.51573,     0.56644,      4.6098,      4.7240,      1.0000,      2.1400,      5.2931,      2.0000,     0.70175,      7.5033,     0.48464,      9.7983,     0.59581,      10.605,     0.66298,      10.343,     0.69096,      10.153,     0.67213,      9.6936,      2.2005,      3.8357,      3.9654
      6.4336,      1091.0,      10.000,     0.52009,     0.57158,      4.6181,      4.7368,      1.0000,      2.1400,      5.2121,      2.0000,     0.71363,      3.1141,     0.49392,      9.9339,     0.60353,      10.478,     0.67281,      10.370,     0.70244,      10.207,     0.68320,      9.8842,      1.7335,      3.8357,      3.9654
      6.4669,      1095.0,      10.000,     0.51909,     0.56948,      4.6213,      4.7362,      1.1000,      2.1400,      5.1078,      2.0000,     0.73087,      2.5179,     0.50623,      9.8797,     0.61398,      10.596,     0.68124,      10.643,     0.71492,      10.351,     0.70166,      10.002,      2.1025,      3.8378,      3.9705
      6.5002,      1082.0,      10.000,     0.51875,     0.56966,      4.6155,      4.7318,      1.0000,      2.1400,      5.1523,      2.0000,     0.71500,     0.31498,     0.48422,      10.124,     0.59960,      10.968,     0.67560,      10.780,     0.70695,      10.523,     0.68608,      9.9931,      1.5414,      3.8357,      3.9654
      6.5336,      1084.0,      10.000,     0.51182,     0.56263,      4.6077,      4.7194,      1.1000,      2.1400,      5.0811,      2.0000,     0.72197,     0.39780,     0.46870,      9.7983,     0.59164,      10.651,     0.67173,      10.789,     0.70964,      10.559,     0.69829,      10.029,      2.6286,      3.8378,      3.9705
      6.5669,      1081.0,      10.000,     0.51310,     0.56362,      4.6101,      4.7218,      1.1000,      2.1400,      5.0560,      2.0000,     0.71654,      25.789,     0.48326,      9.9791,     0.60299,      11.005,     0.67710,      10.853,     0.70799,      10.803,     0.69037,      10.147,      3.0105,      3.8378,      3.9705
      6.6002,      1082.0,      10.000,     0.52351,     0.57543,      4.6299,      4.7517,      1.1000,      2.1400,      4.8986,      2.0000,     0.75698,      1.0189,     0.51268,      10.097,     0.62698,      10.932,     0.70155,      10.871,     0.74084,      10.605,     0.72834,      10.329,      2.1736,      3.8378,      3.9705
      6.6336,      1089.0,      10.000,     0.51431,     0.56480,      4.6123,      4.7245,      1.1000,      2.1400,      4.9594,      2.0000,     0.72955,      2.3191,     0.50559,      10.413,     0.61793,      11.195,     0.68836,      11.053,     0.71813,      10.858,     0.69996,      10.274,      2.3052,      3.8378,      3.9705
      6.6669,      1081.0,      10.000,     0.50936,     0.55959,      4.6132,      4.7210,      1.3000,      2.1400,      4.8583,      2.0000,     0.73110,      3.1224,     0.48906,      10.666,     0.61261,      11.495,     0.68824,      11.299,     0.72199,      10.993,     0.70690,      10.456,      12.601,      3.8419,      3.9807
      6.7002,      1085.0,      10.000,     0.51496,     0.56537,      4.6084,      4.7215,      1.0000,      2.1400,      4.8148,      2.0000,     0.74379,      2.6421,     0.50498,      10.702,     0.62203,      11.758,     0.69586,      11.336,     0.73118,      11.138,     0.71400,      10.628,      3.3177,      3.8357,      3.9654
      6.7336,      1090.0,      10.000,     0.51412,     0.56445,      4.6068,      4.7193,      1.0000,      2.1400,      4.7713,      2.0000,     0.76357,      1.0769,     0.53525,      10.738,     0.64900,      11.468,     0.72207,      11.327,     0.75144,      11.111,     0.73071,      10.501,      2.1553,      3.8357,      3.9654
      6.7669,      1074.0,      10.000,     0.51358,     0.56406,      4.6058,      4.7184,      1.0000,      2.1400,      4.7196,      2.0000,     0.72759,      21.681,     0.48071,      10.404,     0.60423,      11.903,     0.68587,      12.274,     0.71965,      11.816,     0.70080,      11.436,      2.3162,      3.8357,      3.9654
      6.8002,      1090.0,      10.000,     0.51097,     0.56154,      4.6009,      4.7120,      1.0000,      2.1400,      4.6485,      2.0000,     0.74319,      17.872,     0.49173,      10.847,     0.61837,      12.039,     0.69724,      11.700,     0.73319,      11.400,     0.71642,      10.910,      2.0553,      3.8357,      3.9654
      6.8336,      1084.0,      10.000,     0.52547,     0.57838,      4.6287,      4.7545,      1.0000,      2.1400,      4.5193,      2.0000,     0.80418,      8.5799,     0.55947,      11.010,     0.67778,      12.411,     0.75713,      12.211,     0.79219,      11.680,     0.76922,      11.200,      2.1830,      3.8357,      3.9654
      6.8669,      1095.0,      10.000,     0.51989,     0.56796,      4.6170,      4.7267,      1.0000,      2.1400,      4.4533,      2.0000,     0.81312,      4.0996,     0.58376,      11.398,     0.70318,      12.384,     0.76947,      12.056,     0.79746,      11.816,     0.77532,      11.345,      2.3212,      3.8353,      3.9658
      6.9002,      1093.0,      10.000,     0.51692,     0.56710,      4.6113,      4.7247,      1.0000,      2.1400,      4.4715,      2.0000,     0.78312,     0.22389,     0.53643,      10.865,     0.66393,      12.493,     0.74250,      12.876,     0.77319,      12.376,     0.75094,      12.081,      2.1675,      3.8353,      3.9658
      6.9336,      1092.0,      10.000,     0.51279,     0.56310,      4.6138,      4.7241,      1.2000,      2.1400,      4.3938,      2.0000,     0.79227,      10.245,     0.51670,      11.272,     0.65109,      12.765,     0.73589,      12.530,     0.77811,      12.141,     0.76783,      11.609,      11.665,      3.8394,      3.9761
      6.9669,      1077.0,      10.000,     0.50684,     0.55657,      4.5981,      4.7032,      1.1000,      2.1400,      4.3291,      2.0000,     0.79016,      24.638,     0.49759,      11.353,     0.64200,      13.174,     0.73587,      12.903,     0.78105,      12.322,     0.76688,      11.699,      2.0902,      3.8373,      3.9710
      7.0002,      1088.0,      10.000,     0.52730,     0.57813,      4.6316,      4.7528,      1.0000,      2.1400,      4.3179,      2.0000,     0.83963,      18.336,     0.57701,      11.407,     0.71387,      12.956,     0.79784,      13.067,     0.82926,      12.919,     0.80479,      12.444,      3.0068,      3.8353,      3.9658
      7.0336,      1088.0,      10.000,     0.51346,     0.56245,      4.6101,      4.7181,      1.1000,      2.1400,      4.2150,      2.0000,     0.81584,      11.727,     0.55487,      11.181,     0.69184,      12.892,     0.77528,      13.085,     0.80755,      12.512,     0.78506,      12.108,      1.6721,      3.8373,      3.9710
      7.0669,      1081.0,      10.000,     0.52107,     0.57021,      4.6244,      4.7371,      1.1000,      2.1400,      4.0967,      2.0000,     0.86697,      10.874,     0.58751,      11.561,     0.72850,      13.219,     0.81970,      13.523,     0.85592,      13.217,     0.83414,      13.052,      1.7062,      3.8373,      3.9710
      7.1002,      1091.0,      10.000,     0.50823,     0.55892,      4.6005,      4.7091,      1.1000,      2.1400,      4.0367,      2.0000,     0.84257,      4.3149,     0.53896,      11.362,     0.69003,      12.992,     0.78957,      12.894,     0.83804,      12.539,     0.81552,      11.863,      2.1681,      3.8373,      3.9710
      7.1336,      1091.0,      10.000,     0.51170,     0.56382,      4.6068,      4.7214,      1.1000,      2.1400,      3.9875,      2.0000,     0.84986,      21.317,     0.53470,      11.155,     0.68579,      12.656,     0.78677,      12.566,     0.83938,      12.232,     0.82459,      11.772,      2.2582,      3.8373,      3.9710
      7.1669,      1081.0,      10.000,     0.51924,     0.56936,      4.6209,      4.7349,      1.1000,      2.1400,      3.9671,      2.0000,     0.85556,      16.845,     0.56303,      10.684,     0.70742,      12.248,     0.80204,      12.320,     0.84435,      12.277,     0.82570,      11.590,      3.3113,      3.8373,      3.9710
      7.2002,      1081.0,      10.000,     0.50842,     0.55926,      4.6009,      4.7100,      1.1000,      2.1400,      3.9305,      2.0000,     0.81273,      13.764,     0.51618,      10.359,     0.65935,      11.903,     0.75453,      12.010,     0.80287,      11.970,     0.78830,      11.427,      2.5942,      3.8373,      3.9710
      7.2336,      1089.0,      10.000,     0.50587,     0.55623,      4.6161,      4.7210,      1.5000,      2.1400,      3.9251,      2.0000,     0.78023,      7.0147,     0.45442,      9.9791,     0.59901,      11.576,     0.70149,      11.700,     0.76569,      11.590,     0.77011,      11.082,      12.385,      3.8456,      3.9915
      7.2669,      1088.0,      10.000,     0.50802,     0.55815,      4.6001,      4.7072,      1.1000,      2.1400,      3.9486,      2.0000,     0.80095,      5.9712,     0.48739,      9.6085,     0.63530,      11.168,     0.74015,      11.491,     0.79359,      11.536,     0.77955,      11.109,      1.6447,      3.8373,      3.9710
      7.3002,      1107.0,      10.000,     0.51177,     0.56191,      4.6120,      4.7212,      1.2000,      2.1400,      3.8966,      2.0000,     0.78809,      4.8615,     0.49341,      8.9757,     0.62788,      10.442,     0.72120,      10.990,     0.77472,      11.066,     0.76655,      10.674,      2.1232,      3.8394,      3.9761
      7.3336,      1086.0,      10.000,     0.52990,     0.58159,      4.6469,      4.7715,      1.2000,      2.1400,      3.9801,      2.0000,     0.79536,      3.0313,     0.50902,      8.5870,     0.63234,      10.161,     0.72336,      10.653,     0.77702,      10.686,     0.77147,      10.365,      2.4332,      3.8394,      3.9761
      7.3669,      1085.0,      10.000,     0.51819,     0.57137,      4.6240,      4.7450,      1.2000,      2.1400,      3.8738,      2.0000,     0.74503,      2.7829,     0.43365,      8.5599,     0.56455,      9.8067,     0.66591,      10.397,     0.73060,      10.496,     0.72999,      10.211,      2.0571,      3.8394,      3.9761
      7.4002,      1084.0,      10.000,     0.53275,     0.58465,      4.6527,      4.7797,      1.2000,      2.1400,      3.9082,      2.0000,     0.74785,      3.9009,     0.46707,      8.2887,     0.58251,      9.7704,     0.67055,      10.179,     0.72660,      10.234,     0.72758,      10.093,      1.5245,      3.8394,      3.9761
      7.4336,      1099.0,      10.000,     0.52048,     0.57183,      4.6233,      4.7413,      1.1000,      2.1400,      4.0155,      2.0000,     0.75288,      8.3314,     0.46509,      8.0808,     0.58744,      9.3801,     0.68014,      10.024,     0.73697,      10.107,     0.73108,      9.8752,      1.8109,      3.8373,      3.9710
      7.4669,      1089.0,      10.000,     0.52943,     0.58203,      4.6409,      4.7677,      1.1000,      2.1400,      4.0170,      2.0000,     0.73725,      7.4288,     0.47393,      7.6920,     0.58357,      9.0171,     0.66894,      9.6867,     0.72000,      9.8271,     0.71321,      9.6392,      1.0963,      3.8373,      3.9710
      7.5002,      1092.0,      10.000,     0.53084,     0.58209,      4.6439,      4.7678,      1.1000,      2.1400,      4.0606,      2.0000,     0.71072,      10.121,     0.44395,      7.7734,     0.55562,      9.1714,     0.63992,      9.5956,     0.69448,      9.6011,     0.68974,      9.4758,      1.7304,      3.8373,      3.9710
      7.5336,      1090.0,      10.000,     0.54115,     0.59349,      4.6662,      4.7987,      1.1000,      2.1400,      4.0592,      2.0000,     0.72269,      13.185,     0.48122,      7.5293,     0.58112,      8.6813,     0.65585,      9.4316,     0.70227,      9.5016,     0.69699,      9.2852,      1.6286,      3.8373,      3.9710
      7.5669,      1096.0,      10.000,     0.53979,     0.59193,      4.6632,      4.7946,      1.1000,      2.1400,      4.0584,      2.0000,     0.69653,      17.706,     0.45857,      7.4751,     0.55371,      8.6359,     0.62647,      9.2767,     0.67539,      9.3841,     0.67292,      9.1763,      2.2469,      3.8373,      3.9710
      7.6002,      1090.0,      10.000,     0.53871,     0.59054,      4.6607,      4.7908,      1.1000,      2.1400,      4.1400,      2.0000,     0.67529,      19.346,     0.45113,      7.2943,     0.54652,      8.3999,     0.61750,      9.0671,     0.65915,      9.0949,     0.65173,      8.8950,      1.6104,      3.8373,      3.9710
      7.6336,      1095.0,      10.000,     0.54032,     0.59146,      4.6643,      4.7934,      1.1000,      2.1400,      4.2338,      2.0000,     0.65163,      21.441,     0.43671,      7.1587,     0.52806,      8.2184,     0.59575,      8.8120,     0.63612,      8.8870,     0.62790,      8.6500,      1.7184,      3.8373,      3.9710
      7.6669,      1086.0,      10.000,     0.54310,     0.59386,      4.6708,      4.7997,      1.1000,      2.1400,      4.2738,      2.0000,     0.64768,      22.468,     0.43892,      7.0502,     0.53182,      8.0732,     0.59768,      8.6388,     0.63279,      8.6700,     0.62271,      8.4593,      2.6497,      3.8373,      3.9710
      7.7002,      1089.0,      10.000,     0.54553,     0.59558,      4.6714,      4.7993,      1.0000,      2.1400,      4.3774,      2.0000,     0.66037,      22.551,     0.47126,      6.9146,     0.55153,      7.8917,     0.60843,      8.4657,     0.64155,      8.4982,     0.63052,      8.2506,      2.1902,      3.8353,      3.9658
      7.7336,      1084.0,      10.000,     0.54651,     0.59633,      4.6746,      4.8024,      1.0000,      2.1400,      4.5138,      2.0000,     0.59511,      22.311,     0.41713,      6.8061,     0.49491,      7.6648,     0.54883,      8.2470,     0.57846,      8.2542,     0.56937,      7.9783,      1.3829,      3.8357,      3.9654
      7.7669,      1084.0,      10.000,     0.55610,     0.60688,      4.6981,      4.8310,      1.0000,      2.1400,      4.5955,      2.0000,     0.58918,      22.071,     0.41157,      6.5892,     0.48675,      7.4470,     0.54169,      7.9737,     0.57397,      7.9830,     0.56482,      7.6970,      1.3342,      3.8357,      3.9654
      7.8002,      1086.0,      10.000,     0.55359,     0.60251,      4.6967,      4.8241,      1.1000,      2.1400,      4.7513,      2.0000,     0.58974,      21.913,     0.43595,      6.3722,     0.50373,      7.2473,     0.54681,      7.6730,     0.57019,      7.6575,     0.56363,      7.4429,      1.3892,      3.8378,      3.9705
      7.8336,      1070.0,      10.000,     0.54765,     0.60015,      4.6773,      4.8124,      1.0000,      2.1400,      4.8948,      2.0000,     0.57643,      21.623,     0.41428,      6.2276,     0.48278,      7.0658,     0.53269,      7.4543,     0.56121,      7.4315,     0.55199,      7.2523,      1.2118,      3.8357,      3.9654
      7.8669,      1098.0,      10.000,     0.55500,     0.60572,      4.7002,      4.8330,      1.1000,      2.1400,      5.0172,      2.0000,     0.55618,      21.450,     0.40569,      6.0830,     0.47070,      6.8480,     0.51540,      7.1809,     0.54012,      7.1423,     0.53192,      6.9619,      1.0188,      3.8378,      3.9705
      7.9002,      1096.0,      10.000,     0.55173,     0.60402,      4.6920,      4.8284,      1.1000,      2.1400,      5.1450,      2.0000,     0.52392,      21.226,     0.37953,      5.9474,     0.44382,      6.6937,     0.48728,      6.9623,     0.50962,      6.9524,     0.50083,      6.7803,      1.1889,      3.8378,      3.9705
      7.9336,      1087.0,      10.000,     0.55259,     0.60366,      4.6893,      4.8220,      1.0000,      2.1400,      5.2645,      2.0000,     0.51656,      21.002,     0.37809,      5.8208,     0.44008,      6.5122,     0.48094,      6.7983,     0.50224,      6.7535,     0.49246,      6.5898,      1.1048,      3.8357,      3.9654
      7.9669,      1072.0,      10.000,     0.55831,     0.60853,      4.7037,      4.8354,      1.0000,      2.1400,      5.3700,      2.0000,     0.49480,      20.853,     0.37312,      5.7394,     0.43096,      6.4033,     0.46793,      6.6433,     0.48299,      6.6089,     0.46980,      6.4355,      1.7590,      3.8357,      3.9654
      8.0003,      1078.0,      10.000,     0.55494,     0.60497,      4.6960,      4.8271,      1.0000,      2.1400,      5.5203,      2.0000,     0.48586,      20.671,     0.36798,      5.6400,     0.42157,      6.2762,     0.45512,      6.4976,     0.47167,      6.4372,     0.46160,      6.2903,      1.5019,      3.8362,      3.9649
      8.0336,      1087.0,      10.000,     0.55796,     0.60743,      4.7037,      4.8338,      1.0000,      2.1400,      5.6430,      2.0000,     0.47800,      20.547,     0.36258,      5.5406,     0.41691,      6.1492,     0.45089,      6.3518,     0.46436,      6.2744,     0.45301,      6.1269,      2.0242,      3.8362,      3.9649
      8.0669,      1079.0,      10.000,     0.55715,     0.60684,      4.7016,      4.8322,      1.0000,      2.1400,      5.7844,      2.0000,     0.47523,      20.414,     0.36339,      5.4683,     0.41728,      6.0312,     0.45014,      6.2151,     0.46395,      6.1479,     0.45096,      5.9817,      1.2442,      3.8362,      3.9649
      8.1002,      1087.0,      10.000,     0.55760,     0.60599,      4.7028,      4.8299,      1.0000,      2.1400,      5.9170,      2.0000,     0.46152,      20.307,     0.35237,      5.3779,     0.40245,      5.9314,     0.43261,      6.1058,     0.44750,      6.0304,     0.43721,      5.8728,      1.7631,      3.8362,      3.9649
      8.1336,      1087.0,      10.000,     0.55812,     0.60618,      4.7041,      4.8304,      1.0000,      2.1400,      6.0154,      2.0000,     0.45864,      20.166,     0.35410,      5.3055,     0.40504,      5.8406,     0.43423,      6.0146,     0.44538,      5.9580,     0.43394,      5.8002,      1.6986,      3.8362,      3.9649
      8.1669,      1079.0,      10.000,     0.55742,     0.60536,      4.7023,      4.8282,      1.0000,      2.1400,      6.1807,      2.0000,     0.44625,      20.075,     0.34817,      5.2332,     0.39531,      5.7317,     0.42248,      5.9053,     0.43282,      5.8315,     0.42175,      5.6913,      1.5129,      3.8362,      3.9649
      8.2002,      1094.0,      10.000,     0.56383,     0.61174,      4.7134,      4.8396,     0.90000,      2.1400,      6.2979,      2.0000,     0.44199,      19.951,     0.34846,      5.1699,     0.39427,      5.6500,     0.42056,      5.8142,     0.43016,      5.7230,     0.41707,      5.5914,      2.2568,      3.8342,      3.9583
      8.2336,      1085.0,      10.000,     0.55707,     0.60619,      4.7014,      4.8305,      1.0000,      2.1400,      6.4334,      2.0000,     0.43009,      19.851,     0.33558,      5.0976,     0.38350,      5.5774,     0.41106,      5.7413,     0.41970,      5.6417,     0.40632,      5.5098,      1.0141,      3.8362,      3.9649
      8.2669,      1093.0,      10.000,     0.56125,     0.61019,      4.7077,      4.8368,     0.90000,      2.1400,      6.5415,      2.0000,     0.42527,      19.768,     0.33500,      5.0343,     0.38126,      5.4867,     0.40709,      5.6502,     0.41551,      5.5513,     0.40228,      5.4099,      1.5347,      3.8346,      3.9579
      8.3002,      1085.0,      10.000,     0.56225,     0.61079,      4.7103,      4.8384,     0.90000,      2.1400,      6.6743,      2.0000,     0.42939,      19.710,     0.34828,      4.9711,     0.39043,      5.4141,     0.41373,      5.5774,     0.41924,      5.4788,     0.40559,      5.3555,      1.7077,      3.8346,      3.9579
      8.3336,      1096.0,      10.000,     0.54978,     0.59783,      4.6683,      4.7905,     0.70000,      2.1400,      6.4834,      2.0000,     0.41171,      19.934,     0.33068,      5.1971,     0.37507,      5.6228,     0.39810,      5.8597,     0.40202,      5.7953,     0.38673,      5.6005,      1.0647,      3.8302,      3.9451
      8.3669,      1098.0,      10.000,     0.51222,     0.56268,      4.5856,      4.6948,     0.60000,      2.1400,      6.0691,      2.0000,     0.37019,      20.986,     0.27847,      5.8389,     0.33179,      5.9223,     0.35902,      5.7413,     0.36543,      5.4789,     0.35038,      5.2738,      8.9146,      3.8282,      3.9384
      8.4002,      1076.0,      10.000,     0.53279,     0.58277,      4.6203,      4.7388,     0.50000,      2.1400,      5.4696,      2.0000,     0.49544,      21.102,     0.42588,      6.4626,     0.47613,      6.7663,     0.49198,      6.7891,     0.48477,      6.4824,     0.46310,      6.3719,      4.3201,      3.8257,      3.9320
      8.4336,      1092.0,      10.000,     0.45799,     0.52692,      4.5068,      4.6225,     0.80000,      2.1400,      4.6425,      2.0000,     0.33037,      13.889,     0.16919,      26.305,     0.24704,      8.7267,     0.30697,      8.2288,     0.33453,      7.4767,     0.32304,      7.0889,      1211.8,      3.8317,      3.9520
      8.4669,      1087.0,      10.000,     0.77356,     0.78285,      5.2048,      5.2291,      0.0000,      2.1400,    -0.11177,      2.0000,   0.0097919,      15.893,   0.0087394,      7.9813,   0.0094521,      4.5700,   0.0097614,      1.1489,   0.0096696,      1.2031,   0.0093207,      1.1262,      518.10,      3.8133,      3.8981
      8.5002,      1092.0,      10.000,     0.76405,     0.77755,      5.2157,      5.2511,     0.60000,      2.1400,    -0.10501,      2.0000,    0.015080,      14.684,    0.012492,      7.2672,    0.014122,      3.6261,    0.014837,   0.0099403,    0.014860,   0.0098617,    0.014264,    0.037128,      535.41,      3.8254,      3.9399
      8.5336,      1074.0,      10.000,     0.77754,     0.79120,      5.2900,      5.3180,      3.4000,      1.4100,   -0.096117,      2.0000,    0.013518,      14.650,    0.011911,      7.2581,    0.012264,      3.6261,    0.012571,  0.00082880,    0.013135,   0.0098617,    0.014084,  0.00082551,      996.74,      3.9071,      4.0604
      8.5669,      1078.0,      10.000,     0.76460,     0.77905,      5.2054,      5.2434,     0.40000,      2.1400,   -0.088133,      2.0000,    0.015890,      14.684,    0.013153,      7.2491,    0.014796,      3.6261,    0.015660,   0.0099403,    0.015688,  0.00082137,    0.015041,    0.028052,      1327.5,      3.8214,      3.9259
      8.6002,      1100.0,      10.000,     0.76566,     0.78208,      5.1841,      5.2271,      0.0000,      2.1400,   -0.083195,      2.0000,    0.018663,      14.659,    0.015205,      7.2581,    0.017267,      3.6171,    0.018310,   0.0099403,    0.018469,  0.00082137,    0.017548,  0.00082551,      946.96,      3.8133,      3.8981
      8.6336,      1078.0,      10.000,     0.77242,     0.78274,      5.2018,      5.2288,      0.0000,      2.1400,   -0.077074,      2.0000,    0.011026,      14.675,   0.0096829,      7.2491,    0.010600,      3.6261,    0.010988,   0.0099403,    0.010885,  0.00082137,    0.010467,    0.018977,      973.85,      3.8133,      3.8981
      8.6669,      1086.0,      10.000,     0.76497,     0.78202,      5.1823,      5.2269,      0.0000,      2.1400,   -0.074185,      2.0000,    0.018823,      14.675,    0.015949,      7.2491,    0.017548,      3.6171,    0.018498,  0.00082880,    0.018539,  0.00082137,    0.017661,    0.018977,      984.75,      3.8133,      3.8981
      8.7002,      1093.0,      10.000,     0.76258,     0.77594,      5.2236,      5.2586,     0.80000,      2.1400,   -0.070014,      2.0000,    0.014522,      14.659,    0.012323,      7.2581,    0.013718,      3.6261,    0.014416,  0.00082880,    0.014358,  0.00082137,    0.013728,    0.037128,      1521.7,      3.8295,      3.9538
      8.7336,      1085.0,      10.000,     0.77051,     0.78279,      5.2561,      5.2884,      1.0000,      2.1400,   -0.066053,      2.0000,    0.013513,      14.659,    0.011422,      7.2581,    0.012595,      3.6261,    0.013207,   0.0099403,    0.013206,   0.0098617,    0.012746,    0.018977,      1053.0,      3.8335,      3.9677
      8.7669,      1083.0,      10.000,     0.76630,     0.78214,      5.1858,      5.2273,      0.0000,      2.1400,   -0.062271,      2.0000,    0.017289,      14.675,    0.014992,      7.2491,    0.016431,      3.6171,    0.017180,   0.0099403,    0.017017,  -0.0082181,    0.016285,  -0.0082507,      1553.0,      3.8133,      3.8981
      8.8002,      1082.0,      10.000,     0.76940,     0.78058,      5.2737,      5.3030,      1.4000,      2.1400,   -0.058427,      2.0000,    0.012581,      14.675,    0.010178,      7.2402,    0.011544,      3.6081,    0.012323,  0.00082880,    0.012460,  0.00073528,    0.012009,   0.0099872,      1287.8,      3.8419,      3.9887
      8.8336,      1086.0,      10.000,     0.76645,     0.78216,      5.1861,      5.2273,      0.0000,      2.1400,   -0.053613,      2.0000,    0.017450,      14.667,    0.014457,      7.2581,    0.016083,      3.6171,    0.017037,  0.00082880,    0.017218,  0.00082137,    0.016365,    0.018977,      1327.4,      3.8133,      3.8981
      8.8669,      1098.0,      10.000,     0.76432,     0.78195,      5.1806,      5.2268,      0.0000,      2.1400,   -0.050776,      2.0000,    0.020212,      14.667,    0.016487,      7.2491,    0.018516,      3.6171,    0.019675,   0.0099403,    0.019944,   0.0098617,    0.018887,    0.028052,      1148.8,      3.8133,      3.8981
      8.9002,      1080.0,      10.000,     0.76687,     0.78220,      5.1873,      5.2274,      0.0000,      2.1400,   -0.048732,      2.0000,    0.017231,      14.659,    0.014235,      7.2581,    0.015966,      3.6171,    0.016919,  0.00082880,    0.017041,  0.00082137,    0.016222,  0.00082551,      883.75,      3.8133,      3.8981
      8.9336,      1078.0,      10.000,     0.76960,     0.78246,      5.1944,      5.2281,      0.0000,      2.1400,   -0.047377,      2.0000,    0.013948,      14.650,    0.012260,      7.2581,    0.013471,      3.6261,    0.013855,   0.0099403,    0.013742,  0.00082137,    0.013175,   0.0099008,      1394.7,      3.8133,      3.8981
      8.9669,      1077.0,      10.000,     0.76830,     0.78234,      5.1910,      5.2278,      0.0000,      2.1400,   -0.044573,      2.0000,    0.015916,      14.659,    0.013104,      7.2581,    0.014649,      3.6171,    0.015587,   0.0099403,    0.015732,  -0.0082181,    0.014963,    0.028052,      1721.5,      3.8133,      3.8981
      9.0002,      1107.0,      10.000,     0.76972,     0.78248,      5.1947,      5.2281,      0.0000,      2.1400,   -0.041623,      2.0000,    0.014040,      14.650,    0.012000,      7.2491,    0.013280,      3.6171,    0.013977,   0.0099403,    0.013858,  -0.0082181,    0.013289,    0.028052,      1657.4,      3.8133,      3.8981
      9.0336,      1087.0,      10.000,     0.77272,     0.78277,      5.2026,      5.2289,      0.0000,      2.1400,   -0.040827,      2.0000,    0.010971,      14.675,   0.0093050,      7.2581,    0.010285,      3.6261,    0.010845,  0.00082880,    0.010855,   0.0098617,    0.010400,    0.028052,      1365.4,      3.8133,      3.8981
      9.0669,      1088.0,      10.000,     0.76788,     0.78230,      5.1899,      5.2277,      0.0000,      2.1400,   -0.039211,      2.0000,    0.016123,      14.675,    0.013474,      7.2581,    0.015110,      3.6171,    0.015979,   0.0099403,    0.015934,  0.00082137,    0.015231,    0.028052,      1674.6,      3.8133,      3.8981
      9.1002,      1085.0,      10.000,     0.76950,     0.78245,      5.1941,      5.2281,      0.0000,      2.1400,   -0.037665,      2.0000,    0.014452,      14.659,    0.012218,      7.2491,    0.013482,      3.6171,    0.014161,  0.00082880,    0.014264,  0.00082137,    0.013599,    0.028052,      703.31,      3.8133,      3.8981
      9.1336,      1086.0,      10.000,     0.76809,     0.78232,      5.1904,      5.2277,      0.0000,      2.1400,   -0.037121,      2.0000,    0.016183,      14.659,    0.013304,      7.2491,    0.015008,      3.6171,    0.015911,   0.0099403,    0.016008,  -0.0082181,    0.015253,   0.0099008,      1322.9,      3.8133,      3.8981
      9.1669,      1089.0,      10.000,     0.76599,     0.78211,      5.1849,      5.2272,      0.0000,      2.1400,   -0.035288,      2.0000,    0.017748,      14.659,    0.015128,      7.2491,    0.016612,      3.6080,    0.017463,  0.00082880,    0.017481,  0.00082137,    0.016698,    0.028052,      928.11,      3.8133,      3.8981
