# [Parameters]
# Name = tsmap_nel
# ShotNo = 189309
# Date = '04/10/2024 16:02'
# 
# DimNo = 1
# DimName = 'Time'
# DimSize = 163
# DimUnit = 's'
# 
# ValNo = 25
# ValName = 'laser', 'laser number', 'a99', 'a999', 'R99', 'R999', 'p0', 'pf', 'ip', 'ipf', 'nl_thomson_mid', 'nl_mmw_mid', 'nl_thomson_3579', 'nl_fir_3579', 'nl_thomson_3669', 'nl_fir_3669', 'nl_thomson_3759', 'nl_fir_3759', 'nl_thomson_3849', 'nl_fir_3849', 'nl_thomson_3939', 'nl_fir_3939', 'chi', 'geom_center', 'Rax_vmec'
# ValUnit = 'arb', 'arb', 'm', 'm', 'm', 'm', '%', 'arb', 'kA/T', 'arb', 'arb', 'e19m-2', 'arb', 'e19m-2', 'arb', 'e19m-2', 'arb', 'e19m-2', 'arb', 'e19m-2', 'arb', 'e19m-2', 'arb', 'm', 'm'
# 
# [Comments]
# Bt = -2.53850
# Rax = 3.90000
# Bq = 100.000
# Gamma = 1.25380
# phiedge = -2.8685000
# avac = 0.55800000
# ExpDate = 2.02404e+07
# Cycle = 25.0000
# t1 = 3.29900
# t2 = 8.69300
# density (ne) is only for very rough information
# Do not use data for ne_bar < 5*1-^12cm-3
# High Voltage is set at 0.90 times
# Te limit = 22keV
# Laser#1, #3, #5, 
# 
# [data]
  0.00028000,      56.000,      10.000,     0.76029,     0.78490,      5.1775,      5.2437,      0.0000,      2.1400,     -0.0000,      2.0000,    0.021859,   -0.011768,    0.021693,   0.0057531,    0.021829, -0.00082463,    0.021749,   0.0033134,    0.021356,   0.0057531,    0.020488,  -0.0024650,      9999.0,      3.8133,      3.8981
      3.3003,      50.000,      10.000,     0.75166,     0.77545,      5.1570,      5.1891,      4.5000,      1.4100,    -0.17517,      2.0000,    0.019701,    0.013071,    0.017920,    0.059992,    0.018215,    0.071781,    0.018694,    0.057984,    0.020224,    0.041913,    0.019919,    0.051774,      576.50,      3.9303,      4.0960
      3.3336,      49.000,      10.000,     0.56731,     0.61110,      4.6949,      4.8062,     0.50000,      2.1400,    -0.18455,      2.0000,     0.15043,      1.4206,     0.14548,      1.3617,     0.14847,      1.4059,     0.14791,      1.3519,     0.14469,      1.3346,     0.13839,      1.3354,      13.907,      3.8234,      3.9329
      3.3669,      40.000,      10.000,     0.57297,     0.61512,      4.6981,      4.8052,     0.30000,      2.1400,    0.020310,      2.0000,     0.22796,      2.2651,     0.22048,      2.1843,     0.22650,      2.2862,     0.22640,      2.2357,     0.22067,      2.1753,     0.21081,      2.1490,      5.5687,      3.8194,      3.9190
      3.4003,      50.000,      10.000,     0.56889,     0.61205,      4.6935,      4.8028,     0.40000,      2.1400,     0.27158,      2.0000,     0.25749,      2.5548,     0.24340,      2.4194,     0.25307,      2.5404,     0.25401,      2.5364,     0.24860,      2.4736,     0.23743,      2.4383,      6.2104,      3.8214,      3.9259
      3.4336,      48.000,      10.000,     0.56973,     0.61290,      4.6955,      4.8051,     0.40000,      2.1400,     0.47739,      2.0000,     0.27501,      2.6956,     0.25394,      2.4917,     0.26614,      2.6402,     0.26977,      2.6457,     0.26647,      2.5821,     0.25453,      2.5287,      1.5158,      3.8214,      3.9259
      3.4669,      48.000,      10.000,     0.57420,     0.61702,      4.6970,      4.8059,     0.20000,      2.1400,     0.62688,      2.0000,     0.28210,      2.7867,     0.25826,      2.5640,     0.27188,      2.6946,     0.27766,      2.7095,     0.27428,      2.6635,     0.26160,      2.6372,      3.0617,      3.8178,      3.9120
      3.5003,      47.000,      10.000,     0.56920,     0.61266,      4.6953,      4.8059,     0.40000,      2.1400,     0.73228,      2.0000,     0.29356,      2.9274,     0.26962,      2.6725,     0.28327,      2.8126,     0.28771,      2.8371,     0.28474,      2.8081,     0.27219,      2.7637,      4.4862,      3.8218,      3.9258
      3.5336,      49.000,      10.000,     0.57039,     0.61328,      4.6931,      4.8016,     0.30000,      2.1400,     0.81761,      2.0000,     0.31171,      3.1096,     0.28445,      2.8533,     0.30027,      2.9941,     0.30620,      2.9829,     0.30244,      2.9708,     0.28869,      2.9355,      2.4191,      3.8198,      3.9189
      3.5669,      58.000,      10.000,     0.57197,     0.61529,      4.6968,      4.8072,     0.30000,      2.1400,     0.89521,      2.0000,     0.33186,      3.3000,     0.30895,      3.0250,     0.32395,      3.1575,     0.32800,      3.1560,     0.32265,      3.1245,     0.30809,      3.1072,      3.7558,      3.8198,      3.9189
      3.6003,      48.000,      10.000,     0.57719,     0.61864,      4.6990,      4.8043,     0.10000,      2.1400,     0.98124,      2.0000,     0.34747,      3.5235,     0.32112,      3.2510,     0.33595,      3.3753,     0.34150,      3.3747,     0.33752,      3.3324,     0.32165,      3.2880,      3.4396,      3.8158,      3.9051
      3.6336,      46.000,      10.000,     0.57402,     0.61631,      4.6966,      4.8039,     0.20000,      2.1400,      1.0668,      2.0000,     0.37762,      3.7471,     0.35071,      3.4951,     0.36704,      3.6022,     0.37182,      3.6025,     0.36652,      3.5584,     0.34963,      3.5321,      3.4600,      3.8178,      3.9120
      3.6669,      47.000,      10.000,     0.57353,     0.61607,      4.7005,      4.8093,     0.30000,      2.1400,      1.1506,      2.0000,     0.40216,      4.0120,     0.37610,      3.7392,     0.39126,      3.8382,     0.39547,      3.8394,     0.39001,      3.7934,     0.37245,      3.7581,      3.8797,      3.8198,      3.9189
      3.7003,      51.000,      10.000,     0.57207,     0.61502,      4.6970,      4.8064,     0.30000,      2.1400,      1.2331,      2.0000,     0.42758,      4.2604,     0.39591,      3.9561,     0.41409,      4.0923,     0.41978,      4.0854,     0.41486,      4.0465,     0.39608,      3.9931,      1.9189,      3.8198,      3.9189
      3.7336,      50.000,      10.000,     0.57540,     0.61704,      4.6998,      4.8060,     0.20000,      2.1400,      1.2927,      2.0000,     0.45816,      4.5336,     0.42346,      4.2002,     0.44357,      4.3373,     0.45018,      4.3588,     0.44550,      4.2997,     0.42478,      4.2462,      2.0354,      3.8178,      3.9120
      3.7669,      49.000,      10.000,     0.56954,     0.61209,      4.6911,      4.7985,     0.30000,      2.1400,      1.3561,      2.0000,     0.48348,      4.8234,     0.44480,      4.4624,     0.46798,      4.6096,     0.47474,      4.6230,     0.46862,      4.5618,     0.44731,      4.4903,      1.4224,      3.8198,      3.9189
      3.8003,      48.000,      10.000,     0.56933,     0.61235,      4.6956,      4.8051,     0.40000,      2.1400,      1.4163,      2.0000,     0.51356,      5.0469,     0.46990,      4.6793,     0.49647,      4.8637,     0.50413,      4.8690,     0.49773,      4.8059,     0.47550,      4.7525,      1.0101,      3.8218,      3.9258
      3.8336,      49.000,      10.000,     0.57061,     0.61397,      4.6936,      4.8035,     0.30000,      2.1400,      1.4648,      2.0000,     0.53436,      5.3446,     0.48779,      4.8872,     0.51614,      5.0997,     0.52589,      5.1424,     0.51939,      5.0590,     0.49567,      4.9875,      2.1068,      3.8198,      3.9189
      3.8669,      47.000,      10.000,     0.56755,     0.61087,      4.6873,      4.7968,     0.30000,      2.1400,      1.5021,      2.0000,     0.56359,      5.6017,     0.50919,      5.0861,     0.54224,      5.3357,     0.55367,      5.4066,     0.54796,      5.3302,     0.52309,      5.2497,      2.4185,      3.8203,      3.9189
      3.9003,      50.000,      10.000,     0.57117,     0.61490,      4.6960,      4.8076,     0.30000,      2.1400,      1.5343,      2.0000,     0.59044,      5.9246,     0.52875,      5.3392,     0.56605,      5.5898,     0.58015,      5.6891,     0.57461,      5.6014,     0.54841,      5.5480,      1.8598,      3.8203,      3.9189
      3.9336,      51.000,      10.000,     0.56650,     0.61074,      4.6899,      4.8022,     0.40000,      2.1400,      1.5541,      2.0000,     0.61161,      6.1729,     0.54087,      5.5381,     0.58280,      5.8439,     0.59960,      5.9533,     0.59517,      5.8545,     0.56847,      5.7830,      1.4762,      3.8223,      3.9257
      3.9669,      47.000,      10.000,     0.57109,     0.61501,      4.7008,      4.8138,     0.40000,      2.1400,      1.5437,      2.0000,     0.63405,      6.4379,     0.55711,      5.7279,     0.60148,      6.0799,     0.62096,      6.1902,     0.61791,      6.1076,     0.59036,      6.0361,      1.4751,      3.8223,      3.9257
      4.0003,      51.000,      10.000,     0.56542,     0.60974,      4.6873,      4.7995,     0.40000,      2.1400,      1.5302,      2.0000,     0.65849,      6.6863,     0.57369,      5.9087,     0.62230,      6.3158,     0.64319,      6.4363,     0.64134,      6.3426,     0.61275,      6.2802,      1.5246,      3.8223,      3.9257
      4.0336,      56.000,      10.000,     0.56308,     0.60746,      4.6814,      4.7936,     0.40000,      2.1400,      1.5103,      2.0000,     0.68151,      7.0340,     0.59497,      6.2071,     0.64612,      6.5790,     0.66737,      6.7370,     0.66402,      6.6319,     0.63426,      6.5243,      1.6420,      3.8223,      3.9257
      4.0669,      49.000,      10.000,     0.55650,     0.59949,      4.6696,      4.7767,     0.50000,      2.1400,      1.4541,      2.0000,     0.69987,      7.2327,     0.60223,      6.4059,     0.65739,      6.8150,     0.68205,      6.9830,     0.68166,      6.8850,     0.65182,      6.7503,      1.6577,      3.8239,      3.9327
      4.1003,      50.000,      10.000,     0.55737,     0.60075,      4.6716,      4.7801,     0.50000,      2.1400,      1.4006,      2.0000,     0.70698,      7.4811,     0.60439,      6.6048,     0.66260,      7.0691,     0.68880,      7.2290,     0.68769,      7.0930,     0.65757,      6.9672,      1.2511,      3.8239,      3.9327
      4.1336,      49.000,      10.000,     0.55462,     0.59730,      4.6651,      4.7711,     0.50000,      2.1400,      1.3132,      2.0000,     0.72641,      7.7377,     0.62622,      6.9302,     0.68374,      7.3052,     0.70835,      7.4841,     0.70721,      7.3551,     0.67626,      7.1753,      1.6763,      3.8239,      3.9327
      4.1669,      49.000,      10.000,     0.54967,     0.59271,      4.6538,      4.7593,     0.50000,      2.1400,      1.2029,      2.0000,     0.75795,      7.9282,     0.65267,      7.1653,     0.71666,      7.6137,     0.74335,      7.7939,     0.73876,      7.6534,     0.70548,      7.4192,      1.6513,      3.8239,      3.9327
      4.2003,      49.000,      10.000,     0.54740,     0.58947,      4.6487,      4.7510,     0.50000,      2.1400,      1.0965,      2.0000,     0.76917,      8.2428,     0.65848,      7.5721,     0.72324,      7.9948,     0.74970,      8.1311,     0.74843,      7.9517,     0.71533,      7.6723,      1.4926,      3.8239,      3.9327
      4.2336,      51.000,      10.000,     0.53753,     0.58158,      4.6269,      4.7313,     0.50000,      2.1400,      1.3668,      2.0000,     0.78100,      10.611,     0.65645,      7.2285,     0.73731,      7.9495,     0.76975,      8.3042,     0.76523,      8.5755,     0.72977,      8.6215,      2.6298,      3.8239,      3.9327
      4.2669,      48.000,      10.000,     0.53689,     0.58095,      4.6304,      4.7350,     0.60000,      2.1400,      1.3919,      2.0000,     0.82885,      18.030,     0.69378,      7.7800,     0.78027,      8.4577,     0.81469,      8.7962,     0.81153,      8.9009,     0.77465,      8.9289,      2.0651,      3.8259,      3.9396
      4.3003,      49.000,      10.000,     0.52981,     0.57481,      4.6156,      4.7200,     0.60000,      2.1400,      1.2604,      2.0000,     0.88772,      20.869,     0.74243,      8.3766,     0.84435,      9.4197,     0.88011,      10.035,     0.87181,      10.275,     0.83098,      10.448,      2.0091,      3.8259,      3.9396
      4.3336,      47.000,      10.000,     0.52195,     0.56889,      4.6000,      4.7050,     0.60000,      2.1400,      1.0930,      2.0000,     0.97207,      21.490,     0.78738,      9.0094,     0.91646,      10.200,     0.96910,      10.892,     0.96036,      11.360,     0.91391,      11.424,      1.6740,      3.8259,      3.9396
      4.3669,      50.000,      10.000,     0.51889,     0.56481,      4.5989,      4.7002,     0.70000,      2.1400,     0.95117,      2.0000,      1.0110,      24.198,     0.78570,      8.9190,     0.93730,      10.418,      1.0026,      11.329,      1.0015,      11.640,     0.95473,      11.641,      2.9384,      3.8279,      3.9465
      4.4003,      49.000,      10.000,     0.52394,     0.57102,      4.6086,      4.7159,     0.70000,      2.1400,     0.85520,      2.0000,      1.0457,      18.129,     0.77984,      8.8196,     0.94481,      10.409,      1.0283,      11.366,      1.0392,      11.676,     0.99143,      11.641,      2.8078,      3.8279,      3.9465
      4.4336,      52.000,      10.000,     0.52459,     0.57027,      4.6098,      4.7141,     0.70000,      2.1400,     0.79754,      2.0000,      1.0762,      25.108,     0.79501,      8.7924,     0.96522,      10.491,      1.0569,      11.512,      1.0694,      11.559,      1.0204,      11.704,      2.5656,      3.8279,      3.9465
      4.4669,      47.000,      10.000,     0.52940,     0.57291,      4.6196,      4.7205,     0.70000,      2.1400,     0.80731,      2.0000,      1.1116,    -0.74903,     0.85153,      8.5122,      1.0139,      10.100,      1.0921,      11.138,      1.0991,      11.568,      1.0499,      11.695,      2.5432,      3.8279,      3.9465
      4.5003,      51.000,      10.000,     0.52083,     0.56607,      4.6073,      4.7089,     0.80000,      2.1400,     0.75141,      2.0000,      1.0916,    -0.40918,     0.79375,      8.3766,     0.97567,      9.9915,      1.0710,      11.038,      1.0864,      11.522,      1.0376,      11.623,      2.5087,      3.8299,      3.9534
      4.5336,      48.000,      10.000,     0.52024,     0.56642,      4.6062,      4.7098,     0.80000,      2.1400,     0.70165,      2.0000,      1.0834,      25.463,     0.77370,      8.2410,     0.95571,      9.7101,      1.0564,      10.664,      1.0780,      10.962,      1.0314,      11.352,      2.3231,      3.8299,      3.9534
      4.5669,      49.000,      10.000,     0.52996,     0.57534,      4.6255,      4.7317,     0.80000,      2.1400,     0.71931,      2.0000,      1.0990,      3.9541,     0.79604,      8.0964,     0.97303,      9.5286,      1.0715,      10.564,      1.0920,      10.953,      1.0446,      10.999,      2.8365,      3.8299,      3.9534
      4.6003,      50.000,      10.000,     0.53155,     0.57651,      4.6288,      4.7345,     0.80000,      2.1400,     0.65464,      2.0000,      1.0733,      11.870,     0.75505,      7.9879,     0.92333,      9.4016,      1.0242,      10.482,      1.0619,      10.727,      1.0221,      10.881,      1.7140,      3.8299,      3.9534
      4.6336,      48.000,      10.000,     0.52502,     0.57135,      4.6155,      4.7219,     0.80000,      2.1400,     0.66713,      2.0000,      1.0499,      17.996,     0.71629,      7.8342,     0.89580,      9.2564,      1.0103,      10.345,      1.0472,      10.591,      1.0029,      10.637,      1.6859,      3.8299,      3.9534
      4.6669,      48.000,      10.000,     0.53415,     0.57799,      4.6341,      4.7382,     0.80000,      2.1400,     0.69562,      2.0000,      1.0377,      25.481,     0.73231,      8.0241,     0.88927,      9.5014,     0.98515,      10.555,      1.0238,      10.474,     0.98740,      10.203,      1.9466,      3.8299,      3.9534
      4.7003,      50.000,      10.000,     0.53202,     0.57497,      4.6297,      4.7308,     0.80000,      2.1400,     0.71079,      2.0000,      1.0532,      25.448,     0.74293,      7.9879,     0.89910,      9.2927,     0.99465,      10.209,      1.0371,      10.302,      1.0018,      10.014,      2.0522,      3.8299,      3.9534
      4.7336,      49.000,      10.000,     0.53683,     0.58185,      4.6398,      4.7480,     0.80000,      2.1400,     0.75178,      2.0000,      1.0497,      25.373,     0.73515,      7.9065,     0.88766,      9.1474,     0.98880,      10.081,      1.0324,      10.203,     0.99950,      9.9503,      2.4068,      3.8299,      3.9534
      4.7669,      49.000,      10.000,     0.53355,     0.57733,      4.6329,      4.7365,     0.80000,      2.1400,     0.80369,      2.0000,      1.0485,      25.357,     0.73170,      7.8342,     0.87699,      9.0567,     0.97321,      9.9808,      1.0245,      10.094,     0.99774,      9.8600,      2.2478,      3.8299,      3.9534
      4.8003,      48.000,      10.000,     0.52962,     0.57372,      4.6248,      4.7277,     0.80000,      2.1400,     0.93182,      2.0000,      1.0250,      25.299,     0.71129,      7.8252,     0.85715,      9.2382,     0.95422,      10.245,      1.0059,      10.311,     0.97664,      10.005,      2.2583,      3.8299,      3.9534
      4.8336,      48.000,      10.000,     0.53077,     0.57640,      4.6272,      4.7343,     0.80000,      2.1400,      1.0919,      2.0000,      1.0301,      25.349,     0.71221,      7.7167,     0.85969,      8.9841,     0.95719,      10.035,      1.0095,      10.103,     0.98222,      10.240,      2.2938,      3.8299,      3.9534
      4.8669,      47.000,      10.000,     0.52921,     0.57422,      4.6192,      4.7237,     0.70000,      2.1400,      1.2193,      2.0000,      1.0059,     0.89069,     0.70125,      7.8885,     0.84692,      8.9387,     0.94221,      10.227,     0.98777,      10.582,     0.95550,      10.701,      2.1225,      3.8279,      3.9465
      4.9003,      50.000,      10.000,     0.53153,     0.57562,      4.6239,      4.7271,     0.70000,      2.1400,      1.4315,      2.0000,      1.0101,      4.0128,     0.72358,      7.9969,     0.86146,      9.1111,     0.94945,      10.117,     0.99016,      10.664,     0.95749,      11.144,      2.2111,      3.8279,      3.9465
      4.9336,      49.000,      10.000,     0.52996,     0.57479,      4.6207,      4.7251,     0.70000,      2.1400,      1.4114,      2.0000,      1.0616,      3.5566,     0.77664,      8.3766,     0.92317,      9.6466,      1.0116,      10.455,      1.0444,      11.269,      1.0051,      11.559,      2.5752,      3.8279,      3.9465
      4.9669,      48.000,      10.000,     0.53054,     0.57513,      4.6219,      4.7260,     0.70000,      2.1400,      1.4168,      2.0000,      1.1105,      4.9310,     0.83584,      8.9190,     0.98554,      10.427,      1.0660,      11.311,      1.0918,      11.857,      1.0497,      12.039,      2.4357,      3.8279,      3.9465
      5.0003,      51.000,      10.000,     0.52161,     0.56760,      4.6041,      4.7073,     0.70000,      2.1400,      1.3415,      2.0000,      1.1052,      5.7838,     0.83710,      9.1631,     0.99524,      10.908,      1.0755,      12.022,      1.0899,      12.327,      1.0447,      12.373,      2.1666,      3.8279,      3.9465
      5.0336,      49.000,      10.000,     0.52533,     0.57086,      4.6162,      4.7207,     0.80000,      2.1400,      1.2878,      2.0000,      1.1052,      6.8932,     0.81238,      9.1088,     0.98830,      10.899,      1.0813,      11.967,      1.0960,      12.273,      1.0488,      12.310,      2.9185,      3.8299,      3.9534
      5.0669,      48.000,      10.000,     0.53015,     0.57493,      4.6259,      4.7307,     0.80000,      2.1400,      1.2816,      2.0000,      1.1365,      7.7464,     0.83925,      8.9551,      1.0101,      10.872,      1.1017,      11.985,      1.1228,      12.083,      1.0779,      12.346,      3.0196,      3.8299,      3.9534
      5.1003,      55.000,      10.000,     0.52003,     0.56628,      4.6058,      4.7094,     0.80000,      2.1400,      1.2466,      2.0000,      1.1336,      8.0358,     0.82187,      8.9009,      1.0024,      10.799,      1.1005,      11.867,      1.1234,      12.219,      1.0781,      12.319,      1.4869,      3.8299,      3.9534
      5.1336,      49.000,      10.000,     0.52574,     0.56952,      4.6170,      4.7175,     0.80000,      2.1400,      1.2339,      2.0000,      1.1306,      7.9613,     0.83674,      8.8105,      1.0108,      10.736,      1.1007,      11.821,      1.1196,      12.137,      1.0724,      12.346,      1.9980,      3.8299,      3.9534
      5.1669,      49.000,      10.000,     0.52280,     0.56797,      4.6111,      4.7137,     0.80000,      2.1400,      1.2334,      2.0000,      1.1155,      8.4912,     0.82317,      8.8557,      1.0088,      10.836,      1.0990,      11.940,      1.1082,      12.074,      1.0587,      12.265,      2.6603,      3.8299,      3.9534
      5.2003,      49.000,      10.000,     0.52123,     0.56685,      4.6081,      4.7109,     0.80000,      2.1400,      1.2543,      2.0000,      1.1407,      10.372,     0.82498,      8.7653,      1.0110,      10.654,      1.1116,      11.776,      1.1337,      11.947,      1.0847,      12.129,      2.3467,      3.8299,      3.9534
      5.2336,      51.000,      10.000,     0.54845,     0.59846,      4.6759,      4.8032,      1.0000,      2.1400,      1.4954,      2.0000,      1.1662,      10.586,     0.82569,      8.4670,     0.99704,      10.073,      1.1108,      10.865,      1.1528,      10.998,      1.1158,      10.872,     0.80462,      3.8339,      3.9672
      5.2669,      47.000,      10.000,     0.54975,     0.59986,      4.6799,      4.8080,      1.0000,      2.1400,      2.2377,      2.0000,      1.0948,      9.7414,     0.75591,      7.5088,     0.91562,      9.1474,      1.0264,      10.017,      1.0779,      10.239,      1.0496,      10.113,      1.7910,      3.8344,      3.9668
      5.3003,      48.000,      10.000,     0.55315,     0.59984,      4.6939,      4.8141,      1.1000,      2.1400,      2.5515,      2.0000,      1.0303,      9.1452,     0.72122,      7.2376,     0.85931,      8.5031,     0.95697,      9.2792,      1.0086,      9.5970,     0.98892,      9.5888,      2.1614,      3.8369,      3.9715
      5.3336,      48.000,      10.000,     0.56110,     0.60581,      4.7129,      4.8293,      1.1000,      2.1400,      2.4905,      2.0000,      1.0347,      9.0128,     0.78808,      7.7348,     0.90024,      8.6392,     0.96699,      9.1607,      1.0005,      9.4433,     0.98262,      9.4441,      1.5158,      3.8365,      3.9720
      5.3669,      43.000,      10.000,     0.56451,     0.60722,      4.7175,      4.8292,      1.0000,      2.1400,      2.5526,      2.0000,      1.0069,      8.8969,     0.81742,      8.1145,     0.90702,      8.8570,     0.95090,      9.1607,     0.96952,      9.3439,     0.94781,      9.2904,      1.0909,      3.8348,      3.9663
      5.4003,      49.000,      10.000,     0.56594,     0.60886,      4.7158,      4.8277,     0.90000,      2.1400,      2.5172,      2.0000,      1.0110,      8.9383,     0.85199,      8.4399,     0.93372,      9.1021,     0.97019,      9.2974,     0.97777,      9.3710,     0.94788,      9.2814,      1.6495,      3.8328,      3.9595
      5.4336,      50.000,      10.000,     0.56633,     0.60873,      4.7219,      4.8333,      1.0000,      2.1400,      2.6360,      2.0000,      1.0193,      8.9465,     0.89106,      8.6568,     0.96335,      9.2927,     0.98802,      9.4067,     0.98417,      9.3800,     0.95058,      9.2452,      2.5592,      3.8348,      3.9663
      5.4669,      47.000,      10.000,     0.56936,     0.61180,      4.7241,      4.8357,     0.90000,      2.1400,      2.7726,      2.0000,      1.0149,      8.8969,     0.89120,      8.7563,     0.96625,      9.3743,     0.99032,      9.4614,     0.98093,      9.3348,     0.94359,      9.2000,      1.5585,      3.8328,      3.9595
      5.5003,      48.000,      10.000,     0.57252,     0.61463,      4.7267,      4.8375,     0.80000,      2.1400,      2.8196,      2.0000,      1.0286,      8.9871,     0.91965,      8.8557,     0.98899,      9.4469,      1.0088,      9.5434,     0.99554,      9.4071,     0.95489,      9.2814,      1.5141,      3.8308,      3.9527
      5.5336,      50.000,      10.000,     0.56858,     0.61101,      4.7222,      4.8336,     0.90000,      2.1400,      2.8917,      2.0000,      1.0209,      9.1618,     0.91280,      9.0275,     0.98304,      9.6012,      1.0020,      9.7074,     0.98709,      9.5337,     0.94745,      9.4260,      2.3790,      3.8328,      3.9595
      5.5669,      54.000,      10.000,     0.57209,     0.61345,      4.7257,      4.8343,     0.80000,      2.1400,      2.9729,      2.0000,      1.0479,      9.2943,     0.93078,      9.1269,      1.0023,      9.7283,      1.0239,      9.8259,      1.0134,      9.6512,     0.97273,      9.5345,      1.0513,      3.8308,      3.9527
      5.6003,      51.000,      10.000,     0.57093,     0.61277,      4.7229,      4.8324,     0.80000,      2.1400,      3.0733,      2.0000,      1.0384,      9.3936,     0.92290,      9.2263,     0.99402,      9.8372,      1.0138,      9.9170,      1.0035,      9.7507,     0.96363,      9.6340,      2.1652,      3.8308,      3.9527
      5.6336,      49.000,      10.000,     0.57037,     0.61266,      4.7215,      4.8321,     0.80000,      2.1400,      3.1875,      2.0000,      1.0617,      9.4768,     0.94238,      9.2806,      1.0131,      9.9189,      1.0352,      10.026,      1.0274,      9.8050,     0.98668,      9.7064,      1.3568,      3.8308,      3.9527
      5.6669,      49.000,      10.000,     0.57263,     0.61410,      4.7218,      4.8301,     0.70000,      2.1400,      3.2747,      2.0000,      1.0714,      9.6420,     0.94041,      9.3348,      1.0151,      9.9370,      1.0441,      10.117,      1.0374,      9.9495,     0.99573,      9.8057,      2.4299,      3.8288,      3.9459
      5.7003,      50.000,      10.000,     0.57145,     0.61263,      4.7189,      4.8262,     0.70000,      2.1400,      3.2332,      2.0000,      1.0884,      9.8652,     0.96191,      9.4975,      1.0342,      10.182,      1.0593,      10.336,      1.0536,      10.130,      1.0114,      9.9684,      1.0762,      3.8288,      3.9459
      5.7336,      48.000,      10.000,     0.56647,     0.60714,      4.7009,      4.8056,     0.60000,      2.1400,      3.2225,      2.0000,      1.0821,      11.762,     0.95768,      9.6964,      1.0304,      10.509,      1.0546,      10.655,      1.0473,      10.402,      1.0038,      10.176,      1.4439,      3.8268,      3.9392
      5.7669,      48.000,      10.000,     0.56368,     0.60477,      4.6942,      4.7993,     0.60000,      2.1400,      3.1692,      2.0000,      1.1047,      17.019,     0.98245,      9.8772,      1.0615,      10.708,      1.0843,      10.874,      1.0724,      10.628,      1.0260,      10.339,      1.5165,      3.8268,      3.9392
      5.8003,      48.000,      10.000,     0.56680,     0.60981,      4.7018,      4.8128,     0.60000,      2.1400,      3.1563,      2.0000,      1.1268,      19.328,     0.99309,      9.9224,      1.0767,      10.745,      1.1055,      10.883,      1.0947,      10.646,      1.0479,      10.448,      1.2934,      3.8268,      3.9392
      5.8336,      57.000,      10.000,     0.56516,     0.61054,      4.6978,      4.8147,     0.60000,      2.1400,      3.2591,      2.0000,      1.0988,      19.652,     0.93430,      9.5066,      1.0339,      10.391,      1.0769,      10.619,      1.0725,      10.447,      1.0259,      10.213,      2.0652,      3.8268,      3.9392
      5.8669,      47.000,      10.000,     0.55270,     0.59721,      4.6675,      4.7791,     0.60000,      2.1400,      3.2720,      2.0000,      1.0574,      19.495,     0.88428,      9.3439,     0.98799,      10.237,      1.0334,      10.418,      1.0319,      10.248,     0.98715,      10.122,      1.0612,      3.8268,      3.9392
      5.9003,      56.000,      10.000,     0.54010,     0.58710,      4.6485,      4.7638,     0.80000,      2.1400,      3.2120,      2.0000,      1.0430,      19.412,     0.85784,      9.2354,     0.96808,      10.218,      1.0177,      10.300,      1.0190,      10.040,     0.97742,      9.9051,      1.9727,      3.8308,      3.9527
      5.9336,      51.000,      10.000,     0.53772,     0.58388,      4.6386,      4.7500,     0.70000,      2.1400,      3.1715,      2.0000,      1.0289,      19.338,     0.84037,      9.1179,     0.94874,      10.010,     0.99993,      10.318,      1.0059,      10.076,     0.96403,      9.8690,      1.7130,      3.8288,      3.9459
      5.9669,      49.000,      10.000,     0.52978,     0.57598,      4.6275,      4.7364,     0.80000,      2.1400,      3.5254,      2.0000,     0.98645,      25.223,     0.78743,      8.4128,     0.90437,      9.7464,     0.95993,      10.546,     0.96711,      10.736,     0.92824,      10.890,      2.4860,      3.8313,      3.9524
      6.0003,      47.000,      10.000,     0.52751,     0.57389,      4.6182,      4.7260,     0.70000,      2.1400,      3.5775,      2.0000,      1.0369,      1.2467,     0.83829,      9.0455,     0.96441,      10.400,      1.0181,      10.974,      1.0188,      11.459,     0.97463,      11.487,      2.4268,      3.8292,      3.9456
      6.0336,      48.000,      10.000,     0.52665,     0.57338,      4.6156,      4.7237,     0.70000,      2.1400,      3.4433,      2.0000,      1.1176,      1.4785,     0.91844,      10.148,      1.0564,      11.834,      1.1072,      12.541,      1.1009,      12.716,      1.0494,      12.391,      1.6167,      3.8288,      3.9459
      6.0669,      48.000,      10.000,     0.51624,     0.56394,      4.5955,      4.7000,     0.70000,      2.1400,      3.2715,      2.0000,      1.1420,      4.8068,     0.92949,      10.817,      1.0834,      12.460,      1.1407,      13.243,      1.1282,      13.367,      1.0745,      13.105,      1.9339,      3.8288,      3.9459
      6.1003,      49.000,      10.000,     0.50946,     0.56222,      4.5878,      4.7010,     0.80000,      2.1400,      3.1139,      2.0000,      1.2097,      7.1661,     0.90271,      11.685,      1.0985,      13.086,      1.1922,      13.543,      1.2018,      13.321,      1.1487,      12.789,      2.4856,      3.8308,      3.9527
      6.1336,      47.000,      10.000,     0.50481,     0.55903,      4.5796,      4.6931,     0.80000,      2.1400,      3.0746,      2.0000,      1.2100,      10.586,     0.85922,      11.929,      1.0787,      13.731,      1.1922,      14.528,      1.2104,      14.063,      1.1544,      13.060,      6.7415,      3.8308,      3.9527
      6.1669,      48.000,      10.000,     0.50395,     0.56040,      4.5734,      4.6914,     0.70000,      2.1400,      3.2360,      2.0000,      1.0876,      7.5245,     0.67774,      1.9764,     0.89148,      16.825,      1.0246,      15.120,      1.0848,      14.117,      1.0458,      13.304,      227.50,      3.8288,      3.9459
      6.2003,      48.000,      10.000,     0.50212,     0.56404,      4.5841,      4.7164,      1.0000,      2.1400,      3.2672,      2.0000,     0.66841,      6.8684,     0.32146,      15.518,     0.45604,      22.353,     0.57493,      16.569,     0.66077,      18.393,     0.66231,      15.564,      405.34,      3.8348,      3.9663
      6.2336,      50.000,      10.000,     0.57882,     0.69518,      4.6989,      5.0067,      0.0000,      2.1400,      2.4672,      2.0000,     0.23264,      14.622,     0.15188,    -0.95247,     0.18699,      19.920,     0.21624,      21.598,     0.23196,      18.058,     0.21481,      16.305,      1075.4,      3.8142,      3.8983
      6.2669,      43.000,      10.000,     0.74902,     0.78029,      5.1801,      5.2647,     0.50000,      2.1400,     0.84501,      2.0000,    0.028867,      11.928,    0.029075,      24.070,    0.029449,      16.980,    0.029076,    -0.36116,    0.028074,      1.2080,    0.026912,      8.3955,      1653.3,      3.8239,      3.9327
      6.3003,      48.000,      10.000,     0.75212,     0.78058,      5.1885,      5.2654,     0.50000,      2.1400,     0.85309,      2.0000,    0.025631,     0.44360,    0.025369,      22.949,    0.025760,      15.237,    0.025658,      26.838,    0.025190,    -0.93439,    0.024232,      6.2440,      1117.0,      3.8239,      3.9327
      6.3336,      49.000,      10.000,     0.74370,     0.77617,      5.1950,      5.2826,      1.0000,      2.1400,     0.84885,      2.0000,    0.029845,      12.590,    0.030557,      22.813,    0.031191,      14.892,    0.030566,      26.364,    0.029134,     0.61142,    0.027703,      5.8553,      494.48,      3.8339,      3.9672
      6.3669,      49.000,      10.000,     0.75442,     0.77863,      5.3394,      5.4050,      3.6000,      2.1400,     0.84014,      2.0000,    0.023965,      2.2733,    0.023028,      22.904,    0.023896,      14.983,    0.023921,      26.273,    0.023721,      1.6329,    0.023550,      5.8553,      565.44,      3.8846,      4.0786
      6.4003,      48.000,      10.000,     0.74838,     0.77877,      5.3320,      5.4168,      3.4000,      2.1400,     0.82902,      2.0000,    0.028386,      20.944,    0.029473,      22.940,    0.029383,      14.938,    0.028559,      26.318,    0.027654,      4.6884,    0.027419,      5.7016,      699.04,      3.8812,      4.0722
      6.4336,      48.000,      10.000,     0.75369,     0.78436,      5.1621,      5.2448,      0.0000,      2.1400,     0.82245,      2.0000,    0.029143,      11.091,    0.028522,      22.976,    0.029250,      14.974,    0.029242,      26.273,    0.028517,      8.0964,    0.027396,      5.6836,      875.08,      3.8138,      3.8982
      6.4669,      47.000,      10.000,     0.76460,     0.78394,      5.2035,      5.2556,     0.20000,      2.1400,     0.81318,      2.0000,    0.018695,      2.6211,    0.018081,      22.985,    0.018766,      14.892,    0.018811,      26.245,    0.018319,      8.9913,    0.017606,      5.5299,      638.44,      3.8178,      3.9120
      6.5003,      49.000,      10.000,     0.75994,     0.78349,      5.1909,      5.2544,     0.20000,      2.1400,     0.80318,      2.0000,    0.023580,      14.916,    0.021797,      22.976,    0.023022,      14.983,    0.023496,      26.145,    0.023156,      11.911,    0.022179,      5.5118,      178.35,      3.8178,      3.9120
      6.5336,      49.000,      10.000,     0.71567,     0.77111,      5.1464,      5.2962,      1.5000,      2.1400,     0.79203,      2.0000,    0.026447,      7.7460,    0.027965,      22.985,    0.027901,      14.947,    0.027072,      26.090,    0.026176,      14.822,    0.025507,      5.4124,      1104.3,      3.8444,      3.9934
      6.5669,      48.000,      10.000,     0.75360,     0.78072,      5.1925,      5.2658,     0.50000,      2.1400,     0.78307,      2.0000,    0.026677,      19.711,    0.025061,      23.030,    0.026345,      14.956,    0.026584,      26.036,    0.026073,      17.615,    0.025014,      5.4395,      426.85,      3.8239,      3.9327
      6.6003,      48.000,      10.000,     0.75081,     0.78410,      5.1543,      5.2441,      0.0000,      2.1400,     0.77195,      2.0000,    0.031657,      11.969,    0.030191,      23.021,    0.031282,      14.947,    0.031549,      26.018,    0.030915,      18.239,    0.029644,      5.3401,      1517.1,      3.8138,      3.8982
      6.6336,      56.000,      10.000,     0.75679,     0.78465,      5.1704,      5.2456,      0.0000,      2.1400,     0.75666,      2.0000,    0.026018,      3.3248,    0.026066,      23.057,    0.026439,      14.974,    0.026126,      25.972,    0.025337,      20.328,    0.024405,      5.3488,      778.26,      3.8138,      3.8982
      6.6669,      48.000,      10.000,     0.69492,     0.77572,      5.0339,      5.2523,     0.50000,      2.1400,     0.74660,      2.0000,    0.034491,      21.424,    0.035045,      23.102,    0.035169,      14.901,    0.034502,      25.981,    0.033321,      21.041,    0.031960,      5.2768,      873.17,      3.8239,      3.9327
      6.7003,      55.000,      10.000,     0.74349,     0.77646,      5.2826,      5.3752,      2.4000,      2.1400,     0.73941,      2.0000,    0.031560,      15.744,    0.030266,      23.084,    0.031549,      14.929,    0.031394,      26.018,    0.030924,      23.401,    0.030542,      5.2316,      805.77,      3.8627,      4.0354
      6.7336,      51.000,      10.000,     0.74686,     0.77718,      5.1976,      5.2793,     0.90000,      2.1400,     0.72747,      2.0000,    0.028491,      8.6816,    0.028029,      23.102,    0.028686,      14.938,    0.028486,      25.945,    0.027687,      24.079,    0.026572,      5.1864,      509.47,      3.8319,      3.9603
      6.7669,      50.000,      10.000,     0.74461,     0.77990,      5.1682,      5.2636,     0.50000,      2.1400,     0.71431,      2.0000,    0.030480,      25.158,    0.031042,      23.093,    0.031238,      14.910,    0.030754,      25.954,    0.029874,      25.670,    0.028670,      5.1683,      1215.8,      3.8239,      3.9327
      6.8003,      50.000,      10.000,     0.75334,     0.77499,      5.2429,      5.3014,      1.4000,      2.1400,     0.70259,      2.0000,    0.020822,      21.068,    0.020352,      23.148,    0.021192,      14.920,    0.021066,      25.908,    0.020401,      26.013,    0.019623,      5.1773,      1340.7,      3.8423,      3.9881
      6.8336,      48.000,      10.000,     0.74933,     0.77855,      5.2729,      5.3528,      2.1000,      2.1400,     0.69326,      2.0000,    0.027054,      17.011,    0.028355,      23.130,    0.028374,      14.910,    0.027286,      25.863,    0.026125,      26.655,    0.025412,      5.1141,      795.14,      3.8568,      4.0235
      6.8669,      47.000,      10.000,     0.75539,     0.78380,      5.1727,      5.2493,     0.10000,      2.1400,     0.68133,      2.0000,    0.026322,      9.9152,    0.026017,      23.130,    0.026545,      14.947,    0.026399,      25.844,    0.025732,      26.619,    0.024712,      5.1321,      1368.6,      3.8158,      3.9051
      6.9003,      51.000,      10.000,     0.75759,     0.78473,      5.1726,      5.2458,      0.0000,      2.1400,     0.67127,      2.0000,    0.024874,     0.43532,    0.024445,      23.148,    0.025048,      14.910,    0.025031,      25.808,    0.024472,      26.556,    0.023489,      5.0598,      1566.2,      3.8138,      3.8982
      6.9336,      50.000,      10.000,     0.74350,     0.78271,      5.1406,      5.2463,     0.10000,      2.1400,     0.65822,      2.0000,    0.035506,      22.534,    0.035021,      23.157,    0.035777,      14.883,    0.035709,      25.817,    0.034893,      26.574,    0.033460,      5.0508,      1441.9,      3.8158,      3.9051
      6.9669,      49.000,      10.000,     0.74923,     0.77460,      5.2318,      5.3004,      1.4000,      2.1400,     0.64806,      2.0000,    0.023853,      14.163,    0.022918,      23.166,    0.023819,      14.901,    0.023860,      25.781,    0.023433,      26.556,    0.022780,      5.0146,      199.17,      3.8423,      3.9881
      7.0003,      42.000,      10.000,     0.76274,     0.78521,      5.1865,      5.2471,      0.0000,      2.1400,     0.63396,      2.0000,    0.021693,      4.7166,    0.021044,      23.175,    0.021588,      14.883,    0.021670,      25.790,    0.021214,      26.538,    0.020383,      4.9875,      634.24,      3.8138,      3.8982
      7.0336,      48.000,      10.000,     0.75177,     0.78419,      5.1569,      5.2443,      0.0000,      2.1400,     0.61822,      2.0000,    0.030578,    -0.81487,    0.029733,      23.166,    0.031079,      14.883,    0.031187,      25.781,    0.030239,      26.501,    0.029096,      4.9694,      1095.0,      3.8138,      3.8982
      7.0669,      48.000,      10.000,     0.73862,     0.77571,      5.1813,      5.2814,      1.0000,      2.1400,     0.60645,      2.0000,    0.033283,      21.457,    0.033926,      23.175,    0.034325,      14.838,    0.033641,      25.753,    0.032326,      26.420,    0.030934,      4.9333,      1428.9,      3.8339,      3.9672
      7.1003,      47.000,      10.000,     0.75200,     0.77826,      5.2032,      5.2739,     0.80000,      2.1400,     0.38937,      2.0000,    0.022993,      11.547,    0.024081,      21.873,    0.024241,      11.943,    0.023705,      21.216,    0.022603,      21.050,    0.021551,     0.23257,      254.93,      3.8295,      3.9538
      7.1336,      48.000,      10.000,     0.75430,     0.77775,      5.2154,      5.2785,     0.90000,      2.1400,     0.37604,      2.0000,    0.021303,      11.257,    0.021645,      21.737,    0.021910,      11.743,    0.021610,      20.988,    0.020836,      20.806,    0.019933,   0.0065745,      300.76,      3.8315,      3.9607
      7.1669,      51.000,      10.000,     0.76186,     0.78432,      5.1877,      5.2481,     0.10000,      2.1400,     0.38006,      2.0000,    0.021033,      11.282,    0.021116,      21.746,    0.021302,      11.752,    0.021090,      20.988,    0.020488,      20.815,    0.019716,    0.033694,      854.36,      3.8153,      3.9051
      7.2003,      49.000,      10.000,     0.76083,     0.78222,      5.0280,      5.0431,      7.0000,      2.1400,     0.34959,      2.0000,    0.019207,      11.290,    0.020188,      21.728,    0.019749,      11.743,    0.019471,      20.979,    0.020362,      20.797,    0.019500,    0.015615,      665.95,      3.9308,      4.1708
      7.2336,      48.000,      10.000,     0.74733,     0.77603,      5.3003,      5.3816,      2.5000,      2.1400,     0.33508,      2.0000,    0.024542,      11.257,    0.027111,      21.728,    0.026411,      11.743,    0.024810,      20.979,    0.023571,      20.806,    0.023139,   -0.011505,      313.31,      3.8643,      4.0403
      7.2669,      48.000,      10.000,     0.75978,     0.78486,      5.1761,      5.2436,      0.0000,      2.1400,     0.32134,      2.0000,    0.020367,      11.265,    0.020061,      21.728,    0.020353,      11.734,    0.020307,      20.970,    0.019897,      20.797,    0.019112,  -0.0024650,      791.52,      3.8133,      3.8981
      7.3003,      50.000,      10.000,     0.74870,     0.77986,      5.3545,      5.4475,      3.0000,      2.1400,     0.30938,      2.0000,    0.025329,      11.274,    0.028383,      21.728,    0.027514,      11.743,    0.025719,      20.979,    0.024322,      20.806,    0.023838,    0.015615,      472.60,      3.8743,      4.0603
      7.3336,      47.000,      10.000,     0.75802,     0.78322,      5.1834,      5.2512,     0.20000,      2.1400,     0.29827,      2.0000,    0.024052,      11.274,    0.023569,      21.728,    0.024190,      11.743,    0.024071,      20.970,    0.023421,      20.797,    0.022482,  -0.0024650,      565.51,      3.8173,      3.9120
      7.3669,      43.000,      10.000,     0.75281,     0.77695,      5.1195,      5.1394,      8.0000,      2.1400,     0.28545,      2.0000,    0.020887,      11.281,    0.023196,      21.728,    0.022535,      11.734,    0.021974,      20.979,    0.023311,      20.797,    0.019857,   0.0065745,      337.25,      3.9441,      4.1950
      7.4003,      49.000,      10.000,     0.75911,     0.77747,      5.2344,      5.2838,      1.0000,      2.1400,     0.27270,      2.0000,    0.017540,      11.274,    0.017025,      21.737,    0.017477,      11.743,    0.017431,      20.979,    0.017030,      20.797,    0.016388,   0.0065745,      1688.8,      3.8335,      3.9677
      7.4336,      41.000,      10.000,     0.76137,     0.77987,      5.2232,      5.2731,     0.70000,      2.1400,     0.26244,      2.0000,    0.016693,      11.274,    0.016304,      21.728,    0.016730,      11.743,    0.016721,      20.970,    0.016317,      20.797,    0.015675,   -0.020545,      524.71,      3.8274,      3.9468
      7.4669,      47.000,      10.000,     0.75686,     0.78385,      5.1743,      5.2469,     0.10000,      2.1400,     0.25093,      2.0000,    0.025287,      11.274,    0.024768,      21.728,    0.025220,      11.734,    0.025163,      20.970,    0.024552,      20.797,    0.023571,   -0.011505,      1413.7,      3.8153,      3.9051
      7.5003,      55.000,      10.000,     0.76154,     0.78282,      5.1981,      5.2552,     0.30000,      2.1400,     0.23795,      2.0000,    0.019939,      11.274,    0.020131,      21.728,    0.020224,      11.743,    0.019902,      20.988,    0.019307,      20.797,    0.018551,  -0.0024650,      934.16,      3.8194,      3.9190
      7.5336,      49.000,      10.000,     0.75703,     0.78387,      5.1747,      5.2469,     0.10000,      2.1400,     0.22636,      2.0000,    0.023640,      11.274,    0.023474,      21.728,    0.023648,      11.734,    0.023498,      20.979,    0.023013,      20.797,    0.022077,   -0.011505,      376.94,      3.8153,      3.9051
      7.5669,      47.000,      10.000,     0.74970,     0.77519,      5.3257,      5.3992,      2.7000,      2.1400,     0.21105,      2.0000,    0.021765,      11.282,    0.023617,      21.728,    0.023222,      11.734,    0.022011,      20.970,    0.021031,      20.797,    0.020490,  -0.0024650,      120.86,      3.8683,      4.0483
      7.6003,      49.000,      10.000,     0.75437,     0.77282,      5.2636,      5.3133,      1.8000,      2.1400,     0.19722,      2.0000,    0.017169,      11.274,    0.016782,      21.728,    0.017134,      11.734,    0.017000,      20.970,    0.016808,      20.797,    0.016545,   -0.020545,      632.52,      3.8502,      4.0098
      7.6336,      50.000,      10.000,     0.74375,     0.78485,      5.2200,      5.3041,      3.4000,      1.4100,     0.18104,      2.0000,    0.030942,      11.282,    0.033825,      21.728,    0.031864,      11.734,    0.030538,      20.979,    0.030415,      20.806,    0.032110,   0.0064884,      872.95,      3.9071,      4.0604
      7.6669,      49.000,      10.000,     0.75797,     0.77756,      5.3212,      5.3761,      2.4000,      2.1400,     0.16805,      2.0000,    0.018422,      11.265,    0.019115,      21.737,    0.019170,      11.734,    0.018432,      20.979,    0.017735,      20.806,    0.017374,  -0.0024650,      309.56,      3.8624,      4.0363
      7.7003,      50.000,      10.000,     0.75565,     0.78447,      5.1650,      5.2425,      0.0000,      2.1400,     0.15456,      2.0000,    0.023135,      11.265,    0.023446,      21.728,    0.023461,      11.734,    0.023115,      20.970,    0.022428,      20.797,    0.021602,    0.015615,      1910.5,      3.8133,      3.8981
      7.7336,      49.000,      10.000,     0.75733,     0.78463,      5.1695,      5.2430,      0.0000,      2.1400,     0.14183,      2.0000,    0.022009,      11.265,    0.023071,      21.728,    0.022895,      11.743,    0.022582,      20.979,    0.021965,      20.788,    0.021134,  -0.0024650,      1144.3,      3.8133,      3.8981
      7.7669,      51.000,      10.000,     0.75779,     0.78467,      5.1707,      5.2431,      0.0000,      2.1400,     0.12865,      2.0000,    0.022154,      11.282,    0.023282,      21.728,    0.023173,      11.734,    0.022908,      20.970,    0.022311,      20.797,    0.021448,   -0.011505,      922.26,      3.8133,      3.8981
      7.8002,      55.000,      10.000,     0.76519,     0.78537,      5.1906,      5.2449,      0.0000,      2.1400,     0.11726,      2.0000,    0.019052,      11.265,    0.018458,      21.728,    0.018990,      11.734,    0.019044,      20.970,    0.018709,      20.797,    0.017958,   0.0065745,      989.05,      3.8133,      3.8981
      7.8336,      49.000,      10.000,     0.75100,     0.78404,      5.1525,      5.2414,      0.0000,      2.1400,     0.10184,      2.0000,    0.028348,      11.274,    0.029608,      21.728,    0.029052,      11.734,    0.028349,      20.979,    0.027452,      20.806,    0.026467,   -0.011505,      901.61,      3.8133,      3.8981
      7.8669,      49.000,      10.000,     0.75387,     0.78431,      5.1602,      5.2421,      0.0000,      2.1400,    0.087490,      2.0000,    0.026457,      11.282,    0.026407,      21.737,    0.026679,      11.743,    0.026557,      20.979,    0.025875,      20.806,    0.024870,   0.0065745,      1451.7,      3.8133,      3.8981
      7.9002,      50.000,      10.000,     0.75998,     0.78487,      5.1766,      5.2436,      0.0000,      2.1400,    0.073019,      2.0000,    0.023304,      11.257,    0.022867,      21.728,    0.023236,      11.734,    0.023293,      20.979,    0.022878,      20.797,    0.021929,    0.015615,      1500.4,      3.8133,      3.8981
      7.9336,      51.000,      10.000,     0.75004,     0.78396,      5.1499,      5.2412,      0.0000,      2.1400,    0.061014,      2.0000,    0.029535,      11.257,    0.029679,      21.737,    0.029652,      11.734,    0.029406,      20.979,    0.028687,      20.797,    0.027545,   0.0065745,      1427.6,      3.8133,      3.8981
      7.9669,      49.000,      10.000,     0.75657,     0.78456,      5.1675,      5.2428,      0.0000,      2.1400,    0.048399,      2.0000,    0.025862,      11.249,    0.025827,      21.728,    0.026045,      11.743,    0.025857,      20.979,    0.025192,      20.806,    0.024231,    0.015615,      1829.9,      3.8133,      3.8981
      8.0002,      48.000,      10.000,     0.76411,     0.78526,      5.1878,      5.2447,      0.0000,      2.1400,    0.035665,      2.0000,    0.019190,      11.265,    0.018995,      21.728,    0.019243,      11.743,    0.019190,      20.970,    0.018813,      20.806,    0.018065,    0.015615,      1226.8,      3.8133,      3.8981
      8.0336,      49.000,      10.000,     0.76121,     0.78499,      5.1799,      5.2439,      0.0000,      2.1400,    0.023579,      2.0000,    0.020964,      11.282,    0.021012,      21.728,    0.021213,      11.725,    0.021063,      20.970,    0.020456,      20.788,    0.019688,  -0.0024650,      830.78,      3.8133,      3.8981
      8.0669,      48.000,      10.000,     0.74880,     0.78385,      5.1466,      5.2409,      0.0000,      2.1400,   0.0095223,      2.0000,    0.030493,      11.274,    0.030371,      21.728,    0.030622,      11.734,    0.030458,      20.979,    0.029727,      20.788,    0.028537,  -0.0024650,      1032.8,      3.8133,      3.8981
      8.1002,      48.000,      10.000,     0.74614,     0.78361,      5.1394,      5.2402,      0.0000,      2.1400,      0.0000,      2.0000,    0.024922,      11.282,    0.024819,      21.719,    0.025152,      11.725,    0.025042,      20.979,    0.024417,      20.797,    0.023466,  -0.0024650,      302.96,      3.8133,      3.8981
      8.1336,      50.000,      10.000,     0.76255,     0.78512,      5.1836,      5.2443,      0.0000,      2.1400,      0.0000,      2.0000,    0.021140,      11.282,    0.021017,      21.728,    0.021205,      11.743,    0.021071,      20.979,    0.020636,      20.806,    0.019824,   0.0065745,      1818.1,      3.8133,      3.8981
      8.1669,      50.000,      10.000,     0.75983,     0.78486,      5.1762,      5.2436,      0.0000,      2.1400,      0.0000,      2.0000,    0.022742,      11.282,    0.022446,      21.728,    0.022826,      11.734,    0.022688,      20.979,    0.022096,      20.797,    0.021251,   -0.020545,      1600.8,      3.8133,      3.8981
      8.2002,      50.000,      10.000,     0.75588,     0.78449,      5.1656,      5.2426,      0.0000,      2.1400,      0.0000,      2.0000,    0.025139,      11.290,    0.025300,      21.728,    0.025424,      11.734,    0.025077,      20.970,    0.024388,      20.788,    0.023469,   0.0065745,      1285.5,      3.8133,      3.8981
      8.2336,      49.000,      10.000,     0.76464,     0.78531,      5.1892,      5.2448,      0.0000,      2.1400,      0.0000,      2.0000,    0.017941,      11.290,    0.017489,      21.728,    0.018040,      11.743,    0.018038,      20.979,    0.017593,      20.797,    0.016935,   -0.011505,      1589.9,      3.8133,      3.8981
      8.2669,      50.000,      10.000,     0.75647,     0.78455,      5.1672,      5.2427,      0.0000,      2.1400,      0.0000,      2.0000,    0.025748,      11.290,    0.025994,      21.719,    0.025919,      11.734,    0.025508,      20.970,    0.024885,      20.797,    0.023922,   0.0065745,      1164.9,      3.8133,      3.8981
      8.3002,      53.000,      10.000,     0.73047,     0.78223,      5.0973,      5.2365,      0.0000,      2.1400,      0.0000,      2.0000,    0.024234,      11.289,    0.024163,      21.719,    0.024280,      11.734,    0.024172,      20.970,    0.023669,      20.797,    0.022722,   0.0064023,      371.62,      3.8133,      3.8981
      8.3336,      48.000,      10.000,     0.75405,     0.78433,      5.1607,      5.2421,      0.0000,      2.1400,      0.0000,      2.0000,    0.026029,      11.282,    0.026591,      21.728,    0.026653,      11.734,    0.026477,      20.970,    0.025833,      20.806,    0.024803,    0.024654,      1174.4,      3.8133,      3.8981
      8.3669,      48.000,      10.000,     0.74400,     0.78341,      5.1336,      5.2397,      0.0000,      2.1400,      0.0000,      2.0000,    0.031704,      11.274,    0.032289,      21.728,    0.032226,      11.734,    0.031901,      20.970,    0.031066,      20.797,    0.029841,   -0.011505,      1584.8,      3.8133,      3.8981
      8.4002,      49.000,      10.000,     0.76543,     0.78539,      5.1913,      5.2450,      0.0000,      2.1400,      0.0000,      2.0000,    0.017868,      11.265,    0.018283,      21.728,    0.018131,      11.734,    0.017830,      20.970,    0.017301,      20.797,    0.016692,   -0.011505,      1696.6,      3.8133,      3.8981
      8.4336,      49.000,      10.000,     0.75878,     0.78476,      5.1734,      5.2433,      0.0000,      2.1400,      0.0000,      2.0000,    0.024756,      11.274,    0.024504,      21.728,    0.024891,      11.734,    0.024708,      20.979,    0.024057,      20.797,    0.023138,  -0.0024650,      1112.6,      3.8133,      3.8981
      8.4669,      48.000,      10.000,     0.76980,     0.78581,      5.2031,      5.2461,      0.0000,      2.1400,      0.0000,      2.0000,    0.015521,      11.265,    0.014686,      21.728,    0.015268,      11.734,    0.015436,      20.979,    0.015211,      20.797,    0.014605,   0.0065745,      852.37,      3.8133,      3.8981
      8.5002,      48.000,      10.000,     0.76731,     0.78557,      5.1964,      5.2455,      0.0000,      2.1400,      0.0000,      2.0000,    0.017810,      11.274,    0.016928,      21.728,    0.017588,      11.734,    0.017774,      20.979,    0.017471,      20.797,    0.016771,   0.0065745,      848.29,      3.8133,      3.8981
      8.5336,      49.000,      10.000,     0.76101,     0.78497,      5.1794,      5.2439,      0.0000,      2.1400,      0.0000,      2.0000,    0.022265,      11.265,    0.022112,      21.719,    0.022518,      11.734,    0.022460,      20.970,    0.021825,      20.797,    0.021018,  -0.0024650,      760.99,      3.8133,      3.8981
      8.5669,      49.000,      10.000,     0.75466,     0.78438,      5.1623,      5.2423,      0.0000,      2.1400,      0.0000,      2.0000,    0.025339,      11.249,    0.024937,      21.728,    0.025442,      11.743,    0.025403,      20.970,    0.024864,      20.797,    0.023862,   -0.011505,      1851.1,      3.8133,      3.8981
      8.6002,      50.000,      10.000,     0.76131,     0.78500,      5.1802,      5.2440,      0.0000,      2.1400,      0.0000,      2.0000,    0.021709,      11.265,    0.021959,      21.728,    0.022120,      11.725,    0.021905,      20.970,    0.021235,      20.788,    0.020472,   -0.011505,      940.15,      3.8133,      3.8981
      8.6336,      47.000,      10.000,     0.75880,     0.78476,      5.1735,      5.2433,      0.0000,      2.1400,      0.0000,      2.0000,    0.023669,      11.265,    0.024022,      21.728,    0.023980,      11.734,    0.023637,      20.970,    0.022966,      20.788,    0.022119,  -0.0024650,      498.39,      3.8133,      3.8981
      8.6669,      51.000,      10.000,     0.76227,     0.78509,      5.1828,      5.2442,      0.0000,      2.1400,      0.0000,      2.0000,    0.021053,      11.257,    0.021235,      21.728,    0.021363,      11.734,    0.021105,      20.979,    0.020504,      20.797,    0.019756,   0.0065745,      748.96,      3.8133,      3.8981
