# [Parameters]
# Name = tsmap_nel
# ShotNo = 189305
# Date = '04/10/2024 15:05'
# 
# DimNo = 1
# DimName = 'Time'
# DimSize = 164
# DimUnit = 's'
# 
# ValNo = 25
# ValName = 'laser', 'laser number', 'a99', 'a999', 'R99', 'R999', 'p0', 'pf', 'ip', 'ipf', 'nl_thomson_mid', 'nl_mmw_mid', 'nl_thomson_3579', 'nl_fir_3579', 'nl_thomson_3669', 'nl_fir_3669', 'nl_thomson_3759', 'nl_fir_3759', 'nl_thomson_3849', 'nl_fir_3849', 'nl_thomson_3939', 'nl_fir_3939', 'chi', 'geom_center', 'Rax_vmec'
# ValUnit = 'arb', 'arb', 'm', 'm', 'm', 'm', '%', 'arb', 'kA/T', 'arb', 'arb', 'e19m-2', 'arb', 'e19m-2', 'arb', 'e19m-2', 'arb', 'e19m-2', 'arb', 'e19m-2', 'arb', 'e19m-2', 'arb', 'm', 'm'
# 
# [Comments]
# Bt = -2.53850
# Rax = 3.90000
# Bq = 100.000
# Gamma = 1.25380
# phiedge = -2.8685000
# avac = 0.55800000
# ExpDate = 2.02404e+07
# Cycle = 25.0000
# t1 = 3.29800
# t2 = 8.70400
# density (ne) is only for very rough information
# Do not use data for ne_bar < 5*1-^12cm-3
# High Voltage is set at 0.90 times
# Te limit = 22keV
# Laser#1, #3, #5, 
# 
# [data]
  0.00028000,      48.000,      10.000,     0.77102,     0.78592,      5.2063,      5.2464,      0.0000,      2.1400,     -0.0000,      2.0000,    0.014203,   0.0079897,    0.013920,   0.0032864,    0.014351,  -0.0033003,    0.014341,   0.0049701,    0.013980,  0.00082224,    0.013483,   0.0098617,      9999.0,      3.8133,      3.8981
      3.3003,      48.000,      10.000,     0.74983,     0.77449,      5.2304,      5.2968,      1.4000,      2.1400,    -0.17932,      2.0000,    0.023235,   -0.016849,    0.022907,    0.012327,    0.023588,   0.0057759,    0.023369,   0.0049701,    0.022642,  0.00082224,    0.021822,   -0.017258,      1329.9,      3.8419,      3.9887
      3.3336,      49.000,      10.000,     0.57441,     0.61594,      4.6915,      4.7956,     0.10000,      2.1400,    -0.19406,      2.0000,     0.14809,      1.4404,     0.14150,      1.3502,     0.14494,      1.3762,     0.14594,      1.3353,     0.14366,      1.3116,     0.13707,      1.3026,      18.572,      3.8153,      3.9051
      3.3669,      47.000,      10.000,     0.57221,     0.61471,      4.6963,      4.8041,     0.30000,      2.1400,   0.0044130,      2.0000,     0.22259,      2.3263,     0.21304,      2.2000,     0.21960,      2.2838,     0.22033,      2.2374,     0.21528,      2.1794,     0.20560,      2.1433,      4.3114,      3.8194,      3.9190
      3.4003,      48.000,      10.000,     0.57222,     0.61437,      4.6963,      4.8031,     0.30000,      2.1400,     0.25575,      2.0000,     0.25719,      2.6243,     0.24080,      2.4712,     0.25059,      2.5651,     0.25252,      2.5654,     0.24858,      2.4958,     0.23728,      2.4596,      8.1924,      3.8194,      3.9190
      3.4336,      46.000,      10.000,     0.57011,     0.61362,      4.6914,      4.8011,     0.30000,      2.1400,     0.46534,      2.0000,     0.27813,      2.7651,     0.25919,      2.5525,     0.27136,      2.6831,     0.27530,      2.6747,     0.27123,      2.6133,     0.25886,      2.5772,      5.8534,      3.8194,      3.9190
      3.4669,      50.000,      10.000,     0.57040,     0.61442,      4.6931,      4.8048,     0.30000,      2.1400,     0.61602,      2.0000,     0.28702,      2.8727,     0.26611,      2.6429,     0.27839,      2.7648,     0.28276,      2.7659,     0.27906,      2.7218,     0.26647,      2.6947,      2.3097,      3.8198,      3.9189
      3.5003,      52.000,      10.000,     0.57218,     0.61549,      4.6923,      4.8017,     0.20000,      2.1400,     0.72665,      2.0000,     0.30269,      3.0300,     0.28133,      2.7785,     0.29408,      2.8828,     0.29853,      2.8934,     0.29469,      2.8664,     0.28111,      2.8393,      3.5106,      3.8178,      3.9120
      3.5336,      49.000,      10.000,     0.57618,     0.61929,      4.7072,      4.8180,     0.30000,      2.1400,     0.81924,      2.0000,     0.31696,      3.1958,     0.29014,      2.9322,     0.30593,      3.0552,     0.31165,      3.0483,     0.30825,      3.0292,     0.29423,      2.9840,      5.9266,      3.8198,      3.9189
      3.5669,      51.000,      10.000,     0.57279,     0.61510,      4.6987,      4.8066,     0.30000,      2.1400,     0.90591,      2.0000,     0.33705,      3.3943,     0.31114,      3.1130,     0.32532,      3.2186,     0.32990,      3.2214,     0.32674,      3.1919,     0.31193,      3.1648,      3.4005,      3.8198,      3.9189
      3.6003,      49.000,      10.000,     0.57508,     0.61935,      4.7044,      4.8181,     0.30000,      2.1400,     0.99821,      2.0000,     0.36529,      3.6261,     0.34105,      3.3299,     0.35668,      3.4273,     0.36117,      3.4310,     0.35560,      3.3907,     0.33958,      3.3455,      3.1344,      3.8198,      3.9189
      3.6336,      48.000,      10.000,     0.57627,     0.61865,      4.7019,      4.8104,     0.20000,      2.1400,      1.0873,      2.0000,     0.39426,      3.8580,     0.36610,      3.5830,     0.38263,      3.6633,     0.38857,      3.6679,     0.38297,      3.6258,     0.36538,      3.5896,      1.4775,      3.8178,      3.9120
      3.6669,      47.000,      10.000,     0.57345,     0.61656,      4.7003,      4.8107,     0.30000,      2.1400,      1.1751,      2.0000,     0.40869,      4.1063,     0.37790,      3.8000,     0.39673,      3.8902,     0.40258,      3.8866,     0.39720,      3.8608,     0.37921,      3.7975,      1.2106,      3.8198,      3.9189
      3.7003,      49.000,      10.000,     0.57346,     0.61632,      4.7003,      4.8100,     0.30000,      2.1400,      1.2461,      2.0000,     0.43775,      4.3299,     0.40732,      4.0079,     0.42442,      4.1352,     0.42984,      4.1326,     0.42498,      4.0868,     0.40576,      4.0326,      2.5939,      3.8198,      3.9189
      3.7336,      46.000,      10.000,     0.56960,     0.61320,      4.6962,      4.8074,     0.40000,      2.1400,      1.3177,      2.0000,     0.45371,      4.6112,     0.41686,      4.2520,     0.43978,      4.3712,     0.44569,      4.3878,     0.43918,      4.3309,     0.41960,      4.2586,      1.5347,      3.8218,      3.9258
      3.7669,      47.000,      10.000,     0.56988,     0.61309,      4.6919,      4.8012,     0.30000,      2.1400,      1.3830,      2.0000,     0.47815,      4.8432,     0.43821,      4.4689,     0.46290,      4.6071,     0.47030,      4.6247,     0.46466,      4.5659,     0.44350,      4.5207,      2.7313,      3.8198,      3.9189
      3.8003,      41.000,      10.000,     0.57090,     0.61417,      4.6943,      4.8041,     0.30000,      2.1400,      1.4360,      2.0000,     0.51004,      5.0836,     0.46915,      4.6769,     0.49600,      4.8431,     0.50353,      4.8525,     0.49654,      4.8010,     0.47394,      4.7377,      1.1390,      3.8198,      3.9189
      3.8336,      48.000,      10.000,     0.57175,     0.61432,      4.6963,      4.8045,     0.30000,      2.1400,      1.4726,      2.0000,     0.52995,      5.3235,     0.48191,      4.8938,     0.51132,      5.0700,     0.52154,      5.1167,     0.51493,      5.0360,     0.49137,      4.9908,      1.3515,      3.8198,      3.9189
      3.8669,      52.000,      10.000,     0.57066,     0.61436,      4.6948,      4.8061,     0.30000,      2.1400,      1.5030,      2.0000,     0.54750,      5.6049,     0.49331,      5.0837,     0.52427,      5.3150,     0.53629,      5.3809,     0.53256,      5.3072,     0.50836,      5.2258,      1.6878,      3.8203,      3.9189
      3.9003,      49.000,      10.000,     0.56762,     0.61127,      4.6926,      4.8036,     0.40000,      2.1400,      1.5490,      2.0000,     0.57747,      5.8781,     0.51590,      5.3006,     0.55338,      5.5510,     0.56666,      5.6452,     0.56151,      5.5603,     0.53657,      5.5061,      1.8223,      3.8223,      3.9257
      3.9336,      48.000,      10.000,     0.56657,     0.61111,      4.6901,      4.8032,     0.40000,      2.1400,      1.5785,      2.0000,     0.60854,      6.1679,     0.53848,      5.4995,     0.58127,      5.8051,     0.59737,      5.9003,     0.59254,      5.8315,     0.56606,      5.7501,      1.2353,      3.8223,      3.9257
      3.9669,      49.000,      10.000,     0.56857,     0.61223,      4.6948,      4.8062,     0.40000,      2.1400,      1.5845,      2.0000,     0.63077,      6.4329,     0.55454,      5.7164,     0.59779,      6.0320,     0.61671,      6.1555,     0.61356,      6.0665,     0.58627,      5.9852,     0.89732,      3.8223,      3.9257
      4.0003,      48.000,      10.000,     0.56257,     0.60708,      4.6801,      4.7926,     0.40000,      2.1400,      1.5829,      2.0000,     0.65309,      6.6481,     0.57000,      5.8792,     0.61733,      6.2498,     0.63797,      6.3832,     0.63710,      6.3016,     0.60884,      6.2383,      1.0786,      3.8223,      3.9257
      4.0336,      48.000,      10.000,     0.56076,     0.60514,      4.6756,      4.7875,     0.40000,      2.1400,      1.5672,      2.0000,     0.66474,      6.9379,     0.57375,      6.0690,     0.62443,      6.4586,     0.64746,      6.6019,     0.64753,      6.5185,     0.61871,      6.4552,      1.7842,      3.8223,      3.9257
      4.0669,      47.000,      10.000,     0.56470,     0.60882,      4.6855,      4.7971,     0.40000,      2.1400,      1.5672,      2.0000,     0.69606,      7.1697,     0.60050,      6.2859,     0.65519,      6.6855,     0.67999,      6.8571,     0.67836,      6.7445,     0.64786,      6.6541,     0.97230,      3.8223,      3.9257
      4.1003,      49.000,      10.000,     0.56728,     0.61200,      4.6918,      4.8056,     0.40000,      2.1400,      1.5077,      2.0000,     0.73781,      7.3933,     0.63676,      6.5391,     0.69431,      6.9577,     0.72110,      7.1213,     0.72098,      6.9976,     0.68873,      6.8891,      1.3318,      3.8223,      3.9257
      4.1336,      48.000,      10.000,     0.55457,     0.59816,      4.6600,      4.7677,     0.40000,      2.1400,      1.3982,      2.0000,     0.73965,      7.6168,     0.63476,      6.8463,     0.69292,      7.1846,     0.72014,      7.3855,     0.72132,      7.2958,     0.68860,      7.0880,      1.7428,      3.8218,      3.9258
      4.1669,      50.000,      10.000,     0.54836,     0.59101,      4.6508,      4.7549,     0.50000,      2.1400,      1.2980,      2.0000,     0.75231,      7.8652,     0.64119,      7.1266,     0.70553,      7.5386,     0.73288,      7.6680,     0.73229,      7.5671,     0.70000,      7.4044,      2.0685,      3.8239,      3.9327
      4.2003,      50.000,      10.000,     0.55457,     0.59891,      4.6650,      4.7752,     0.50000,      2.1400,      1.1716,      2.0000,     0.78902,      8.1384,     0.67168,      7.4611,     0.74261,      7.9288,     0.77266,      8.0052,     0.76949,      7.8022,     0.73489,      7.6394,      1.7509,      3.8239,      3.9327
      4.2336,      49.000,      10.000,     0.54344,     0.58680,      4.6397,      4.7442,     0.50000,      2.1400,      1.2339,      2.0000,     0.78729,      8.2709,     0.66512,      7.0272,     0.74429,      7.7201,     0.77587,      8.2876,     0.77044,      8.2180,     0.73482,      8.0553,      2.0407,      3.8239,      3.9327
      4.2669,      49.000,      10.000,     0.53908,     0.58352,      4.6302,      4.7360,     0.50000,      2.1400,      1.3943,      2.0000,     0.83787,      16.674,     0.71345,      7.4250,     0.79549,      8.1376,     0.82553,      8.6156,     0.81937,      8.6519,     0.78153,      8.9231,      2.2086,      3.8239,      3.9327
      4.3003,      50.000,      10.000,     0.53428,     0.58032,      4.6249,      4.7334,     0.60000,      2.1400,      1.3900,      2.0000,     0.87287,      19.804,     0.72249,      7.7956,     0.82219,      8.6186,     0.86365,      9.0621,     0.85766,      9.3570,     0.81744,      9.5016,      2.3457,      3.8259,      3.9396
      4.3336,      48.000,      10.000,     0.53161,     0.57743,      4.6193,      4.7264,     0.60000,      2.1400,      1.2533,      2.0000,     0.92034,    -0.57157,     0.75956,      8.5007,     0.87122,      9.6804,     0.91251,      10.165,     0.90516,      10.324,     0.86290,      10.641,      2.4143,      3.8259,      3.9396
      4.3669,      47.000,      10.000,     0.52796,     0.57311,      4.6118,      4.7158,     0.60000,      2.1400,      1.0798,      2.0000,      1.0100,      1.6060,     0.81669,      8.7357,     0.94838,      10.143,      1.0005,      10.821,     0.99576,      10.939,     0.94901,      10.885,      2.3024,      3.8259,      3.9396
      4.4003,      50.000,      10.000,     0.52330,     0.57013,      4.6026,      4.7082,     0.60000,      2.1400,      1.0083,      2.0000,      1.0396,      1.1340,     0.79460,      8.7809,     0.94590,      10.298,      1.0190,      11.149,      1.0277,      11.382,     0.98112,      11.454,      2.2856,      3.8259,      3.9396
      4.4336,      49.000,      10.000,     0.52398,     0.57038,      4.6087,      4.7144,     0.70000,      2.1400,     0.92762,      2.0000,      1.0600,      3.3529,     0.80838,      8.6725,     0.97072,      10.289,      1.0475,      11.185,      1.0518,      11.373,      1.0025,      11.671,      2.3448,      3.8279,      3.9465
      4.4669,      48.000,      10.000,     0.52187,     0.56643,      4.6046,      4.7043,     0.70000,      2.1400,     0.88341,      2.0000,      1.0899,      4.8184,     0.82716,      8.4826,     0.99184,      10.107,      1.0717,      11.003,      1.0806,      11.355,      1.0314,      11.445,      2.4651,      3.8279,      3.9465
      4.5003,      48.000,      10.000,     0.52284,     0.56822,      4.6065,      4.7088,     0.70000,      2.1400,     0.82640,      2.0000,      1.1151,      3.9739,     0.81904,      8.3561,      1.0017,      9.8801,      1.0968,      10.994,      1.1100,      11.418,      1.0583,      11.518,      2.8090,      3.8279,      3.9465
      4.5336,      49.000,      10.000,     0.52563,     0.57118,      4.6168,      4.7215,     0.80000,      2.1400,     0.79146,      2.0000,      1.1085,      4.0811,     0.79486,      8.1753,     0.97993,      9.6441,      1.0788,      10.611,      1.1015,      11.201,      1.0551,      11.373,      2.8801,      3.8299,      3.9534
      4.5669,      47.000,      10.000,     0.52616,     0.57165,      4.6130,      4.7175,     0.70000,      2.1400,     0.78100,      2.0000,      1.0823,      4.0649,     0.78904,      8.0487,     0.96476,      9.4263,      1.0577,      10.420,      1.0753,      10.731,      1.0270,      11.183,      2.2230,      3.8279,      3.9465
      4.6003,      49.000,      10.000,     0.52781,     0.57312,      4.6211,      4.7262,     0.80000,      2.1400,     0.56641,      2.0000,      1.0737,      3.7752,     0.75226,      7.8860,     0.92502,      9.3719,      1.0313,      10.256,      1.0657,      10.243,      1.0232,      10.577,      1.7870,      3.8299,      3.9534
      4.6336,      47.000,      10.000,     0.52512,     0.57051,      4.6204,      4.7251,     0.90000,      2.1400,     0.64068,      2.0000,      1.0525,      3.1708,     0.72741,      8.0397,     0.90439,      9.4263,      1.0115,      10.347,      1.0474,      10.306,      1.0059,      10.026,      1.5809,      3.8319,      3.9603
      4.6669,      49.000,      10.000,     0.54295,     0.58720,      4.6531,      4.7618,     0.80000,      2.1400,     0.74182,      2.0000,      1.0805,      3.2618,     0.75431,      7.8860,     0.91086,      9.1359,      1.0151,      9.9369,      1.0629,      10.071,      1.0288,      9.8452,      1.3249,      3.8299,      3.9534
      4.7003,      51.000,      10.000,     0.54118,     0.58518,      4.6491,      4.7566,     0.80000,      2.1400,     0.85117,      2.0000,      1.0717,      2.9969,     0.74942,      7.6690,     0.90450,      8.9090,      1.0069,      9.7273,      1.0526,      9.8904,      1.0204,      9.7096,      1.9577,      3.8299,      3.9534
      4.7336,      50.000,      10.000,     0.54714,     0.59193,      4.6577,      4.7684,     0.70000,      2.1400,      1.0290,      2.0000,      1.0325,      2.9803,     0.71368,      7.3888,     0.85893,      8.6912,     0.96391,      9.5542,      1.0145,      9.7728,     0.98160,      9.6011,      1.3031,      3.8279,      3.9465
      4.7669,      44.000,      10.000,     0.54824,     0.59383,      4.6602,      4.7733,     0.70000,      2.1400,      1.1675,      2.0000,      1.0147,      2.8396,     0.69981,      7.1899,     0.84176,      8.5188,     0.94713,      9.4357,     0.99657,      9.6644,     0.96397,      9.5649,      1.3509,      3.8279,      3.9465
      4.8003,      41.000,      10.000,     0.54515,     0.58921,      4.6581,      4.7669,     0.80000,      2.1400,      1.1863,      2.0000,      1.0084,      2.6988,     0.68141,      7.2713,     0.82453,      8.4552,     0.92975,      9.3537,     0.98918,      9.5830,     0.96316,      9.4564,      1.7816,      3.8299,      3.9534
      4.8336,      48.000,      10.000,     0.54764,     0.59234,      4.6589,      4.7695,     0.70000,      2.1400,      1.2640,      2.0000,      1.0188,      2.7402,     0.69709,      7.3436,     0.83199,      8.4280,     0.93363,      9.3081,     0.99579,      9.5830,     0.96864,      9.4384,      1.4220,      3.8279,      3.9465
      4.8669,      49.000,      10.000,     0.54644,     0.59062,      4.6561,      4.7650,     0.70000,      2.1400,      1.2662,      2.0000,      1.0012,      2.7485,     0.69455,      7.5154,     0.82705,      8.5097,     0.92643,      9.3719,     0.97984,      9.6011,     0.95012,      9.4022,      1.6232,      3.8279,      3.9465
      4.9003,      47.000,      10.000,     0.53791,     0.58166,      4.6373,      4.7420,     0.70000,      2.1400,      1.2515,      2.0000,     0.98006,      2.7154,     0.67895,      7.6329,     0.80702,      8.7184,     0.89814,      9.3993,     0.95627,      9.6372,     0.93025,      9.4564,      2.2735,      3.8279,      3.9465
      4.9336,      49.000,      10.000,     0.52992,     0.57514,      4.6215,      4.7270,     0.70000,      2.1400,      1.5105,      2.0000,     0.95675,      2.6574,     0.68317,      7.2170,     0.81304,      8.3826,     0.89632,      9.5177,     0.93799,      9.9084,     0.90742,      10.143,      2.3935,      3.8283,      3.9462
      4.9669,      50.000,      10.000,     0.53197,     0.57620,      4.6257,      4.7296,     0.70000,      2.1400,      1.6859,      2.0000,     0.97392,      5.9444,     0.70642,      7.6058,     0.83831,      8.5914,     0.91781,      9.6726,     0.95444,      10.143,     0.92259,      10.460,      2.2841,      3.8283,      3.9462
      5.0003,      47.000,      10.000,     0.53017,     0.57427,      4.6220,      4.7249,     0.70000,      2.1400,      1.7133,      2.0000,      1.0093,      12.410,     0.74772,      8.1120,     0.88135,      9.2993,     0.95602,      10.119,     0.98846,      10.921,     0.95470,      11.084,      1.9397,      3.8283,      3.9462
      5.0336,      48.000,      10.000,     0.52628,     0.57168,      4.6141,      4.7185,     0.70000,      2.1400,      1.6240,      2.0000,      1.0247,      11.607,     0.77229,      8.7809,     0.91798,      10.406,     0.99205,      11.194,      1.0097,      11.554,     0.96923,      11.816,      3.0745,      3.8283,      3.9462
      5.0669,      47.000,      10.000,     0.51806,     0.56407,      4.5981,      4.6993,     0.70000,      2.1400,      1.5448,      2.0000,      1.0566,      15.267,     0.79355,      9.0069,     0.95743,      10.579,      1.0366,      11.468,      1.0459,      12.105,      1.0006,      11.988,      1.8657,      3.8283,      3.9462
      5.1003,      50.000,      10.000,     0.51580,     0.56254,      4.5932,      4.6947,     0.70000,      2.1400,      1.4680,      2.0000,      1.0645,      16.409,     0.78720,      8.9527,     0.96179,      10.642,      1.0503,      11.641,      1.0600,      12.141,      1.0101,      12.186,      2.5902,      3.8279,      3.9465
      5.1336,      50.000,      10.000,     0.52231,     0.56712,      4.6054,      4.7060,     0.70000,      2.1400,      1.4147,      2.0000,      1.1144,      17.221,     0.83097,      8.7809,      1.0052,      10.588,      1.0922,      11.686,      1.1058,      12.069,      1.0557,      12.123,      2.3938,      3.8279,      3.9465
      5.1669,      48.000,      10.000,     0.53105,     0.57495,      4.6277,      4.7307,     0.80000,      2.1400,      1.3977,      2.0000,      1.1649,      17.254,     0.84898,      8.6182,      1.0256,      10.588,      1.1196,      11.659,      1.1485,      11.852,      1.1063,      11.852,      2.1898,      3.8299,      3.9534
      5.2003,      48.000,      10.000,     0.52141,     0.56657,      4.6084,      4.7101,     0.80000,      2.1400,      1.4139,      2.0000,      1.1233,      17.469,     0.81476,      8.5821,     0.99718,      10.461,      1.0947,      11.486,      1.1150,      11.716,      1.0681,      11.979,      2.0518,      3.8299,      3.9534
      5.2336,      51.000,      10.000,     0.54633,     0.59434,      4.6717,      4.7936,      1.0000,      2.1400,      1.6448,      2.0000,      1.1589,      18.065,     0.82464,      8.3561,     0.99688,      9.9255,      1.1039,      10.657,      1.1415,      10.794,      1.1060,      10.659,      1.1625,      3.8344,      3.9668
      5.2669,      47.000,      10.000,     0.54650,     0.59561,      4.6721,      4.7970,      1.0000,      2.1400,      2.4362,      2.0000,      1.0866,      17.229,     0.74181,      7.3798,     0.90810,      8.9998,      1.0219,      9.8549,      1.0725,      10.080,      1.0426,      9.9808,      2.1185,      3.8344,      3.9668
      5.3003,      51.000,      10.000,     0.55316,     0.60217,      4.6939,      4.8206,      1.1000,      2.1400,      2.8063,      2.0000,      1.0324,      16.633,     0.73282,      7.1176,     0.87081,      8.3191,     0.96474,      9.1077,      1.0118,      9.4474,     0.99097,      9.4112,      1.3912,      3.8369,      3.9715
      5.3336,      48.000,      10.000,     0.56272,     0.60728,      4.7132,      4.8294,      1.0000,      2.1400,      2.8099,      2.0000,      1.0072,      16.376,     0.76654,      7.4882,     0.87700,      8.3463,     0.94309,      8.9072,     0.97597,      9.1762,     0.95484,      9.1762,      1.6034,      3.8348,      3.9663
      5.3669,      50.000,      10.000,     0.56043,     0.60474,      4.7121,      4.8276,      1.1000,      2.1400,      2.9587,      2.0000,     0.97338,      16.103,     0.77576,      7.6600,     0.87179,      8.4008,     0.92153,      8.7250,     0.94196,      8.9050,     0.92204,      8.9050,      1.3965,      3.8369,      3.9715
      5.4003,      49.000,      10.000,     0.56286,     0.60622,      4.7135,      4.8265,      1.0000,      2.1400,      3.1222,      2.0000,     0.93971,      15.813,     0.78476,      7.7142,     0.86491,      8.3645,     0.90009,      8.5883,     0.90750,      8.6429,     0.88081,      8.5525,      1.7494,      3.8348,      3.9663
      5.4336,      51.000,      10.000,     0.56780,     0.61017,      4.7204,      4.8313,     0.90000,      2.1400,      3.3007,      2.0000,     0.91409,      15.548,     0.78235,      7.7323,     0.85562,      8.3100,     0.88507,      8.4790,     0.88433,      8.4621,     0.85290,      8.3174,      1.2826,      3.8328,      3.9595
      5.4669,      48.000,      10.000,     0.56819,     0.61117,      4.7213,      4.8340,     0.90000,      2.1400,      3.4730,      2.0000,     0.89980,      15.408,     0.78677,      7.7414,     0.85570,      8.2737,     0.88034,      8.4061,     0.87221,      8.3355,     0.83784,      8.1728,      1.8016,      3.8328,      3.9595
      5.5003,      50.000,      10.000,     0.56687,     0.60846,      4.7190,      4.8280,     0.90000,      2.1400,      3.6520,      2.0000,     0.88213,      15.341,     0.78131,      7.7685,     0.84473,      8.2465,     0.86269,      8.3605,     0.85214,      8.2722,     0.81891,      8.1095,      1.5061,      3.8333,      3.9591
      5.5336,      48.000,      10.000,     0.57126,     0.61340,      4.7298,      4.8413,     0.90000,      2.1400,      3.8287,      2.0000,     0.90335,      15.308,     0.80957,      7.8046,     0.86902,      8.2556,     0.88436,      8.3332,     0.87285,      8.2451,     0.83957,      8.0914,      1.5545,      3.8333,      3.9591
      5.5669,      42.000,      10.000,     0.56720,     0.60870,      4.7198,      4.8286,     0.90000,      2.1400,      4.0137,      2.0000,     0.88005,      15.325,     0.79562,      7.8498,     0.85225,      8.2919,     0.86291,      8.3423,     0.84845,      8.2361,     0.81455,      8.0643,      1.5238,      3.8333,      3.9591
      5.6003,      48.000,      10.000,     0.57176,     0.61447,      4.7310,      4.8442,     0.90000,      2.1400,      4.1888,      2.0000,     0.89069,      15.325,     0.80738,      7.9041,     0.86241,      8.3463,     0.87393,      8.3696,     0.86002,      8.2632,     0.82613,      8.0914,      1.7164,      3.8333,      3.9591
      5.6336,      48.000,      10.000,     0.56714,     0.60802,      4.7248,      4.8327,      1.0000,      2.1400,      4.3533,      2.0000,     0.89115,      15.349,     0.80881,      7.9673,     0.86424,      8.3917,     0.87379,      8.4061,     0.85783,      8.2813,     0.82434,      8.1095,      2.6793,      3.8353,      3.9658
      5.6669,      48.000,      10.000,     0.57216,     0.61344,      4.7278,      4.8370,     0.80000,      2.1400,      4.5222,      2.0000,     0.91423,      15.408,     0.83287,      8.0216,     0.88666,      8.4371,     0.89645,      8.4425,     0.88313,      8.2994,     0.84901,      8.1547,      1.6360,      3.8317,      3.9520
      5.7003,      52.000,      10.000,     0.57144,     0.61277,      4.7261,      4.8352,     0.80000,      2.1400,      4.6702,      2.0000,     0.90329,      15.524,     0.81076,      8.0487,     0.86913,      8.4280,     0.88506,      8.5245,     0.87306,      8.4440,     0.83867,      8.2632,      2.0966,      3.8317,      3.9520
      5.7336,      49.000,      10.000,     0.56831,     0.60951,      4.7235,      4.8322,     0.90000,      2.1400,      4.8227,      2.0000,     0.90989,      15.598,     0.81447,      8.0939,     0.87352,      8.5006,     0.88817,      8.5883,     0.87756,      8.5253,     0.84459,      8.3626,      2.3096,      3.8337,      3.9587
      5.7669,      51.000,      10.000,     0.57125,     0.61301,      4.7256,      4.8358,     0.80000,      2.1400,      4.9215,      2.0000,     0.91780,      15.706,     0.82549,      8.1843,     0.88426,      8.5914,     0.89841,      8.7705,     0.88642,      8.5796,     0.85276,      8.4440,      2.4737,      3.8317,      3.9520
      5.8003,      49.000,      10.000,     0.56944,     0.61032,      4.7262,      4.8344,     0.90000,      2.1400,      5.0674,      2.0000,     0.92068,      15.797,     0.82966,      8.2747,     0.88572,      8.7003,     0.89832,      8.8070,     0.88679,      8.6971,     0.85377,      8.5434,      2.3649,      3.8337,      3.9587
      5.8336,      50.000,      10.000,     0.57025,     0.61178,      4.7231,      4.8325,     0.80000,      2.1400,      5.1724,      2.0000,     0.95295,      15.913,     0.85515,      8.3561,     0.91534,      8.8001,     0.93236,      8.8890,     0.92184,      8.7785,     0.88658,      8.5796,      1.4602,      3.8317,      3.9520
      5.8669,      49.000,      10.000,     0.57093,     0.61239,      4.7248,      4.8342,     0.80000,      2.1400,      5.2726,      2.0000,     0.94749,      15.979,     0.85783,      8.4013,     0.91876,      8.8546,     0.93166,      8.9983,     0.91568,      8.8237,     0.87936,      8.6609,      1.1624,      3.8317,      3.9520
      5.9003,      47.000,      10.000,     0.57145,     0.61274,      4.7261,      4.8351,     0.80000,      2.1400,      5.4044,      2.0000,     0.97010,      16.037,     0.87167,      8.4555,     0.93420,      8.9181,     0.95132,      9.0257,     0.93788,      8.9050,     0.90165,      8.7513,      1.2156,      3.8317,      3.9520
      5.9336,      48.000,      10.000,     0.57109,     0.61289,      4.7252,      4.8355,     0.80000,      2.1400,      5.4936,      2.0000,     0.97061,      16.136,     0.87474,      8.5097,     0.93613,      8.9725,     0.95117,      9.1441,     0.93749,      8.9683,     0.90094,      8.8056,      1.7572,      3.8317,      3.9520
      5.9669,      49.000,      10.000,     0.57167,     0.61313,      4.7329,      4.8433,     0.90000,      2.1400,      5.6146,      2.0000,     0.98660,      16.128,     0.89152,      8.5369,     0.95319,      9.0179,     0.96838,      9.1259,     0.95445,      8.9954,     0.91810,      8.8237,      1.7492,      3.8342,      3.9583
      6.0003,      49.000,      10.000,     0.56998,     0.61164,      4.7235,      4.8335,     0.80000,      2.1400,      5.7121,      2.0000,     0.96897,      16.194,     0.86869,      8.5821,     0.93009,      9.0451,     0.94644,      9.1715,     0.93587,      9.0497,     0.90099,      8.8598,      1.6684,      3.8322,      3.9517
      6.0336,      47.000,      10.000,     0.56914,     0.61014,      4.7264,      4.8353,     0.90000,      2.1400,      5.8228,      2.0000,     0.96815,      16.219,     0.86717,      8.5911,     0.93145,      9.0724,     0.94537,      9.1988,     0.93404,      9.0587,     0.89956,      8.8598,      2.1232,      3.8342,      3.9583
      6.0669,      48.000,      10.000,     0.56918,     0.61084,      4.7265,      4.8372,     0.90000,      2.1400,      5.9148,      2.0000,     0.98932,      16.285,     0.88609,      8.6544,     0.95166,      9.1268,     0.96826,      9.2717,     0.95650,      9.1039,     0.92146,      8.9141,      1.4211,      3.8342,      3.9583
      6.1003,      39.000,      10.000,     0.56828,     0.61023,      4.7243,      4.8355,     0.90000,      2.1400,      5.9974,      2.0000,     0.97941,      16.277,     0.87444,      8.6544,     0.94296,      9.1450,     0.95973,      9.2808,     0.94683,      9.1039,     0.91186,      8.9231,      1.0825,      3.8342,      3.9583
      6.1336,      49.000,      10.000,     0.57448,     0.61596,      4.7295,      4.8394,     0.70000,      2.1400,      5.9686,      2.0000,     0.99253,      16.368,     0.89035,      8.7538,     0.95197,      9.2357,     0.97073,      9.3446,     0.95961,      9.1763,     0.92175,      9.0316,      1.5276,      3.8302,      3.9451
      6.1669,      50.000,      10.000,     0.56971,     0.61200,      4.7228,      4.8345,     0.80000,      2.1400,      5.9845,      2.0000,     0.97999,      16.467,     0.88335,      8.8623,     0.94823,      9.3537,     0.96353,      9.4357,     0.94753,      9.2485,     0.91039,      9.1220,      2.4523,      3.8322,      3.9517
      6.2003,      48.000,      10.000,     0.56941,     0.61144,      4.7220,      4.8329,     0.80000,      2.1400,      6.0208,      2.0000,     0.99443,      16.550,     0.89894,      8.9256,     0.96284,      9.4626,     0.97731,      9.5177,     0.96119,      9.3028,     0.92282,      9.1762,      1.5578,      3.8322,      3.9517
      6.2336,      55.000,      10.000,     0.57027,     0.61183,      4.7242,      4.8340,     0.80000,      2.1400,      6.1008,      2.0000,      1.0112,      16.583,     0.90568,      8.9346,     0.97097,      9.4626,     0.98951,      9.5268,     0.97712,      9.3480,     0.94014,      9.1853,      1.3655,      3.8322,      3.9517
      6.2669,      48.000,      10.000,     0.56984,     0.61260,      4.7231,      4.8361,     0.80000,      2.1400,      6.1734,      2.0000,     0.99215,      16.592,     0.89800,      8.9165,     0.96436,      9.4445,     0.97827,      9.5359,     0.96089,      9.3661,     0.92226,      9.2305,     0.99671,      3.8322,      3.9517
      6.3003,      50.000,      10.000,     0.56988,     0.61160,      4.7232,      4.8334,     0.80000,      2.1400,      6.2674,      2.0000,      1.0116,      16.592,     0.89935,      8.8984,     0.97029,      9.4263,     0.99074,      9.5359,     0.97932,      9.3841,     0.94139,      9.2214,      1.3978,      3.8322,      3.9517
      6.3336,      49.000,      10.000,     0.56907,     0.61085,      4.7263,      4.8372,     0.90000,      2.1400,      6.3570,      2.0000,     0.99846,      16.550,     0.89185,      8.8623,     0.96490,      9.3900,     0.98300,      9.5177,     0.96678,      9.3570,     0.92835,      9.1762,      1.3259,      3.8342,      3.9583
      6.3669,      49.000,      10.000,     0.57003,     0.61167,      4.7236,      4.8336,     0.80000,      2.1400,      6.4546,      2.0000,      1.0086,      16.567,     0.91144,      8.8261,     0.97524,      9.3628,     0.98999,      9.4995,     0.97580,      9.3299,     0.93776,      9.1581,      1.0174,      3.8322,      3.9517
      6.4003,      48.000,      10.000,     0.56770,     0.60958,      4.7239,      4.8351,     0.90000,      2.1400,      6.5271,      2.0000,     0.99434,      16.509,     0.88932,      8.8171,     0.95641,      9.3537,     0.97284,      9.4995,     0.96034,      9.3118,     0.92566,      9.1762,      1.9778,      3.8346,      3.9579
      6.4336,      49.000,      10.000,     0.56872,     0.61121,      4.7213,      4.8337,     0.80000,      2.1400,      6.6326,      2.0000,     0.99485,      16.517,     0.87932,      8.7990,     0.95334,      9.3356,     0.97432,      9.4813,     0.96360,      9.3118,     0.92684,      9.1581,      1.1361,      3.8326,      3.9513
      6.4669,      50.000,      10.000,     0.56959,     0.61205,      4.7235,      4.8360,     0.80000,      2.1400,      6.7193,      2.0000,     0.99009,      16.534,     0.88279,      8.7900,     0.95165,      9.3356,     0.97082,      9.4722,     0.95851,      9.3209,     0.92233,      9.1310,      2.5450,      3.8326,      3.9513
      6.5003,      49.000,      10.000,     0.56936,     0.61088,      4.7229,      4.8328,     0.80000,      2.1400,      6.8014,      2.0000,      1.0139,      16.509,     0.90845,      8.7809,     0.97478,      9.3174,     0.99192,      9.4630,     0.98024,      9.3028,     0.94464,      9.1401,      2.2484,      3.8326,      3.9513
      6.5336,      49.000,      10.000,     0.56962,     0.61179,      4.7235,      4.8353,     0.80000,      2.1400,      6.8715,      2.0000,     0.99401,      16.525,     0.89017,      8.7809,     0.95992,      9.3083,     0.97789,      9.4813,     0.96285,      9.2937,     0.92530,      9.1401,      2.1312,      3.8326,      3.9513
      6.5669,      47.000,      10.000,     0.56872,     0.61069,      4.7213,      4.8323,     0.80000,      2.1400,      6.9455,      2.0000,      1.0068,      16.509,     0.90329,      8.7628,     0.97084,      9.3174,     0.98825,      9.4722,     0.97477,      9.2937,     0.93781,      9.1220,      1.6929,      3.8326,      3.9513
      6.6003,      49.000,      10.000,     0.57184,     0.61386,      4.7291,      4.8409,     0.80000,      2.1400,      7.0434,      2.0000,     0.99407,      16.501,     0.89079,      8.7809,     0.95728,      9.3265,     0.97349,      9.4539,     0.96183,      9.3028,     0.92542,      9.1220,      2.5190,      3.8326,      3.9513
      6.6336,      49.000,      10.000,     0.56898,     0.61048,      4.7220,      4.8317,     0.80000,      2.1400,      7.1096,      2.0000,      1.0101,      16.517,     0.90341,      8.7809,     0.97271,      9.3083,     0.99095,      9.4904,     0.97816,      9.3118,     0.94066,      9.1400,      1.1618,      3.8326,      3.9513
      6.6669,      50.000,      10.000,     0.57107,     0.61353,      4.7221,      4.8342,     0.70000,      2.1400,      7.1964,      2.0000,      1.0129,      16.509,     0.91117,      8.7990,     0.97882,      9.3265,     0.99814,      9.4539,     0.98552,      9.3209,     0.94687,      9.1220,      1.6537,      3.8306,      3.9448
      6.7003,      55.000,      10.000,     0.57068,     0.61266,      4.7261,      4.8377,     0.80000,      2.1400,      7.2590,      2.0000,      1.0099,      16.517,     0.91006,      8.7900,     0.97636,      9.3356,     0.99149,      9.4995,     0.97786,      9.3028,     0.94005,      9.1672,      1.3378,      3.8326,      3.9513
      6.7336,      47.000,      10.000,     0.57021,     0.61221,      4.7250,      4.8365,     0.80000,      2.1400,      7.3378,      2.0000,      1.0146,      16.550,     0.90629,      8.7900,     0.97695,      9.3265,     0.99647,      9.4722,     0.98268,      9.3389,     0.94545,      9.1581,      1.0701,      3.8326,      3.9513
      6.7669,      48.000,      10.000,     0.56658,     0.60879,      4.7211,      4.8329,     0.90000,      2.1400,      7.4072,      2.0000,     0.98977,      16.525,     0.87686,      8.7900,     0.95295,      9.3356,     0.97281,      9.4630,     0.95908,      9.3299,     0.92179,      9.1672,      1.8395,      3.8346,      3.9579
      6.8003,      49.000,      10.000,     0.56878,     0.61076,      4.7215,      4.8325,     0.80000,      2.1400,      7.4617,      2.0000,      1.0097,      16.550,     0.90396,      8.7900,     0.97460,      9.3446,     0.99288,      9.4995,     0.97778,      9.3389,     0.93934,      9.1672,      1.6542,      3.8326,      3.9513
      6.8336,      48.000,      10.000,     0.57021,     0.61285,      4.7260,      4.8396,     0.80000,      2.1400,      7.5367,      2.0000,      1.0422,      16.567,     0.92742,      8.8080,      1.0019,      9.3356,      1.0213,      9.5177,      1.0101,      9.3480,     0.97311,      9.1943,      1.4312,      3.8331,      3.9510
      6.8669,      55.000,      10.000,     0.56963,     0.61087,      4.7195,      4.8283,     0.70000,      2.1400,      7.6003,      2.0000,      1.0083,      16.558,     0.89952,      8.7900,     0.96871,      9.3265,     0.98951,      9.5451,     0.97707,      9.3661,     0.93854,      9.1762,      1.7519,      3.8311,      3.9445
      6.9003,      47.000,      10.000,     0.56921,     0.61138,      4.7235,      4.8356,     0.80000,      2.1400,      7.6687,      2.0000,      1.0249,      16.575,     0.91577,      8.7990,     0.98686,      9.3356,      1.0068,      9.5451,     0.99319,      9.3480,     0.95578,      9.2033,      1.5487,      3.8331,      3.9510
      6.9336,      49.000,      10.000,     0.56870,     0.61017,      4.7223,      4.8322,     0.80000,      2.1400,      7.7356,      2.0000,      1.0118,      16.583,     0.89690,      8.7809,     0.96850,      9.3265,     0.98984,      9.5359,     0.97879,      9.3570,     0.94198,      9.2033,      1.5757,      3.8331,      3.9510
      6.9669,      57.000,      10.000,     0.56921,     0.61124,      4.7235,      4.8352,     0.80000,      2.1400,      7.7999,      2.0000,      1.0297,      16.600,     0.92259,      8.7900,     0.99446,      9.3356,      1.0127,      9.5633,     0.99941,      9.3661,     0.96061,      9.2033,      1.2658,      3.8331,      3.9510
      7.0003,      56.000,      10.000,     0.56876,     0.61090,      4.7224,      4.8342,     0.80000,      2.1400,      7.8688,      2.0000,      1.0340,      16.583,     0.91269,      8.8080,     0.98893,      9.3446,      1.0118,      9.5451,      1.0012,      9.3932,     0.96348,      9.2305,      1.4311,      3.8331,      3.9510
      7.0336,      49.000,      10.000,     0.57073,     0.61247,      4.7222,      4.8327,     0.70000,      2.1400,      7.9299,      2.0000,      1.0363,      16.583,     0.91656,      8.7990,     0.98928,      9.3446,      1.0110,      9.5359,      1.0031,      9.3841,     0.96600,      9.2124,      1.5139,      3.8311,      3.9445
      7.0669,      48.000,      10.000,     0.57099,     0.61333,      4.7229,      4.8351,     0.70000,      2.1400,      8.0058,      2.0000,      1.0362,      16.575,     0.91591,      8.7990,     0.99063,      9.3446,      1.0143,      9.4995,      1.0041,      9.3751,     0.96589,      9.2033,      2.1846,      3.8311,      3.9445
      7.1003,      48.000,      10.000,     0.56740,     0.60879,      4.7190,      4.8284,     0.80000,      2.1400,      8.0759,      2.0000,      1.0231,      16.600,     0.90429,      8.8080,     0.97784,      9.3537,     0.99758,      9.4995,     0.98783,      9.4022,     0.95274,      9.2395,      1.4099,      3.8331,      3.9510
      7.1336,      48.000,      10.000,     0.56856,     0.61021,      4.7219,      4.8323,     0.80000,      2.1400,      8.1362,      2.0000,      1.0306,      16.575,     0.91349,      8.7900,     0.98616,      9.3537,      1.0066,      9.5086,     0.99612,      9.3932,     0.96035,      9.2394,      1.8650,      3.8331,      3.9510
      7.1669,      47.000,      10.000,     0.56999,     0.61167,      4.7255,      4.8364,     0.80000,      2.1400,      8.2033,      2.0000,      1.0204,      16.583,     0.90530,      8.7990,     0.97793,      9.3537,     0.99761,      9.5086,     0.98776,      9.4112,     0.95140,      9.2485,      1.7489,      3.8331,      3.9510
      7.2003,      49.000,      10.000,     0.56945,     0.61181,      4.7241,      4.8368,     0.80000,      2.1400,      8.2686,      2.0000,      1.0165,      16.593,     0.90241,      8.7900,     0.97210,      9.3628,     0.99350,      9.5177,     0.98412,      9.4203,     0.94897,      9.2305,      1.9000,      3.8331,      3.9510
      7.2336,      48.000,      10.000,     0.56864,     0.60915,      4.7065,      4.8123,     0.50000,      2.1400,      7.8851,      2.0000,      1.0308,      17.121,     0.92144,      9.0160,     0.99305,      9.6895,      1.0136,      9.8731,      1.0006,      9.6282,     0.95950,      9.4022,      1.4915,      3.8271,      3.9315
      7.2669,      49.000,      10.000,     0.54758,     0.59063,      4.6554,      4.7627,     0.50000,      2.1400,      7.5207,      2.0000,     0.99661,      18.339,     0.87432,      9.7572,     0.95411,      10.661,     0.97915,      10.976,     0.96908,      10.595,     0.92881,      10.288,      1.5767,      3.8271,      3.9315
      7.3003,      48.000,      10.000,     0.50174,     0.55686,      4.5816,      4.6965,     0.90000,      2.1400,      6.9153,      2.0000,     0.68178,      1.5149,     0.44936,      15.000,     0.58515,      12.385,     0.66581,      11.732,     0.68625,      10.821,     0.65655,      10.044,      968.40,      3.8346,      3.9579
      7.3336,      48.000,      10.000,     0.75549,     0.77398,      5.2561,      5.3059,      1.6000,      2.1400,     0.28823,      2.0000,    0.016896,      17.569,    0.017244,      15.253,    0.017500,      10.071,    0.017084,      13.108,    0.016393,      2.2337,    0.015779,     0.31721,      225.19,      3.8460,      3.9993
      7.3669,      48.000,      10.000,     0.74705,     0.77213,      5.2439,      5.3114,      1.8000,      2.1400,     0.29098,      2.0000,    0.019611,      16.169,    0.022731,      14.485,    0.021934,      9.0270,    0.020704,      11.850,    0.019671,     0.91384,    0.019194,    -0.90316,      607.01,      3.8502,      4.0098
      7.4003,      48.000,      10.000,     0.75396,     0.77436,      5.2459,      5.3007,      1.5000,      2.1400,     0.29234,      2.0000,    0.018071,      16.145,    0.018196,      14.476,    0.018499,      9.0179,    0.018237,      11.841,    0.017729,     0.89576,    0.017215,    -0.93028,      230.03,      3.8439,      3.9940
      7.4336,      49.000,      10.000,     0.74950,     0.77499,      5.2243,      5.2928,      1.3000,      2.1400,     0.28757,      2.0000,    0.023289,      16.161,    0.023405,      14.467,    0.023760,      9.0179,    0.023368,      11.832,    0.022673,     0.89576,    0.021910,    -0.94836,      504.22,      3.8398,      3.9835
      7.4669,      48.000,      10.000,     0.76194,     0.78433,      5.1879,      5.2481,     0.10000,      2.1400,     0.28221,      2.0000,    0.021149,      16.154,    0.020680,      14.476,    0.021086,      9.0179,    0.021075,      11.841,    0.020661,     0.89576,    0.019823,    -0.94836,      1218.4,      3.8153,      3.9051
      7.5003,      50.000,      10.000,     0.74145,     0.77729,      5.1748,      5.2713,     0.80000,      2.1400,     0.27548,      2.0000,    0.030456,      16.178,    0.031895,      14.476,    0.031986,      9.0088,    0.031278,      11.841,    0.029912,     0.89576,    0.028547,    -0.93028,      229.47,      3.8295,      3.9538
      7.5336,      49.000,      10.000,     0.76048,     0.78492,      5.1780,      5.2437,      0.0000,      2.1400,     0.26499,      2.0000,    0.022239,      16.185,    0.022391,      14.485,    0.022461,      9.0270,    0.022219,      11.841,    0.021646,     0.91384,    0.020822,    -0.92124,      1169.3,      3.8133,      3.8981
      7.5669,      48.000,      10.000,     0.75728,     0.78316,      5.1814,      5.2510,     0.20000,      2.1400,     0.25843,      2.0000,    0.024295,      16.169,    0.024516,      14.485,    0.024630,      9.0270,    0.024266,      11.850,    0.023546,     0.91384,    0.022619,    -0.93932,      712.76,      3.8173,      3.9120
      7.6002,      49.000,      10.000,     0.76088,     0.78423,      5.1851,      5.2479,     0.10000,      2.1400,     0.24987,      2.0000,    0.021029,      16.178,    0.020655,      14.476,    0.021069,      9.0179,    0.021062,      11.841,    0.020600,     0.89576,    0.019770,    -0.94836,      1182.8,      3.8153,      3.9051
      7.6336,      46.000,      10.000,     0.74798,     0.77907,      5.3399,      5.4294,      3.2000,      2.1400,     0.24103,      2.0000,    0.024642,      16.178,    0.028797,      14.485,    0.027122,      9.0179,    0.025072,      11.841,    0.023485,     0.89576,    0.023156,    -0.93936,      810.37,      3.8776,      4.0667
      7.6669,      51.000,      10.000,     0.74696,     0.77633,      5.2017,      5.2807,      1.0000,      2.1400,     0.23238,      2.0000,    0.023848,      16.161,    0.025911,      14.476,    0.025661,      9.0179,    0.024967,      11.841,    0.023968,     0.89576,    0.022974,    -0.93932,      738.21,      3.8335,      3.9677
      7.7002,      58.000,      10.000,     0.76438,     0.78529,      5.1885,      5.2447,      0.0000,      2.1400,     0.22251,      2.0000,    0.019005,      16.169,    0.019075,      14.476,    0.019164,      9.0179,    0.018981,      11.841,    0.018523,     0.91384,    0.017831,    -0.93028,      1133.7,      3.8133,      3.8981
      7.7336,      48.000,      10.000,     0.75754,     0.78465,      5.1701,      5.2430,      0.0000,      2.1400,     0.21248,      2.0000,    0.024589,      16.145,    0.024974,      14.476,    0.024855,      9.0179,    0.024470,      11.841,    0.023810,     0.90480,    0.022907,    -0.93028,      1149.2,      3.8133,      3.8981
      7.7669,      49.000,      10.000,     0.75896,     0.78478,      5.1739,      5.2434,      0.0000,      2.1400,     0.20242,      2.0000,    0.022189,      16.153,    0.022066,      14.467,    0.022179,      9.0179,    0.022092,      11.841,    0.021564,     0.89576,    0.020743,    -0.94836,      1333.5,      3.8133,      3.8981
      7.8002,      51.000,      10.000,     0.76484,     0.78533,      5.1897,      5.2449,      0.0000,      2.1400,     0.19383,      2.0000,    0.018728,      16.178,    0.018825,      14.476,    0.018906,      9.0179,    0.018671,      11.832,    0.018215,     0.89576,    0.017542,    -0.93932,      924.94,      3.8133,      3.8981
      7.8336,      43.000,      10.000,     0.76572,     0.78542,      5.1921,      5.2451,      0.0000,      2.1400,     0.18324,      2.0000,    0.018290,      16.153,    0.018010,      14.485,    0.018428,      9.0179,    0.018437,      11.841,    0.017965,     0.90480,    0.017297,    -0.92124,      1414.5,      3.8133,      3.8981
      7.8669,      50.000,      10.000,     0.75781,     0.78467,      5.1708,      5.2431,      0.0000,      2.1400,     0.17253,      2.0000,    0.024096,      16.169,    0.024003,      14.476,    0.024310,      9.0179,    0.024127,      11.841,    0.023514,     0.89576,    0.022605,    -0.93932,      988.00,      3.8133,      3.8981
      7.9002,      48.000,      10.000,     0.76125,     0.78499,      5.1801,      5.2439,      0.0000,      2.1400,     0.16065,      2.0000,    0.020540,      16.169,    0.020929,      14.476,    0.021068,      9.0179,    0.020951,      11.850,    0.020394,     0.90480,    0.019611,    -0.93028,      887.87,      3.8133,      3.8981
      7.9336,      49.000,      10.000,     0.74873,     0.78384,      5.1464,      5.2408,      0.0000,      2.1400,     0.14801,      2.0000,    0.030150,      16.161,    0.030022,      14.476,    0.030317,      9.0179,    0.030156,      11.850,    0.029534,     0.91384,    0.028312,    -0.91220,      981.20,      3.8133,      3.8981
      7.9669,      47.000,      10.000,     0.76310,     0.78517,      5.1850,      5.2444,      0.0000,      2.1400,     0.13460,      2.0000,    0.020341,      16.186,    0.019929,      14.476,    0.020399,      9.0179,    0.020367,      11.841,    0.019892,     0.90480,    0.019127,    -0.93932,      1786.7,      3.8133,      3.8981
      8.0002,      48.000,      10.000,     0.75814,     0.78470,      5.1717,      5.2432,      0.0000,      2.1400,     0.12214,      2.0000,    0.024753,      16.169,    0.024569,      14.485,    0.025003,      9.0179,    0.024851,      11.841,    0.024132,     0.89576,    0.023232,    -0.94836,      967.00,      3.8133,      3.8981
      8.0336,      55.000,      10.000,     0.76090,     0.78496,      5.1791,      5.2439,      0.0000,      2.1400,     0.10785,      2.0000,    0.022078,      16.169,    0.022285,      14.476,    0.022380,      9.0088,    0.022100,      11.841,    0.021485,     0.90480,    0.020688,    -0.94836,      1267.7,      3.8133,      3.8981
      8.0669,      48.000,      10.000,     0.75421,     0.78434,      5.1611,      5.2422,      0.0000,      2.1400,    0.095414,      2.0000,    0.025614,      16.178,    0.026069,      14.476,    0.026006,      9.0179,    0.025608,      11.841,    0.024888,     0.90480,    0.023948,    -0.94836,      1301.0,      3.8133,      3.8981
      8.1002,      47.000,      10.000,     0.75121,     0.78406,      5.1531,      5.2414,      0.0000,      2.1400,    0.083991,      2.0000,    0.028550,      16.145,    0.028493,      14.476,    0.028804,      9.0179,    0.028648,      11.841,    0.027994,     0.89576,    0.026865,    -0.93028,      395.81,      3.8133,      3.8981
      8.1336,      46.000,      10.000,     0.74913,     0.78388,      5.1475,      5.2409,      0.0000,      2.1400,    0.071887,      2.0000,    0.029065,      16.169,    0.029141,      14.485,    0.029289,      9.0088,    0.029247,      11.841,    0.028694,     0.90480,    0.027501,    -0.93028,      1494.8,      3.8133,      3.8981
      8.1669,      48.000,      10.000,     0.75056,     0.78400,      5.1513,      5.2413,      0.0000,      2.1400,    0.059737,      2.0000,    0.030057,      16.145,    0.030583,      14.476,    0.030511,      9.0179,    0.029989,      11.841,    0.029143,     0.90480,    0.028026,    -0.93028,      1061.4,      3.8133,      3.8981
      8.2002,      49.000,      10.000,     0.75699,     0.78460,      5.1686,      5.2429,      0.0000,      2.1400,    0.047304,      2.0000,    0.024388,      16.161,    0.024258,      14.485,    0.024412,      9.0179,    0.024207,      11.850,    0.023661,     0.90480,    0.022730,    -0.92124,      1798.4,      3.8133,      3.8981
      8.2336,      51.000,      10.000,     0.74835,     0.78381,      5.1454,      5.2407,      0.0000,      2.1400,    0.034477,      2.0000,    0.031125,      16.177,    0.031936,      14.476,    0.031649,      9.0179,    0.031162,      11.841,    0.030373,     0.89576,    0.029196,    -0.94836,      490.94,      3.8133,      3.8981
      8.2669,      50.000,      10.000,     0.75377,     0.78430,      5.1599,      5.2421,      0.0000,      2.1400,    0.021459,      2.0000,    0.026493,      16.161,    0.026147,      14.485,    0.026550,      9.0088,    0.026582,      11.850,    0.026020,     0.89576,    0.024948,    -0.92124,      440.56,      3.8133,      3.8981
      8.3002,      50.000,      10.000,     0.76374,     0.78523,      5.1868,      5.2446,      0.0000,      2.1400,   0.0083445,      2.0000,    0.019478,      16.178,    0.019753,      14.476,    0.019758,      9.0089,    0.019531,      11.841,    0.019009,     0.89576,    0.018307,    -0.93932,      1763.0,      3.8133,      3.8981
      8.3336,      48.000,      10.000,     0.75904,     0.78479,      5.1741,      5.2434,      0.0000,      2.1400,      0.0000,      2.0000,    0.023305,      16.169,    0.023573,      14.476,    0.023629,      9.0088,    0.023379,      11.841,    0.022731,     0.89576,    0.021875,    -0.92124,      1476.1,      3.8133,      3.8981
      8.3669,      48.000,      10.000,     0.76529,     0.78538,      5.1909,      5.2450,      0.0000,      2.1400,      0.0000,      2.0000,    0.017572,      16.169,    0.017913,      14.476,    0.018070,      9.0179,    0.017920,      11.841,    0.017458,     0.89576,    0.016799,    -0.92124,      1203.3,      3.8133,      3.8981
      8.4002,      49.000,      10.000,     0.77077,     0.78590,      5.2057,      5.2464,      0.0000,      2.1400,      0.0000,      2.0000,    0.014373,      16.178,    0.013908,      14.476,    0.014400,      9.0179,    0.014505,      11.841,    0.014201,     0.90480,    0.013673,    -0.92124,      976.52,      3.8133,      3.8981
      8.4336,      47.000,      10.000,     0.74577,     0.78357,      5.1384,      5.2401,      0.0000,      2.1400,      0.0000,      2.0000,    0.033429,      16.177,    0.033830,      14.476,    0.034021,      9.0088,    0.033678,      11.841,    0.032698,     0.90480,    0.031444,    -0.93028,      761.96,      3.8133,      3.8981
      8.4669,      42.000,      10.000,     0.75538,     0.78445,      5.1643,      5.2425,      0.0000,      2.1400,      0.0000,      2.0000,    0.025289,      16.145,    0.024680,      14.485,    0.025182,      9.0179,    0.025177,      11.841,    0.024652,     0.90480,    0.023655,    -0.93028,      747.58,      3.8133,      3.8981
      8.5002,      50.000,      10.000,     0.76330,     0.78519,      5.1856,      5.2445,      0.0000,      2.1400,      0.0000,      2.0000,    0.019813,      16.169,    0.019667,      14.476,    0.019897,      9.0179,    0.019821,      11.841,    0.019356,     0.90480,    0.018615,    -0.94836,      986.50,      3.8133,      3.8981
      8.5336,      48.000,      10.000,     0.76126,     0.78499,      5.1801,      5.2439,      0.0000,      2.1400,      0.0000,      2.0000,    0.022698,      16.169,    0.022697,      14.476,    0.022867,      9.0179,    0.022598,      11.841,    0.022041,     0.90480,    0.021206,    -0.91220,      1348.9,      3.8133,      3.8981
      8.5669,      49.000,      10.000,     0.76468,     0.78532,      5.1893,      5.2448,      0.0000,      2.1400,      0.0000,      2.0000,    0.019046,      16.161,    0.018996,      14.476,    0.019251,      9.0179,    0.019140,      11.841,    0.018619,     0.89576,    0.017935,    -0.93028,      1558.2,      3.8133,      3.8981
      8.6002,      47.000,      10.000,     0.76780,     0.78562,      5.1977,      5.2456,      0.0000,      2.1400,      0.0000,      2.0000,    0.016538,      16.178,    0.016869,      14.467,    0.017025,      9.0088,    0.016754,      11.841,    0.016176,     0.89576,    0.015645,    -0.93932,      1516.0,      3.8133,      3.8981
      8.6336,      40.000,      10.000,     0.75743,     0.78464,      5.1698,      5.2430,      0.0000,      2.1400,      0.0000,      2.0000,    0.025081,      16.169,    0.025156,      14.476,    0.025429,      9.0179,    0.025169,      11.841,    0.024435,     0.89576,    0.023526,    -0.94836,      1126.5,      3.8133,      3.8981
      8.6669,      49.000,      10.000,     0.76072,     0.78494,      5.1786,      5.2438,      0.0000,      2.1400,      0.0000,      2.0000,    0.022157,      16.186,    0.022647,      14.467,    0.022602,      9.0088,    0.022270,      11.841,    0.021633,     0.89576,    0.020848,    -0.94836,      1202.1,      3.8133,      3.8981
      8.7002,      50.000,      10.000,     0.75344,     0.78427,      5.1590,      5.2420,      0.0000,      2.1400,      0.0000,      2.0000,    0.026953,      16.169,    0.026979,      14.476,    0.027209,      9.0179,    0.026951,      11.841,    0.026262,     0.90480,    0.025241,    -0.92124,      1174.5,      3.8133,      3.8981
