# [Parameters]
# Name = tsmap_nel
# ShotNo = 115085
# Date = '07/24/2021 12:28'
# 
# DimNo = 1
# DimName = 'Time'
# DimSize = 178
# DimUnit = 's'
# 
# ValNo = 25
# ValName = 'laser', 'laser number', 'a99', 'a999', 'R99', 'R999', 'p0', 'pf', 'ip', 'ipf', 'nl_thomson_mid', 'nl_mmw_mid', 'nl_thomson_3579', 'nl_fir_3579', 'nl_thomson_3669', 'nl_fir_3669', 'nl_thomson_3759', 'nl_fir_3759', 'nl_thomson_3849', 'nl_fir_3849', 'nl_thomson_3939', 'nl_fir_3939', 'chi', 'geom_center', 'Rax_vmec'
# ValUnit = 'arb', 'arb', 'm', 'm', 'm', 'm', '%', 'arb', 'kA/T', 'arb', 'arb', 'e19m-2', 'arb', 'e19m-2', 'arb', 'e19m-2', 'arb', 'e19m-2', 'arb', 'e19m-2', 'arb', 'e19m-2', 'arb', 'm', 'm'
# 
# [Comments]
# Bt = -2.53850
# Rax = 3.90000
# Bq = 100.000
# Gamma = 1.25380
# phiedge = -2.8685000
# avac = 0.55800000
# ExpDate = 2.01211e+07
# Cycle = 16.0000
# t1 = 3.29800
# t2 = 9.80300
# density (ne) is only for very rough information
# Do not use data for ne_bar < 5*1-^12cm-3
# High Voltage is set at 0.90 times
# Te limit = 22keV
# Laser#1, #3, #5, 
# 
# [data]
      0.0000,      923.00,      2.0000,     0.77302,     0.77933,      5.2386,      5.2569,      0.0000,      2.1400,      0.0000,      2.0000,   0.0066609, -0.00082803,   0.0056133,   0.0016567,   0.0061589,   0.0024855,   0.0065081, -0.00082792,   0.0066363,   0.0024659,   0.0063616,   -0.013201,      9999.0,      3.8133,      3.8981
      3.3000,      904.00,      2.0000,     0.76457,     0.77564,      5.2400,      5.2722,     0.40000,      2.1400,    0.058340,      2.0000,    0.010768,    0.073704,    0.010322,     0.10189,    0.010770,     0.13005,    0.010755,    0.099402,    0.010506,    0.083825,    0.010121,     0.10478,      835.65,      3.8214,      3.9259
      3.3330,      905.00,      2.0000,     0.57008,     0.61263,      4.6911,      4.7985,     0.30000,      2.1400,    0.060485,      2.0000,     0.62221,     0.63187,     0.59073,     0.63037,     0.60953,     0.65854,     0.60948,     0.64611,     0.59592,     0.63525,     0.56909,     0.60394,      58.711,      3.8194,      3.9190
      3.3660,      911.00,      2.0000,     0.56099,     0.60371,      4.6688,      4.7752,     0.30000,      2.1400,     0.13713,      2.0000,     0.91781,     0.93332,     0.85419,     0.91284,     0.89646,     0.95923,     0.90407,     0.94680,     0.88305,     0.92452,     0.84279,     0.89437,      39.277,      3.8194,      3.9190
      3.4000,      905.00,      2.0000,     0.57145,     0.61172,      4.6842,      4.7846,     0.10000,      2.1400,     0.26135,      2.0000,      1.1281,      1.1089,     0.99767,      1.0586,      1.0720,      1.1324,      1.1063,      1.1199,      1.0954,      1.0963,      1.0428,      1.0577,      12.890,      3.8153,      3.9051
      3.4330,      907.00,      2.0000,     0.57118,     0.61237,      4.6938,      4.7978,     0.30000,      2.1400,     0.43317,      2.0000,      1.4230,      1.3226,      1.2533,      1.2409,      1.3420,      1.3237,      1.3855,      1.3295,      1.3776,      1.2952,      1.3128,      1.2574,      8.1996,      3.8194,      3.9190
      3.4660,      911.00,      2.0000,     0.57696,     0.61790,      4.7039,      4.8086,     0.20000,      2.1400,     0.59066,      2.0000,      1.8827,      1.7615,      1.7372,      1.6782,      1.8203,      1.7428,      1.8538,      1.7486,      1.8251,      1.6929,      1.7409,      1.6386,      5.5547,      3.8178,      3.9120
      3.5000,      904.00,      2.0000,     0.57499,     0.61425,      4.7257,      4.8277,     0.70000,      2.1400,     0.81182,      2.0000,      2.1878,     -2.6260,      2.0562,      2.0427,      2.1216,      2.1164,      2.1269,      2.0767,      2.0866,      2.0003,      1.9994,      1.9290,      12.978,      3.8279,      3.9465
      3.5330,      911.00,      2.0000,     0.57619,     0.61580,      4.7073,      4.8088,     0.30000,      2.1400,     0.98460,      2.0000,      2.4249,     -8.5788,      2.2840,      2.2796,      2.3653,      2.3442,      2.3824,      2.3136,      2.3359,      2.2172,      2.2307,      2.1287,      5.5945,      3.8198,      3.9189
      3.5660,      907.00,      2.0000,     0.57529,     0.61521,      4.7159,      4.8186,     0.50000,      2.1400,      1.1540,      2.0000,      2.5378,     -14.442,      2.4315,      2.4801,      2.5134,      2.5356,      2.5093,      2.5049,      2.4403,      2.3980,      2.3311,      2.3011,      9.3706,      3.8239,      3.9327
      3.6000,      901.00,      2.0000,     0.57711,     0.61675,      4.7257,      4.8285,     0.60000,      2.1400,      1.2507,      2.0000,      2.7089,     -20.737,      2.5852,      2.6532,      2.6818,      2.7087,      2.6793,      2.6872,      2.6055,      2.5788,      2.4874,      2.4826,      5.2594,      3.8259,      3.9396
      3.6330,      900.00,      2.0000,     0.57530,     0.61594,      4.7159,      4.8205,     0.50000,      2.1400,      1.4060,      2.0000,      2.9948,     -24.260,      2.8407,      2.9266,      2.9669,      3.0094,      2.9735,      2.9787,      2.8872,      2.8500,      2.7559,      2.7186,      3.9735,      3.8239,      3.9327
      3.6660,      902.00,      2.0000,     0.57259,     0.61400,      4.7155,      4.8225,     0.60000,      2.1400,      1.5214,      2.0000,      3.1743,     -24.011,      2.9483,      3.1543,      3.1098,      3.2554,      3.1348,      3.2521,      3.0595,      3.1122,      2.9218,      2.9636,      3.8358,      3.8263,      3.9394
      3.7000,      904.00,      2.0000,     0.57525,     0.61729,      4.7169,      4.8255,     0.50000,      2.1400,      1.6438,      2.0000,      3.4486,     -23.768,      3.1848,      3.3639,      3.3637,      3.4650,      3.4045,      3.4890,      3.3337,      3.3562,      3.1852,      3.1905,      5.1137,      3.8243,      3.9325
      3.7330,      901.00,      2.0000,     0.57021,     0.61340,      4.7041,      4.8153,     0.50000,      2.1400,      1.7193,      2.0000,      3.5608,     -23.545,      3.2550,      3.5370,      3.4733,      3.6746,      3.5272,      3.7077,      3.4494,      3.5641,      3.2916,      3.3993,      2.7751,      3.8243,      3.9325
      3.7660,      903.00,      2.0000,     0.57391,     0.61686,      4.7135,      4.8244,     0.50000,      2.1400,      1.8495,      2.0000,      3.7240,     -23.336,      3.3792,      3.7011,      3.6173,      3.8750,      3.6838,      3.8990,      3.6086,      3.7449,      3.4451,      3.5898,      3.5744,      3.8243,      3.9325
      3.8000,      909.00,      2.0000,     0.56970,     0.61261,      4.7082,      4.8188,     0.60000,      2.1400,      2.0500,      2.0000,      3.9249,     -23.180,      3.5269,      3.8468,      3.7943,      4.0390,      3.8713,      4.0813,      3.7990,      3.9257,      3.6264,      3.7441,      5.2436,      3.8263,      3.9394
      3.8330,      906.00,      2.0000,     0.56953,     0.61281,      4.7078,      4.8193,     0.60000,      2.1400,      2.1724,      2.0000,      4.1073,     -23.013,      3.6739,      3.9744,      3.9586,      4.1757,      4.0496,      4.2271,      3.9803,      4.0613,      3.7993,      3.8803,      3.5030,      3.8263,      3.9394
      3.8660,      904.00,      2.0000,     0.56784,     0.61163,      4.7035,      4.8163,     0.60000,      2.1400,      2.3140,      2.0000,      4.2331,     -22.868,      3.7794,      4.1293,      4.0809,      4.3306,      4.1800,      4.3728,      4.1052,      4.2241,      3.9178,      3.9982,      3.6745,      3.8263,      3.9394
      3.9000,      909.00,      2.0000,     0.56736,     0.61101,      4.7033,      4.8160,     0.60000,      2.1400,      2.5829,      2.0000,      4.3112,     -22.725,      3.8329,      4.2478,      4.1479,      4.4764,      4.2453,      4.5095,      4.1782,      4.3596,      3.9916,      4.1707,      2.8603,      3.8268,      3.9392
      3.9330,      903.00,      2.0000,     0.56334,     0.60734,      4.6933,      4.8063,     0.60000,      2.1400,      2.7112,      2.0000,      4.3432,     -22.611,      3.8599,      4.3753,      4.1840,      4.5948,      4.2850,      4.6371,      4.2118,      4.4862,      4.0215,      4.2524,      7.5624,      3.8268,      3.9392
      3.9660,      910.00,      2.0000,     0.56525,     0.60861,      4.6980,      4.8098,     0.60000,      2.1400,      2.8139,      2.0000,      4.5167,     -22.470,      3.9879,      4.4847,      4.3338,      4.7315,      4.4441,      4.7647,      4.3796,      4.6037,      4.1847,      4.3885,      4.2773,      3.8268,      3.9392
      4.0000,      909.00,      2.0000,     0.56414,     0.60790,      4.6953,      4.8078,     0.60000,      2.1400,      2.9452,      2.0000,      4.6603,     -22.319,      4.1176,      4.6122,      4.4709,      4.8773,      4.5923,      4.8922,      4.5185,      4.7393,      4.3161,      4.5156,      3.2932,      3.8268,      3.9392
      4.0330,      904.00,      2.0000,     0.56535,     0.60954,      4.6983,      4.8122,     0.60000,      2.1400,      3.1178,      2.0000,      4.6358,     -22.213,      4.1116,      4.7125,      4.4653,      4.9958,      4.5780,      5.0107,      4.4996,      4.8478,      4.2970,      4.6426,      2.1225,      3.8268,      3.9392
      4.0660,      906.00,      2.0000,     0.56368,     0.60892,      4.6942,      4.8106,     0.60000,      2.1400,      3.3720,      2.0000,      4.8871,     -22.087,      4.3301,      4.8218,      4.7175,      5.0960,      4.8438,      5.1382,      4.7525,      4.9744,      4.5345,      4.7243,      2.5384,      3.8268,      3.9392
      4.1000,      905.00,      2.0000,     0.56354,     0.60738,      4.7000,      4.8135,     0.70000,      2.1400,      3.5785,      2.0000,      4.7796,     -21.988,      4.1855,      4.9312,      4.5727,      5.2236,      4.7077,      5.2567,      4.6384,      5.0828,      4.4321,      4.8332,      2.8471,      3.8292,      3.9456
      4.1330,      904.00,      2.0000,     0.56384,     0.60817,      4.6955,      4.8100,     0.60000,      2.1400,      3.8817,      2.0000,      5.0239,     -21.830,      4.4214,      5.0587,      4.8179,      5.3329,      4.9508,      5.3660,      4.8767,      5.2094,      4.6599,      4.9603,      1.3975,      3.8272,      3.9389
      4.1660,      908.00,      2.0000,     0.56274,     0.60735,      4.6980,      4.8134,     0.70000,      2.1400,      4.0607,      2.0000,      5.0722,     -21.731,      4.4499,      5.1589,      4.8464,      5.4605,      4.9839,      5.4754,      4.9178,      5.3088,      4.7043,      5.0510,      2.7914,      3.8292,      3.9456
      4.2000,      905.00,      2.0000,     0.56489,     0.60926,      4.6981,      4.8128,     0.60000,      2.1400,      4.1631,      2.0000,      5.1991,     -21.599,      4.5582,      5.2592,      4.9801,      5.5607,      5.1298,      5.5938,      5.0537,      5.4263,      4.8269,      5.1509,      5.8656,      3.8272,      3.9389
      4.2330,      902.00,      2.0000,     0.56386,     0.60895,      4.7008,      4.8175,     0.70000,      2.1400,      4.3329,      2.0000,      5.2943,     -21.506,      4.6370,      5.3594,      5.0716,      5.6883,      5.2242,      5.6941,      5.1424,      5.5167,      4.9123,      5.2507,      3.4505,      3.8292,      3.9456
      4.2660,      902.00,      2.0000,     0.56067,     0.60623,      4.6878,      4.8047,     0.60000,      2.1400,      4.4495,      2.0000,      5.3489,     -21.383,      4.6438,      5.4596,      5.1017,      5.7976,      5.2639,      5.7943,      5.1998,      5.6252,      4.9704,      5.3687,      2.2929,      3.8272,      3.9389
      4.3000,      895.00,      2.0000,     0.56244,     0.60731,      4.6931,      4.8090,     0.60000,      2.1400,      4.5944,      2.0000,      5.3731,     -21.284,      4.6694,      5.5599,      5.1180,      5.9161,      5.2809,      5.8854,      5.2211,      5.7337,      4.9946,      5.4322,      1.7258,      3.8277,      3.9387
      4.3330,      905.00,      2.0000,     0.56438,     0.60956,      4.6979,      4.8149,     0.60000,      2.1400,      4.7847,      2.0000,      5.5320,     -21.175,      4.8161,      5.6601,      5.2800,      6.0254,      5.4483,      5.9948,      5.3798,      5.8331,      5.1450,      5.5320,      2.7341,      3.8277,      3.9387
      4.3660,      906.00,      2.0000,     0.56087,     0.60651,      4.6893,      4.8068,     0.60000,      2.1400,      4.9498,      2.0000,      5.6219,     -21.060,      4.9162,      5.7421,      5.3862,      6.1165,      5.5479,      6.0950,      5.4663,      5.9145,      5.2257,      5.6409,      3.4788,      3.8277,      3.9387
      4.4000,      907.00,      2.0000,     0.56239,     0.60768,      4.6981,      4.8156,     0.70000,      2.1400,      5.1731,      2.0000,      5.8171,     -20.986,      5.0714,      5.8514,      5.5626,      6.2076,      5.7369,      6.2043,      5.6549,      6.0320,      5.4074,      5.7317,      2.0281,      3.8297,      3.9453
      4.4330,      901.00,      2.0000,     0.55832,     0.60454,      4.6881,      4.8073,     0.70000,      2.1400,      5.3008,      2.0000,      5.8255,     -20.870,      5.0446,      5.9335,      5.5430,      6.3079,      5.7165,      6.2863,      5.6572,      6.1224,      5.4166,      5.8406,      3.0016,      3.8297,      3.9453
      4.4660,      900.00,      2.0000,     0.55944,     0.60571,      4.6858,      4.8046,     0.60000,      2.1400,      5.3729,      2.0000,      5.7867,     -20.756,      5.0278,      6.0428,      5.5191,      6.4263,      5.6990,      6.3957,      5.6323,      6.2309,      5.3835,      5.9586,      2.6458,      3.8277,      3.9387
      4.5000,      906.00,      2.0000,     0.56305,     0.60984,      4.6956,      4.8170,     0.60000,      2.1400,      5.5474,      2.0000,      5.9839,     -20.663,      5.1713,      6.1248,      5.6904,      6.5448,      5.8955,      6.5050,      5.8332,      6.3394,      5.5809,      6.0403,      1.7096,      3.8282,      3.9384
      4.5330,      907.00,      2.0000,     0.56117,     0.60691,      4.6910,      4.8093,     0.60000,      2.1400,      5.5907,      2.0000,      6.0885,     -20.557,      5.2337,      6.2068,      5.7623,      6.6632,      5.9698,      6.5961,      5.9204,      6.4207,      5.6699,      6.1129,      2.3228,      3.8282,      3.9384
      4.5660,      906.00,      2.0000,     0.56078,     0.60688,      4.6900,      4.8092,     0.60000,      2.1400,      5.7341,      2.0000,      6.0004,     -20.464,      5.1638,      6.2979,      5.6837,      6.7452,      5.8894,      6.7055,      5.8346,      6.5202,      5.5875,      6.2218,      1.4692,      3.8282,      3.9384
      4.6000,      902.00,      2.0000,     0.56030,     0.60679,      4.6889,      4.8090,     0.60000,      2.1400,      5.7538,      2.0000,      6.1976,     -20.340,      5.3125,      6.3890,      5.8672,      6.8546,      6.0839,      6.8057,      6.0346,      6.6286,      5.7775,      6.3398,      1.9257,      3.8282,      3.9384
      4.6330,      902.00,      2.0000,     0.55811,     0.60471,      4.6835,      4.8033,     0.60000,      2.1400,      5.7628,      2.0000,      6.1811,     -20.222,      5.2769,      6.4802,      5.8429,      6.9730,      6.0706,      6.9059,      6.0211,      6.7190,      5.7622,      6.4124,      1.1763,      3.8282,      3.9384
      4.6660,      899.00,      2.0000,     0.56214,     0.60810,      4.6934,      4.8125,     0.60000,      2.1400,      5.7833,      2.0000,      6.4006,     -20.118,      5.4614,      6.5804,      6.0394,      7.0459,      6.2768,      7.0153,      6.2297,      6.8456,      5.9652,      6.5485,      2.1698,      3.8282,      3.9384
      4.7000,      897.00,      2.0000,     0.56010,     0.60650,      4.6884,      4.8082,     0.60000,      2.1400,      5.8996,      2.0000,      6.3453,     -20.017,      5.4683,      6.6715,      6.0220,      7.1735,      6.2378,      7.1064,      6.1787,      6.9360,      5.9122,      6.6030,      1.7602,      3.8282,      3.9384
      4.7330,      902.00,      2.0000,     0.55803,     0.60479,      4.6884,      4.8093,     0.70000,      2.1400,      5.9318,      2.0000,      6.4067,     -19.921,      5.3877,      6.7717,      6.0097,      7.2646,      6.2750,      7.2340,      6.2389,      7.0354,      5.9787,      6.7300,      1.6579,      3.8302,      3.9451
      4.7660,      903.00,      2.0000,     0.56131,     0.60842,      4.6964,      4.8188,     0.70000,      2.1400,      5.8869,      2.0000,      6.5952,     -19.797,      5.5983,      6.8537,      6.2075,      7.3740,      6.4711,      7.3342,      6.4250,      7.1168,      6.1547,      6.8117,      1.7076,      3.8302,      3.9451
      4.8000,      913.00,      2.0000,     0.56215,     0.61006,      4.6934,      4.8176,     0.60000,      2.1400,      6.0008,      2.0000,      6.9674,     -19.628,      5.9165,      6.9904,      6.5786,      7.5106,      6.8578,      7.4618,      6.8085,      7.2795,      6.5148,      6.9388,      1.5797,      3.8282,      3.9384
      4.8330,      907.00,      2.0000,     0.56033,     0.60841,      4.6940,      4.8188,     0.70000,      2.1400,      6.0154,      2.0000,      6.8700,     -19.571,      5.7493,      7.1089,      6.4165,      7.6291,      6.7149,      7.6258,      6.6960,      7.4151,      6.4213,      7.1203,      1.8914,      3.8302,      3.9451
      4.8660,      906.00,      2.0000,     0.56638,     0.61445,      4.7093,      4.8354,     0.70000,      2.1400,      5.9921,      2.0000,      7.1305,     -19.390,      6.0583,      7.1818,      6.7329,      7.7384,      7.0362,      7.7716,      6.9821,      7.5236,      6.6789,      7.1929,      2.6999,      3.8302,      3.9451
      4.9000,      907.00,      2.0000,     0.55421,     0.60297,      4.6790,      4.8044,     0.70000,      2.1400,      5.9677,      2.0000,      6.9636,     -19.694,      5.8067,      7.3367,      6.5275,      7.9298,      6.8375,      7.9447,      6.8026,      7.7044,      6.5134,      7.3835,      1.9922,      3.8302,      3.9451
      4.9330,      908.00,      2.0000,     0.56000,     0.60772,      4.6881,      4.8115,     0.60000,      2.1400,      5.8988,      2.0000,      7.2884,     -20.239,      6.1307,      7.5098,      6.8296,      8.1120,      7.1421,      8.1178,      7.1118,      7.8761,      6.8082,      7.5287,      2.0929,      3.8282,      3.9384
      4.9660,      908.00,      2.0000,     0.55709,     0.60533,      4.6810,      4.8050,     0.60000,      2.1400,      5.8842,      2.0000,      7.2935,    -0.45632,      6.0907,      7.6465,      6.8192,      8.2305,      7.1532,      8.3729,      7.1271,      8.1021,      6.8196,      7.6557,      1.8547,      3.8282,      3.9384
      5.0000,      909.00,      2.0000,     0.54524,     0.59330,      4.6530,      4.7726,     0.60000,      2.1400,      5.7975,      2.0000,      7.1152,     -11.851,      5.9181,      7.7923,      6.6515,      8.3945,      6.9580,      8.5278,      6.9475,      8.2558,      6.6520,      7.8373,      1.5160,      3.8282,      3.9384
      5.0330,      909.00,      2.0000,     0.54278,     0.59057,      4.6475,      4.7655,     0.60000,      2.1400,      5.8598,      2.0000,      7.1819,     0.90352,      5.8878,      7.9654,      6.6789,      8.5676,      7.0272,      8.7556,      7.0300,      8.3824,      6.7291,      7.9915,      2.4233,      3.8282,      3.9384
      5.0660,      910.00,      2.0000,     0.54049,     0.58928,      4.6424,      4.7621,     0.60000,      2.1400,      5.7451,      2.0000,      7.4416,     -8.3750,      6.1760,      8.1567,      7.0093,      8.9230,      7.3536,      8.9834,      7.2965,      8.7259,      6.9710,      8.2910,      2.0881,      3.8282,      3.9384
      5.1000,      909.00,      2.0000,     0.54267,     0.59181,      4.6473,      4.7687,     0.60000,      2.1400,      5.6277,      2.0000,      7.6586,     -17.002,      6.2469,      8.4939,      7.1221,      9.1872,      7.5116,      9.5757,      7.5050,      9.1236,      7.1806,      8.5815,      1.5349,      3.8282,      3.9384
      5.1330,      912.00,      2.0000,     0.53387,     0.58341,      4.6282,      4.7469,     0.60000,      2.1400,      5.5710,      2.0000,      7.8476,     -20.946,      6.3978,      8.8492,      7.3446,      9.6701,      7.7494,      9.8764,      7.7137,      9.4581,      7.3690,      8.8900,      1.8756,      3.8282,      3.9384
      5.1660,      910.00,      2.0000,     0.52054,     0.56784,      4.5964,      4.7024,     0.50000,      2.1400,      5.6108,      2.0000,      7.2090,     -20.715,      5.6588,      8.8584,      6.7118,      9.6519,      7.1714,      9.5028,      7.1386,      9.2050,      6.8048,      8.7448,      2.0297,      3.8261,      3.9318
      5.2000,      908.00,      2.0000,     0.50501,     0.55145,      4.5774,      4.6722,     0.70000,      2.1400,      5.8093,      2.0000,      7.4081,     -21.789,      5.6511,      9.3959,      6.8629,      10.025,      7.3739,      9.6486,      7.3769,      9.2683,      7.0350,      8.6722,      2.7450,      3.8302,      3.9451
      5.2330,      911.00,      2.0000,     0.50432,     0.55133,      4.5762,      4.6719,     0.70000,      2.1400,      5.6754,      2.0000,      7.2605,     -22.277,      5.2611,      9.0770,      6.5581,      9.7886,      7.1892,      9.6759,      7.2544,      9.3315,      6.9225,      8.8537,      2.4404,      3.8302,      3.9451
      5.2660,      909.00,      2.0000,     0.50738,     0.55415,      4.5816,      4.6788,     0.70000,      2.1400,      5.5608,      2.0000,      7.7550,     -23.154,      5.8203,      8.9130,      7.0906,      9.8159,      7.6633,      9.8399,      7.7112,      9.6208,      7.3710,      9.1532,      2.2237,      3.8302,      3.9451
      5.3000,      907.00,      2.0000,     0.51228,     0.56161,      4.5904,      4.6971,     0.70000,      2.1400,      5.5600,      2.0000,      8.0013,     -22.700,      5.9731,      9.0588,      7.2965,      9.8433,      7.9363,      10.022,      7.9651,      9.7564,      7.5976,      9.2894,      2.0607,      3.8302,      3.9451
      5.3330,      907.00,      2.0000,     0.50877,     0.55583,      4.5841,      4.6830,     0.70000,      2.1400,      5.5186,      2.0000,      7.7919,     -22.291,      5.8760,      9.2410,      7.1061,      10.153,      7.6796,      10.250,      7.7370,      10.055,      7.3954,      9.5072,      2.2806,      3.8302,      3.9451
      5.3660,      904.00,      2.0000,     0.51769,     0.56836,      4.6005,      4.7143,     0.70000,      2.1400,      5.6313,      2.0000,      8.2790,     -21.706,      6.3489,      10.271,      7.5591,      11.392,      8.1427,      10.496,      8.1932,      10.163,      7.8323,      9.4255,      2.0624,      3.8302,      3.9451
      5.4000,      911.00,      2.0000,     0.50910,     0.55697,      4.5840,      4.6848,     0.70000,      2.1400,      5.4438,      2.0000,      8.2196,     -23.586,      6.2396,      9.6146,      7.5403,      10.463,      8.1431,      10.460,      8.1683,      10.091,      7.7920,      9.5979,      2.5485,      3.8297,      3.9453
      5.4330,      909.00,      2.0000,     0.51097,     0.55968,      4.5873,      4.6914,     0.70000,      2.1400,      5.3630,      2.0000,      8.4008,     -22.932,      6.2056,      9.7513,      7.5670,      10.581,      8.2565,      10.624,      8.3544,      10.299,      7.9801,      9.6978,      3.0189,      3.8297,      3.9453
      5.4660,      907.00,      2.0000,     0.51104,     0.55850,      4.5875,      4.6886,     0.70000,      2.1400,      5.2373,      2.0000,      8.4770,     -22.403,      6.4381,      9.9609,      7.7723,      10.827,      8.4030,      10.851,      8.4316,      10.516,      8.0371,      9.9156,      2.4573,      3.8297,      3.9453
      5.5000,      910.00,      2.0000,     0.50956,     0.55649,      4.5848,      4.6836,     0.70000,      2.1400,      5.3208,      2.0000,      8.4981,     -20.895,      6.4125,      9.8971,      7.7551,      10.836,      8.3779,      10.988,      8.4449,      10.633,      8.0623,      10.079,      2.4155,      3.8297,      3.9453
      5.5330,      913.00,      2.0000,     0.50535,     0.55201,      4.5820,      4.6778,     0.80000,      2.1400,      5.4386,      2.0000,      8.9465,     -20.415,      6.5449,      10.189,      8.0817,      11.019,      8.7883,      11.243,      8.8954,      10.760,      8.5227,      10.152,      2.4672,      3.8317,      3.9520
      5.5660,      913.00,      2.0000,     0.51121,     0.55878,      4.5923,      4.6944,     0.80000,      2.1400,      5.3788,      2.0000,      9.0274,     -20.494,      6.7438,      10.544,      8.2007,      11.410,      8.9135,      11.380,      8.9710,      10.941,      8.5710,      10.242,      2.9076,      3.8317,      3.9520
      5.6000,      916.00,      2.0000,     0.50299,     0.54958,      4.5778,      4.6718,     0.80000,      2.1400,      5.3386,      2.0000,      8.9767,     -21.582,      6.6412,      10.289,      8.1588,      11.292,      8.8807,      11.453,      8.9427,      11.112,      8.5444,      10.533,      2.1954,      3.8317,      3.9520
      5.6330,      910.00,      2.0000,     0.51247,     0.56016,      4.5900,      4.6926,     0.70000,      2.1400,      5.4118,      2.0000,      9.1137,     -23.868,      6.7859,      10.690,      8.2831,      11.675,      9.0156,      11.826,      9.0757,      11.402,      8.6565,      10.605,      2.1205,      3.8297,      3.9453
      5.6660,      912.00,      2.0000,     0.51971,     0.56802,      4.6082,      4.7177,     0.80000,      2.1400,      5.3303,      2.0000,      9.3649,     -23.207,      6.8063,      10.872,      8.3396,      11.729,      9.1679,      11.763,      9.3147,      11.438,      8.9110,      10.769,      2.2925,      3.8317,      3.9520
      5.7000,      910.00,      2.0000,     0.50346,     0.55054,      4.5786,      4.6742,     0.80000,      2.1400,      5.4375,      2.0000,      9.2424,     -22.187,      6.7755,      10.927,      8.3310,      11.739,      9.1005,      11.972,      9.2104,      11.591,      8.8053,      10.760,      3.9717,      3.8317,      3.9520
      5.7330,      912.00,      2.0000,     0.50893,     0.55693,      4.5890,      4.6907,     0.80000,      2.1400,      5.5828,      2.0000,      9.7633,     -23.301,      7.1661,      11.938,      8.8078,      12.559,      9.6088,      12.346,      9.7203,      11.881,      9.2909,      10.959,      2.2156,      3.8322,      3.9517
      5.7660,      912.00,      2.0000,     0.50737,     0.55410,      4.5855,      4.6829,     0.80000,      2.1400,      5.4709,      2.0000,      9.8097,     -4.0633,      7.2786,      12.394,      8.9343,      12.868,      9.6833,      12.437,      9.7768,      11.980,      9.3364,      11.159,      2.3793,      3.8317,      3.9520
      5.8000,      914.00,      2.0000,     0.50778,     0.55523,      4.5863,      4.6856,     0.80000,      2.1400,      5.3618,      2.0000,      9.9784,     0.62027,      7.3449,      12.640,      9.0179,      13.315,      9.8088,      12.774,      9.9303,      12.432,      9.4981,      11.241,      2.1232,      3.8317,      3.9520
      5.8330,      913.00,      2.0000,     0.51513,     0.56270,      4.5996,      4.7042,     0.80000,      2.1400,      5.3539,      2.0000,      9.9419,    -0.97632,      7.3187,      12.813,      8.9747,      13.634,      9.7981,      12.993,      9.8844,      12.631,      9.4510,      11.404,      2.0031,      3.8317,      3.9520
      5.8660,      908.00,      2.0000,     0.50642,     0.55316,      4.5839,      4.6806,     0.80000,      2.1400,      5.3173,      2.0000,      10.213,     -13.075,      7.6245,      12.776,      9.2728,      13.224,      10.043,      12.829,      10.130,      12.441,      9.7075,      11.604,      2.1173,      3.8317,      3.9520
      5.9000,      910.00,      2.0000,     0.50808,     0.55562,      4.5868,      4.6866,     0.80000,      2.1400,      5.0542,      2.0000,      10.486,      1.5230,      7.5851,      13.022,      9.3839,      13.661,      10.313,      13.175,      10.448,      12.730,      10.001,      11.858,      3.6169,      3.8317,      3.9520
      5.9330,      912.00,      2.0000,     0.50018,     0.54687,      4.5730,      4.6655,     0.80000,      2.1400,      5.0148,      2.0000,      10.470,     -11.671,      7.6361,      12.467,      9.5338,      13.278,      10.390,      13.148,      10.456,      12.794,      9.9869,      11.767,      2.2163,      3.8317,      3.9520
      5.9660,      909.00,      2.0000,     0.50959,     0.55660,      4.5895,      4.6890,     0.80000,      2.1400,      4.9462,      2.0000,      10.608,     -23.287,      7.6548,      12.485,      9.4418,      13.351,      10.342,      13.230,      10.547,      12.848,      10.114,      11.912,      2.5268,      3.8317,      3.9520
      6.0000,      909.00,      2.0000,     0.50980,     0.55795,      4.5898,      4.6923,     0.80000,      2.1400,      4.8907,      2.0000,      10.476,     -9.1104,      7.3865,      12.986,      9.2050,      13.734,      10.184,      13.649,      10.445,      13.192,      10.014,      12.021,      2.0636,      3.8317,      3.9520
      6.0330,      912.00,      2.0000,     0.50173,     0.54873,      4.5756,      4.6698,     0.80000,      2.1400,      4.9210,      2.0000,      11.162,     -21.791,      7.8708,      12.931,      9.9234,      14.344,      10.986,      13.849,      11.170,      13.173,      10.680,      12.230,      3.0195,      3.8317,      3.9520
      6.0660,      912.00,      2.0000,     0.50668,     0.55389,      4.5843,      4.6824,     0.80000,      2.1400,      4.9407,      2.0000,      11.052,     -1.0409,      7.9695,      13.123,      9.8637,      14.080,      10.836,      13.667,      11.025,      13.201,      10.551,      12.339,      2.8647,      3.8317,      3.9520
      6.1000,      906.00,      2.0000,     0.50082,     0.54791,      4.5741,      4.6679,     0.80000,      2.1400,      5.0305,      2.0000,      10.894,     -7.7936,      7.6166,      12.986,      9.6452,      14.281,      10.707,      13.776,      10.901,      13.210,      10.429,      12.112,      3.2423,      3.8317,      3.9520
      6.1330,      911.00,      2.0000,     0.51314,     0.56101,      4.5959,      4.6999,     0.80000,      2.1400,      5.1010,      2.0000,      11.245,     -17.822,      8.0812,      13.004,      9.9636,      14.736,      10.972,      14.414,      11.186,      13.716,      10.716,      12.402,      2.0626,      3.8317,      3.9520
      6.1660,      912.00,      2.0000,     0.50477,     0.55176,      4.5809,      4.6772,     0.80000,      2.1400,      5.0077,      2.0000,      11.291,     -21.700,      8.1511,      12.922,      10.093,      14.244,      11.068,      13.913,      11.236,      13.372,      10.772,      12.475,      1.9948,      3.8317,      3.9520
      6.2000,      910.00,      2.0000,     0.50411,     0.55145,      4.5798,      4.6764,     0.80000,      2.1400,      5.0018,      2.0000,      10.850,      1.9453,      7.5549,      12.685,      9.6080,      13.752,      10.687,      13.694,      10.866,      13.264,      10.380,      12.293,      3.4169,      3.8317,      3.9520
      6.2330,      914.00,      2.0000,     0.50421,     0.55098,      4.5799,      4.6753,     0.80000,      2.1400,      4.9852,      2.0000,      11.450,     -5.9021,      8.1699,      13.177,      10.183,      23.557,      11.173,      13.503,      11.395,      13.309,      10.935,      12.384,      2.3076,      3.8317,      3.9520
      6.2660,      914.00,      2.0000,     0.50906,     0.55647,      4.5885,      4.6887,     0.80000,      2.1400,      4.9328,      2.0000,      10.673,     -12.867,      7.4275,      13.551,      9.3783,      23.775,      10.475,      13.904,      10.685,      13.390,      10.209,      12.375,      3.8462,      3.8317,      3.9520
      6.3000,      913.00,      2.0000,     0.50164,     0.55085,      4.5755,      4.6749,     0.80000,      2.1400,      4.9545,      2.0000,      10.717,     -20.340,      7.3729,      13.022,      9.4015,      23.128,      10.493,      13.603,      10.726,      13.255,      10.271,      12.312,      3.5021,      3.8317,      3.9520
      6.3330,      917.00,      2.0000,     0.50292,     0.55100,      4.5777,      4.6753,     0.80000,      2.1400,      4.9454,      2.0000,      11.062,     -3.2157,      7.8076,      12.904,      9.8802,      24.413,      10.922,      13.466,      11.072,      13.228,      10.579,      12.348,      2.9801,      3.8317,      3.9520
      6.3660,      916.00,      2.0000,     0.50392,     0.55119,      4.5794,      4.6758,     0.80000,      2.1400,      4.8560,      2.0000,      10.259,     -11.316,      6.8588,      12.813,      8.8325,      23.912,      9.9615,      13.421,      10.271,      13.101,      9.8530,      12.166,      3.7812,      3.8317,      3.9520
      6.4000,      914.00,      2.0000,     0.50957,     0.55726,      4.5894,      4.6906,     0.80000,      2.1400,      4.8115,      2.0000,      11.078,     -14.079,      7.8971,      13.214,      9.8380,      26.035,      10.848,      14.195,      11.055,      13.544,      10.574,      12.557,      2.3623,      3.8317,      3.9520
      6.4330,      915.00,      2.0000,     0.51170,     0.56051,      4.5979,      4.7040,     0.90000,      2.1400,      4.7843,      2.0000,      11.055,     -19.507,      8.0018,      12.959,      9.8319,      26.837,      10.820,      13.667,      10.996,      13.390,      10.534,      12.321,      2.1153,      3.8337,      3.9587
      6.4660,      919.00,      2.0000,     0.51224,     0.56286,      4.5943,      4.7046,     0.80000,      2.1400,      4.8643,      2.0000,      11.395,     -23.275,      8.1448,      13.505,      10.078,      2.8180,      11.130,      14.678,      11.339,      14.240,      10.857,      12.974,      3.0243,      3.8317,      3.9520
      6.5000,      914.00,      2.0000,     0.50775,     0.55422,      4.5862,      4.6832,     0.80000,      2.1400,      4.7272,      2.0000,      10.902,    -0.91179,      7.9220,      13.013,      9.8016,      2.0435,      10.769,      13.858,      10.887,      13.264,      10.396,      12.339,      3.6771,      3.8317,      3.9520
      6.5330,      909.00,      2.0000,     0.50663,     0.55424,      4.5842,      4.6832,     0.80000,      2.1400,      4.6331,      2.0000,      10.870,     -3.4542,      7.5942,      13.168,      9.5302,      2.2713,      10.583,      13.567,      10.824,      13.137,      10.389,      12.230,      2.3010,      3.8317,      3.9520
      6.5660,      906.00,      2.0000,     0.50491,     0.55388,      4.5812,      4.6823,     0.80000,      2.1400,      4.6051,      2.0000,      10.709,     -2.1308,      7.4004,      12.558,      9.3291,      3.6381,      10.413,      13.448,      10.690,      13.092,      10.252,      12.039,      2.2029,      3.8317,      3.9520
      6.6000,      911.00,      2.0000,     0.50375,     0.55218,      4.5838,      4.6832,     0.90000,      2.1400,      4.5921,      2.0000,      10.583,     -8.8205,      7.2673,      11.975,      9.2468,      3.2007,      10.339,      12.883,      10.597,      12.785,      10.146,      11.831,      2.2838,      3.8337,      3.9587
      6.6330,      912.00,      2.0000,     0.50368,     0.55127,      4.5790,      4.6760,     0.80000,      2.1400,      4.5279,      2.0000,      10.313,     -9.4667,      7.0045,      11.464,      8.8886,      2.5538,      9.9861,      12.610,      10.295,      12.351,      9.8910,      11.386,      2.6696,      3.8317,      3.9520
      6.6660,      912.00,      2.0000,     0.50603,     0.55506,      4.5878,      4.6903,     0.90000,      2.1400,      4.5748,      2.0000,      9.7311,     -8.3485,      6.3014,      11.027,      8.1430,      1.9524,      9.3028,      12.091,      9.7211,      11.890,      9.3766,      11.168,      2.8804,      3.8337,      3.9587
      6.7000,      909.00,      2.0000,     0.50789,     0.55878,      4.5910,      4.6995,     0.90000,      2.1400,      4.7185,      2.0000,      9.7419,     -9.3174,      6.4540,      10.471,      8.1923,      1.5606,      9.3057,      11.835,      9.7019,      11.546,      9.3569,      10.841,      2.3606,      3.8337,      3.9587
      6.7330,      912.00,      2.0000,     0.50801,     0.55833,      4.5912,      4.6984,     0.90000,      2.1400,      4.6177,      2.0000,      9.5775,     -11.908,      6.3750,      9.8333,      8.1599,     0.91367,      9.2555,      11.599,      9.5793,      11.456,      9.2046,      10.923,      3.4749,      3.8337,      3.9587
      6.7660,      906.00,      2.0000,     0.50767,     0.55609,      4.5861,      4.6877,     0.80000,      2.1400,      4.8214,      2.0000,      9.1024,     -13.669,      6.1693,      10.070,      7.8621,      1.1050,      8.8530,      11.243,      9.1033,      11.194,      8.7201,      10.478,      2.9421,      3.8317,      3.9520
      6.8000,      906.00,      2.0000,     0.51045,     0.56120,      4.5910,      4.7004,     0.80000,      2.1400,      4.6839,      2.0000,      9.1541,     -14.129,      6.3067,      9.3048,      7.8826,     0.39429,      8.8400,      10.942,      9.1137,      10.832,      8.7448,      10.324,      2.4043,      3.8317,      3.9520
      6.8330,      910.00,      2.0000,     0.50426,     0.55321,      4.5800,      4.6807,     0.80000,      2.1400,      4.7331,      2.0000,      8.8245,     -14.078,      6.1648,      9.2502,      7.7422,     0.37607,      8.6048,      10.851,      8.8114,      10.769,      8.4413,      10.333,      2.6631,      3.8317,      3.9520
      6.8660,      907.00,      2.0000,     0.53497,     0.58757,      4.6383,      4.7662,     0.80000,      2.1400,      4.4897,      2.0000,      9.1133,     -12.963,      6.4910,      9.2866,      7.9161,     0.38518,      8.8099,      10.942,      9.0459,      10.688,      8.6728,      10.179,      2.2627,      3.8313,      3.9524
      6.9000,      905.00,      2.0000,     0.54450,     0.59712,      4.6544,      4.7859,     0.70000,      2.1400,      4.4518,      2.0000,      9.1592,     -12.100,      6.6529,      9.1682,      8.0203,     0.26673,      8.8560,      10.970,      9.0721,      10.715,      8.6876,      10.215,      1.9103,      3.8292,      3.9456
      6.9330,      910.00,      2.0000,     0.54829,     0.60009,      4.6639,      4.7952,     0.70000,      2.1400,      4.5409,      2.0000,      9.3533,     -9.8111,      6.9469,      8.9586,      8.2708,   -0.061298,      9.0686,      10.651,      9.2407,      10.588,      8.8537,      10.088,      2.1210,      3.8297,      3.9453
      6.9660,      905.00,      2.0000,     0.53551,     0.58750,      4.6356,      4.7618,     0.70000,      2.1400,      4.5803,      2.0000,      8.6647,     -10.235,      6.3443,      8.8219,      7.6526,    -0.25265,      8.4183,      10.523,      8.5821,      10.272,      8.2188,      9.7613,      1.1998,      3.8297,      3.9453
      7.0000,      909.00,      2.0000,     0.54054,     0.59261,      4.6512,      4.7808,     0.80000,      2.1400,      4.6469,      2.0000,      8.7811,     -9.8226,      6.2972,      8.6943,      7.6793,    -0.33465,      8.5159,      10.286,      8.7087,      10.163,      8.3487,      9.6070,      1.8229,      3.8317,      3.9520
      7.0330,      906.00,      2.0000,     0.54982,     0.60196,      4.6724,      4.8061,     0.80000,      2.1400,      4.7536,      2.0000,      8.8516,     -10.990,      6.5353,      8.6488,      7.7722,    -0.34376,      8.5418,      10.305,      8.7351,      10.100,      8.3942,      9.5435,      1.7270,      3.8317,      3.9520
      7.0660,      906.00,      2.0000,     0.51982,     0.56868,      4.6084,      4.7194,     0.80000,      2.1400,      4.9557,      2.0000,      8.2058,     -11.116,      6.0695,      8.4392,      7.3044,    -0.71735,      7.9601,      9.8217,      8.1096,      9.6298,      7.7888,      9.2440,      2.0376,      3.8317,      3.9520
      7.1000,      910.00,      2.0000,     0.52453,     0.57416,      4.6176,      4.7329,     0.80000,      2.1400,      5.0869,      2.0000,      8.2407,     -11.619,      6.0529,      8.2479,      7.3163,    -0.91781,      7.9958,      9.6486,      8.1519,      9.4852,      7.8196,      9.0897,      2.3906,      3.8317,      3.9520
      7.1330,      908.00,      2.0000,     0.54632,     0.59687,      4.6593,      4.7866,     0.70000,      2.1400,      5.1546,      2.0000,      8.2725,     -11.360,      6.2066,      8.0838,      7.3747,     -1.1183,      8.0604,      9.4390,      8.1749,      9.2502,      7.8281,      8.8810,      1.7511,      3.8297,      3.9453
      7.1660,      903.00,      2.0000,     0.54980,     0.60088,      4.6724,      4.8031,     0.80000,      2.1400,      5.3130,      2.0000,      8.0604,     -11.442,      6.0373,      7.9472,      7.1828,     -1.3278,      7.8474,      9.1657,      7.9732,      9.0694,      7.6375,      8.5815,      2.0857,      3.8317,      3.9520
      7.2000,      905.00,      2.0000,     0.54556,     0.59569,      4.6576,      4.7834,     0.70000,      2.1400,      5.4926,      2.0000,      7.9170,     -12.423,      6.0192,      7.7467,      7.0967,      2.1164,      7.6987,      9.0017,      7.8037,      8.8886,      7.4780,      8.4544,      2.0694,      3.8297,      3.9453
      7.2330,      905.00,      2.0000,     0.55034,     0.60074,      4.6746,      4.8041,     0.80000,      2.1400,      5.7077,      2.0000,      7.7636,     -13.180,      5.9549,      7.6100,      6.9827,      8.2760,      7.5542,      8.7374,      7.6533,      8.6626,      7.3398,      8.1912,      2.2697,      3.8322,      3.9517
      7.2660,      908.00,      2.0000,     0.55317,     0.60209,      4.6815,      4.8077,     0.80000,      2.1400,      5.9492,      2.0000,      7.7221,     -14.455,      6.0442,      7.4825,      6.9852,      14.609,      7.4925,      8.5643,      7.5769,      8.4728,      7.2796,      8.0460,      2.7861,      3.8322,      3.9517
      7.3000,      906.00,      2.0000,     0.55431,     0.60419,      4.6843,      4.8133,     0.80000,      2.1400,      6.0016,      2.0000,      7.7264,     -18.675,      6.0525,      7.2456,      6.9830,      21.506,      7.4951,      8.2454,      7.5828,      8.1473,      7.2859,      7.7646,      2.7519,      3.8322,      3.9517
      7.3330,      905.00,      2.0000,     0.55920,     0.60605,      4.6912,      4.8126,     0.70000,      2.1400,      6.1410,      2.0000,      7.4681,    -0.37856,      5.9281,      7.1362,      6.7812,      24.996,      7.2460,      8.0814,      7.3211,      8.0027,      7.0187,      7.6194,      2.2616,      3.8302,      3.9451
      7.3660,      905.00,      2.0000,     0.55641,     0.60515,      4.6844,      4.8102,     0.70000,      2.1400,      6.2702,      2.0000,      7.1993,     -14.798,      5.6492,      6.9995,      6.5179,      27.201,      6.9986,      7.8627,      7.0616,      7.7586,      6.7711,      7.3835,      2.6515,      3.8302,      3.9451
      7.4000,      910.00,      2.0000,     0.55817,     0.60594,      4.6897,      4.8136,     0.70000,      2.1400,      6.5361,      2.0000,      7.1764,     -5.9220,      5.7662,      6.8811,      6.5795,      27.055,      6.9983,      7.6987,      7.0320,      7.5869,      6.7431,      7.2292,      2.1678,      3.8306,      3.9448
      7.4330,      912.00,      2.0000,     0.55441,     0.60300,      4.6804,      4.8058,     0.70000,      2.1400,      6.6981,      2.0000,      6.8275,     -14.167,      5.4566,      6.7809,      6.2546,      26.901,      6.6663,      7.5255,      6.6957,      7.4061,      6.4195,      7.0840,      2.1087,      3.8306,      3.9448
      7.4660,      913.00,      2.0000,     0.55658,     0.60468,      4.6857,      4.8104,     0.70000,      2.1400,      6.8470,      2.0000,      6.8178,     -14.906,      5.4677,      6.7080,      6.2567,      26.782,      6.6615,      7.3889,      6.6789,      7.2885,      6.4013,      6.9478,      2.2431,      3.8306,      3.9448
      7.5000,      912.00,      2.0000,     0.55927,     0.60712,      4.6923,      4.8167,     0.70000,      2.1400,      7.0703,      2.0000,      6.7696,     -15.073,      5.4991,      6.5895,      6.2351,      26.664,      6.6007,      7.2795,      6.6210,      7.1710,      6.3515,      6.8480,      1.9850,      3.8306,      3.9448
      7.5330,      914.00,      2.0000,     0.55955,     0.60698,      4.6930,      4.8164,     0.70000,      2.1400,      7.2590,      2.0000,      6.7378,     -15.174,      5.5106,      6.5075,      6.2230,      26.573,      6.5645,      7.1702,      6.5826,      7.0445,      6.3153,      6.7028,      2.6976,      3.8306,      3.9448
      7.5660,      916.00,      2.0000,     0.56059,     0.60788,      4.6956,      4.8187,     0.70000,      2.1400,      7.3705,      2.0000,      6.5942,     -15.270,      5.3604,      6.4437,      6.0651,      26.481,      6.4209,      7.0608,      6.4451,      6.9360,      6.1860,      6.6030,      2.7693,      3.8306,      3.9448
      7.6000,      913.00,      2.0000,     0.56099,     0.60733,      4.6976,      4.8186,     0.70000,      2.1400,      7.5245,      2.0000,      6.4629,     -15.371,      5.3250,      6.3526,      5.9877,      26.390,      6.3139,      6.9788,      6.3115,      6.8366,      6.0548,      6.5213,      2.1888,      3.8311,      3.9445
      7.6330,      907.00,      2.0000,     0.56142,     0.60769,      4.6987,      4.8195,     0.70000,      2.1400,      7.5844,      2.0000,      6.4921,     -15.303,      5.3615,      6.4619,      6.0193,      26.472,      6.3405,      7.0517,      6.3384,      6.8998,      6.0804,      6.5757,      1.7066,      3.8311,      3.9445
      7.6660,      911.00,      2.0000,     0.56216,     0.60860,      4.7005,      4.8219,     0.70000,      2.1400,      7.5533,      2.0000,      6.5035,     -15.381,      5.4604,      6.4346,      6.0904,      26.436,      6.3692,      6.9788,      6.3475,      6.8456,      6.0900,      6.5394,      1.6108,      3.8311,      3.9445
      7.7000,      911.00,      2.0000,     0.56161,     0.60817,      4.6991,      4.8208,     0.70000,      2.1400,      7.6671,      2.0000,      6.5638,     -15.412,      5.4944,      6.3799,      6.1619,      26.381,      6.4491,      6.9333,      6.4151,      6.7823,      6.1441,      6.4850,      2.3578,      3.8311,      3.9445
      7.7330,      912.00,      2.0000,     0.56057,     0.60747,      4.6965,      4.8190,     0.70000,      2.1400,      7.7254,      2.0000,      6.3550,     -15.500,      5.3067,      6.3162,      5.9463,      26.308,      6.2306,      6.8604,      6.2085,      6.7190,      5.9517,      6.3942,      2.2516,      3.8311,      3.9445
      7.7660,      918.00,      2.0000,     0.56018,     0.60695,      4.6955,      4.8176,     0.70000,      2.1400,      7.6978,      2.0000,      6.3627,     -15.563,      5.3531,      6.2433,      5.9728,      26.235,      6.2395,      6.7875,      6.2076,      6.6286,      5.9556,      6.3307,      2.3646,      3.8311,      3.9445
      7.8000,      915.00,      2.0000,     0.56141,     0.60728,      4.6935,      4.8130,     0.60000,      2.1400,      7.6915,      2.0000,      6.4586,     -15.653,      5.4424,      6.1886,      6.0529,      26.135,      6.3301,      6.7055,      6.2961,      6.5473,      6.0355,      6.2672,      1.4338,      3.8291,      3.9380
      7.8330,      916.00,      2.0000,     0.55917,     0.60544,      4.6931,      4.8137,     0.70000,      2.1400,      7.7069,      2.0000,      6.1149,     -15.696,      5.1501,      6.1157,      5.7477,      26.071,      6.0031,      6.6508,      5.9647,      6.4930,      5.7167,      6.1946,      2.0298,      3.8311,      3.9445
      7.8660,      914.00,      2.0000,     0.56222,     0.60883,      4.7007,      4.8226,     0.70000,      2.1400,      7.8850,      2.0000,      6.1990,     -15.800,      5.2614,      6.0610,      5.8444,      25.980,      6.0855,      6.5597,      6.0445,      6.4117,      5.7965,      6.1401,      2.2403,      3.8311,      3.9445
      7.9000,      916.00,      2.0000,     0.56075,     0.60670,      4.6970,      4.8170,     0.70000,      2.1400,      8.0556,      2.0000,      6.0917,     -15.851,      5.1385,      6.0064,      5.7271,      25.935,      5.9806,      6.5141,      5.9414,      6.3484,      5.6956,      6.0493,      1.5623,      3.8311,      3.9445
      7.9330,      917.00,      2.0000,     0.56087,     0.60762,      4.6922,      4.8139,     0.60000,      2.1400,      8.2175,      2.0000,      6.0993,     -15.925,      5.1790,      5.9608,      5.7502,      25.853,      5.9862,      6.4412,      5.9467,      6.2670,      5.7017,      5.9767,      1.8441,      3.8291,      3.9380
      7.9660,      916.00,      2.0000,     0.56377,     0.60862,      4.6994,      4.8165,     0.60000,      2.1400,      8.3364,      2.0000,      6.0406,     -15.991,      5.1609,      5.9061,      5.7171,      25.789,      5.9426,      6.3774,      5.8935,      6.2038,      5.6432,      5.9132,      2.3266,      3.8291,      3.9380
      8.0000,      915.00,      2.0000,     0.56053,     0.60693,      4.6964,      4.8175,     0.70000,      2.1400,      8.4641,      2.0000,      5.9884,     -16.075,      5.0991,      5.8606,      5.6591,      25.734,      5.8866,      6.3137,      5.8351,      6.1495,      5.5932,      5.8678,      1.7968,      3.8311,      3.9445
      8.0330,      912.00,      2.0000,     0.56109,     0.60728,      4.6938,      4.8144,     0.60000,      2.1400,      8.6193,      2.0000,      5.8035,     -16.138,      4.9583,      5.8150,      5.5123,      25.698,      5.7271,      6.2681,      5.6675,      6.0953,      5.4292,      5.8225,      4.0331,      3.8295,      3.9377
      8.0660,      912.00,      2.0000,     0.56226,     0.60791,      4.6966,      4.8160,     0.60000,      2.1400,      8.7272,      2.0000,      5.8057,     -16.163,      4.9320,      5.7603,      5.4830,      25.652,      5.7081,      6.2225,      5.6589,      6.0410,      5.4246,      5.7771,      6.3325,      3.8295,      3.9377
      8.1000,      910.00,      2.0000,     0.56197,     0.60699,      4.6959,      4.8136,     0.60000,      2.1400,      8.8706,      2.0000,      5.7026,     -16.224,      4.9221,      5.7148,      5.4360,      25.607,      5.6304,      6.1679,      5.5537,      5.9959,      5.3194,      5.7135,      1.6775,      3.8295,      3.9377
      8.1330,      918.00,      2.0000,     0.56306,     0.60748,      4.7038,      4.8203,     0.70000,      2.1400,      8.9454,      2.0000,      5.9052,     -16.262,      5.0786,      5.6874,      5.5846,      25.543,      5.7786,      6.1132,      5.7320,      5.9507,      5.5051,      5.7045,      1.9087,      3.8315,      3.9442
      8.1660,      907.00,      2.0000,     0.56283,     0.60788,      4.6981,      4.8159,     0.60000,      2.1400,      9.0396,      2.0000,      5.6129,     -16.310,      4.8558,      5.6328,      5.3536,      25.506,      5.5349,      6.0768,      5.4657,      5.9055,      5.2380,      5.6409,      1.5517,      3.8295,      3.9377
      8.2000,      915.00,      2.0000,     0.56314,     0.60813,      4.6988,      4.8166,     0.60000,      2.1400,      9.0467,      2.0000,      5.7069,     -16.365,      4.9272,      5.5963,      5.4376,      25.470,      5.6205,      6.0312,      5.5575,      5.8603,      5.3295,      5.5774,      2.3585,      3.8295,      3.9377
      8.2330,      918.00,      2.0000,     0.56018,     0.60524,      4.6965,      4.8145,     0.70000,      2.1400,      9.0798,      2.0000,      5.5104,     -16.421,      4.7315,      5.5599,      5.2366,      25.434,      5.4235,      5.9856,      5.3593,      5.8151,      5.1396,      5.5411,      1.8246,      3.8315,      3.9442
      8.2660,      916.00,      2.0000,     0.56117,     0.60725,      4.6990,      4.8197,     0.70000,      2.1400,      9.1814,      2.0000,      5.5973,     -16.421,      4.8151,      5.5325,      5.3284,      25.388,      5.5038,      5.9492,      5.4464,      5.7789,      5.2258,      5.5139,      2.7716,      3.8315,      3.9442
      8.3000,      916.00,      2.0000,     0.56070,     0.60680,      4.6978,      4.8185,     0.70000,      2.1400,      9.2401,      2.0000,      5.5399,     -16.497,      4.7858,      5.5052,      5.2778,      25.352,      5.4561,      5.8945,      5.3932,      5.7427,      5.1714,      5.5230,      1.6399,      3.8315,      3.9442
      8.3330,      912.00,      2.0000,     0.54997,     0.59665,      4.6522,      4.7690,     0.30000,      2.1400,      8.9931,      2.0000,      5.5710,     -16.358,      4.8811,      5.6965,      5.3652,      25.552,      5.5226,      6.1405,      5.4325,      5.9597,      5.2008,      5.7408,      2.5374,      3.8235,      3.9184
      8.3660,      913.00,      2.0000,     0.50796,     0.55530,      4.5544,      4.6539,     0.10000,      2.1400,      8.4046,      2.0000,      4.9579,     -16.222,      4.1521,      6.2159,      4.7837,      25.634,      4.9900,      5.9765,      4.9107,      5.6975,      4.6904,      5.4867,      3.0290,      3.8191,      3.9055
      8.4000,      914.00,      2.0000,     0.48756,     0.53551,      4.5188,      4.6087,     0.10000,      2.1400,      7.6033,      2.0000,      4.7848,     -14.833,      3.6665,      7.0451,      4.5536,      26.855,      4.8582,      7.3069,      4.7867,      6.8818,      4.5654,      6.6393,      3.4143,      3.8191,      3.9055
      8.4330,      916.00,      2.0000,     0.43668,     0.49367,      4.4335,      4.5229,      0.0000,      2.1400,      6.5720,      2.0000,      4.0932,     -11.738,      2.0825,      10.034,      3.2419,      3.0823,      3.9999,      8.2089,      4.1495,      7.5597,      3.8947,      7.0295,      243.14,      3.8166,      3.8989
      8.4660,      916.00,      2.0000,     0.73280,     0.77430,      5.2108,      5.3314,      1.4000,      2.1400,     0.61796,      2.0000,    0.047817,     -16.939,    0.036645,      4.2933,    0.043598,      24.386,    0.047256,      6.0403,    0.047665,      6.3574,    0.045568,      6.0856,      1801.3,      3.8423,      3.9881
      8.5000,      914.00,      2.0000,     0.77070,     0.77633,      5.2586,      5.2749,     0.40000,      2.1400,     0.52110,      2.0000,   0.0054893,     -23.586,   0.0051723,     0.94017,   0.0054384,      19.493,   0.0055127,    0.017396,   0.0054396,    0.011505,   0.0052879,    0.023102,      872.14,      3.8218,      3.9258
      8.5330,      915.00,      2.0000,     0.77481,     0.77982,      5.3148,      5.3293,      1.1000,      2.1400,     0.51156,      2.0000,   0.0048388,     -23.565,   0.0045179,     0.93106,   0.0047427,      19.474,   0.0048301, -0.00082792,   0.0047633,   -0.015614,   0.0046496,   0.0049504,      425.18,      3.8360,      3.9725
      8.5660,      915.00,      2.0000,     0.76771,     0.77581,      5.3277,      5.3513,      1.7000,      2.1400,     0.43715,      2.0000,   0.0084613,     -23.586,   0.0072455,     0.93106,   0.0080689,      19.465,   0.0085058, -0.00082792,   0.0085453,  -0.0065736,   0.0082368,   0.0049504,      1119.2,      3.8481,      4.0045
      8.6000,      916.00,      2.0000,     0.76876,     0.77891,      5.2262,      5.2557,      0.0000,      2.1400,     0.36401,      2.0000,    0.011163,     -23.594,   0.0094701,     0.92195,    0.010590,      19.474,    0.011113, -0.00082792,    0.011086,  -0.0065736,    0.010633,  -0.0041249,      1409.0,      3.8133,      3.8981
      8.6330,      922.00,      2.0000,     0.77441,     0.77947,      5.2426,      5.2573,      0.0000,      2.1400,     0.33096,      2.0000,   0.0051983,     -23.600,   0.0045166,     0.92195,   0.0050411,      19.474,   0.0052322, -0.00082792,   0.0052291,  -0.0065736,   0.0050752,  -0.0041249,      1438.5,      3.8133,      3.8981
      8.6660,      919.00,      2.0000,     0.76427,     0.77347,      5.2595,      5.2863,     0.70000,      2.1400,     0.27695,      2.0000,   0.0098539,     -23.570,   0.0086010,     0.93106,   0.0095216,      19.474,   0.0098635, -0.00082792,   0.0097800,   0.0024659,   0.0093837,    0.014026,      816.59,      3.8274,      3.9468
      8.7000,      916.00,      2.0000,     0.77217,     0.77355,      5.2880,      5.2920,     0.80000,      2.1400,     0.20408,      2.0000,    0.012707,     -23.586,    0.010575,     0.93106,    0.011821,      19.474,    0.012540, -0.00082792,    0.012582,  -0.0065736,    0.012454,  -0.0041249,      1259.7,      3.8295,      3.9538
      8.7330,      917.00,      2.0000,     0.76361,     0.77412,      5.2511,      5.2817,     0.60000,      2.1400,     0.21702,      2.0000,    0.011519,     -23.571,   0.0098117,     0.92195,    0.011135,      19.474,    0.011654, -0.00082792,    0.011466,   -0.015614,    0.010974,    0.014026,      585.92,      3.8254,      3.9399
      8.7660,      910.00,      2.0000,     0.76652,     0.77583,      5.2457,      5.2727,     0.40000,      2.1400,     0.22116,      2.0000,    0.010852,     -23.573,   0.0083646,     0.93106,   0.0097672,      19.474,    0.010618, -0.00082792,    0.010834,  -0.0065736,    0.010413,   0.0049504,      1193.3,      3.8214,      3.9259
      8.8000,      916.00,      2.0000,     0.76979,     0.77768,      5.1541,      5.1636,      4.6000,      1.4100,     0.14297,      2.0000,   0.0078627,     -23.594,   0.0056987,     0.93106,   0.0063696,      19.474,   0.0070615, -0.00082792,   0.0080810,  -0.0065736,   0.0081236,   0.0049504,      803.74,      3.9324,      4.0991
      8.8330,      915.00,      2.0000,     0.77348,     0.77938,      5.2399,      5.2571,      0.0000,      2.1400,    0.078227,      2.0000,   0.0061501,     -23.593,   0.0054146,     0.92195,   0.0060559,      19.474,   0.0062905,   0.0082836,   0.0061678,   0.0024659,   0.0059900,   0.0049504,      1107.3,      3.8133,      3.8981
      8.8660,      914.00,      2.0000,     0.77053,     0.77908,      5.2314,      5.2562,      0.0000,      2.1400,    0.071227,      2.0000,   0.0099857,     -23.585,   0.0076861,     0.93106,   0.0090963,      19.474,   0.0098854, -0.00082792,    0.010004,  -0.0065736,   0.0095506,    0.023102,      780.81,      3.8133,      3.8981
      8.9000,      919.00,      2.0000,     0.77144,     0.77917,      5.2340,      5.2565,      0.0000,      2.1400,   -0.016182,      2.0000,   0.0085535,     -23.578,   0.0070101,     0.92195,   0.0079337,      19.474,   0.0085071, -0.00082792,   0.0085431,  -0.0065736,   0.0082039,    0.014026,      1553.0,      3.8133,      3.8981
      8.9330,      920.00,      2.0000,     0.77246,     0.77927,      5.2370,      5.2568,      0.0000,      2.1400,   -0.082426,      2.0000,    0.011449,     -23.593,   0.0096264,     0.92195,    0.011137,      19.465,    0.011732, -0.00082792,    0.011436,  -0.0065736,    0.011081,   0.0049504,      1102.1,      3.8133,      3.8981
      8.9660,      916.00,      2.0000,     0.77387,     0.77941,      5.2411,      5.2572,      0.0000,      2.1400,   -0.081031,      2.0000,   0.0054079,     -23.572,   0.0050305,     0.92195,   0.0053090,      19.474,   0.0054032, -0.00082792,   0.0053829,  -0.0065736,   0.0052263,   0.0049504,      1195.7,      3.8133,      3.8981
      9.0000,      914.00,      2.0000,     0.77435,     0.77946,      5.2425,      5.2573,      0.0000,      2.1400,    -0.11156,      2.0000,   0.0050336,     -23.611,   0.0047305,     0.93106,   0.0050171,      19.465,   0.0050861, -0.00082792,   0.0050357,   0.0024659,   0.0049003,    0.023102,      1231.3,      3.8133,      3.8981
      9.0330,      912.00,      2.0000,     0.67659,     0.77097,      4.9584,      5.2326,      0.0000,      2.1400,    -0.20051,      2.0000,    0.037862,     -23.573,    0.028704,     0.93106,    0.033153,      19.474,    0.036426, -0.00082792,    0.037584,   0.0024659,    0.035364,    0.023102,      1511.1,      3.8133,      3.8981
      9.0660,      917.00,      2.0000,     0.77125,     0.77915,      5.2335,      5.2564,      0.0000,      2.1400,    -0.16287,      2.0000,   0.0083373,     -23.560,   0.0073143,     0.92195,   0.0079732,      19.474,   0.0082621, -0.00082792,   0.0082708,  -0.0065736,   0.0079497,    0.023102,      1155.2,      3.8133,      3.8981
      9.1000,      919.00,      2.0000,     0.77276,     0.77930,      5.2379,      5.2569,      0.0000,      2.1400,    -0.12436,      2.0000,   0.0064424,     -23.570,   0.0060136,     0.93106,   0.0063857,      19.474,   0.0064801, -0.00082792,   0.0063869,  -0.0065736,   0.0062077,    0.014026,      1034.7,      3.8133,      3.8981
      9.1330,      914.00,      2.0000,     0.77259,     0.77929,      5.2374,      5.2568,      0.0000,      2.1400,    -0.13396,      2.0000,   0.0069976,     -23.591,   0.0061143,     0.93106,   0.0066958,      19.465,   0.0069413, -0.00082792,   0.0069690,   -0.015614,   0.0067087,  -0.0041249,      981.34,      3.8133,      3.8981
      9.1660,      909.00,      2.0000,     0.77278,     0.77930,      5.2379,      5.2569,      0.0000,      2.1400,    -0.13250,      2.0000,   0.0064476,     -23.593,   0.0060652,     0.92195,   0.0064060,      19.474,   0.0065151, -0.00082792,   0.0063966,  -0.0065736,   0.0062234,   -0.013201,      1492.1,      3.8133,      3.8981
