# [Parameters]
# Name = tsmap_nel
# ShotNo = 163396
# Date = '07/05/2021 10:50'
# 
# DimNo = 1
# DimName = 'Time'
# DimSize = 172
# DimUnit = 's'
# 
# ValNo = 25
# ValName = 'laser', 'laser number', 'a99', 'a999', 'R99', 'R999', 'p0', 'pf', 'ip', 'ipf', 'nl_thomson_mid', 'nl_mmw_mid', 'nl_thomson_3579', 'nl_fir_3579', 'nl_thomson_3669', 'nl_fir_3669', 'nl_thomson_3759', 'nl_fir_3759', 'nl_thomson_3849', 'nl_fir_3849', 'nl_thomson_3939', 'nl_fir_3939', 'chi', 'geom_center', 'Rax_vmec'
# ValUnit = 'arb', 'arb', 'm', 'm', 'm', 'm', '%', 'arb', 'kA/T', 'arb', 'arb', 'e19m-2', 'arb', 'e19m-2', 'arb', 'e19m-2', 'arb', 'e19m-2', 'arb', 'e19m-2', 'arb', 'e19m-2', 'arb', 'm', 'm'
# 
# [Comments]
# Bt = -2.53850
# Rax = 3.90000
# Bq = 100.000
# Gamma = 1.25380
# phiedge = -2.8685000
# avac = 0.55800000
# ExpDate = 2.02011e+07
# Cycle = 22.0000
# t1 = 3.29900
# t2 = 9.01000
# density (ne) is only for very rough information
# Do not use data for ne_bar < 5*1-^12cm-3
# High Voltage is set at 0.90 times
# Te limit = 22keV
# Laser#1, #3, #5, 
# 
# [data]
    0.016944,     -394.00,      10.000,     0.77446,     0.78566,      5.2195,      5.2500,      0.0000,      2.1400,     -0.0000,      2.0000,    0.011009,   -0.015001,    0.010227,      0.0000,    0.010808,   0.0041258,    0.011052,  8.7610E-07,    0.010935,   0.0082172,    0.010518,  -0.0016436,      9999.0,      3.8133,      3.8981
      3.3169,     -396.00,      10.000,     0.57558,     0.64357,      4.6992,      4.8755,     0.20000,      2.1400,    0.023957,      2.0000,    0.038434,     0.46852,    0.033876,     0.44295,    0.036823,     0.44883,    0.037864,     0.45559,    0.037574,     0.43309,    0.035871,     0.46843,      11.166,      3.8173,      3.9120
      3.3503,     -405.00,      10.000,     0.55889,     0.60591,      4.6591,      4.7752,     0.20000,      2.1400,     0.13416,      2.0000,    0.075645,     0.84957,    0.067745,     0.81358,    0.072663,     0.83001,    0.074638,     0.82006,    0.073770,     0.80372,    0.070388,     0.79386,      25.189,      3.8173,      3.9120
      3.3836,     -422.00,      10.000,     0.56637,     0.61161,      4.7086,      4.8253,     0.80000,      2.1400,     0.29061,      2.0000,     0.11136,      1.1309,     0.10445,      1.0757,     0.10886,      1.1023,     0.10966,      1.1116,     0.10728,      1.0749,     0.10251,      1.0741,      33.872,      3.8295,      3.9538
      3.4169,     -400.00,      10.000,     0.57801,     0.62126,      4.7215,      4.8333,     0.50000,      2.1400,     0.46528,      2.0000,     0.14585,      1.4372,     0.13848,      1.3560,     0.14362,      1.3746,     0.14435,      1.3850,     0.14105,      1.3461,     0.13477,      1.3362,      18.482,      3.8234,      3.9329
      3.4503,     -405.00,      10.000,     0.57738,     0.62017,      4.7367,      4.8494,     0.80000,      2.1400,     0.61305,      2.0000,     0.17235,      1.6939,     0.16496,      1.6000,     0.17025,      1.6287,     0.17009,      1.6310,     0.16600,      1.5902,     0.15909,      1.5261,      11.993,      3.8299,      3.9534
      3.4836,     -408.00,      10.000,     0.57633,     0.61777,      4.7289,      4.8372,     0.70000,      2.1400,     0.78120,      2.0000,     0.18871,      1.9340,     0.18061,      1.8080,     0.18665,      1.8556,     0.18628,      1.8497,     0.18153,      1.7981,     0.17358,      1.7611,      5.5679,      3.8279,      3.9465
      3.5169,     -396.00,      10.000,     0.57464,     0.61605,      4.7299,      4.8385,     0.80000,      2.1400,     0.96521,      2.0000,     0.20850,      2.1989,     0.19954,      2.1153,     0.20555,      2.1369,     0.20477,      2.1231,     0.19969,      2.0874,     0.19126,      2.0685,      5.5770,      3.8299,      3.9534
      3.5503,     -405.00,      10.000,     0.57226,     0.61358,      4.7189,      4.8261,     0.70000,      2.1400,      1.1287,      2.0000,     0.24452,      2.5220,     0.23466,      2.5763,     0.24138,      2.5635,     0.24036,      2.6698,     0.23439,      2.6298,     0.22419,      2.5657,      5.7814,      3.8279,      3.9465
      3.5836,     -412.00,      10.000,     0.56926,     0.61169,      4.7169,      4.8269,     0.80000,      2.1400,      1.3040,      2.0000,     0.27026,      2.8281,     0.25635,      2.8837,     0.26596,      2.8993,     0.26580,      3.0342,     0.25948,      2.9642,     0.24851,      2.8730,      5.0709,      3.8299,      3.9534
      3.6169,     -408.00,      10.000,     0.56558,     0.60791,      4.7183,      4.8285,      1.0000,      2.1400,      1.4756,      2.0000,     0.30236,      3.1262,     0.28283,      3.1458,     0.29626,      3.1715,     0.29707,      3.3258,     0.29040,      3.2535,     0.27826,      3.1713,      2.0266,      3.8339,      3.9672
      3.6503,     -404.00,      10.000,     0.56893,     0.61160,      4.7222,      4.8338,     0.90000,      2.1400,      1.6428,      2.0000,     0.32947,      3.4824,     0.31191,      3.3990,     0.32548,      3.4529,     0.32535,      3.5627,     0.31625,      3.5066,     0.30229,      3.4244,      3.9485,      3.8324,      3.9599
      3.6836,     -400.00,      10.000,     0.56855,     0.61083,      4.7263,      4.8377,      1.0000,      2.1400,      1.7957,      2.0000,     0.35788,      3.6892,     0.33018,      3.5617,     0.34665,      3.6435,     0.34947,      3.7723,     0.34313,      3.6603,     0.33002,      3.5510,      4.4691,      3.8344,      3.9668
      3.7169,     -395.00,      10.000,     0.56586,     0.60904,      4.7199,      4.8329,      1.0000,      2.1400,      1.9564,      2.0000,     0.36487,      3.8554,     0.33124,      3.6250,     0.35168,      3.7251,     0.35616,      3.8087,     0.35113,      3.7236,     0.33708,      3.6052,      5.4520,      3.8344,      3.9668
      3.7503,     -390.00,      10.000,     0.56808,     0.61227,      4.7252,      4.8415,      1.0000,      2.1400,      2.1244,      2.0000,     0.37407,      3.9210,     0.33965,      3.6611,     0.36165,      3.7887,     0.36684,      3.8634,     0.36057,      3.7597,     0.34578,      3.6414,      6.0467,      3.8344,      3.9668
      3.7836,     -397.00,      10.000,     0.56875,     0.61224,      4.7217,      4.8356,     0.90000,      2.1400,      2.2876,      2.0000,     0.36925,      3.9872,     0.33074,      3.6973,     0.35285,      3.8068,     0.35973,      3.8999,     0.35570,      3.8049,     0.34160,      3.6776,      6.2922,      3.8324,      3.9599
      3.8169,     -399.00,      10.000,     0.57124,     0.61370,      4.7278,      4.8394,     0.90000,      2.1400,      2.4486,      2.0000,     0.39486,      4.0121,     0.36036,      3.7154,     0.38006,      3.8431,     0.38421,      3.9181,     0.37923,      3.8230,     0.36514,      3.7047,      7.2641,      3.8324,      3.9599
      3.8503,     -407.00,      10.000,     0.56856,     0.61089,      4.7222,      4.8333,     0.90000,      2.1400,      2.6017,      2.0000,     0.38339,      4.0452,     0.34809,      3.7244,     0.36854,      3.8704,     0.37397,      3.9454,     0.36843,      3.8501,     0.35437,      3.7589,      5.1255,      3.8328,      3.9595
      3.8836,     -399.00,      10.000,     0.57078,     0.61482,      4.7276,      4.8438,     0.90000,      2.1400,      2.7490,      2.0000,     0.38352,      4.0618,     0.34368,      3.7696,     0.36732,      3.9067,     0.37457,      3.9728,     0.37067,      3.8863,     0.35646,      3.7680,      4.9228,      3.8328,      3.9595
      3.9169,     -411.00,      10.000,     0.57067,     0.61433,      4.7326,      4.8482,      1.0000,      2.1400,      2.8911,      2.0000,     0.39785,      4.1114,     0.36015,      3.7967,     0.38097,      3.9339,     0.38659,      4.0092,     0.38226,      3.9224,     0.36854,      3.8041,      3.7570,      3.8348,      3.9663
      3.9503,     -406.00,      10.000,     0.57114,     0.61416,      4.7285,      4.8420,     0.90000,      2.1400,      3.0253,      2.0000,     0.39142,      4.1118,     0.35348,      3.8329,     0.37400,      3.9702,     0.37951,      4.0457,     0.37602,      3.9586,     0.36255,      3.8493,      8.9153,      3.8328,      3.9595
      3.9836,     -398.00,      10.000,     0.56748,     0.61095,      4.7196,      4.8334,     0.90000,      2.1400,      3.1262,      2.0000,     0.39519,      4.2439,     0.35686,      3.9594,     0.37729,      4.0973,     0.38322,      4.2097,     0.37966,      4.1304,     0.36535,      3.9849,      4.0702,      3.8328,      3.9595
      4.0169,     -419.00,      10.000,     0.56588,     0.60925,      4.7103,      4.8230,     0.80000,      2.1400,      3.1508,      2.0000,     0.41144,      4.3515,     0.37136,      4.2306,     0.39568,      4.3604,     0.40209,      4.6288,     0.39646,      4.4287,     0.38095,      4.4188,      2.7364,      3.8308,      3.9527
      4.0503,     -415.00,      10.000,     0.56301,     0.60684,      4.6977,      4.8106,     0.70000,      2.1400,      3.1767,      2.0000,     0.43222,      4.5834,     0.38276,      4.4205,     0.41103,      4.5873,     0.42054,      4.8110,     0.41675,      4.6547,     0.40017,      4.6448,      3.5741,      3.8288,      3.9459
      4.0836,     -414.00,      10.000,     0.56238,     0.60809,      4.7014,      4.8198,     0.80000,      2.1400,      3.2494,      2.0000,     0.45317,      4.8400,     0.40199,      4.6193,     0.43223,      4.7961,     0.44333,      5.0206,     0.43882,      4.8716,     0.42115,      4.8166,      3.7848,      3.8308,      3.9527
      4.1169,     -391.00,      10.000,     0.56215,     0.60612,      4.7062,      4.8203,     0.90000,      2.1400,      3.3557,      2.0000,     0.45541,      5.0553,     0.39143,      4.7821,     0.42444,      4.9867,     0.43844,      5.2484,     0.43978,      5.1338,     0.42358,      5.0426,      4.9552,      3.8328,      3.9595
      4.1503,     -394.00,      10.000,     0.56291,     0.60772,      4.7027,      4.8188,     0.80000,      2.1400,      3.4631,      2.0000,     0.48314,      5.1546,     0.42128,      4.8815,     0.45537,      5.1591,     0.46854,      5.3669,     0.46630,      5.2784,     0.44849,      5.1691,      6.2776,      3.8308,      3.9527
      4.1836,     -423.00,      10.000,     0.56516,     0.61067,      4.7149,      4.8340,     0.90000,      2.1400,      3.5564,      2.0000,     0.50580,      5.3202,     0.44693,      4.9900,     0.47874,      5.2499,     0.49162,      5.5127,     0.48877,      5.3598,     0.47146,      5.2414,      3.6458,      3.8333,      3.9591
      4.2169,     -401.00,      10.000,     0.56179,     0.60763,      4.7063,      4.8258,     0.90000,      2.1400,      3.6261,      2.0000,     0.50091,      5.3616,     0.43354,      5.0894,     0.46949,      5.3497,     0.48415,      5.6493,     0.48313,      5.5406,     0.46618,      5.4494,      1.7680,      3.8333,      3.9591
      4.2503,     -389.00,      10.000,     0.55449,     0.59912,      4.6880,      4.8029,     0.90000,      2.1400,      3.6628,      2.0000,     0.48083,      6.6532,     0.41161,      5.2521,     0.44978,      5.5040,     0.46505,      5.7587,     0.46505,      5.6310,     0.44854,      5.5488,      3.1623,      3.8333,      3.9591
      4.2836,     -398.00,      10.000,     0.55828,     0.60345,      4.6922,      4.8086,     0.80000,      2.1400,      3.6711,      2.0000,     0.52279,      6.4462,     0.45792,      5.5052,     0.49442,      5.7581,     0.50816,      6.0047,     0.50459,      5.7846,     0.48591,      5.8019,      3.7633,      3.8313,      3.9524
      4.3169,     -392.00,      10.000,     0.55258,     0.59715,      4.6834,      4.7977,     0.90000,      2.1400,      3.7091,      2.0000,     0.52274,      6.2641,     0.43879,      5.6499,     0.48458,      5.9759,     0.50478,      6.2234,     0.50545,      6.0287,     0.48766,      5.9737,      3.0821,      3.8333,      3.9591
      4.3503,     -405.00,      10.000,     0.55411,     0.60007,      4.6922,      4.8110,      1.0000,      2.1400,      3.8533,      2.0000,     0.54361,      6.3879,     0.45525,      5.7132,     0.50147,      6.0848,     0.52199,      6.4967,     0.52459,      6.3903,     0.50838,      6.2991,      4.7804,      3.8353,      3.9658
      4.3836,     -381.00,      10.000,     0.56126,     0.60692,      4.7049,      4.8238,     0.90000,      2.1400,      4.0117,      2.0000,     0.56646,      6.3883,     0.48346,      5.7312,     0.52633,      6.1574,     0.54487,      6.4877,     0.54574,      6.4266,     0.52776,      6.3353,      5.8193,      3.8333,      3.9591
      4.4169,     -394.00,      10.000,     0.55237,     0.59788,      4.6879,      4.8053,      1.0000,      2.1400,      4.0351,      2.0000,     0.54699,      6.3055,     0.45896,      5.8849,     0.50467,      6.3208,     0.52528,      6.5787,     0.52713,      6.3090,     0.51051,      6.4437,      4.4393,      3.8353,      3.9658
      4.4503,     -390.00,      10.000,     0.52460,     0.56765,      4.6170,      4.7158,     0.80000,      2.1400,      4.0087,      2.0000,     0.49547,      8.5906,     0.39841,      6.1019,     0.45640,      6.5205,     0.48002,      6.4785,     0.48376,      6.2186,     0.46584,      6.3443,      3.9040,      3.8313,      3.9524
      4.4836,     -397.00,      10.000,     0.51988,     0.56555,      4.6078,      4.7105,     0.80000,      2.1400,      3.8940,      2.0000,     0.59058,      22.301,     0.47553,      7.1324,     0.54895,      7.5369,     0.57817,      7.5719,     0.57942,      7.2853,     0.55585,      7.2212,      5.6004,      3.8313,      3.9524
      4.5169,     -403.00,      10.000,     0.51810,     0.56365,      4.6090,      4.7110,     0.90000,      2.1400,      3.7343,      2.0000,     0.72316,      2.0830,     0.56551,      7.8013,     0.66199,      8.4445,     0.70618,      8.7747,     0.70987,      8.4875,     0.68267,      8.3150,      6.5554,      3.8333,      3.9591
      4.5503,     -395.00,      10.000,     0.51604,     0.56185,      4.6089,      4.7109,      1.0000,      2.1400,      3.4469,      2.0000,     0.78717,      12.052,     0.59071,      8.6330,     0.70861,      9.3974,     0.76425,      9.7223,     0.77561,      9.5542,     0.74788,      9.4178,      3.8182,      3.8348,      3.9663
      4.5836,     -410.00,      10.000,     0.51733,     0.56518,      4.6166,      4.7237,      1.1000,      2.1400,      3.4548,      2.0000,     0.80960,      5.6100,     0.56395,      8.5697,     0.69586,      10.205,     0.77241,      10.816,     0.79929,      10.576,     0.77617,      10.286,      3.4580,      3.8369,      3.9715
      4.6169,     -397.00,      10.000,     0.52183,     0.57137,      4.6252,      4.7391,      1.1000,      2.1400,      3.3726,      2.0000,     0.84654,      16.191,     0.58376,      8.9584,     0.72214,      10.695,     0.80601,      11.180,     0.83708,      10.558,     0.81202,      10.033,      2.1131,      3.8369,      3.9715
      4.6503,     -401.00,      10.000,     0.51713,     0.56550,      4.6162,      4.7244,      1.1000,      2.1400,      3.4075,      2.0000,     0.81569,      2.1078,     0.56607,      8.8861,     0.69745,      10.105,     0.77963,      9.9774,     0.80903,      9.8164,     0.78213,      9.5173,      2.7764,      3.8369,      3.9715
      4.6836,     -410.00,      10.000,     0.53579,     0.58427,      4.6585,      4.7775,      1.2000,      2.1400,      3.3497,      2.0000,     0.86202,      6.5125,     0.59404,      7.9369,     0.71506,      9.2432,     0.79577,      10.050,     0.84033,      9.6085,     0.82913,      9.4630,      2.6876,      3.8390,      3.9766
      4.7169,     -407.00,      10.000,     0.53949,     0.58761,      4.6667,      4.7869,      1.2000,      2.1400,      3.4582,      2.0000,     0.84835,      6.8527,     0.59178,      7.3494,     0.70515,      8.5988,     0.78053,      9.5127,     0.82337,      9.3192,     0.81500,      9.1195,      3.7137,      3.8390,      3.9766
      4.7503,     -399.00,      10.000,     0.55011,     0.60118,      4.6921,      4.8244,      1.2000,      2.1400,      3.6658,      2.0000,     0.82762,      6.4876,     0.56611,      6.8702,     0.67661,      7.9272,     0.75412,      8.6198,     0.80207,      8.8039,     0.79916,      8.5590,      3.7123,      3.8394,      3.9761
      4.7836,     -397.00,      10.000,     0.54471,     0.59602,      4.6794,      4.8103,      1.2000,      2.1400,      3.8483,      2.0000,     0.77518,      6.0240,     0.53290,      6.5719,     0.63646,      7.6640,     0.71277,      8.5104,     0.75577,      8.6322,     0.74765,      8.3602,      4.6841,      3.8394,      3.9761
      4.8169,     -401.00,      10.000,     0.54508,     0.59510,      4.6803,      4.8079,      1.2000,      2.1400,      3.9588,      2.0000,     0.73631,      5.8336,     0.51018,      6.5177,     0.60506,      7.5097,     0.67487,      8.2918,     0.71585,      8.3881,     0.70861,      8.2246,      3.1411,      3.8394,      3.9761
      4.8503,     -401.00,      10.000,     0.54844,     0.59924,      4.6834,      4.8138,      1.1000,      2.1400,      3.9889,      2.0000,     0.74647,      6.3800,     0.53661,      6.5810,     0.62481,      7.4734,     0.68476,      8.0822,     0.72058,      8.3158,     0.71356,      8.1071,      1.6166,      3.8373,      3.9710
      4.8836,     -396.00,      10.000,     0.54694,     0.59700,      4.6798,      4.8079,      1.1000,      2.1400,      3.9828,      2.0000,     0.74131,      5.0470,     0.55462,      6.8250,     0.63495,      7.6640,     0.68632,      8.1370,     0.71502,      8.1895,     0.70481,      8.0801,      2.3957,      3.8373,      3.9710
      4.9169,     -398.00,      10.000,     0.54409,     0.59333,      4.6731,      4.7983,      1.1000,      2.1400,      4.0442,      2.0000,     0.70936,      2.8680,     0.54104,      7.1595,     0.61745,      7.9998,     0.66209,      8.5742,     0.68414,      8.3971,     0.67213,      8.1703,      2.8279,      3.8373,      3.9710
      4.9503,     -401.00,      10.000,     0.51941,     0.56613,      4.6161,      4.7223,      1.0000,      2.1400,      4.2031,      2.0000,     0.69060,      19.047,     0.53617,      7.4036,     0.62279,      8.0905,     0.66140,      8.2735,     0.67234,      8.1802,     0.65259,      7.9986,      2.2288,      3.8353,      3.9658
      4.9836,     -381.00,      10.000,     0.51388,     0.56141,      4.6057,      4.7107,      1.0000,      2.1400,      4.1105,      2.0000,     0.75871,      4.2605,     0.58420,      8.4793,     0.68778,      9.1433,     0.73465,      9.1938,     0.74449,      9.1565,     0.71875,      8.8845,      2.0265,      3.8353,      3.9658
      5.0169,     -416.00,      10.000,     0.50951,     0.55815,      4.6029,      4.7072,      1.1000,      2.1400,      4.1435,      2.0000,     0.81729,      12.680,     0.60166,      9.2296,     0.73325,      10.169,     0.79487,      10.205,     0.80569,      10.106,     0.77957,      9.8065,      3.6074,      3.8373,      3.9710
      5.0503,     -397.00,      10.000,     0.50914,     0.55792,      4.5970,      4.7017,      1.0000,      2.1400,      4.1508,      2.0000,     0.91048,      21.100,     0.66439,      9.7449,     0.80714,      10.850,     0.87838,      10.980,     0.89931,      10.775,     0.86827,      10.475,      3.1735,      3.8353,      3.9658
      5.0836,     -404.00,      10.000,     0.51152,     0.55927,      4.6065,      4.7100,      1.1000,      2.1400,      4.0994,      2.0000,     0.99795,      12.738,     0.74262,      10.251,     0.89345,      11.158,     0.96801,      11.435,     0.98316,      11.254,     0.94954,      10.891,      2.8483,      3.8373,      3.9710
      5.1169,     -402.00,      10.000,     0.50973,     0.55800,      4.6033,      4.7068,      1.1000,      2.1400,      4.0280,      2.0000,     0.99863,      13.831,     0.71141,      10.251,     0.87685,      11.603,     0.96458,      11.873,     0.98809,      11.561,     0.95643,      11.307,      3.8436,      3.8373,      3.9710
      5.1503,     -386.00,      10.000,     0.51813,     0.56457,      4.6238,      4.7276,      1.2000,      2.1400,      3.9413,      2.0000,      1.0888,      6.7774,     0.82659,      9.8534,     0.97602,      11.321,      1.0451,      11.936,      1.0629,      11.706,      1.0349,      11.443,      3.5078,      3.8394,      3.9761
      5.1836,     -415.00,      10.000,     0.50923,     0.55854,      4.6074,      4.7129,      1.2000,      2.1400,      3.6418,      2.0000,     0.99381,      20.471,     0.65971,      10.405,     0.83775,      11.721,     0.94224,      12.183,     0.98320,      12.149,     0.96122,      11.741,      4.5965,      3.8394,      3.9761
      5.2169,     -403.00,      10.000,     0.50606,     0.55501,      4.6019,      4.7041,      1.2000,      2.1400,      3.7156,      2.0000,     0.96778,      7.1997,     0.63939,      9.7901,     0.81107,      11.249,     0.91681,      11.955,     0.95731,      11.850,     0.93641,      11.497,      2.6669,      3.8394,      3.9761
      5.2503,     -393.00,      10.000,     0.50590,     0.55453,      4.6016,      4.7028,      1.2000,      2.1400,      3.5465,      2.0000,      1.0036,      13.378,     0.66629,      9.5912,     0.85161,      11.049,     0.96114,      11.818,     0.99675,      11.751,     0.97040,      11.352,      3.7319,      3.8394,      3.9761
      5.2836,     -406.00,      10.000,     0.52409,     0.57379,      4.6353,      4.7512,      1.2000,      2.1400,      3.5858,      2.0000,     0.98721,      23.816,     0.63747,      8.5697,     0.80370,      11.076,     0.91948,      12.155,     0.97670,      12.013,     0.95764,      11.560,      2.9003,      3.8394,      3.9761
      5.3169,     -398.00,      10.000,     0.50988,     0.55848,      4.6029,      4.7071,      1.1000,      2.1400,      3.4579,      2.0000,     0.92219,     0.77486,     0.57286,      9.2477,     0.73882,      10.223,     0.84908,      10.807,     0.90722,      10.919,     0.89665,      10.602,      5.0336,      3.8369,      3.9715
      5.3503,     -410.00,      10.000,     0.49986,     0.55025,      4.5803,      4.6819,      1.0000,      2.1400,      3.3642,      2.0000,     0.92337,      6.8105,     0.58865,      9.1844,     0.76681,      10.632,     0.87726,      11.180,     0.92067,      11.064,     0.89327,      10.765,      4.6446,      3.8348,      3.9663
      5.3836,     -391.00,      10.000,     0.48337,     0.53754,      4.5640,      4.6623,      1.2000,      2.1400,      3.2485,      2.0000,     0.79726,      9.2522,     0.42976,      9.4192,     0.61471,      11.113,     0.74531,      11.900,     0.80598,      11.642,     0.78656,      11.271,      115.12,      3.8390,      3.9766
      5.4169,     -399.00,      10.000,     0.47272,     0.53276,      4.5275,      4.6328,     0.80000,      2.1400,      3.4383,      2.0000,     0.51908,      8.3257,     0.27913,      14.599,     0.39580,      11.594,     0.48485,      11.681,     0.52471,      11.335,     0.50616,      10.602,      1125.5,      3.8308,      3.9527
      5.4503,     -402.00,      10.000,     0.64303,     0.76918,      4.9076,      5.2525,     0.70000,      2.1400,      2.2481,      2.0000,    0.084367,      11.198,    0.038606,      15.377,    0.055402,      14.144,    0.071625,      17.331,    0.083300,      9.8435,    0.082440,      7.0042,      1045.9,      3.8283,      3.9462
      5.4836,     -397.00,      10.000,     0.77083,     0.78384,      5.2218,      5.2572,     0.20000,      2.1400,   -0.091521,      2.0000,    0.014334,      4.0618,    0.012283,      10.884,    0.013398,      1.8283,    0.014081,    0.018225,    0.014098,      22.626,    0.013509,      7.4381,      1119.8,      3.8173,      3.9120
      5.5169,     -409.00,      10.000,     0.77213,     0.78543,      5.2132,      5.2494,      0.0000,      2.1400,   -0.091757,      2.0000,    0.012425,      4.7904,    0.011203,      11.426,    0.012120,      3.0172,    0.012442,     0.92941,    0.012221,      23.430,    0.011774,      8.3873,      994.20,      3.8133,      3.8981
      5.5503,     -403.00,      10.000,     0.76848,     0.78507,      5.2033,      5.2484,      0.0000,      2.1400,   -0.085941,      2.0000,    0.018847,      6.5621,    0.015380,      12.954,    0.017324,      4.3423,    0.018463,      2.8247,    0.018697,      25.528,    0.017764,      10.141,      1216.9,      3.8133,      3.8981
      5.5836,     -400.00,      10.000,     0.76609,     0.78192,      5.2219,      5.2650,     0.40000,      2.1400,   -0.094028,      2.0000,    0.017221,      7.2576,    0.014724,      12.375,    0.016192,      4.9322,    0.016913,      5.5491,    0.016937,     0.81276,    0.016239,      13.251,      728.44,      3.8214,      3.9259
      5.6169,     -403.00,      10.000,     0.76927,     0.78515,      5.2054,      5.2486,      0.0000,      2.1400,   -0.095105,      2.0000,    0.015945,      6.5870,    0.013860,      11.417,    0.015195,      3.6072,    0.015824,      3.3076,    0.015728,      26.594,    0.015053,      10.620,      1488.6,      3.8133,      3.8981
      5.6503,     -400.00,      10.000,     0.76466,     0.78471,      5.1929,      5.2474,      0.0000,      2.1400,    -0.10227,      2.0000,    0.014214,      5.8418,    0.012716,      11.661,    0.013727,      3.4075,    0.014136,      2.6424,    0.013968,      25.708,    0.013401,      10.033,      1841.1,      3.8133,      3.8981
      5.6836,     -403.00,      10.000,     0.77220,     0.78543,      5.2134,      5.2494,      0.0000,      2.1400,   -0.091564,      2.0000,    0.014474,      6.1730,    0.012442,      12.665,    0.013568,      4.2243,    0.014185,      3.6356,    0.014247,      26.829,    0.013599,      11.036,      1183.2,      3.8133,      3.8981
      5.7169,     -405.00,      10.000,     0.77143,     0.78390,      5.2235,      5.2574,     0.20000,      2.1400,   -0.082819,      2.0000,    0.013960,      4.9311,    0.011647,      11.670,    0.012936,      3.1897,    0.013638,      2.2324,    0.013768,      25.121,    0.013168,      9.5173,      786.83,      3.8173,      3.9120
      5.7503,     -414.00,      10.000,     0.77342,     0.78555,      5.2167,      5.2497,      0.0000,      2.1400,   -0.079591,      2.0000,    0.013436,      3.4656,    0.011153,      10.884,    0.012298,      1.8556,    0.013087,    0.036448,    0.013253,      22.626,    0.012615,      7.4381,      1201.6,      3.8133,      3.8981
      5.7836,     -417.00,      10.000,     0.75858,     0.77686,      5.0714,      5.0833,      8.0000,      2.1400,   -0.077418,      2.0000,    0.017789,      3.4235,    0.014227,      10.857,    0.015302,      1.8011,    0.016501,  -0.0091115,    0.018884,      22.581,    0.017567,      7.4019,      189.83,      3.9441,      4.1950
      5.8169,     -396.00,      10.000,     0.76865,     0.78509,      5.2037,      5.2485,      0.0000,      2.1400,   -0.076531,      2.0000,    0.017447,      3.4160,    0.014884,      10.857,    0.016510,      1.8011,    0.017292,  8.7610E-07,    0.017213,      22.590,    0.016451,      7.3929,      417.93,      3.8133,      3.8981
      5.8503,     -390.00,      10.000,     0.75832,     0.77319,      5.2736,      5.3141,      1.7000,      2.1400,   -0.075276,      2.0000,    0.016085,      3.4077,    0.013608,      10.857,    0.015197,      1.8102,    0.015879,  -0.0091115,    0.015904,      22.590,    0.015300,      7.3929,      1166.0,      3.8481,      4.0045
      5.8836,     -409.00,      10.000,     0.77011,     0.78523,      5.2077,      5.2489,      0.0000,      2.1400,   -0.073572,      2.0000,    0.013750,      3.4160,    0.011833,      10.848,    0.012901,      1.8011,    0.013486,  -0.0091115,    0.013565,      22.581,    0.012943,      7.3839,      1100.2,      3.8133,      3.8981
      5.9169,     -397.00,      10.000,     0.77441,     0.78565,      5.2194,      5.2500,      0.0000,      2.1400,   -0.071599,      2.0000,    0.011535,      3.4242,    0.010146,      10.857,    0.010979,      1.8011,    0.011488,  8.7610E-07,    0.011425,      22.581,    0.010958,      7.3839,      1436.2,      3.8133,      3.8981
      5.9503,     -407.00,      10.000,     0.76976,     0.78520,      5.2068,      5.2488,      0.0000,      2.1400,   -0.069325,      2.0000,    0.013551,      3.4077,    0.011774,      10.857,    0.012716,      1.8102,    0.013337,  8.7610E-07,    0.013353,      22.590,    0.012770,      7.4019,      797.01,      3.8133,      3.8981
      5.9836,     -405.00,      10.000,     0.75548,     0.77240,      5.2712,      5.3172,      1.8000,      2.1400,   -0.067573,      2.0000,    0.018300,      3.4156,    0.015181,      10.866,    0.017124,      1.8102,    0.018081,  8.7610E-07,    0.018150,      22.599,    0.017482,      7.3929,      892.64,      3.8502,      4.0098
      6.0169,     -397.00,      10.000,     0.77417,     0.78697,      5.2844,      5.3107,      3.4000,      1.4100,   -0.067544,      2.0000,    0.013262,      3.4325,    0.010946,      10.857,    0.011965,      1.8102,    0.012635,  8.7610E-07,    0.013336,      22.590,    0.013820,      7.3929,      1473.0,      3.9071,      4.0604
      6.0503,     -412.00,      10.000,     0.76617,     0.77703,      5.2639,      5.2936,      1.1000,      2.1400,   -0.067140,      2.0000,    0.011598,      3.4329,   0.0098595,      10.857,    0.010818,      1.8102,    0.011255,  -0.0091115,    0.011336,      22.581,    0.011045,      7.3929,      1254.5,      3.8356,      3.9730
      6.0836,     -408.00,      10.000,     0.77116,     0.78533,      5.2106,      5.2491,      0.0000,      2.1400,   -0.067081,      2.0000,    0.014832,      3.4160,    0.012206,      10.866,    0.013724,      1.8102,    0.014627,  8.7610E-07,    0.014674,      22.590,    0.014012,      7.4019,      836.39,      3.8133,      3.8981
      6.1169,     -407.00,      10.000,     0.76072,     0.77863,      5.3048,      5.3540,      2.1000,      2.1400,   -0.067988,      2.0000,    0.019173,      3.4077,    0.016174,      10.848,    0.017531,      1.8011,    0.018256,  -0.0091115,    0.018650,      22.581,    0.018718,      7.4019,      824.54,      3.8564,      4.0243
      6.1503,     -418.00,      10.000,     0.76731,     0.78496,      5.2001,      5.2481,      0.0000,      2.1400,   -0.065958,      2.0000,    0.018976,      3.3911,    0.016404,      10.857,    0.017627,      1.8011,    0.018527,  -0.0091115,    0.018648,      22.590,    0.017749,      7.4019,      1184.5,      3.8133,      3.8981
      6.1836,     -415.00,      10.000,     0.76289,     0.77963,      5.3780,      5.4255,      3.3000,      2.1400,   -0.066349,      2.0000,    0.017341,      3.4160,    0.015555,      10.866,    0.016457,      1.8102,    0.016723,  8.7610E-07,    0.016825,      22.590,    0.016909,      7.4200,      188.91,      3.8793,      4.0699
      6.2169,     -412.00,      10.000,     0.77129,     0.78535,      5.2109,      5.2492,      0.0000,      2.1400,   -0.064740,      2.0000,    0.015574,      3.4152,    0.013474,      10.857,    0.014893,      1.8102,    0.015491,  8.7610E-07,    0.015358,      22.590,    0.014709,      7.3929,      886.45,      3.8133,      3.8981
      6.2503,     -415.00,      10.000,     0.75766,     0.77518,      5.2505,      5.2982,      1.3000,      2.1400,   -0.063872,      2.0000,    0.019213,      3.4077,    0.015831,      10.857,    0.017491,      1.8102,    0.018469,  -0.0091115,    0.018775,      22.590,    0.018299,      7.3929,      1153.1,      3.8398,      3.9835
      6.2836,     -409.00,      10.000,     0.77446,     0.78566,      5.2196,      5.2500,      0.0000,      2.1400,   -0.063763,      2.0000,    0.012345,      3.4073,    0.010383,      10.866,    0.011483,      1.8193,    0.012158,  8.7610E-07,    0.012200,      22.590,    0.011661,      7.4110,      925.66,      3.8133,      3.8981
      6.3169,     -399.00,      10.000,     0.77086,     0.78530,      5.2097,      5.2491,      0.0000,      2.1400,   -0.061400,      2.0000,    0.015767,      3.4164,    0.013641,      10.857,    0.015019,      1.8102,    0.015609,  -0.0091115,    0.015534,      22.590,    0.014864,      7.3839,      1348.2,      3.8133,      3.8981
      6.3503,     -397.00,      10.000,     0.75960,     0.77696,      5.0721,      5.0834,      8.0000,      2.1400,   -0.059015,      2.0000,    0.016238,      3.4242,    0.014760,      10.857,    0.014972,      1.8102,    0.015604,  -0.0091115,    0.017388,      22.590,    0.015475,      7.4200,      166.86,      3.9441,      4.1950
      6.3836,     -414.00,      10.000,     0.76688,     0.78236,      5.2065,      5.2324,      3.9000,      1.4100,   -0.058962,      2.0000,    0.015650,      3.4077,    0.012291,      10.857,    0.013592,      1.8011,    0.014806,  -0.0091115,    0.016158,      22.590,    0.017165,      7.3839,      230.74,      3.9181,      4.0770
      6.4169,     -410.00,      10.000,     0.76427,     0.77809,      5.2474,      5.2851,     0.90000,      2.1400,   -0.057600,      2.0000,    0.015006,      3.4238,    0.012450,      10.866,    0.013897,      1.8102,    0.014685,  8.7610E-07,    0.014804,      22.590,    0.014285,      7.4200,      1512.9,      3.8315,      3.9607
      6.4503,     -408.00,      10.000,     0.77277,     0.78476,      5.2218,      5.2545,     0.10000,      2.1400,   -0.055931,      2.0000,    0.013497,      3.4242,    0.011300,      10.866,    0.012636,      1.8102,    0.013371,  8.7610E-07,    0.013349,      22.590,    0.012784,      7.3839,      855.81,      3.8153,      3.9051
      6.4836,     -414.00,      10.000,     0.77340,     0.78555,      5.2167,      5.2497,      0.0000,      2.1400,   -0.054715,      2.0000,    0.013761,      3.4325,    0.011317,      10.857,    0.012862,      1.8011,    0.013671,  -0.0091115,    0.013636,      22.581,    0.013046,      7.3929,      1058.4,      3.8133,      3.8981
      6.5169,     -401.00,      10.000,     0.76530,     0.78037,      5.1807,      5.2034,      4.1000,      1.4100,   -0.053429,      2.0000,    0.015514,      3.4077,    0.011801,      10.866,    0.012996,      1.8102,    0.014503,  8.7610E-07,    0.015839,      22.590,    0.016593,      7.4110,      1239.4,      3.9223,      4.0834
      6.5503,     -405.00,      10.000,     0.77025,     0.78087,      5.2446,      5.2734,     0.60000,      2.1400,   -0.052506,      2.0000,    0.011399,      3.4160,   0.0096200,      10.875,    0.010607,      1.8193,    0.011186,  8.7610E-07,    0.011242,      22.599,    0.010836,      7.4019,      287.32,      3.8254,      3.9399
      6.5836,     -401.00,      10.000,     0.76800,     0.78047,      5.3976,      5.4335,      3.2000,      2.1400,   -0.049955,      2.0000,    0.013464,      3.4168,    0.011825,      10.866,    0.012908,      1.8102,    0.013191,  8.7610E-07,    0.013106,      22.590,    0.012995,      7.4200,      196.69,      3.8776,      4.0667
      6.6169,     -396.00,      10.000,     0.77253,     0.78547,      5.2143,      5.2495,      0.0000,      2.1400,   -0.047143,      2.0000,    0.014062,      3.4160,    0.012105,      10.857,    0.013315,      1.8102,    0.013891,  8.7610E-07,    0.013863,      22.590,    0.013263,      7.3929,      1334.3,      3.8133,      3.8981
      6.6503,     -412.00,      10.000,     0.76086,     0.77703,      5.2441,      5.2882,      1.0000,      2.1400,   -0.043754,      2.0000,    0.017221,      3.4242,    0.014717,      10.857,    0.016164,      1.8102,    0.016926,  8.7610E-07,    0.016997,      22.590,    0.016340,      7.3929,      830.94,      3.8335,      3.9677
      6.6836,     -411.00,      10.000,     0.77105,     0.78386,      5.2224,      5.2573,     0.20000,      2.1400,   -0.041742,      2.0000,    0.011421,      3.4160,   0.0099478,      10.857,    0.010802,      1.8102,    0.011236,  8.7610E-07,    0.011244,      22.590,    0.010792,      7.4110,      1421.9,      3.8173,      3.9120
      6.7169,     -399.00,      10.000,     0.76431,     0.77685,      5.2589,      5.2931,      1.1000,      2.1400,   -0.039218,      2.0000,    0.013567,      3.4160,    0.011476,      10.857,    0.012707,      1.8102,    0.013310,  -0.0091115,    0.013303,      22.590,    0.012854,      7.4110,      210.51,      3.8356,      3.9730
      6.7502,     -404.00,      10.000,     0.76358,     0.77370,      5.2879,      5.3154,      1.7000,      2.1400,   -0.036880,      2.0000,    0.010753,      3.4077,   0.0091696,      10.866,    0.010059,      1.8102,    0.010447,  -0.0091115,    0.010505,      22.590,    0.010297,      7.3839,      1036.2,      3.8481,      4.0045
      6.7836,     -409.00,      10.000,     0.77467,     0.78494,      5.2270,      5.2550,     0.10000,      2.1400,   -0.034065,      2.0000,    0.011149,      3.4077,   0.0093855,      10.866,    0.010200,      1.8193,    0.010809,  8.7610E-07,    0.010980,      22.590,    0.010490,      7.4200,      722.59,      3.8153,      3.9051
      6.8169,     -404.00,      10.000,     0.77445,     0.78565,      5.2195,      5.2500,      0.0000,      2.1400,   -0.032435,      2.0000,    0.012158,      3.4077,    0.010334,      10.866,    0.011292,      1.8193,    0.011930,  8.7610E-07,    0.012006,      22.599,    0.011467,      7.4019,      1285.7,      3.8133,      3.8981
      6.8502,     -391.00,      10.000,     0.77411,     0.78562,      5.2186,      5.2499,      0.0000,      2.1400,   -0.028934,      2.0000,    0.012309,      3.4160,    0.010986,      10.857,    0.011943,      1.8102,    0.012300,  8.7610E-07,    0.012118,      22.590,    0.011672,      7.3839,      1414.4,      3.8133,      3.8981
      6.8836,     -419.00,      10.000,     0.77073,     0.78529,      5.2094,      5.2490,      0.0000,      2.1400,   -0.027610,      2.0000,    0.016533,      3.4325,    0.013536,      10.857,    0.015265,      1.8193,    0.016191,  8.7610E-07,    0.016309,      22.590,    0.015514,      7.3930,      297.55,      3.8133,      3.8981
      6.9169,     -399.00,      10.000,     0.77156,     0.78672,      5.2790,      5.3102,      3.4000,      1.4100,   -0.025580,      2.0000,    0.015492,      3.4242,    0.013065,      10.875,    0.014091,      1.8102,    0.014882,  8.7610E-07,    0.015616,      22.599,    0.016182,      7.4019,      531.07,      3.9071,      4.0604
      6.9502,     -398.00,      10.000,     0.76903,     0.78513,      5.2048,      5.2486,      0.0000,      2.1400,   -0.023045,      2.0000,    0.017017,      3.4404,    0.015136,      10.857,    0.016382,      1.8193,    0.016895,  8.7610E-07,    0.016741,      22.590,    0.016030,      7.3839,      1075.9,      3.8133,      3.8981
      6.9836,     -415.00,      10.000,     0.76801,     0.78228,      5.0472,      5.0582,      7.0000,      2.1400,   -0.018861,      2.0000,    0.013962,      3.4242,    0.012908,      10.866,    0.013439,      1.8193,    0.013831,  8.7610E-07,    0.014548,      22.581,    0.014337,      7.3839,      439.02,      3.9308,      4.1708
      7.0169,     -398.00,      10.000,     0.76424,     0.77809,      5.2473,      5.2851,     0.90000,      2.1400,   -0.014582,      2.0000,    0.014743,      3.4408,    0.012686,      10.857,    0.013884,      1.8011,    0.014440,  -0.0091115,    0.014460,      22.590,    0.013934,      7.3929,      913.39,      3.8315,      3.9607
      7.0502,     -398.00,      10.000,     0.77123,     0.78534,      5.2108,      5.2492,      0.0000,      2.1400,   -0.010279,      2.0000,    0.014139,      3.4242,    0.011704,      10.857,    0.012918,      1.8102,    0.013775,  -0.0091115,    0.013965,      22.590,    0.013286,      7.3929,      1759.2,      3.8133,      3.8981
      7.0836,     -405.00,      10.000,     0.77471,     0.78568,      5.2202,      5.2501,      0.0000,      2.1400,  -0.0052017,      2.0000,    0.011732,      3.4325,    0.010181,      10.848,    0.011144,      1.8102,    0.011608,  -0.0091115,    0.011581,      22.590,    0.011103,      7.4110,      856.13,      3.8133,      3.8981
      7.1169,     -401.00,      10.000,     0.77251,     0.78547,      5.2142,      5.2495,      0.0000,      2.1400,  -0.0014277,      2.0000,    0.014765,      3.4242,    0.012100,      10.866,    0.013480,      1.8193,    0.014374,  8.7610E-07,    0.014600,      22.590,    0.013880,      7.4110,      1314.4,      3.8133,      3.8981
      7.1502,     -424.00,      10.000,     0.76194,     0.77713,      5.2471,      5.2885,      1.0000,      2.1400,      0.0000,      2.0000,    0.016035,      3.4077,    0.013843,      10.866,    0.015038,      1.8193,    0.015698,  8.7610E-07,    0.015732,      22.599,    0.015227,      7.3839,      990.45,      3.8335,      3.9677
      7.1836,     -410.00,      10.000,     0.76145,     0.77503,      5.2662,      5.3031,      1.4000,      2.1400,      0.0000,      2.0000,    0.014228,      3.4073,    0.012260,      10.857,    0.013365,      1.8102,    0.013803,  8.7610E-07,    0.013882,      22.581,    0.013606,      7.3929,      55.575,      3.8419,      3.9887
      7.2169,     -406.00,      10.000,     0.76769,     0.78062,      5.2376,      5.2728,     0.60000,      2.1400,      0.0000,      2.0000,    0.013592,      3.3911,    0.012072,      10.857,    0.013052,      1.8193,    0.013467,  8.7610E-07,    0.013338,      22.590,    0.012827,      7.3748,      434.07,      3.8254,      3.9399
      7.2502,     -386.00,      10.000,     0.74616,     0.76263,      5.1829,      5.2027,      5.4000,      1.4100,      0.0000,      2.0000,    0.014366,      3.4077,    0.012321,      10.857,    0.012723,      1.8283,    0.013676,  8.7610E-07,    0.015780,      22.590,    0.013721,      7.4110,      487.79,      3.9491,      4.1240
      7.2836,     -408.00,      10.000,     0.76946,     0.78517,      5.2059,      5.2487,      0.0000,      2.1400,      0.0000,      2.0000,    0.017198,      3.3911,    0.015160,      10.857,    0.016690,      1.8193,    0.017077,  -0.0091115,    0.016922,      22.590,    0.016196,      7.3839,      966.37,      3.8133,      3.8981
      7.3169,     -403.00,      10.000,     0.77448,     0.78566,      5.2196,      5.2500,      0.0000,      2.1400,      0.0000,      2.0000,    0.012213,      3.3994,    0.010298,      10.857,    0.011306,      1.8193,    0.011949,  8.7610E-07,    0.012055,      22.590,    0.011504,      7.4110,      1218.6,      3.8133,      3.8981
      7.3502,     -401.00,      10.000,     0.77310,     0.78552,      5.2159,      5.2497,      0.0000,      2.1400,      0.0000,      2.0000,    0.013082,      3.4077,    0.011538,      10.857,    0.012616,      1.8102,    0.013090,  8.7610E-07,    0.012940,      22.590,    0.012417,      7.4019,      991.88,      3.8133,      3.8981
      7.3836,     -415.00,      10.000,     0.76665,     0.78068,      5.4014,      5.4426,      3.1000,      2.1400,      0.0000,      2.0000,    0.016293,      3.3837,    0.012135,      10.857,    0.014197,      1.8102,    0.015338,  8.7610E-07,    0.015913,      22.590,    0.016072,      7.4019,      822.22,      3.8760,      4.0635
      7.4169,     -415.00,      10.000,     0.75941,     0.77535,      5.2553,      5.2987,      1.3000,      2.1400,      0.0000,      2.0000,    0.015853,      3.4160,    0.013291,      10.857,    0.014753,      1.8102,    0.015559,  8.7610E-07,    0.015618,      22.590,    0.015078,      7.4200,      659.03,      3.8398,      3.9835
      7.4502,     -407.00,      10.000,     0.77286,     0.78550,      5.2152,      5.2496,      0.0000,      2.1400,      0.0000,      2.0000,    0.013473,      3.4160,    0.011932,      10.848,    0.012964,      1.8102,    0.013441,  8.7610E-07,    0.013285,      22.590,    0.012747,      7.4110,      1267.4,      3.8133,      3.8981
      7.4836,     -409.00,      10.000,     0.76110,     0.77499,      5.2652,      5.3030,      1.4000,      2.1400,      0.0000,      2.0000,    0.015077,      3.4325,    0.012246,      10.857,    0.013675,      1.8193,    0.014514,  8.7610E-07,    0.014879,      22.599,    0.014525,      7.4019,      1517.4,      3.8419,      3.9887
      7.5169,     -391.00,      10.000,     0.75987,     0.77699,      5.0723,      5.0834,      8.0000,      2.1400,      0.0000,      2.0000,    0.016775,      3.4160,    0.013949,      10.848,    0.015186,      1.8102,    0.016201,  -0.0091115,    0.018083,      22.590,    0.016919,      7.4019,      530.42,      3.9441,      4.1950
      7.5502,     -401.00,      10.000,     0.77303,     0.78552,      5.2157,      5.2496,      0.0000,      2.1400,      0.0000,      2.0000,    0.013905,      3.4160,    0.011677,      10.848,    0.013047,      1.8011,    0.013792,  -0.0091115,    0.013747,      22.581,    0.013156,      7.4110,      1735.2,      3.8133,      3.8981
      7.5836,     -410.00,      10.000,     0.76552,     0.77748,      5.2568,      5.2895,      1.0000,      2.1400,      0.0000,      2.0000,    0.012940,      3.4242,    0.011249,      10.839,    0.012332,      1.8011,    0.012702,  -0.0091115,    0.012637,      22.581,    0.012199,      7.3839,      1507.6,      3.8335,      3.9677
      7.6169,     -407.00,      10.000,     0.76774,     0.77933,      5.3241,      5.3559,      2.1000,      2.1400,      0.0000,      2.0000,    0.011892,      3.4077,    0.011003,      10.848,    0.011767,      1.8102,    0.011872,  -0.0091115,    0.011607,      22.581,    0.011244,      7.3929,      900.13,      3.8564,      4.0243
      7.6502,     -403.00,      10.000,     0.75664,     0.77212,      5.1118,      5.1277,      4.8000,      1.4100,      0.0000,      2.0000,    0.015672,      3.4077,    0.010671,      10.839,    0.012912,      1.8011,    0.014765,  -0.0091115,    0.016751,      22.581,    0.016809,      7.3929,      50.392,      3.9364,      4.1054
      7.6836,     -407.00,      10.000,     0.76669,     0.77976,      5.3123,      5.3479,      2.0000,      2.1400,      0.0000,      2.0000,    0.013810,      3.3994,    0.012176,      10.857,    0.013037,      1.8102,    0.013333,  8.7610E-07,    0.013364,      22.590,    0.013190,      7.4110,      225.67,      3.8544,      4.0203
      7.7169,     -406.00,      10.000,     0.77143,     0.78536,      5.2113,      5.2492,      0.0000,      2.1400,      0.0000,      2.0000,    0.015893,      3.4160,    0.012976,      10.848,    0.014704,      1.8102,    0.015640,  -0.0091115,    0.015734,      22.581,    0.014989,      7.3929,      1343.6,      3.8133,      3.8981
      7.7502,     -403.00,      10.000,     0.76927,     0.78442,      5.2122,      5.2536,     0.10000,      2.1400,      0.0000,      2.0000,    0.016377,      3.4077,    0.013910,      10.857,    0.015274,      1.8011,    0.016014,  -0.0091115,    0.016134,      22.581,    0.015386,      7.3748,      448.41,      3.8153,      3.9051
      7.7836,     -409.00,      10.000,     0.76249,     0.77719,      5.2486,      5.2887,      1.0000,      2.1400,      0.0000,      2.0000,    0.016044,      3.4073,    0.013443,      10.848,    0.014938,      1.8011,    0.015724,  -0.0091115,    0.015760,      22.581,    0.015180,      7.4019,      446.53,      3.8335,      3.9677
      7.8169,     -410.00,      10.000,     0.77372,     0.78558,      5.2175,      5.2498,      0.0000,      2.1400,      0.0000,      2.0000,    0.013019,      3.4235,    0.011125,      10.857,    0.012286,      1.8102,    0.012865,  8.7610E-07,    0.012851,      22.581,    0.012306,      7.3839,      361.14,      3.8133,      3.8981
      7.8502,     -401.00,      10.000,     0.77374,     0.78558,      5.2176,      5.2498,      0.0000,      2.1400,      0.0000,      2.0000,    0.012906,      3.4152,    0.011083,      10.848,    0.012128,      1.8011,    0.012706,  -0.0091115,    0.012720,      22.572,    0.012164,      7.3929,      505.66,      3.8133,      3.8981
      7.8836,     -407.00,      10.000,     0.75547,     0.77798,      5.2173,      5.2787,     0.80000,      2.1400,      0.0000,      2.0000,    0.015129,      3.4077,    0.013578,      10.848,    0.014543,      1.8011,    0.014947,  -0.0091115,    0.014817,      22.572,    0.014249,      7.3928,      693.67,      3.8295,      3.9538
      7.9169,     -391.00,      10.000,     0.77126,     0.78534,      5.2108,      5.2492,      0.0000,      2.1400,      0.0000,      2.0000,    0.014906,      3.4073,    0.013121,      10.848,    0.014119,      1.8011,    0.014716,  -0.0091115,    0.014682,      22.581,    0.014044,      7.4019,      1154.7,      3.8133,      3.8981
      7.9502,     -400.00,      10.000,     0.77210,     0.78543,      5.2131,      5.2494,      0.0000,      2.1400,      0.0000,      2.0000,    0.015536,      3.4160,    0.012130,      10.848,    0.013837,      1.8011,    0.015023,  -0.0091115,    0.015397,      22.581,    0.014576,      7.3929,      974.36,      3.8133,      3.8981
      7.9836,     -398.00,      10.000,     0.77061,     0.78528,      5.2091,      5.2490,      0.0000,      2.1400,      0.0000,      2.0000,    0.015620,      3.4242,    0.013814,      10.848,    0.014875,      1.8102,    0.015442,  -0.0091115,    0.015365,      22.581,    0.014702,      7.3839,      508.23,      3.8133,      3.8981
      8.0169,     -406.00,      10.000,     0.76793,     0.78502,      5.2018,      5.2483,      0.0000,      2.1400,      0.0000,      2.0000,    0.019839,      3.4242,    0.015639,      10.848,    0.017950,      1.8102,    0.019411,  -0.0091115,    0.019649,      22.590,    0.018626,      7.3839,      1163.1,      3.8133,      3.8981
      8.0502,     -409.00,      10.000,     0.77472,     0.78568,      5.2203,      5.2501,      0.0000,      2.1400,      0.0000,      2.0000,    0.011881,      3.4325,    0.010312,      10.848,    0.011285,      1.8011,    0.011753,  -0.0091115,    0.011712,      22.581,    0.011218,      7.4016,      1433.1,      3.8133,      3.8981
      8.0836,     -411.00,      10.000,     0.77275,     0.78549,      5.2149,      5.2496,      0.0000,      2.1400,      0.0000,      2.0000,    0.014365,      3.4408,    0.012131,      10.848,    0.013539,      1.8102,    0.014216,  -0.0091115,    0.014208,      22.590,    0.013582,      7.4110,      1317.0,      3.8133,      3.8981
      8.1169,     -403.00,      10.000,     0.77072,     0.78529,      5.2094,      5.2490,      0.0000,      2.1400,      0.0000,      2.0000,    0.016005,      3.4242,    0.013440,      10.848,    0.014787,      1.8011,    0.015611,  -0.0091115,    0.015815,      22.581,    0.015063,      7.4019,      627.80,      3.8133,      3.8981
      8.1502,     -404.00,      10.000,     0.77302,     0.78552,      5.2156,      5.2496,      0.0000,      2.1400,      0.0000,      2.0000,    0.013431,      3.4491,    0.011205,      10.848,    0.012392,      1.8011,    0.013190,   -0.018223,    0.013305,      22.563,    0.012679,      7.3929,      1439.3,      3.8133,      3.8981
      8.1836,     -399.00,      10.000,     0.77503,     0.78571,      5.2211,      5.2502,      0.0000,      2.1400,      0.0000,      2.0000,    0.011357,      3.4393,   0.0095445,      10.857,    0.010574,      1.8102,    0.011169,  8.7610E-07,    0.011261,      22.590,    0.010720,      7.3929,      1372.0,      3.8133,      3.8981
      8.2169,     -408.00,      10.000,     0.77222,     0.78544,      5.2135,      5.2494,      0.0000,      2.1400,      0.0000,      2.0000,    0.015056,      3.4242,    0.012075,      10.848,    0.013623,      1.8102,    0.014583,  -0.0091115,    0.014899,      22.581,    0.014111,      7.3839,      298.02,      3.8133,      3.8981
      8.2502,     -404.00,      10.000,     0.77256,     0.78547,      5.2144,      5.2495,      0.0000,      2.1400,      0.0000,      2.0000,    0.014473,      3.4160,    0.011805,      10.848,    0.013214,      1.8102,    0.014113,  -0.0091115,    0.014332,      22.590,    0.013619,      7.4019,      280.16,      3.8133,      3.8981
      8.2836,     -395.00,      10.000,     0.77124,     0.78534,      5.2108,      5.2492,      0.0000,      2.1400,      0.0000,      2.0000,    0.014991,      3.3911,    0.013234,      10.857,    0.014309,      1.8193,    0.014777,  -0.0091115,    0.014740,      22.590,    0.014090,      7.4019,      453.35,      3.8133,      3.8981
      8.3169,     -406.00,      10.000,     0.77277,     0.78549,      5.2149,      5.2496,      0.0000,      2.1400,      0.0000,      2.0000,    0.012937,      3.3994,    0.011613,      10.857,    0.012435,      1.8102,    0.012856,  -0.0091115,    0.012797,      22.590,    0.012258,      7.3839,      1070.3,      3.8133,      3.8981
      8.3502,     -394.00,      10.000,     0.77552,     0.78576,      5.2224,      5.2503,      0.0000,      2.1400,      0.0000,      2.0000,    0.010666,      3.4002,   0.0094654,      10.848,    0.010244,      1.8011,    0.010579,   -0.018223,    0.010521,      22.572,    0.010103,      7.3658,      1154.6,      3.8133,      3.8981
      8.3836,     -418.00,      10.000,     0.77276,     0.78549,      5.2149,      5.2496,      0.0000,      2.1400,      0.0000,      2.0000,    0.014124,      3.3994,    0.011858,      10.839,    0.013039,      1.8011,    0.013642,   -0.018223,    0.013911,      22.572,    0.013205,      7.3929,      705.20,      3.8133,      3.8981
      8.4169,     -404.00,      10.000,     0.77339,     0.78555,      5.2166,      5.2497,      0.0000,      2.1400,      0.0000,      2.0000,    0.014237,      3.4077,    0.011161,      10.848,    0.012665,      1.8102,    0.013730,  -0.0091115,    0.014107,      22.590,    0.013349,      7.3839,      1219.9,      3.8133,      3.8981
      8.4502,     -396.00,      10.000,     0.76639,     0.78487,      5.1976,      5.2479,      0.0000,      2.1400,      0.0000,      2.0000,    0.021411,      3.4325,    0.017323,      10.848,    0.019817,      1.8102,    0.021092,  -0.0091115,    0.021180,      22.590,    0.020153,      7.4019,      869.70,      3.8133,      3.8981
      8.4836,     -418.00,      10.000,     0.77284,     0.78550,      5.2152,      5.2496,      0.0000,      2.1400,      0.0000,      2.0000,    0.014146,      3.3994,    0.011786,      10.839,    0.013025,      1.8102,    0.013869,  -0.0091115,    0.013967,      22.581,    0.013318,      7.3839,      1321.7,      3.8133,      3.8981
      8.5169,     -412.00,      10.000,     0.77434,     0.78564,      5.2192,      5.2500,      0.0000,      2.1400,      0.0000,      2.0000,    0.012160,      3.3994,    0.010523,      10.848,    0.011503,      1.8193,    0.012015,  8.7610E-07,    0.011995,      22.590,    0.011489,      7.3929,      788.44,      3.8133,      3.8981
      8.5502,     -405.00,      10.000,     0.76961,     0.78518,      5.2064,      5.2487,      0.0000,      2.1400,      0.0000,      2.0000,    0.017884,      3.3919,    0.014629,      10.848,    0.016502,      1.8192,    0.017545, -8.5908E-05,    0.017678,      22.590,    0.016827,      7.3838,      574.72,      3.8133,      3.8981
      8.5836,     -409.00,      10.000,     0.77241,     0.78546,      5.2140,      5.2495,      0.0000,      2.1400,      0.0000,      2.0000,    0.013792,      3.3994,    0.012157,      10.848,    0.013160,      1.8102,    0.013662,  -0.0091115,    0.013579,      22.581,    0.013012,      7.3748,      616.76,      3.8133,      3.8981
      8.6169,     -408.00,      10.000,     0.77374,     0.78559,      5.2176,      5.2498,      0.0000,      2.1400,      0.0000,      2.0000,    0.012880,      3.4153,    0.010950,      10.839,    0.012055,      1.8011,    0.012727,  -0.0091115,    0.012713,      22.581,    0.012167,      7.3748,      1244.2,      3.8133,      3.8981
      8.6502,     -413.00,      10.000,     0.77300,     0.78551,      5.2156,      5.2496,      0.0000,      2.1400,      0.0000,      2.0000,    0.013936,      3.4160,    0.011749,      10.848,    0.013075,      1.8102,    0.013789,  -0.0091115,    0.013770,      22.590,    0.013166,      7.3929,      1061.4,      3.8133,      3.8981
      8.6836,     -408.00,      10.000,     0.77086,     0.78530,      5.2098,      5.2491,      0.0000,      2.1400,      0.0000,      2.0000,    0.015597,      3.4242,    0.013178,      10.848,    0.014521,      1.8102,    0.015358,  -0.0091115,    0.015422,      22.581,    0.014704,      7.4019,      261.53,      3.8133,      3.8981
      8.7169,     -395.00,      10.000,     0.77385,     0.78560,      5.2179,      5.2498,      0.0000,      2.1400,      0.0000,      2.0000,    0.013322,      3.4077,    0.010968,      10.848,    0.012274,      1.8102,    0.013036,  -0.0091115,    0.013169,      22.581,    0.012547,      7.4019,      150.84,      3.8133,      3.8981
      8.7502,     -411.00,      10.000,     0.77241,     0.78546,      5.2140,      5.2495,      0.0000,      2.1400,      0.0000,      2.0000,    0.013367,      3.3911,    0.012029,      10.848,    0.012852,      1.8102,    0.013293,  -0.0091115,    0.013172,      22.572,    0.012640,      7.3839,      926.48,      3.8133,      3.8981
      8.7836,     -406.00,      10.000,     0.76980,     0.78520,      5.2069,      5.2488,      0.0000,      2.1400,      0.0000,      2.0000,    0.016523,      3.4160,    0.014622,      10.857,    0.016044,      1.8193,    0.016553,  8.7610E-07,    0.016280,      22.590,    0.015631,      7.3929,      1497.0,      3.8133,      3.8981
      8.8169,     -394.00,      10.000,     0.77315,     0.78553,      5.2160,      5.2497,      0.0000,      2.1400,      0.0000,      2.0000,    0.012852,      3.4160,    0.011592,      10.848,    0.012333,      1.8102,    0.012693,  8.7610E-07,    0.012619,      22.590,    0.012099,      7.3839,      1225.8,      3.8133,      3.8981
      8.8502,     -396.00,      10.000,     0.77051,     0.78527,      5.2088,      5.2490,      0.0000,      2.1400,      0.0000,      2.0000,    0.013920,      3.3746,    0.012189,      10.848,    0.013322,      1.8102,    0.013813,  8.7610E-07,    0.013718,      22.581,    0.013146,      7.3929,      1343.6,      3.8133,      3.8981
      8.8836,     -407.00,      10.000,     0.77436,     0.78565,      5.2193,      5.2500,      0.0000,      2.1400,      0.0000,      2.0000,    0.011907,      3.3994,    0.010687,      10.848,    0.011524,      1.8102,    0.011873,  -0.0091115,    0.011723,      22.581,    0.011272,      7.4019,      1476.5,      3.8133,      3.8981
      8.9169,     -407.00,      10.000,     0.77536,     0.78574,      5.2220,      5.2503,      0.0000,      2.1400,      0.0000,      2.0000,    0.011120,      3.4070,   0.0097422,      10.857,    0.010589,      1.8102,    0.010942,  -0.0091115,    0.010945,      22.572,    0.010484,      7.4019,      888.26,      3.8133,      3.8981
      8.9503,     -407.00,      10.000,     0.77365,     0.78558,      5.2173,      5.2498,      0.0000,      2.1400,      0.0000,      2.0000,    0.012683,      3.3994,    0.010936,      10.830,    0.011920,      1.7920,    0.012477,  -0.0091115,    0.012515,      22.572,    0.011968,      7.4019,      1081.8,      3.8133,      3.8981
      8.9836,     -414.00,      10.000,     0.77254,     0.78547,      5.2143,      5.2495,      0.0000,      2.1400,      0.0000,      2.0000,    0.014295,      3.4077,    0.011949,      10.839,    0.013185,      1.8011,    0.013965,  -0.0091115,    0.014101,      22.581,    0.013438,      7.4019,      1784.2,      3.8133,      3.8981
