# [Parameters]
# Name = tsmap_nel
# ShotNo = 163404
# Date = '07/05/2021 10:45'
# 
# DimNo = 1
# DimName = 'Time'
# DimSize = 172
# DimUnit = 's'
# 
# ValNo = 25
# ValName = 'laser', 'laser number', 'a99', 'a999', 'R99', 'R999', 'p0', 'pf', 'ip', 'ipf', 'nl_thomson_mid', 'nl_mmw_mid', 'nl_thomson_3579', 'nl_fir_3579', 'nl_thomson_3669', 'nl_fir_3669', 'nl_thomson_3759', 'nl_fir_3759', 'nl_thomson_3849', 'nl_fir_3849', 'nl_thomson_3939', 'nl_fir_3939', 'chi', 'geom_center', 'Rax_vmec'
# ValUnit = 'arb', 'arb', 'm', 'm', 'm', 'm', '%', 'arb', 'kA/T', 'arb', 'arb', 'e19m-2', 'arb', 'e19m-2', 'arb', 'e19m-2', 'arb', 'e19m-2', 'arb', 'e19m-2', 'arb', 'e19m-2', 'arb', 'm', 'm'
# 
# [Comments]
# Bt = -2.53850
# Rax = 3.90000
# Bq = 100.000
# Gamma = 1.25380
# phiedge = -2.8685000
# avac = 0.55800000
# ExpDate = 2.02011e+07
# Cycle = 22.0000
# t1 = 3.30000
# t2 = 9.01000
# density (ne) is only for very rough information
# Do not use data for ne_bar < 5*1-^12cm-3
# High Voltage is set at 0.90 times
# Te limit = 22keV
# Laser#1, #3, #5, 
# 
# [data]
    0.016944,     -398.00,      10.000,     0.77321,     0.78553,      5.2161,      5.2497,      0.0000,      2.1400,     -0.0000,      2.0000,    0.012344,    0.014452,    0.011295,  -0.0024650,    0.011993,  0.00082551,    0.012289, -0.00082792,    0.012158,  -0.0073958,    0.011674,  -0.0032872,      9999.0,      3.8133,      3.8981
      3.3169,     -411.00,      10.000,     0.54769,     0.59814,      4.6281,      4.7498,     0.10000,      2.1400,    0.017996,      2.0000,    0.043046,     0.45989,    0.038570,     0.44049,    0.041450,     0.43646,    0.042804,     0.43654,    0.042134,     0.41747,    0.040269,     0.43966,      52.749,      3.8153,      3.9051
      3.3503,     -424.00,      10.000,     0.55487,     0.60319,      4.6750,      4.7971,     0.70000,      2.1400,     0.11289,      2.0000,    0.076645,     0.84902,    0.068167,     0.81112,    0.073339,     0.81764,    0.074841,     0.81924,    0.074069,     0.80619,    0.071015,     0.79222,      15.425,      3.8274,      3.9468
      3.3836,     -409.00,      10.000,     0.57179,     0.61652,      4.7004,      4.8150,     0.40000,      2.1400,     0.26473,      2.0000,     0.11449,      1.1305,     0.10545,      1.0823,     0.11064,      1.0990,     0.11229,      1.1017,     0.11092,      1.0864,     0.10597,      1.0634,      6.5565,      3.8214,      3.9259
      3.4169,     -407.00,      10.000,     0.57265,     0.61438,      4.7241,      4.8327,     0.80000,      2.1400,     0.44909,      2.0000,     0.14346,      1.4285,     0.13645,      1.3445,     0.14043,      1.3622,     0.14015,      1.3751,     0.13701,      1.3395,     0.13131,      1.3436,      12.595,      3.8295,      3.9538
      3.4503,     -406.00,      10.000,     0.56765,     0.61099,      4.7074,      4.8190,     0.70000,      2.1400,     0.63285,      2.0000,     0.17472,      1.6935,     0.16608,      1.5795,     0.17200,      1.6254,     0.17213,      1.6211,     0.16817,      1.5926,     0.16109,      1.5606,      19.808,      3.8279,      3.9465
      3.4836,     -414.00,      10.000,     0.57315,     0.61539,      4.7315,      4.8426,     0.90000,      2.1400,     0.81335,      2.0000,     0.18985,      1.9087,     0.18150,      1.8055,     0.18707,      1.8613,     0.18638,      1.8398,     0.18126,      1.8006,     0.17344,      1.7414,      8.0095,      3.8319,      3.9603
      3.5169,     -409.00,      10.000,     0.57830,     0.61905,      4.7285,      4.8347,     0.60000,      2.1400,     0.99525,      2.0000,     0.20739,      2.1820,     0.19738,      2.0948,     0.20388,      2.1155,     0.20412,      2.1040,     0.19909,      2.0718,     0.19042,      2.0216,      6.2683,      3.8259,      3.9396
      3.5503,     -398.00,      10.000,     0.57110,     0.61163,      4.7213,      4.8267,     0.80000,      2.1400,      1.1605,      2.0000,     0.23638,      2.5049,     0.22789,      2.5377,     0.23492,      2.5329,     0.23324,      2.6143,     0.22575,      2.5870,     0.21540,      2.5459,      5.7332,      3.8299,      3.9534
      3.5836,     -417.00,      10.000,     0.56841,     0.60952,      4.7200,      4.8270,     0.90000,      2.1400,      1.3323,      2.0000,     0.26219,      2.8278,     0.25122,      2.8451,     0.25936,      2.8597,     0.25782,      2.9879,     0.25023,      2.9396,     0.23946,      2.8171,      6.6895,      3.8319,      3.9603
      3.6169,     -404.00,      10.000,     0.56474,     0.60704,      4.7119,      4.8215,     0.90000,      2.1400,      1.5056,      2.0000,     0.28561,      3.0929,     0.27109,      3.0982,     0.28215,      3.1501,     0.28172,      3.3068,     0.27379,      3.2198,     0.26191,      3.1064,      4.2556,      3.8324,      3.9599
      3.6503,     -399.00,      10.000,     0.56932,     0.61194,      4.7282,      4.8406,      1.0000,      2.1400,      1.6675,      2.0000,     0.33501,      3.4071,     0.31570,      3.3332,     0.32917,      3.3951,     0.32941,      3.4981,     0.32139,      3.4548,     0.30815,      3.3324,      4.4570,      3.8344,      3.9668
      3.6836,     -410.00,      10.000,     0.57021,     0.61340,      4.7253,      4.8386,     0.90000,      2.1400,      1.8171,      2.0000,     0.35295,      3.6309,     0.32655,      3.5050,     0.34230,      3.5766,     0.34584,      3.6712,     0.33901,      3.5995,     0.32532,      3.4680,      5.7669,      3.8324,      3.9599
      3.7169,     -408.00,      10.000,     0.57069,     0.61423,      4.7264,      4.8409,     0.90000,      2.1400,      1.9742,      2.0000,     0.36487,      3.7799,     0.33292,      3.5683,     0.35268,      3.6583,     0.35722,      3.7441,     0.35169,      3.6537,     0.33773,      3.5584,      4.0606,      3.8324,      3.9599
      3.7503,     -403.00,      10.000,     0.57214,     0.61454,      4.7300,      4.8417,     0.90000,      2.1400,      2.1424,      2.0000,     0.37486,      3.8627,     0.34420,      3.6044,     0.36293,      3.7309,     0.36584,      3.7988,     0.36011,      3.7080,     0.34595,      3.6036,      2.5919,      3.8324,      3.9599
      3.7836,     -411.00,      10.000,     0.56980,     0.61322,      4.7243,      4.8382,     0.90000,      2.1400,      2.3062,      2.0000,     0.36740,      3.9041,     0.33134,      3.6315,     0.35172,      3.7672,     0.35810,      3.8261,     0.35383,      3.7351,     0.33981,      3.6217,      6.0591,      3.8324,      3.9599
      3.8169,     -423.00,      10.000,     0.56904,     0.61257,      4.7224,      4.8364,     0.90000,      2.1400,      2.4652,      2.0000,     0.38074,      3.9620,     0.34560,      3.6767,     0.36556,      3.7945,     0.37056,      3.8717,     0.36660,      3.7893,     0.35230,      3.6488,      2.1627,      3.8324,      3.9599
      3.8503,     -412.00,      10.000,     0.56912,     0.61243,      4.7287,      4.8432,      1.0000,      2.1400,      2.6128,      2.0000,     0.38275,      3.9786,     0.35047,      3.7039,     0.36965,      3.8217,     0.37408,      3.8990,     0.36845,      3.8074,     0.35465,      3.6940,      4.8971,      3.8348,      3.9663
      3.8836,     -411.00,      10.000,     0.56803,     0.61067,      4.7307,      4.8437,      1.1000,      2.1400,      2.7606,      2.0000,     0.37807,      4.0117,     0.34443,      3.7219,     0.36420,      3.8489,     0.36727,      3.9173,     0.36187,      3.8164,     0.34937,      3.7301,      5.3312,      3.8369,      3.9715
      3.9169,     -410.00,      10.000,     0.56911,     0.61304,      4.7287,      4.8448,      1.0000,      2.1400,      2.9054,      2.0000,     0.38289,      4.0446,     0.34411,      3.7581,     0.36672,      3.8761,     0.37253,      3.9537,     0.36834,      3.8616,     0.35505,      3.7392,      3.6625,      3.8348,      3.9663
      3.9503,     -399.00,      10.000,     0.57148,     0.61411,      4.7294,      4.8419,     0.90000,      2.1400,      3.0376,      2.0000,     0.38888,      4.0943,     0.35056,      3.7852,     0.37166,      3.9306,     0.37767,      3.9993,     0.37264,      3.9068,     0.35882,      3.7663,      4.6090,      3.8328,      3.9595
      3.9836,     -401.00,      10.000,     0.57513,     0.61749,      4.7385,      4.8509,     0.90000,      2.1400,      3.1671,      2.0000,     0.40632,      4.1359,     0.37210,      3.8394,     0.39172,      3.9669,     0.39699,      4.0448,     0.39142,      3.9611,     0.37637,      3.8477,      3.7740,      3.8328,      3.9595
      4.0169,     -393.00,      10.000,     0.57328,     0.61644,      4.7339,      4.8481,     0.90000,      2.1400,      3.2944,      2.0000,     0.40711,      4.2021,     0.36971,      3.8937,     0.39063,      4.0304,     0.39721,      4.0995,     0.39202,      4.0244,     0.37708,      3.8838,      3.3542,      3.8328,      3.9595
      4.0503,     -411.00,      10.000,     0.56704,     0.61026,      4.7236,      4.8374,      1.0000,      2.1400,      3.4129,      2.0000,     0.40034,      4.2767,     0.35897,      3.9570,     0.38272,      4.1121,     0.38933,      4.1997,     0.38438,      4.1057,     0.36998,      3.9833,      7.0785,      3.8348,      3.9663
      4.0836,     -418.00,      10.000,     0.57045,     0.61406,      4.7278,      4.8431,     0.90000,      2.1400,      3.5239,      2.0000,     0.40963,      4.3429,     0.36755,      4.0383,     0.39181,      4.1756,     0.39901,      4.2908,     0.39461,      4.2051,     0.37969,      4.0465,      6.3733,      3.8333,      3.9591
      4.1169,     -402.00,      10.000,     0.56660,     0.61119,      4.7235,      4.8412,      1.0000,      2.1400,      3.6269,      2.0000,     0.41849,      4.4257,     0.37559,      4.1287,     0.39966,      4.2845,     0.40705,      4.3820,     0.40305,      4.2955,     0.38870,      4.1731,      3.3587,      3.8353,      3.9658
      4.1503,     -415.00,      10.000,     0.56682,     0.61016,      4.7240,      4.8385,      1.0000,      2.1400,      3.7258,      2.0000,     0.42591,      4.5250,     0.37779,      4.2372,     0.40285,      4.3934,     0.41140,      4.5186,     0.40904,      4.4402,     0.39559,      4.2997,      3.3338,      3.8353,      3.9658
      4.1836,     -430.00,      10.000,     0.56723,     0.61076,      4.7250,      4.8401,      1.0000,      2.1400,      3.8144,      2.0000,     0.43289,      4.6410,     0.38790,      4.3638,     0.41361,      4.5387,     0.42148,      4.7009,     0.41636,      4.6300,     0.40095,      4.4714,      2.4187,      3.8353,      3.9658
      4.2169,     -400.00,      10.000,     0.56433,     0.60798,      4.7180,      4.8326,      1.0000,      2.1400,      3.8889,      2.0000,     0.44725,      4.7486,     0.39593,      4.5355,     0.42361,      4.7474,     0.43112,      4.9925,     0.42881,      4.8560,     0.41424,      4.6793,      3.8517,      3.8353,      3.9658
      4.2503,     -405.00,      10.000,     0.56496,     0.60951,      4.7144,      4.8309,     0.90000,      2.1400,      3.9453,      2.0000,     0.46494,      4.9224,     0.41872,      4.7253,     0.44581,      4.9561,     0.45367,      5.2294,     0.44939,      5.0368,     0.43275,      4.9505,      3.6302,      3.8333,      3.9591
      4.2836,     -407.00,      10.000,     0.56546,     0.60943,      4.7156,      4.8307,     0.90000,      2.1400,      3.9846,      2.0000,     0.48205,      5.0963,     0.42756,      4.9423,     0.45687,      5.1377,     0.46767,      5.4936,     0.46339,      5.2990,     0.44692,      5.2036,      5.2377,      3.8333,      3.9591
      4.3169,     -414.00,      10.000,     0.56369,     0.60736,      4.7112,      4.8250,     0.90000,      2.1400,      4.0340,      2.0000,     0.49835,      5.3534,     0.43755,      5.0779,     0.47054,      5.3373,     0.48151,      5.6667,     0.47843,      5.5521,     0.46184,      5.3302,      5.4272,      3.8333,      3.9591
      4.3503,     -405.00,      10.000,     0.56969,     0.61446,      4.7311,      4.8499,      1.0000,      2.1400,      4.1675,      2.0000,     0.49846,      5.4279,     0.43488,      4.9604,     0.46877,      5.2103,     0.48135,      5.4389,     0.48039,      5.3622,     0.46507,      5.1494,      6.9010,      3.8353,      3.9658
      4.3836,     -401.00,      10.000,     0.56702,     0.61377,      4.7291,      4.8534,      1.1000,      2.1400,      4.3575,      2.0000,     0.49463,      5.3364,     0.42836,      4.7977,     0.46173,      5.0378,     0.47709,      5.2385,     0.47919,      5.1814,     0.46687,      4.9324,      5.0761,      3.8373,      3.9710
      4.4169,     -406.00,      10.000,     0.56195,     0.60563,      4.7076,      4.8216,     0.90000,      2.1400,      4.5204,      2.0000,     0.47356,      5.2619,     0.40782,      4.9875,     0.44041,      5.2647,     0.45455,      5.6029,     0.45556,      5.5702,     0.44048,      5.3302,      4.5970,      3.8337,      3.9587
      4.4503,     -412.00,      10.000,     0.55722,     0.60179,      4.6896,      4.8042,     0.80000,      2.1400,      4.4102,      2.0000,     0.50482,      5.8580,     0.44448,      5.4757,     0.47932,      5.7548,     0.49089,      5.9401,     0.48658,      5.7329,     0.46814,      5.6285,      5.1669,      3.8313,      3.9524
      4.4836,     -400.00,      10.000,     0.55269,     0.59930,      4.6836,      4.8033,     0.90000,      2.1400,      4.2642,      2.0000,     0.57067,      6.2223,     0.49998,      5.8734,     0.54154,      6.2993,     0.55559,      6.5050,     0.55079,      6.1216,     0.53046,      6.0172,      3.8182,      3.8333,      3.9591
      4.5169,     -409.00,      10.000,     0.52025,     0.56510,      4.6177,      4.7198,      1.0000,      2.1400,      4.3106,      2.0000,     0.53704,      17.151,     0.44150,      6.1627,     0.50560,      6.4445,     0.52931,      6.7055,     0.52566,      6.4380,     0.50347,      6.2342,      6.1008,      3.8353,      3.9658
      4.5503,     -417.00,      10.000,     0.52238,     0.56706,      4.6173,      4.7195,     0.90000,      2.1400,      4.2746,      2.0000,     0.61637,      23.075,     0.49126,      6.6418,     0.57100,      7.0345,     0.60500,      7.3889,     0.60597,      7.1340,     0.58044,      6.9393,      5.0904,      3.8333,      3.9591
      4.5836,     -399.00,      10.000,     0.53675,     0.58300,      4.6513,      4.7654,      1.0000,      2.1400,      4.2397,      2.0000,     0.67487,    -0.27698,     0.52484,      7.0305,     0.60350,      7.7696,     0.64475,      7.9994,     0.65674,      7.8120,     0.63686,      7.6263,      3.7773,      3.8353,      3.9658
      4.6169,     -406.00,      10.000,     0.54813,     0.59567,      4.6826,      4.8044,      1.1000,      2.1400,      4.2298,      2.0000,     0.68704,      12.779,     0.54461,      6.8135,     0.61850,      7.4338,     0.65809,      7.9447,     0.66768,      7.8572,     0.64864,      7.5540,      2.4525,      3.8373,      3.9710
      4.6503,     -410.00,      10.000,     0.56286,     0.61029,      4.7144,      4.8388,      1.0000,      2.1400,      4.4349,      2.0000,     0.68699,      20.628,     0.54339,      6.4971,     0.60994,      7.1978,     0.64787,      7.5711,     0.66321,      7.6132,     0.64698,      7.3189,      1.5173,      3.8353,      3.9658
      4.6836,     -411.00,      10.000,     0.55484,     0.60266,      4.6997,      4.8246,      1.1000,      2.1400,      4.5690,      2.0000,     0.63415,      25.339,     0.49357,      6.1808,     0.55888,      6.7894,     0.59618,      7.2248,     0.61260,      7.2516,     0.59941,      7.1472,      2.3630,      3.8378,      3.9705
      4.7169,     -408.00,      10.000,     0.54991,     0.59783,      4.6877,      4.8113,      1.1000,      2.1400,      4.6103,      2.0000,     0.61908,      24.993,     0.50233,      6.2802,     0.56226,      6.8257,     0.59117,      7.2157,     0.59848,      7.1702,     0.58301,      7.1834,      3.2646,      3.8378,      3.9705
      4.7503,     -412.00,      10.000,     0.54950,     0.59685,      4.6818,      4.8038,      1.0000,      2.1400,      4.5368,      2.0000,     0.63239,      23.808,     0.52417,      6.7683,     0.58128,      7.3884,     0.60703,      7.5893,     0.61052,      7.2516,     0.59120,      7.1020,      3.3670,      3.8357,      3.9654
      4.7836,     -409.00,      10.000,     0.51244,     0.56155,      4.5992,      4.7066,     0.90000,      2.1400,      4.6459,      2.0000,     0.60668,      9.3354,     0.47796,      7.4644,     0.56258,      7.8694,     0.59725,      7.8627,     0.59756,      7.4776,     0.57311,      7.4184,      4.1953,      3.8337,      3.9587
      4.8169,     -408.00,      10.000,     0.51332,     0.56092,      4.6001,      4.7040,     0.90000,      2.1400,      4.4137,      2.0000,     0.71666,      17.111,     0.54249,      8.3684,     0.64817,      8.9404,     0.69855,      9.1839,     0.70645,      8.9239,     0.67998,      8.7653,      5.8465,      3.8333,      3.9591
      4.8503,     -415.00,      10.000,     0.51040,     0.55880,      4.5993,      4.7040,      1.0000,      2.1400,      4.3032,      2.0000,     0.77763,      2.0412,     0.56353,      8.9108,     0.68524,      9.7662,     0.74662,      9.9584,     0.76632,      9.7465,     0.74261,      9.5970,      3.1440,      3.8353,      3.9658
      4.8836,     -402.00,      10.000,     0.51453,     0.56103,      4.6069,      4.7097,      1.0000,      2.1400,      4.0790,      2.0000,     0.89637,      12.183,     0.68113,      9.4170,     0.80919,      10.338,     0.86626,      10.532,     0.88026,      10.506,     0.85072,      10.257,      2.6875,      3.8353,      3.9658
      4.9169,     -420.00,      10.000,     0.50979,     0.55740,      4.5982,      4.7004,      1.0000,      2.1400,      4.1185,      2.0000,     0.89402,      20.166,     0.64311,      9.4532,     0.78793,      10.356,     0.86291,      10.833,     0.88441,      10.596,     0.85415,      10.320,      4.5094,      3.8353,      3.9658
      4.9503,     -415.00,      10.000,     0.51137,     0.55966,      4.6063,      4.7110,      1.1000,      2.1400,      3.9768,      2.0000,     0.93888,      24.644,     0.66704,      9.1458,     0.81712,      10.574,     0.89773,      10.961,     0.92427,      10.786,     0.89876,      10.555,      3.4933,      3.8373,      3.9710
      4.9836,     -421.00,      10.000,     0.50579,     0.55318,      4.5963,      4.6948,      1.1000,      2.1400,      3.8092,      2.0000,     0.88721,      24.958,     0.59032,      9.2814,     0.75531,      10.565,     0.84949,      11.061,     0.88252,      10.931,     0.85647,      10.637,      3.3929,      3.8373,      3.9710
      5.0169,     -410.00,      10.000,     0.53280,     0.58043,      4.6479,      4.7636,      1.1000,      2.1400,      3.9211,      2.0000,     0.99238,     0.94837,     0.70589,      8.7300,     0.84374,      9.9478,     0.93226,      10.514,     0.97027,      10.569,     0.94764,      10.139,      4.0060,      3.8373,      3.9710
      5.0503,     -404.00,      10.000,     0.51909,     0.56776,      4.6256,      4.7358,      1.2000,      2.1400,      3.8224,      2.0000,     0.89591,      1.9005,     0.57936,      9.1277,     0.73501,      10.656,     0.83571,      10.624,     0.88314,      10.415,     0.86781,      10.067,      3.9688,      3.8394,      3.9761
      5.0836,     -411.00,      10.000,     0.54395,     0.59424,      4.6776,      4.8056,      1.2000,      2.1400,      3.8489,      2.0000,     0.95649,      5.4441,     0.65522,      8.0972,     0.78615,      9.5394,     0.87652,      10.414,     0.93134,      10.515,     0.92143,      10.031,      2.1506,      3.8394,      3.9761
      5.1169,     -408.00,      10.000,     0.53609,     0.58485,      4.6648,      4.7857,      1.3000,      2.1400,      3.9062,      2.0000,     0.91819,      1.6769,     0.61569,      7.9616,     0.73934,      9.5212,     0.82839,      10.350,     0.88797,      10.162,     0.88843,      10.058,      3.2386,      3.8415,      3.9812
      5.1503,     -402.00,      10.000,     0.53948,     0.58852,      4.6674,      4.7906,      1.2000,      2.1400,      3.9737,      2.0000,     0.91199,      19.444,     0.62228,      7.8893,     0.74428,      9.0856,     0.82803,      10.086,     0.88130,      9.9635,     0.87795,      10.004,      2.2625,      3.8394,      3.9761
      5.1836,     -410.00,      10.000,     0.53949,     0.58901,      4.6675,      4.7919,      1.2000,      2.1400,      4.0633,      2.0000,     0.86054,      14.386,     0.59198,      7.8350,     0.70521,      8.9948,     0.78597,      9.9857,     0.83346,      9.9093,     0.82791,      9.8953,      4.5106,      3.8394,      3.9761
      5.2169,     -406.00,      10.000,     0.54164,     0.59059,      4.6674,      4.7911,      1.1000,      2.1400,      4.1015,      2.0000,     0.89921,      10.917,     0.64532,      7.9254,     0.74760,      9.0674,     0.82118,      9.7853,     0.86729,      9.7646,     0.85983,      9.7597,      2.9404,      3.8373,      3.9710
      5.2503,     -414.00,      10.000,     0.51648,     0.56542,      4.6207,      4.7298,      1.2000,      2.1400,      4.4895,      2.0000,     0.80270,    -0.16032,     0.58550,      8.2509,     0.69344,      9.1400,     0.75191,      9.5393,     0.77852,      9.5657,     0.76636,      9.2444,      5.4261,      3.8394,      3.9761
      5.2836,     -411.00,      10.000,     0.51546,     0.56210,      4.6137,      4.7171,      1.1000,      2.1400,      4.2089,      2.0000,     0.84487,   -0.053437,     0.63901,      9.2452,     0.75032,      10.066,     0.80396,      10.204,     0.82330,      10.063,     0.80318,      10.013,      1.5684,      3.8373,      3.9710
      5.3169,     -413.00,      10.000,     0.50720,     0.55679,      4.5988,      4.7037,      1.1000,      2.1400,      4.1493,      2.0000,     0.84169,      1.7676,     0.60619,      9.9232,     0.75016,      10.656,     0.82040,      10.806,     0.83521,      10.651,     0.80529,      10.338,      15.180,      3.8373,      3.9710
      5.3503,     -411.00,      10.000,     0.46698,     0.52655,      4.5146,      4.6162,     0.70000,      2.1400,      4.0457,      2.0000,     0.69610,     0.21150,     0.37765,      11.433,     0.53421,      13.269,     0.64785,      13.020,     0.69913,      11.753,     0.67578,      10.917,      124.16,      3.8292,      3.9456
      5.3836,     -410.00,      10.000,     0.76752,     0.78003,      5.3180,      5.3521,      2.0000,      2.1400,      1.3932,      2.0000,    0.013939,      16.365,    0.010467,      10.185,    0.012012,      14.976,    0.013083,      25.566,    0.013630,      19.491,    0.013589,      7.8884,      862.02,      3.8548,      4.0195
      5.4169,     -415.00,      10.000,     0.76654,     0.78123,      5.2284,      5.2684,     0.50000,      2.1400,    -0.11014,      2.0000,    0.016401,      7.6629,    0.013343,      5.4485,    0.014977,      13.551,    0.015998,      14.605,    0.016200,      9.9545,    0.015549,    -0.89823,      1197.8,      3.8234,      3.9329
      5.4503,     -414.00,      10.000,     0.76869,     0.78509,      5.2038,      5.2485,      0.0000,      2.1400,    -0.10756,      2.0000,    0.016892,      7.6629,    0.015382,      5.4395,    0.016448,      13.542,    0.016855,      14.587,    0.016641,      9.9364,    0.015963,    -0.88919,      1273.7,      3.8133,      3.8981
      5.4836,     -413.00,      10.000,     0.75976,     0.77384,      5.2731,      5.3115,      1.6000,      2.1400,    -0.10332,      2.0000,    0.015104,      7.6795,    0.012833,      5.4305,    0.014138,      13.533,    0.014739,      14.587,    0.014737,      9.9454,    0.014390,    -0.92535,      1247.3,      3.8460,      3.9993
      5.5169,     -402.00,      10.000,     0.76546,     0.77821,      5.2506,      5.2854,     0.90000,      2.1400,    -0.10418,      2.0000,    0.013631,      8.5902,    0.011660,      5.9276,    0.012898,      14.767,    0.013501,      15.590,    0.013451,      10.904,    0.012939,     0.19559,      889.97,      3.8315,      3.9607
      5.5503,     -408.00,      10.000,     0.74721,     0.77580,      5.2940,      5.3747,      2.4000,      2.1400,   -0.097634,      2.0000,    0.014294,      9.6748,    0.011540,      6.8226,    0.012885,      15.266,    0.013643,      16.829,    0.013896,      12.242,    0.013902,      1.2080,      905.29,      3.8624,      4.0363
      5.5836,     -410.00,      10.000,     0.76634,     0.78049,      5.2339,      5.2724,     0.60000,      2.1400,    -0.10279,      2.0000,    0.012091,      11.711,   0.0096798,      7.8350,    0.010935,      16.682,    0.011658,      18.751,    0.011897,      14.501,    0.011501,      3.0793,      647.91,      3.8254,      3.9399
      5.6169,     -416.00,      10.000,     0.75765,     0.77890,      5.2877,      5.3455,      2.0000,      2.1400,    -0.10028,      2.0000,    0.016483,      10.684,    0.013038,      6.0271,    0.014637,      15.511,    0.015659,      18.350,    0.016167,      14.845,    0.016002,      2.9708,      570.60,      3.8544,      4.0203
      5.6503,     -409.00,      10.000,     0.76813,     0.78504,      5.2023,      5.2483,      0.0000,      2.1400,    -0.10884,      2.0000,    0.012463,      9.5424,    0.010648,      6.1898,    0.011784,      15.057,    0.012386,      17.120,    0.012308,      13.064,    0.011813,      1.7595,      1790.8,      3.8133,      3.8981
      5.6836,     -414.00,      10.000,     0.77022,     0.78524,      5.2080,      5.2489,      0.0000,      2.1400,    -0.10052,      2.0000,    0.016406,      10.022,    0.014248,      7.1299,    0.015637,      15.838,    0.016289,      18.378,    0.016132,      14.447,    0.015463,      2.9256,      1164.6,      3.8133,      3.8981
      5.7169,     -411.00,      10.000,     0.77280,     0.78549,      5.2150,      5.2496,      0.0000,      2.1400,   -0.088921,      2.0000,    0.013461,      7.7623,    0.011777,      5.7559,    0.012853,      14.113,    0.013369,      15.644,    0.013281,      11.193,    0.012731,     0.13231,      1452.4,      3.8133,      3.8981
      5.7503,     -408.00,      10.000,     0.77272,     0.78549,      5.2148,      5.2496,      0.0000,      2.1400,   -0.084893,      2.0000,    0.014320,      7.0503,    0.011977,      5.4395,    0.013366,      13.533,    0.014073,      14.596,    0.014137,      9.9454,    0.013483,    -0.90727,      572.67,      3.8133,      3.8981
      5.7836,     -401.00,      10.000,     0.77008,     0.78523,      5.2076,      5.2489,      0.0000,      2.1400,   -0.081975,      2.0000,    0.013693,      7.0164,    0.011767,      5.4395,    0.012983,      13.533,    0.013521,      14.587,    0.013513,      9.9364,    0.012930,    -0.91631,      1341.8,      3.8133,      3.8981
      5.8169,     -404.00,      10.000,     0.76369,     0.77630,      5.3597,      5.3960,      2.6000,      2.1400,   -0.078357,      2.0000,    0.011892,      7.0254,   0.0099199,      5.4395,    0.010954,      13.533,    0.011427,      14.587,    0.011570,      9.9364,    0.011535,    -0.92535,      1156.4,      3.8663,      4.0443
      5.8503,     -416.00,      10.000,     0.77180,     0.78540,      5.2123,      5.2493,      0.0000,      2.1400,   -0.076704,      2.0000,    0.015265,      7.0250,    0.012572,      5.4395,    0.013999,      13.533,    0.014909,      14.578,    0.015103,      9.9364,    0.014357,    -0.92535,      464.63,      3.8133,      3.8981
      5.8836,     -400.00,      10.000,     0.77336,     0.78262,      5.2417,      5.2669,     0.40000,      2.1400,   -0.074694,      2.0000,   0.0096789,      7.0258,   0.0086813,      5.4485,   0.0093868,      13.533,   0.0096670,      14.587,   0.0095171,      9.9454,   0.0091675,    -0.88928,      663.71,      3.8214,      3.9259
      5.9169,     -404.00,      10.000,     0.77477,     0.78569,      5.2204,      5.2501,      0.0000,      2.1400,   -0.072875,      2.0000,    0.011703,      7.0171,    0.010303,      5.4305,    0.011244,      13.533,    0.011612,      14.587,    0.011533,      9.9454,    0.011070,    -0.90727,      1387.7,      3.8133,      3.8981
      5.9503,     -409.00,      10.000,     0.74412,     0.76085,      5.2115,      5.2331,      5.5000,      1.4100,   -0.073382,      2.0000,    0.015803,      7.0171,    0.010469,      5.4395,    0.012387,      13.533,    0.014559,      14.578,    0.017228,      9.9364,    0.016444,    -0.92535,      1268.8,      3.9512,      4.1271
      5.9836,     -402.00,      10.000,     0.77189,     0.78541,      5.2126,      5.2493,      0.0000,      2.1400,   -0.071778,      2.0000,    0.015678,      7.0089,    0.012435,      5.4395,    0.014390,      13.542,    0.015407,      14.587,    0.015528,      9.9454,    0.014781,    -0.92535,      543.95,      3.8133,      3.8981
      6.0169,     -410.00,      10.000,     0.77632,     0.78584,      5.2246,      5.2505,      0.0000,      2.1400,   -0.071292,      2.0000,   0.0099016,      7.0254,   0.0089958,      5.4395,   0.0096035,      13.533,   0.0098210,      14.587,   0.0097564,      9.9364,   0.0093968,    -0.88919,      783.33,      3.8133,      3.8981
      6.0503,     -405.00,      10.000,     0.76893,     0.78512,      5.2045,      5.2485,      0.0000,      2.1400,   -0.071084,      2.0000,    0.017318,      7.0089,    0.014966,      5.4395,    0.016415,      13.533,    0.017124,      14.587,    0.017082,      9.9273,    0.016311,    -0.90727,      840.08,      3.8133,      3.8981
      6.0836,     -405.00,      10.000,     0.74955,     0.76296,      5.1870,      5.2031,      5.4000,      1.4100,   -0.067429,      2.0000,    0.011041,      7.0254,   0.0089609,      5.4395,   0.0097861,      13.533,    0.010606,      14.578,    0.012251,      9.9364,    0.010764,    -0.92535,      480.57,      3.9491,      4.1240
      6.1169,     -400.00,      10.000,     0.76076,     0.77240,      5.2908,      5.3225,      1.9000,      2.1400,   -0.066498,      2.0000,    0.012409,      7.0254,    0.010967,      5.4395,    0.011970,      13.542,    0.012207,      14.587,    0.012114,      9.9454,    0.011755,    -0.90727,      842.08,      3.8523,      4.0150
      6.1503,     -403.00,      10.000,     0.77295,     0.78551,      5.2155,      5.2496,      0.0000,      2.1400,   -0.065177,      2.0000,    0.013909,      7.0254,    0.011757,      5.4485,    0.013045,      13.542,    0.013679,      14.587,    0.013730,      9.9454,    0.013102,    -0.91631,      1196.2,      3.8133,      3.8981
      6.1836,     -394.00,      10.000,     0.76844,     0.78214,      5.2283,      5.2656,     0.40000,      2.1400,   -0.064555,      2.0000,    0.014543,      7.0337,    0.013118,      5.4485,    0.014164,      13.542,    0.014504,      14.587,    0.014250,      9.9364,    0.013673,    -0.91631,      1269.4,      3.8214,      3.9259
      6.2169,     -412.00,      10.000,     0.77119,     0.78534,      5.2106,      5.2491,      0.0000,      2.1400,   -0.066014,      2.0000,    0.015280,      7.0495,    0.013344,      5.4305,    0.014596,      13.533,    0.015241,      14.578,    0.015058,      9.9364,    0.014434,    -0.89823,      821.79,      3.8133,      3.8981
      6.2503,     -413.00,      10.000,     0.76451,     0.77636,      5.2647,      5.2970,      1.2000,      2.1400,   -0.063591,      2.0000,    0.012639,      7.0171,    0.010551,      5.4485,    0.011697,      13.533,    0.012270,      14.596,    0.012402,      9.9364,    0.012080,    -0.88919,      879.81,      3.8377,      3.9782
      6.2836,     -412.00,      10.000,     0.75123,     0.77405,      5.2384,      5.3005,      1.4000,      2.1400,   -0.062752,      2.0000,    0.017301,      7.0010,    0.015910,      5.4305,    0.016935,      13.533,    0.017226,      14.587,    0.017094,      9.9454,    0.016522,    -0.91631,      794.74,      3.8419,      3.9887
      6.3169,     -408.00,      10.000,     0.76685,     0.77658,      5.2711,      5.2977,      1.2000,      2.1400,   -0.059225,      2.0000,    0.010448,      7.0175,   0.0088807,      5.4305,   0.0098361,      13.533,    0.010328,      14.578,    0.010277,      9.9364,   0.0099219,    -0.91631,      166.41,      3.8377,      3.9782
      6.3503,     -404.00,      10.000,     0.75729,     0.77742,      5.2283,      5.2832,     0.90000,      2.1400,   -0.059274,      2.0000,    0.020746,      7.0171,    0.018027,      5.4395,    0.019735,      13.542,    0.020665,      14.587,    0.020516,      9.9454,    0.019730,    -0.88919,      609.63,      3.8315,      3.9607
      6.3836,     -404.00,      10.000,     0.76232,     0.77722,      5.3366,      5.3787,      2.4000,      2.1400,   -0.059629,      2.0000,    0.016298,      7.0420,    0.013751,      5.4485,    0.015115,      13.542,    0.015806,      14.587,    0.015959,      9.9454,    0.015662,    -0.91627,      322.79,      3.8624,      4.0363
      6.4169,     -409.00,      10.000,     0.77200,     0.78395,      5.2250,      5.2575,     0.20000,      2.1400,   -0.058350,      2.0000,    0.013227,      7.0247,    0.011125,      5.4395,    0.012252,      13.533,    0.012955,      14.587,    0.013038,      9.9454,    0.012491,    -0.90727,      275.37,      3.8173,      3.9120
      6.4503,     -398.00,      10.000,     0.76651,     0.77831,      5.2535,      5.2857,     0.90000,      2.1400,   -0.056621,      2.0000,    0.013229,      7.0171,    0.010789,      5.4395,    0.012043,      13.533,    0.012687,      14.587,    0.012873,      9.9364,    0.012574,    -0.88919,      761.83,      3.8315,      3.9607
      6.4836,     -408.00,      10.000,     0.75715,     0.77673,      5.0705,      5.0832,      8.0000,      2.1400,   -0.052572,      2.0000,    0.018991,      6.9923,    0.015540,      5.4395,    0.016739,      13.542,    0.017886,      14.587,    0.020310,      9.9454,    0.019083,    -0.90727,      146.54,      3.9441,      4.1950
      6.5169,     -404.00,      10.000,     0.76827,     0.78505,      5.2027,      5.2484,      0.0000,      2.1400,   -0.049791,      2.0000,    0.017358,      7.0006,    0.015655,      5.4485,    0.016729,      13.542,    0.017243,      14.587,    0.017054,      9.9454,    0.016332,    -0.89823,      521.78,      3.8133,      3.8981
      6.5503,     -407.00,      10.000,     0.77578,     0.78578,      5.2231,      5.2504,      0.0000,      2.1400,   -0.047783,      2.0000,    0.010870,      6.9923,   0.0093029,      5.4395,    0.010228,      13.533,    0.010677,      14.587,    0.010740,      9.9364,    0.010268,    -0.91631,      1131.5,      3.8133,      3.8981
      6.5836,     -408.00,      10.000,     0.76687,     0.78054,      5.2354,      5.2726,     0.60000,      2.1400,   -0.046078,      2.0000,    0.014673,      7.0168,    0.012706,      5.4485,    0.013862,      13.542,    0.014345,      14.596,    0.014361,      9.9454,    0.013832,    -0.88015,      1157.4,      3.8254,      3.9399
      6.6169,     -404.00,      10.000,     0.76549,     0.77645,      5.2674,      5.2973,      1.2000,      2.1400,   -0.046011,      2.0000,    0.012341,      7.0006,   0.0098690,      5.4395,    0.011121,      13.542,    0.011792,      14.596,    0.012047,      9.9454,    0.011812,    -0.88015,      780.55,      3.8377,      3.9782
      6.6503,     -404.00,      10.000,     0.76646,     0.77758,      5.2594,      5.2897,      1.0000,      2.1400,   -0.042478,      2.0000,    0.011592,      7.0254,    0.010386,      5.4395,    0.011206,      13.533,    0.011518,      14.587,    0.011371,      9.9364,    0.010919,    -0.89823,      1313.1,      3.8335,      3.9677
      6.6836,     -409.00,      10.000,     0.77379,     0.78559,      5.2177,      5.2498,      0.0000,      2.1400,   -0.038997,      2.0000,    0.012675,      7.0006,    0.011018,      5.4485,    0.012007,      13.533,    0.012503,      14.587,    0.012511,      9.9364,    0.011964,    -0.89823,      1260.2,      3.8133,      3.8981
      6.7169,     -404.00,      10.000,     0.77702,     0.78591,      5.2265,      5.2507,      0.0000,      2.1400,   -0.035694,      2.0000,   0.0094381,      7.0089,   0.0084153,      5.4485,   0.0091592,      13.542,   0.0095023,      14.587,   0.0093295,      9.9454,   0.0090146,    -0.88015,      541.93,      3.8133,      3.8981
      6.7502,     -409.00,      10.000,     0.76903,     0.77999,      5.3186,      5.3485,      2.0000,      2.1400,   -0.032884,      2.0000,   0.0099863,      6.9931,   0.0089697,      5.4485,   0.0096288,      13.542,   0.0098427,      14.587,   0.0097628,      9.9454,   0.0094900,    -0.90727,      361.94,      3.8544,      4.0203
      6.7836,     -416.00,      10.000,     0.76573,     0.78094,      5.4053,      5.4507,      3.0000,      2.1400,   -0.030567,      2.0000,    0.015772,      6.9923,    0.014584,      5.4395,    0.015496,      13.533,    0.015608,      14.587,    0.015391,      9.9364,    0.015158,    -0.91631,      481.35,      3.8743,      4.0603
      6.8169,     -422.00,      10.000,     0.76977,     0.78300,      5.2250,      5.2610,     0.30000,      2.1400,   -0.029816,      2.0000,    0.014589,      6.9840,    0.012330,      5.4395,    0.013836,      13.533,    0.014483,      14.587,    0.014395,      9.9364,    0.013801,    -0.91631,      584.10,      3.8194,      3.9190
      6.8502,     -407.00,      10.000,     0.76476,     0.77814,      5.2487,      5.2852,     0.90000,      2.1400,   -0.025443,      2.0000,    0.013500,      7.0171,    0.012325,      5.4395,    0.013145,      13.542,    0.013437,      14.596,    0.013275,      9.9454,    0.012754,    -0.88919,      501.68,      3.8315,      3.9607
      6.8836,     -408.00,      10.000,     0.76438,     0.77742,      5.3425,      5.3793,      2.4000,      2.1400,   -0.023716,      2.0000,    0.013979,      6.9840,    0.011814,      5.4395,    0.012766,      13.542,    0.013162,      14.587,    0.013358,      9.9454,    0.013531,    -0.91618,      1016.8,      3.8624,      4.0363
      6.9169,     -391.00,      10.000,     0.77003,     0.78522,      5.2075,      5.2488,      0.0000,      2.1400,   -0.020556,      2.0000,    0.017608,      7.0337,    0.013960,      5.4485,    0.015936,      13.542,    0.017205,      14.578,    0.017418,      9.9454,    0.016528,    -0.88919,      665.96,      3.8133,      3.8981
      6.9502,     -409.00,      10.000,     0.77179,     0.78540,      5.2123,      5.2493,      0.0000,      2.1400,   -0.016245,      2.0000,    0.014104,      7.0093,    0.012260,      5.4485,    0.013330,      13.551,    0.013958,      14.596,    0.013950,      9.9454,    0.013331,    -0.88919,      1090.7,      3.8133,      3.8981
      6.9836,     -397.00,      10.000,     0.76707,     0.78107,      5.4093,      5.4511,      3.0000,      2.1400,   -0.013755,      2.0000,    0.015001,      7.0171,    0.013091,      5.4485,    0.014107,      13.533,    0.014415,      14.587,    0.014530,      9.9364,    0.014499,    -0.88015,      1176.7,      3.8743,      4.0603
      7.0169,     -409.00,      10.000,     0.77295,     0.78551,      5.2154,      5.2496,      0.0000,      2.1400,   -0.010168,      2.0000,    0.013419,      7.0089,    0.012017,      5.4395,    0.012939,      13.533,    0.013325,      14.578,    0.013208,      9.9364,    0.012672,    -0.90727,      1056.1,      3.8133,      3.8981
      7.0502,     -410.00,      10.000,     0.77291,     0.78550,      5.2153,      5.2496,      0.0000,      2.1400,  -0.0040585,      2.0000,    0.013363,      7.0337,    0.011621,      5.4395,    0.012529,      13.542,    0.013104,      14.596,    0.013215,      9.9454,    0.012608,    -0.91631,      1639.0,      3.8133,      3.8981
      7.0836,     -411.00,      10.000,     0.77127,     0.78534,      5.2109,      5.2492,      0.0000,      2.1400,  -0.0013304,      2.0000,    0.015667,      7.0171,    0.013349,      5.4485,    0.014926,      13.551,    0.015622,      14.587,    0.015476,      9.9454,    0.014828,    -0.90727,      660.66,      3.8133,      3.8981
      7.1169,     -410.00,      10.000,     0.76804,     0.77919,      5.2515,      5.2819,     0.80000,      2.1400,      0.0000,      2.0000,    0.011779,      7.0254,    0.010291,      5.4395,    0.011251,      13.542,    0.011736,      14.578,    0.011609,      9.9364,    0.011156,    -0.88919,      508.96,      3.8295,      3.9538
      7.1502,     -405.00,      10.000,     0.75792,     0.77315,      5.2725,      5.3139,      1.7000,      2.1400,      0.0000,      2.0000,    0.015714,      7.0006,    0.013809,      5.4485,    0.014966,      13.533,    0.015433,      14.578,    0.015254,      9.9364,    0.014843,    -0.88919,      1441.1,      3.8481,      4.0045
      7.1836,     -408.00,      10.000,     0.76395,     0.77791,      5.3308,      5.3698,      2.3000,      2.1400,      0.0000,      2.0000,    0.015072,      7.0089,    0.012954,      5.4485,    0.014453,      13.542,    0.015036,      14.587,    0.014865,      9.9364,    0.014420,    -0.91631,      542.34,      3.8604,      4.0323
      7.2169,     -403.00,      10.000,     0.76452,     0.77885,      5.2419,      5.2810,     0.80000,      2.1400,      0.0000,      2.0000,    0.014767,      7.0171,    0.012936,      5.4485,    0.014025,      13.542,    0.014512,      14.587,    0.014498,      9.9454,    0.013987,    -0.90727,      729.54,      3.8295,      3.9538
      7.2502,     -410.00,      10.000,     0.76573,     0.77967,      5.3097,      5.3476,      2.0000,      2.1400,      0.0000,      2.0000,    0.015119,      7.0171,    0.012813,      5.4395,    0.014089,      13.542,    0.014635,      14.587,    0.014706,      9.9364,    0.014472,    -0.90727,      1047.8,      3.8544,      4.0203
      7.2836,     -399.00,      10.000,     0.77115,     0.78533,      5.2105,      5.2491,      0.0000,      2.1400,      0.0000,      2.0000,    0.015505,      7.0003,    0.013483,      5.4395,    0.014787,      13.542,    0.015344,      14.587,    0.015286,      9.9454,    0.014622,    -0.89823,      552.26,      3.8133,      3.8981
      7.3169,     -415.00,      10.000,     0.76114,     0.77923,      5.2972,      5.3464,      2.0000,      2.1400,      0.0000,      2.0000,    0.018954,      7.0006,    0.016174,      5.4395,    0.017799,      13.542,    0.018466,      14.587,    0.018503,      9.9364,    0.018063,    -0.88015,      206.27,      3.8544,      4.0203
      7.3502,     -407.00,      10.000,     0.75850,     0.77218,      5.2847,      5.3219,      1.9000,      2.1400,      0.0000,      2.0000,    0.014137,      7.0089,    0.012865,      5.4395,    0.013816,      13.533,    0.013921,      14.587,    0.013733,      9.9273,    0.013356,    -0.90727,      112.85,      3.8523,      4.0150
      7.3836,     -416.00,      10.000,     0.75554,     0.77189,      5.2766,      5.3211,      1.9000,      2.1400,      0.0000,      2.0000,    0.016403,      7.0164,    0.014942,      5.4305,    0.015872,      13.533,    0.016097,      14.578,    0.015917,      9.9364,    0.015599,    -0.90718,      350.58,      3.8523,      4.0150
      7.4169,     -414.00,      10.000,     0.74569,     0.76418,      5.1551,      5.1759,      5.3000,      1.4100,      0.0000,      2.0000,    0.015821,      7.0006,    0.011885,      5.4305,    0.013064,      13.542,    0.014281,      14.587,    0.016825,      9.9454,    0.015463,    -0.90727,      867.71,      3.9469,      4.1209
      7.4502,     -413.00,      10.000,     0.76836,     0.78506,      5.2029,      5.2484,      0.0000,      2.1400,      0.0000,      2.0000,    0.018437,      6.9923,    0.015761,      5.4395,    0.017587,      13.542,    0.018428,      14.587,    0.018183,      9.9454,    0.017428,    -0.88919,      941.15,      3.8133,      3.8981
      7.4836,     -413.00,      10.000,     0.77194,     0.78395,      5.2249,      5.2575,     0.20000,      2.1400,      0.0000,      2.0000,    0.012594,      7.0171,    0.011222,      5.4305,    0.011995,      13.542,    0.012396,      14.587,    0.012343,      9.9454,    0.011845,    -0.92535,      435.87,      3.8173,      3.9120
      7.5169,     -415.00,      10.000,     0.76324,     0.77625,      5.3585,      5.3959,      2.6000,      2.1400,      0.0000,      2.0000,    0.013218,      7.0089,    0.011938,      5.4395,    0.012597,      13.533,    0.012911,      14.578,    0.012919,      9.9364,    0.012830,    -0.88015,      454.10,      3.8663,      4.0443
      7.5502,     -420.00,      10.000,     0.77108,     0.78533,      5.2104,      5.2491,      0.0000,      2.1400,      0.0000,      2.0000,    0.010900,      7.0006,   0.0094909,      5.4395,    0.010544,      13.533,    0.010987,      14.578,    0.010795,      9.9273,    0.010402,    -0.90727,      1126.5,      3.8133,      3.8981
      7.5836,     -404.00,      10.000,     0.75587,     0.77346,      5.2625,      5.3104,      1.6000,      2.1400,      0.0000,      2.0000,    0.018402,      7.0006,    0.016023,      5.4214,    0.017568,      13.533,    0.018116,      14.578,    0.017953,      9.9273,    0.017477,    -0.90727,      772.12,      3.8460,      3.9993
      7.6169,     -421.00,      10.000,     0.75689,     0.78398,      5.1718,      5.2455,      0.0000,      2.1400,      0.0000,      2.0000,    0.021070,      7.0254,    0.017631,      5.4305,    0.019695,      13.533,    0.020831,      14.578,    0.020773,      9.9364,    0.019812,    -0.90727,      1142.7,      3.8133,      3.8981
      7.6502,     -417.00,      10.000,     0.74857,     0.76286,      5.1858,      5.2030,      5.4000,      1.4100,      0.0000,      2.0000,    0.013492,      7.0334,   0.0096165,      5.4395,    0.010806,      13.533,    0.012257,      14.578,    0.014477,      9.9364,    0.013668,    -0.89823,      63.013,      3.9491,      4.1240
      7.6836,     -409.00,      10.000,     0.77187,     0.78540,      5.2125,      5.2493,      0.0000,      2.1400,      0.0000,      2.0000,    0.015094,      7.0171,    0.012644,      5.4395,    0.014057,      13.533,    0.014838,      14.578,    0.014907,      9.9273,    0.014214,    -0.92535,      626.58,      3.8133,      3.8981
      7.7169,     -408.00,      10.000,     0.77558,     0.78430,      5.2348,      5.2585,     0.20000,      2.1400,      0.0000,      2.0000,   0.0091383,      7.0006,   0.0081577,      5.4214,   0.0087625,      13.524,   0.0090597,      14.569,   0.0089925,      9.9183,   0.0086627,    -0.93439,      472.89,      3.8173,      3.9120
      7.7502,     -416.00,      10.000,     0.77420,     0.78563,      5.2188,      5.2499,      0.0000,      2.1400,      0.0000,      2.0000,    0.011628,      7.0006,    0.010664,      5.4305,    0.011421,      13.533,    0.011698,      14.578,    0.011433,      9.9364,    0.011046,    -0.90727,      655.20,      3.8133,      3.8981
      7.7836,     -409.00,      10.000,     0.77275,     0.78549,      5.2149,      5.2496,      0.0000,      2.1400,      0.0000,      2.0000,    0.013737,      7.0089,    0.012344,      5.4305,    0.013350,      13.533,    0.013664,      14.578,    0.013513,      9.9454,    0.012966,    -0.91631,      1247.7,      3.8133,      3.8981
      7.8169,     -422.00,      10.000,     0.77324,     0.78554,      5.2162,      5.2497,      0.0000,      2.1400,      0.0000,      2.0000,    0.012943,      7.0175,    0.011412,      5.4305,    0.012398,      13.533,    0.012814,      14.569,    0.012752,      9.9364,    0.012225,    -0.89823,      1603.7,      3.8133,      3.8981
      7.8502,     -421.00,      10.000,     0.77170,     0.78539,      5.2120,      5.2493,      0.0000,      2.1400,      0.0000,      2.0000,    0.015052,      6.9927,    0.012697,      5.4305,    0.014091,      13.533,    0.014820,      14.578,    0.014861,      9.9364,    0.014183,    -0.91631,      1268.7,      3.8133,      3.8981
      7.8836,     -409.00,      10.000,     0.76470,     0.77637,      5.2652,      5.2971,      1.2000,      2.1400,      0.0000,      2.0000,    0.012681,      7.0089,    0.010362,      5.4395,    0.011477,      13.533,    0.012195,      14.578,    0.012495,      9.9364,    0.012148,    -0.91635,      421.28,      3.8377,      3.9782
      7.9169,     -411.00,      10.000,     0.75880,     0.77688,      5.3267,      5.3778,      2.4000,      2.1400,      0.0000,      2.0000,    0.019480,      6.9927,    0.016095,      5.4305,    0.017751,      13.524,    0.018709,      14.578,    0.019069,      9.9273,    0.018966,    -0.91631,      338.67,      3.8624,      4.0363
      7.9502,     -394.00,      10.000,     0.76627,     0.78486,      5.1973,      5.2479,      0.0000,      2.1400,      0.0000,      2.0000,    0.020628,      7.0089,    0.017413,      5.4305,    0.019371,      13.533,    0.020464,      14.578,    0.020363,      9.9273,    0.019452,    -0.91631,      1283.9,      3.8133,      3.8981
      7.9836,     -402.00,      10.000,     0.77260,     0.78547,      5.2145,      5.2495,      0.0000,      2.1400,      0.0000,      2.0000,    0.015075,      6.9923,    0.011880,      5.4305,    0.013498,      13.533,    0.014619,      14.578,    0.014927,      9.9364,    0.014155,    -0.90727,      339.07,      3.8133,      3.8981
      8.0169,     -394.00,      10.000,     0.77257,     0.78547,      5.2144,      5.2495,      0.0000,      2.1400,      0.0000,      2.0000,    0.014371,      6.9840,    0.012055,      5.4305,    0.013548,      13.542,    0.014286,      14.578,    0.014227,      9.9364,    0.013604,    -0.89823,      1032.2,      3.8133,      3.8981
      8.0502,     -414.00,      10.000,     0.76610,     0.78485,      5.1968,      5.2478,      0.0000,      2.1400,      0.0000,      2.0000,    0.020237,      7.0171,    0.017597,      5.4305,    0.019347,      13.533,    0.020108,      14.578,    0.019892,      9.9363,    0.019023,    -0.92509,      965.51,      3.8133,      3.8981
      8.0836,     -412.00,      10.000,     0.77111,     0.78533,      5.2104,      5.2491,      0.0000,      2.1400,      0.0000,      2.0000,    0.014952,      7.0006,    0.013230,      5.4305,    0.014382,      13.524,    0.014930,      14.578,    0.014758,      9.9273,    0.014158,    -0.89823,      1004.2,      3.8133,      3.8981
      8.1169,     -402.00,      10.000,     0.76797,     0.78502,      5.2019,      5.2483,      0.0000,      2.1400,      0.0000,      2.0000,    0.013182,      7.0006,    0.011095,      5.4305,    0.012430,      13.533,    0.013062,      14.578,    0.013056,      9.9273,    0.012485,    -0.90727,      1317.4,      3.8133,      3.8981
      8.1502,     -391.00,      10.000,     0.77360,     0.78557,      5.2172,      5.2498,      0.0000,      2.1400,      0.0000,      2.0000,    0.012397,      7.0089,    0.011124,      5.4305,    0.011926,      13.524,    0.012286,      14.569,    0.012205,      9.9364,    0.011711,    -0.89823,      1383.1,      3.8133,      3.8981
      8.1836,     -403.00,      10.000,     0.76788,     0.78502,      5.2017,      5.2483,      0.0000,      2.1400,      0.0000,      2.0000,    0.018475,      7.0171,    0.016040,      5.4305,    0.017460,      13.524,    0.018225,      14.578,    0.018214,      9.9364,    0.017367,    -0.92535,      1099.0,      3.8133,      3.8981
      8.2169,     -404.00,      10.000,     0.77374,     0.78558,      5.2176,      5.2498,      0.0000,      2.1400,      0.0000,      2.0000,    0.012311,      7.0089,    0.011217,      5.4305,    0.012024,      13.533,    0.012316,      14.578,    0.012088,      9.9364,    0.011645,    -0.91631,      1217.6,      3.8133,      3.8981
      8.2502,     -395.00,      10.000,     0.77090,     0.78531,      5.2099,      5.2491,      0.0000,      2.1400,      0.0000,      2.0000,    0.015958,      7.0089,    0.013480,      5.4305,    0.014934,      13.533,    0.015670,      14.578,    0.015742,      9.9273,    0.015009,    -0.88919,      285.04,      3.8133,      3.8981
      8.2836,     -413.00,      10.000,     0.77420,     0.78563,      5.2188,      5.2499,      0.0000,      2.1400,      0.0000,      2.0000,    0.012752,      6.9840,    0.010567,      5.4214,    0.011812,      13.533,    0.012556,      14.578,    0.012610,      9.9273,    0.012046,    -0.88919,      1396.6,      3.8133,      3.8981
      8.3169,     -406.00,      10.000,     0.77271,     0.78548,      5.2148,      5.2495,      0.0000,      2.1400,      0.0000,      2.0000,    0.014007,      7.0089,    0.012035,      5.4214,    0.013356,      13.524,    0.013922,      14.578,    0.013857,      9.9273,    0.013264,    -0.92535,      1401.5,      3.8133,      3.8981
      8.3502,     -397.00,      10.000,     0.77340,     0.78555,      5.2167,      5.2497,      0.0000,      2.1400,      0.0000,      2.0000,    0.013377,      6.9923,    0.011371,      5.4305,    0.012614,      13.533,    0.013229,      14.578,    0.013211,      9.9364,    0.012639,    -0.91631,      1413.1,      3.8133,      3.8981
      8.3836,     -417.00,      10.000,     0.77132,     0.78535,      5.2110,      5.2492,      0.0000,      2.1400,      0.0000,      2.0000,    0.015242,      7.0089,    0.013067,      5.4305,    0.014447,      13.533,    0.015168,      14.578,    0.015049,      9.9364,    0.014419,    -0.90727,      959.02,      3.8133,      3.8981
      8.4169,     -412.00,      10.000,     0.77511,     0.78572,      5.2213,      5.2502,      0.0000,      2.1400,      0.0000,      2.0000,    0.011571,      7.0254,    0.010039,      5.4305,    0.010983,      13.524,    0.011439,      14.578,    0.011414,      9.9364,    0.010934,    -0.92535,      1600.5,      3.8133,      3.8981
      8.4502,     -410.00,      10.000,     0.77277,     0.78549,      5.2150,      5.2496,      0.0000,      2.1400,      0.0000,      2.0000,    0.014417,      7.0254,    0.011836,      5.4305,    0.013293,      13.524,    0.014115,      14.578,    0.014258,      9.9273,    0.013588,    -0.91631,      1076.5,      3.8133,      3.8981
      8.4836,     -411.00,      10.000,     0.77759,     0.78596,      5.2281,      5.2508,      0.0000,      2.1400,      0.0000,      2.0000,   0.0088075,      7.0089,   0.0077587,      5.4395,   0.0083685,      13.533,   0.0087214,      14.587,   0.0087040,      9.9364,   0.0083682,    -0.89823,      1448.6,      3.8133,      3.8981
      8.5169,     -407.00,      10.000,     0.76555,     0.78479,      5.1953,      5.2477,      0.0000,      2.1400,      0.0000,      2.0000,    0.016695,      7.0089,    0.013738,      5.4305,    0.015196,      13.524,    0.016160,      14.578,    0.016463,      9.9364,    0.015609,    -0.91631,      953.02,      3.8133,      3.8981
      8.5502,     -404.00,      10.000,     0.77336,     0.78555,      5.2166,      5.2497,      0.0000,      2.1400,      0.0000,      2.0000,    0.013713,      7.0164,    0.011528,      5.4305,    0.012864,      13.524,    0.013545,      14.578,    0.013564,      9.9364,    0.012960,    -0.90718,      1542.8,      3.8133,      3.8981
      8.5836,     -400.00,      10.000,     0.77039,     0.78526,      5.2085,      5.2489,      0.0000,      2.1400,      0.0000,      2.0000,    0.016001,      7.0006,    0.014180,      5.4214,    0.015386,      13.524,    0.015865,      14.578,    0.015732,      9.9364,    0.015063,    -0.90727,      1618.5,      3.8133,      3.8981
      8.6169,     -399.00,      10.000,     0.77118,     0.78534,      5.2106,      5.2491,      0.0000,      2.1400,      0.0000,      2.0000,    0.015569,      7.0089,    0.013325,      5.4305,    0.014757,      13.533,    0.015466,      14.578,    0.015367,      9.9364,    0.014692,    -0.91631,      1560.4,      3.8133,      3.8981
      8.6502,     -399.00,      10.000,     0.77525,     0.78573,      5.2217,      5.2502,      0.0000,      2.1400,      0.0000,      2.0000,    0.011411,      7.0006,   0.0096828,      5.4214,    0.010600,      13.524,    0.011203,      14.578,    0.011282,      9.9273,    0.010781,    -0.93439,      731.28,      3.8133,      3.8981
      8.6836,     -407.00,      10.000,     0.77116,     0.78533,      5.2106,      5.2491,      0.0000,      2.1400,      0.0000,      2.0000,    0.015706,      7.0254,    0.013350,      5.4124,    0.014852,      13.524,    0.015573,      14.578,    0.015490,      9.9273,    0.014828,    -0.92535,      487.15,      3.8133,      3.8981
      8.7169,     -400.00,      10.000,     0.76841,     0.78507,      5.2031,      5.2484,      0.0000,      2.1400,      0.0000,      2.0000,    0.017689,      7.0006,    0.015495,      5.4305,    0.016832,      13.533,    0.017419,      14.587,    0.017395,      9.9364,    0.016603,    -0.90727,      699.64,      3.8133,      3.8981
      8.7502,     -392.00,      10.000,     0.76853,     0.78508,      5.2034,      5.2484,      0.0000,      2.1400,      0.0000,      2.0000,    0.016729,      7.0089,    0.015476,      5.4305,    0.016550,      13.533,    0.016743,      14.587,    0.016477,      9.9364,    0.015815,    -0.91631,      1285.9,      3.8133,      3.8981
      8.7836,     -405.00,      10.000,     0.77505,     0.78571,      5.2211,      5.2502,      0.0000,      2.1400,      0.0000,      2.0000,    0.011215,      7.0254,   0.0099352,      5.4214,    0.010781,      13.524,    0.011169,      14.569,    0.011041,      9.9364,    0.010629,    -0.91631,      1102.4,      3.8133,      3.8981
      8.8169,     -400.00,      10.000,     0.77639,     0.78584,      5.2248,      5.2505,      0.0000,      2.1400,      0.0000,      2.0000,   0.0099203,      7.0089,   0.0087219,      5.4305,   0.0093721,      13.524,   0.0097606,      14.578,   0.0097935,      9.9364,   0.0093821,    -0.90727,      810.78,      3.8133,      3.8981
      8.8502,     -392.00,      10.000,     0.77492,     0.78570,      5.2208,      5.2501,      0.0000,      2.1400,      0.0000,      2.0000,    0.011460,      7.0171,   0.0099969,      5.4305,    0.010828,      13.533,    0.011273,      14.587,    0.011295,      9.9273,    0.010801,    -0.91631,      1110.2,      3.8133,      3.8981
      8.8836,     -405.00,      10.000,     0.77301,     0.78551,      5.2156,      5.2496,      0.0000,      2.1400,      0.0000,      2.0000,    0.013358,      7.0254,    0.011979,      5.4214,    0.012914,      13.524,    0.013227,      14.578,    0.013136,      9.9273,    0.012584,    -0.90727,      1303.3,      3.8133,      3.8981
      8.9169,     -395.00,      10.000,     0.77362,     0.78557,      5.2173,      5.2498,      0.0000,      2.1400,      0.0000,      2.0000,    0.013999,      7.0006,    0.011212,      5.4214,    0.012711,      13.524,    0.013683,      14.569,    0.013886,      9.9364,    0.013205,    -0.92535,      1248.4,      3.8133,      3.8981
      8.9502,     -395.00,      10.000,     0.77348,     0.78556,      5.2169,      5.2498,      0.0000,      2.1400,      0.0000,      2.0000,    0.012609,      7.0089,    0.011506,      5.4214,    0.012258,      13.533,    0.012512,      14.578,    0.012384,      9.9364,    0.011901,    -0.90727,      672.15,      3.8133,      3.8981
      8.9836,     -390.00,      10.000,     0.77091,     0.78531,      5.2099,      5.2491,      0.0000,      2.1400,      0.0000,      2.0000,    0.016136,      7.0337,    0.013569,      5.4305,    0.015124,      13.533,    0.015928,      14.578,    0.015939,      9.9364,    0.015212,    -0.93439,      482.64,      3.8133,      3.8981
