# [Parameters]
# Name = 'firc'
# ShotNo = 163400
# Date = '11/20/2020 20:45'
# 
# DimNo = 1
# DimName = 'Time'
# DimSize = 1311
# DimUnit = 's'
# 
# ValNo = 2
# ValName = 'nL(3669)', 'nL(3759)'
# ValUnit = 'e19m-2', 'e19m-2'
# [Comments]
#  
# [data]
  1.00000E-001, -6.9156E-003, -4.6469E-003
  1.10000E-001, -6.9156E-003,  4.4646E-003
  1.20000E-001,  1.1236E-002,  4.4646E-003
  1.30000E-001, -6.9156E-003, -4.6469E-003
  1.40000E-001,  2.1598E-003,  4.4646E-003
  1.50000E-001,  2.1598E-003,  4.4646E-003
  1.60000E-001,  2.1598E-003,  4.4646E-003
  1.70000E-001,  2.1598E-003,  4.4646E-003
  1.80000E-001,  2.1598E-003,  4.4646E-003
  1.90000E-001, -6.9156E-003, -4.6469E-003
  2.00000E-001, -6.9156E-003, -4.6469E-003
  2.10000E-001, -6.9156E-003, -4.6469E-003
  2.20000E-001, -6.9156E-003, -4.6469E-003
  2.30000E-001, -6.9156E-003,  4.4646E-003
  2.40000E-001,  2.1598E-003,  4.4646E-003
  2.50000E-001,  2.1598E-003,  4.4646E-003
  2.60000E-001,  1.1236E-002,  4.4646E-003
  2.70000E-001,  1.1236E-002,  4.4646E-003
  2.80000E-001,  1.1236E-002,  4.4646E-003
  2.90000E-001,  1.1236E-002,  4.4646E-003
  3.00000E-001, -6.9156E-003, -4.6469E-003
  3.10000E-001, -6.9156E-003, -4.6469E-003
  3.20000E-001,  2.1598E-003, -4.6469E-003
  3.30000E-001, -6.9156E-003, -4.6469E-003
  3.40000E-001,  1.1236E-002, -4.6469E-003
  3.50000E-001,  2.1598E-003, -4.6469E-003
  3.60000E-001,  2.1598E-003,  4.4646E-003
  3.70000E-001,  2.1598E-003,  4.4646E-003
  3.80000E-001, -6.9156E-003,  4.4646E-003
  3.90000E-001,  2.1598E-003,  4.4646E-003
  4.00000E-001,  2.1598E-003, -4.6469E-003
  4.10000E-001,  2.1598E-003, -4.6469E-003
  4.20000E-001,  2.1598E-003, -4.6469E-003
  4.30000E-001, -6.9156E-003, -1.3759E-002
  4.40000E-001, -6.9156E-003, -4.6469E-003
  4.50000E-001,  2.1598E-003, -4.6469E-003
  4.60000E-001,  1.1236E-002, -4.6469E-003
  4.70000E-001,  1.1236E-002,  4.4646E-003
  4.80000E-001,  2.1598E-003,  4.4646E-003
  4.90000E-001,  2.1598E-003,  4.4646E-003
  5.00000E-001,  1.1236E-002,  4.4646E-003
  5.10000E-001,  2.1598E-003,  4.4646E-003
  5.20000E-001,  2.1598E-003,  4.4646E-003
  5.30000E-001, -6.9156E-003, -4.6469E-003
  5.40000E-001,  2.1598E-003, -4.6469E-003
  5.50000E-001, -6.9156E-003, -4.6469E-003
  5.60000E-001,  2.1598E-003, -4.6469E-003
  5.70000E-001,  2.1598E-003,  4.4646E-003
  5.80000E-001,  1.1236E-002, -4.6469E-003
  5.90000E-001,  2.1598E-003, -4.6469E-003
  6.00000E-001,  1.1236E-002,  4.4646E-003
  6.10000E-001,  1.1236E-002, -4.6469E-003
  6.20000E-001,  1.1236E-002,  4.4646E-003
  6.30000E-001,  1.1236E-002, -4.6469E-003
  6.40000E-001,  2.1598E-003,  4.4646E-003
  6.50000E-001, -6.9156E-003, -4.6469E-003
  6.60000E-001,  2.1598E-003, -4.6469E-003
  6.70000E-001,  2.1598E-003, -4.6469E-003
  6.80000E-001,  2.1598E-003, -4.6469E-003
  6.90000E-001,  1.1236E-002,  4.4646E-003
  7.00000E-001,  2.1598E-003, -4.6469E-003
  7.10000E-001,  1.1236E-002,  4.4646E-003
  7.20000E-001,  1.1236E-002,  4.4646E-003
  7.30000E-001,  2.1598E-003,  4.4646E-003
  7.40000E-001,  2.1598E-003,  4.4646E-003
  7.50000E-001,  2.1598E-003, -4.6469E-003
  7.60000E-001, -6.9156E-003, -4.6469E-003
  7.70000E-001,  2.1598E-003,  4.4646E-003
  7.80000E-001,  2.1598E-003, -4.6469E-003
  7.90000E-001, -6.9156E-003, -4.6469E-003
  8.00000E-001, -6.9156E-003, -4.6469E-003
  8.10000E-001,  1.1236E-002,  4.4646E-003
  8.20000E-001,  2.0311E-002,  1.3577E-002
  8.30000E-001,  1.1236E-002,  4.4646E-003
  8.40000E-001,  2.1598E-003,  4.4646E-003
  8.50000E-001, -6.9156E-003,  4.4646E-003
  8.60000E-001,  2.1598E-003, -4.6469E-003
  8.70000E-001,  2.1598E-003, -4.6469E-003
  8.80000E-001,  2.1598E-003, -4.6469E-003
  8.90000E-001,  2.1598E-003, -4.6469E-003
  9.00000E-001,  2.1598E-003,  4.4646E-003
  9.10000E-001,  2.1598E-003, -4.6469E-003
  9.20000E-001,  2.1598E-003, -4.6469E-003
  9.30000E-001,  1.1236E-002,  4.4646E-003
  9.40000E-001,  2.1598E-003, -4.6469E-003
  9.50000E-001,  1.1236E-002, -4.6469E-003
  9.60000E-001,  2.1598E-003,  4.4646E-003
  9.70000E-001,  2.1598E-003,  4.4646E-003
  9.80000E-001, -6.9156E-003,  4.4646E-003
  9.90000E-001, -6.9156E-003, -4.6469E-003
  1.00000E+000, -6.9156E-003, -4.6469E-003
  1.01000E+000, -6.9156E-003, -4.6469E-003
  1.02000E+000,  2.1598E-003,  4.4646E-003
  1.03000E+000,  1.1236E-002,  4.4646E-003
  1.04000E+000,  2.1598E-003,  4.4646E-003
  1.05000E+000,  2.1598E-003,  4.4646E-003
  1.06000E+000,  2.1598E-003,  4.4646E-003
  1.07000E+000,  2.1598E-003,  4.4646E-003
  1.08000E+000,  2.1598E-003,  4.4646E-003
  1.09000E+000,  1.1236E-002,  4.4646E-003
  1.10000E+000,  2.1598E-003, -4.6469E-003
  1.11000E+000, -6.9156E-003, -4.6469E-003
  1.12000E+000, -6.9156E-003, -4.6469E-003
  1.13000E+000,  2.1598E-003, -4.6469E-003
  1.14000E+000,  2.1598E-003, -4.6469E-003
  1.15000E+000,  2.1598E-003,  4.4646E-003
  1.16000E+000,  1.1236E-002,  1.3577E-002
  1.17000E+000,  1.1236E-002,  1.3577E-002
  1.18000E+000,  2.1598E-003,  4.4646E-003
  1.19000E+000,  2.1598E-003,  4.4646E-003
  1.20000E+000,  2.1598E-003,  4.4646E-003
  1.21000E+000, -6.9156E-003, -4.6469E-003
  1.22000E+000,  2.1598E-003,  4.4646E-003
  1.23000E+000, -6.9156E-003, -4.6469E-003
  1.24000E+000,  2.1598E-003,  4.4646E-003
  1.25000E+000,  2.1598E-003,  4.4646E-003
  1.26000E+000, -6.9156E-003,  4.4646E-003
  1.27000E+000,  2.1598E-003,  4.4646E-003
  1.28000E+000,  2.1598E-003,  4.4646E-003
  1.29000E+000,  2.1598E-003,  4.4646E-003
  1.30000E+000,  1.1236E-002,  4.4646E-003
  1.31000E+000,  1.1236E-002,  4.4646E-003
  1.32000E+000,  1.1236E-002,  4.4646E-003
  1.33000E+000,  2.1598E-003, -4.6469E-003
  1.34000E+000, -6.9156E-003, -4.6469E-003
  1.35000E+000, -6.9156E-003, -4.6469E-003
  1.36000E+000,  2.1598E-003,  4.4646E-003
  1.37000E+000,  1.1236E-002,  4.4646E-003
  1.38000E+000,  1.1236E-002,  4.4646E-003
  1.39000E+000,  1.1236E-002,  4.4646E-003
  1.40000E+000,  2.1598E-003,  4.4646E-003
  1.41000E+000,  1.1236E-002,  1.3577E-002
  1.42000E+000,  1.1236E-002,  4.4646E-003
  1.43000E+000,  2.1598E-003,  4.4646E-003
  1.44000E+000,  2.1598E-003,  4.4646E-003
  1.45000E+000, -6.9156E-003, -4.6469E-003
  1.46000E+000,  2.1598E-003, -4.6469E-003
  1.47000E+000,  2.1598E-003, -4.6469E-003
  1.48000E+000,  2.1598E-003, -4.6469E-003
  1.49000E+000,  2.1598E-003,  4.4646E-003
  1.50000E+000,  2.1598E-003,  4.4646E-003
  1.51000E+000,  1.1236E-002,  4.4646E-003
  1.52000E+000,  1.1236E-002,  1.3577E-002
  1.53000E+000,  1.1236E-002,  4.4646E-003
  1.54000E+000,  2.1598E-003,  4.4646E-003
  1.55000E+000, -6.9156E-003, -4.6469E-003
  1.56000E+000, -6.9156E-003, -4.6469E-003
  1.57000E+000,  2.1598E-003,  4.4646E-003
  1.58000E+000,  2.1598E-003, -4.6469E-003
  1.59000E+000,  2.1598E-003, -4.6469E-003
  1.60000E+000,  2.1598E-003, -4.6469E-003
  1.61000E+000,  1.1236E-002,  4.4646E-003
  1.62000E+000,  1.1236E-002,  1.3577E-002
  1.63000E+000,  2.1598E-003,  4.4646E-003
  1.64000E+000,  2.1598E-003,  4.4646E-003
  1.65000E+000,  2.1598E-003, -4.6469E-003
  1.66000E+000,  2.1598E-003,  4.4646E-003
  1.67000E+000,  1.1236E-002,  4.4646E-003
  1.68000E+000, -6.9156E-003, -4.6469E-003
  1.69000E+000, -6.9156E-003, -4.6469E-003
  1.70000E+000, -6.9156E-003, -4.6469E-003
  1.71000E+000,  2.1598E-003,  4.4646E-003
  1.72000E+000,  1.1236E-002,  4.4646E-003
  1.73000E+000,  2.1598E-003,  4.4646E-003
  1.74000E+000,  2.1598E-003,  4.4646E-003
  1.75000E+000,  2.1598E-003,  4.4646E-003
  1.76000E+000,  2.1598E-003,  4.4646E-003
  1.77000E+000,  2.1598E-003,  4.4646E-003
  1.78000E+000,  2.1598E-003, -4.6469E-003
  1.79000E+000,  2.1598E-003, -4.6469E-003
  1.80000E+000,  2.1598E-003, -4.6469E-003
  1.81000E+000, -6.9156E-003,  4.4646E-003
  1.82000E+000,  2.1598E-003,  4.4646E-003
  1.83000E+000,  2.1598E-003,  4.4646E-003
  1.84000E+000,  2.1598E-003,  4.4646E-003
  1.85000E+000,  1.1236E-002,  4.4646E-003
  1.86000E+000,  1.1236E-002,  4.4646E-003
  1.87000E+000,  1.1236E-002,  1.3577E-002
  1.88000E+000,  1.1236E-002, -4.6469E-003
  1.89000E+000,  2.1598E-003,  4.4646E-003
  1.90000E+000,  2.1598E-003,  4.4646E-003
  1.91000E+000,  2.1598E-003, -4.6469E-003
  1.92000E+000, -6.9156E-003, -4.6469E-003
  1.93000E+000,  2.1598E-003, -4.6469E-003
  1.94000E+000,  2.1598E-003, -4.6469E-003
  1.95000E+000,  2.1598E-003, -4.6469E-003
  1.96000E+000,  2.1598E-003,  1.3577E-002
  1.97000E+000,  1.1236E-002,  4.4646E-003
  1.98000E+000,  2.1598E-003,  4.4646E-003
  1.99000E+000,  2.1598E-003,  4.4646E-003
  2.00000E+000,  2.1598E-003,  4.4646E-003
  2.01000E+000,  2.1598E-003,  4.4646E-003
  2.02000E+000,  2.1598E-003, -4.6469E-003
  2.03000E+000, -6.9156E-003, -4.6469E-003
  2.04000E+000, -6.9156E-003, -4.6469E-003
  2.05000E+000,  2.1598E-003,  4.4646E-003
  2.06000E+000,  2.1598E-003,  4.4646E-003
  2.07000E+000,  1.1236E-002,  4.4646E-003
  2.08000E+000,  1.1236E-002,  4.4646E-003
  2.09000E+000,  1.1236E-002,  4.4646E-003
  2.10000E+000,  2.1598E-003,  4.4646E-003
  2.11000E+000,  1.1236E-002,  4.4646E-003
  2.12000E+000,  2.1598E-003,  4.4646E-003
  2.13000E+000,  2.1598E-003, -4.6469E-003
  2.14000E+000, -6.9156E-003, -4.6469E-003
  2.15000E+000,  2.1598E-003, -4.6469E-003
  2.16000E+000,  1.1236E-002,  4.4646E-003
  2.17000E+000,  1.1236E-002,  4.4646E-003
  2.18000E+000,  2.1598E-003, -4.6469E-003
  2.19000E+000,  2.1598E-003,  4.4646E-003
  2.20000E+000,  2.1598E-003,  4.4646E-003
  2.21000E+000,  1.1236E-002,  4.4646E-003
  2.22000E+000,  1.1236E-002,  1.3577E-002
  2.23000E+000,  1.1236E-002,  4.4646E-003
  2.24000E+000,  1.1236E-002,  4.4646E-003
  2.25000E+000, -6.9156E-003, -4.6469E-003
  2.26000E+000, -6.9156E-003, -4.6469E-003
  2.27000E+000,  2.1598E-003, -4.6469E-003
  2.28000E+000,  2.1598E-003, -4.6469E-003
  2.29000E+000,  2.1598E-003,  4.4646E-003
  2.30000E+000,  2.1598E-003,  4.4646E-003
  2.31000E+000,  2.1598E-003,  1.3577E-002
  2.32000E+000,  1.1236E-002,  4.4646E-003
  2.33000E+000,  2.1598E-003,  4.4646E-003
  2.34000E+000,  2.1598E-003, -4.6469E-003
  2.35000E+000, -6.9156E-003, -4.6469E-003
  2.36000E+000, -6.9156E-003, -4.6469E-003
  2.37000E+000, -6.9156E-003,  4.4646E-003
  2.38000E+000,  2.1598E-003, -4.6469E-003
  2.39000E+000,  2.1598E-003, -4.6469E-003
  2.40000E+000,  2.1598E-003,  4.4646E-003
  2.41000E+000,  2.1598E-003,  4.4646E-003
  2.42000E+000,  1.1236E-002,  4.4646E-003
  2.43000E+000,  2.1598E-003, -4.6469E-003
  2.44000E+000,  1.1236E-002,  4.4646E-003
  2.45000E+000,  2.1598E-003,  4.4646E-003
  2.46000E+000, -6.9156E-003,  4.4646E-003
  2.47000E+000,  2.1598E-003, -4.6469E-003
  2.48000E+000, -6.9156E-003,  4.4646E-003
  2.49000E+000,  2.1598E-003, -4.6469E-003
  2.50000E+000,  2.1598E-003, -4.6469E-003
  2.51000E+000,  2.1598E-003,  4.4646E-003
  2.52000E+000,  2.1598E-003,  4.4646E-003
  2.53000E+000,  1.1236E-002,  4.4646E-003
  2.54000E+000,  1.1236E-002,  4.4646E-003
  2.55000E+000,  2.1598E-003,  4.4646E-003
  2.56000E+000,  1.1236E-002,  1.3577E-002
  2.57000E+000,  2.1598E-003,  4.4646E-003
  2.58000E+000, -6.9156E-003, -4.6469E-003
  2.59000E+000, -6.9156E-003, -4.6469E-003
  2.60000E+000, -6.9156E-003, -4.6469E-003
  2.61000E+000,  2.1598E-003, -4.6469E-003
  2.62000E+000, -6.9156E-003,  4.4646E-003
  2.63000E+000, -6.9156E-003, -4.6469E-003
  2.64000E+000,  1.1236E-002,  4.4646E-003
  2.65000E+000,  1.1236E-002,  4.4646E-003
  2.66000E+000,  1.1236E-002,  1.3577E-002
  2.67000E+000,  2.1598E-003,  4.4646E-003
  2.68000E+000,  2.1598E-003,  4.4646E-003
  2.69000E+000,  2.1598E-003,  4.4646E-003
  2.70000E+000,  2.1598E-003, -4.6469E-003
  2.71000E+000,  2.1598E-003,  4.4646E-003
  2.72000E+000,  2.1598E-003, -4.6469E-003
  2.73000E+000,  2.1598E-003,  4.4646E-003
  2.74000E+000,  2.1598E-003, -4.6469E-003
  2.75000E+000,  2.1598E-003,  4.4646E-003
  2.76000E+000,  1.1236E-002,  4.4646E-003
  2.77000E+000,  1.1236E-002,  1.3577E-002
  2.78000E+000,  1.1236E-002,  4.4646E-003
  2.79000E+000,  1.1236E-002,  4.4646E-003
  2.80000E+000,  2.1598E-003,  4.4646E-003
  2.81000E+000,  2.1598E-003, -4.6469E-003
  2.82000E+000,  2.1598E-003,  4.4646E-003
  2.83000E+000,  2.1598E-003, -4.6469E-003
  2.84000E+000,  2.1598E-003, -4.6469E-003
  2.85000E+000,  2.1598E-003, -4.6469E-003
  2.86000E+000,  1.1236E-002,  4.4646E-003
  2.87000E+000,  1.1236E-002,  4.4646E-003
  2.88000E+000,  1.1236E-002,  1.3577E-002
  2.89000E+000,  1.1236E-002,  4.4646E-003
  2.90000E+000,  1.1236E-002,  4.4646E-003
  2.91000E+000,  2.1598E-003,  4.4646E-003
  2.92000E+000,  2.1598E-003,  4.4646E-003
  2.93000E+000,  1.1236E-002, -4.6469E-003
  2.94000E+000,  2.1598E-003, -4.6469E-003
  2.95000E+000,  1.1236E-002,  4.4646E-003
  2.96000E+000,  2.1598E-003,  4.4646E-003
  2.97000E+000,  2.1598E-003, -4.6469E-003
  2.98000E+000,  2.1598E-003,  4.4646E-003
  2.99000E+000,  1.1236E-002,  4.4646E-003
  3.00000E+000,  1.1236E-002,  4.4646E-003
  3.01000E+000,  2.1598E-003,  4.4646E-003
  3.02000E+000,  2.1598E-003,  4.4646E-003
  3.03000E+000,  2.1598E-003,  4.4646E-003
  3.04000E+000,  2.1598E-003,  4.4646E-003
  3.05000E+000,  2.1598E-003,  4.4646E-003
  3.06000E+000,  2.1598E-003, -4.6469E-003
  3.07000E+000,  2.1598E-003, -4.6469E-003
  3.08000E+000, -6.9156E-003, -4.6469E-003
  3.09000E+000,  2.1598E-003,  4.4646E-003
  3.10000E+000,  2.1598E-003,  1.3577E-002
  3.11000E+000,  1.1236E-002,  1.3577E-002
  3.12000E+000,  1.1236E-002,  4.4646E-003
  3.13000E+000,  1.1236E-002,  4.4646E-003
  3.14000E+000,  2.1598E-003,  4.4646E-003
  3.15000E+000,  2.1598E-003,  4.4646E-003
  3.16000E+000,  2.1598E-003, -4.6469E-003
  3.17000E+000,  2.1598E-003, -4.6469E-003
  3.18000E+000, -6.9156E-003, -4.6469E-003
  3.19000E+000,  2.1598E-003,  4.4646E-003
  3.20000E+000,  2.1598E-003,  4.4646E-003
  3.21000E+000,  1.1236E-002,  4.4646E-003
  3.22000E+000,  1.1236E-002,  4.4646E-003
  3.23000E+000,  1.1236E-002,  4.4646E-003
  3.24000E+000,  1.1236E-002,  4.4646E-003
  3.25000E+000,  2.1598E-003,  4.4646E-003
  3.26000E+000,  1.1236E-002,  4.4646E-003
  3.27000E+000,  2.1598E-003,  4.4646E-003
  3.28000E+000,  1.1236E-002,  4.4646E-003
  3.29000E+000,  2.1598E-003,  4.4646E-003
  3.30000E+000,  2.9388E-002,  2.2688E-002
  3.31000E+000,  3.7426E-001,  3.5983E-001
  3.32000E+000,  4.9225E-001,  5.0561E-001
  3.33000E+000,  6.2838E-001,  6.2407E-001
  3.34000E+000,  7.3729E-001,  7.3341E-001
  3.35000E+000,  8.3712E-001,  8.2453E-001
  3.36000E+000,  9.0973E-001,  9.0654E-001
  3.37000E+000,  9.9141E-001,  9.9765E-001
  3.38000E+000,  1.0731E+000,  1.0797E+000
  3.39000E+000,  1.1548E+000,  1.1617E+000
  3.40000E+000,  1.2365E+000,  1.2528E+000
  3.41000E+000,  1.3181E+000,  1.3166E+000
  3.42000E+000,  1.3907E+000,  1.3895E+000
  3.43000E+000,  1.4815E+000,  1.4806E+000
  3.44000E+000,  1.5541E+000,  1.5535E+000
  3.45000E+000,  1.6267E+000,  1.6264E+000
  3.46000E+000,  1.6902E+000,  1.6902E+000
  3.47000E+000,  1.7719E+000,  1.7539E+000
  3.48000E+000,  1.8445E+000,  1.8177E+000
  3.49000E+000,  1.9081E+000,  1.8815E+000
  3.50000E+000,  1.9534E+000,  1.9362E+000
  3.51000E+000,  2.0260E+000,  2.0182E+000
  3.52000E+000,  2.1531E+000,  2.1457E+000
  3.53000E+000,  2.2983E+000,  2.3371E+000
  3.54000E+000,  2.4163E+000,  2.5011E+000
  3.55000E+000,  2.5343E+000,  2.6469E+000
  3.56000E+000,  2.6432E+000,  2.7653E+000
  3.57000E+000,  2.7430E+000,  2.8382E+000
  3.58000E+000,  2.8519E+000,  2.9658E+000
  3.59000E+000,  2.9336E+000,  3.0387E+000
  3.60000E+000,  3.0153E+000,  3.1389E+000
  3.61000E+000,  3.0970E+000,  3.2301E+000
  3.62000E+000,  3.1786E+000,  3.3029E+000
  3.63000E+000,  3.2422E+000,  3.3485E+000
  3.64000E+000,  3.3329E+000,  3.4123E+000
  3.65000E+000,  3.3874E+000,  3.5034E+000
  3.66000E+000,  3.4691E+000,  3.5581E+000
  3.67000E+000,  3.5235E+000,  3.6310E+000
  3.68000E+000,  3.5689E+000,  3.6583E+000
  3.69000E+000,  3.5961E+000,  3.6948E+000
  3.70000E+000,  3.6234E+000,  3.7130E+000
  3.71000E+000,  3.6506E+000,  3.7312E+000
  3.72000E+000,  3.6597E+000,  3.7494E+000
  3.73000E+000,  3.6869E+000,  3.7676E+000
  3.74000E+000,  3.7050E+000,  3.7768E+000
  3.75000E+000,  3.7141E+000,  3.7859E+000
  3.76000E+000,  3.7413E+000,  3.8041E+000
  3.77000E+000,  3.7504E+000,  3.8223E+000
  3.78000E+000,  3.7595E+000,  3.8314E+000
  3.79000E+000,  3.7686E+000,  3.8405E+000
  3.80000E+000,  3.7958E+000,  3.8497E+000
  3.81000E+000,  3.7867E+000,  3.8588E+000
  3.82000E+000,  3.7958E+000,  3.8861E+000
  3.83000E+000,  3.8139E+000,  3.8861E+000
  3.84000E+000,  3.8139E+000,  3.8861E+000
  3.85000E+000,  3.8230E+000,  3.9043E+000
  3.86000E+000,  3.8230E+000,  3.9043E+000
  3.87000E+000,  3.8412E+000,  3.9226E+000
  3.88000E+000,  3.8502E+000,  3.9134E+000
  3.89000E+000,  3.8775E+000,  3.9408E+000
  3.90000E+000,  3.8865E+000,  3.9499E+000
  3.91000E+000,  3.8956E+000,  3.9590E+000
  3.92000E+000,  3.9047E+000,  3.9772E+000
  3.93000E+000,  3.9138E+000,  3.9863E+000
  3.94000E+000,  3.9410E+000,  3.9954E+000
  3.95000E+000,  3.9501E+000,  4.0137E+000
  3.96000E+000,  3.9501E+000,  4.0228E+000
  3.97000E+000,  3.9682E+000,  4.0319E+000
  3.98000E+000,  3.9773E+000,  4.0501E+000
  3.99000E+000,  3.9955E+000,  4.0775E+000
  4.00000E+000,  4.0227E+000,  4.1048E+000
  4.01000E+000,  4.0408E+000,  4.1230E+000
  4.02000E+000,  4.0771E+000,  4.1503E+000
  4.03000E+000,  4.0771E+000,  4.1595E+000
  4.04000E+000,  4.1134E+000,  4.1868E+000
  4.05000E+000,  4.1316E+000,  4.2141E+000
  4.06000E+000,  4.1407E+000,  4.2232E+000
  4.07000E+000,  4.1497E+000,  4.2506E+000
  4.08000E+000,  4.1951E+000,  4.2688E+000
  4.09000E+000,  4.2223E+000,  4.3052E+000
  4.10000E+000,  4.2496E+000,  4.3326E+000
  4.11000E+000,  4.2768E+000,  4.3873E+000
  4.12000E+000,  4.2950E+000,  4.4146E+000
  4.13000E+000,  4.3313E+000,  4.4328E+000
  4.14000E+000,  4.3766E+000,  4.4966E+000
  4.15000E+000,  4.4220E+000,  4.5239E+000
  4.16000E+000,  4.4402E+000,  4.5877E+000
  4.17000E+000,  4.5128E+000,  4.6424E+000
  4.18000E+000,  4.5491E+000,  4.7062E+000
  4.19000E+000,  4.6217E+000,  4.7791E+000
  4.20000E+000,  4.6671E+000,  4.8611E+000
  4.21000E+000,  4.7124E+000,  4.9431E+000
  4.22000E+000,  4.7941E+000,  5.0069E+000
  4.23000E+000,  4.8395E+000,  5.1344E+000
  4.24000E+000,  4.8939E+000,  5.1891E+000
  4.25000E+000,  4.9665E+000,  5.2438E+000
  4.26000E+000,  5.0573E+000,  5.3440E+000
  4.27000E+000,  5.0936E+000,  5.3622E+000
  4.28000E+000,  5.1571E+000,  5.4260E+000
  4.29000E+000,  5.2570E+000,  5.5080E+000
  4.30000E+000,  5.2933E+000,  5.5536E+000
  4.31000E+000,  5.3205E+000,  5.5991E+000
  4.32000E+000,  5.4022E+000,  5.7085E+000
  4.33000E+000,  5.4929E+000,  5.7814E+000
  4.34000E+000,  5.6109E+000,  5.8087E+000
  4.35000E+000,  5.7108E+000,  6.0000E+000
  4.36000E+000,  5.7743E+000,  6.0092E+000
  4.37000E+000,  5.8560E+000,  6.0547E+000
  4.38000E+000,  5.9558E+000,  6.2825E+000
  4.39000E+000,  6.0829E+000,  6.3736E+000
  4.40000E+000,  6.1464E+000,  6.5559E+000
  4.41000E+000,  6.1464E+000,  6.4921E+000
  4.42000E+000,  6.1918E+000,  6.5194E+000
  4.43000E+000,  6.1918E+000,  6.5559E+000
  4.44000E+000,  6.1736E+000,  6.6014E+000
  4.45000E+000,  6.3007E+000,  6.8201E+000
  4.46000E+000,  6.3551E+000,  6.8839E+000
  4.47000E+000,  6.3551E+000,  6.7746E+000
  4.48000E+000,  6.3733E+000,  6.6652E+000
  4.49000E+000,  6.5276E+000,  6.8019E+000
  4.50000E+000,  6.7182E+000,  6.9568E+000
  4.51000E+000,  7.0177E+000,  7.2119E+000
  4.52000E+000,  6.5639E+000,  6.7017E+000
  4.53000E+000,  7.0630E+000,  7.1481E+000
  4.54000E+000,  7.4170E+000,  7.4488E+000
  4.55000E+000,  7.7256E+000,  7.7769E+000
  4.56000E+000,  8.0432E+000,  8.1687E+000
  4.57000E+000,  8.1340E+000,  8.3691E+000
  4.58000E+000,  8.2156E+000,  8.6334E+000
  4.59000E+000,  8.4516E+000,  8.7609E+000
  4.60000E+000,  8.6603E+000,  8.9887E+000
  4.61000E+000,  8.9054E+000,  9.1892E+000
  4.62000E+000,  9.2412E+000,  1.0027E+001
  4.63000E+000,  9.2503E+000,  1.0055E+001
  4.64000E+000,  8.7874E+000,  9.2165E+000
  4.65000E+000,  9.3501E+000,  9.9181E+000
  4.66000E+000,  8.7420E+000,  9.1618E+000
  4.67000E+000,  9.3864E+000,  9.8361E+000
  4.68000E+000,  9.0506E+000,  9.5901E+000
  4.69000E+000,  9.0778E+000,  9.4352E+000
  4.70000E+000,  8.6876E+000,  9.1254E+000
  4.71000E+000,  8.8328E+000,  9.3623E+000
  4.72000E+000,  8.7874E+000,  9.3714E+000
  4.73000E+000,  8.6422E+000,  9.4717E+000
  4.74000E+000,  8.4607E+000,  9.2074E+000
  4.75000E+000,  8.3790E+000,  9.0798E+000
  4.76000E+000,  8.3245E+000,  8.9978E+000
  4.77000E+000,  8.2519E+000,  9.0252E+000
  4.78000E+000,  8.2156E+000,  9.2712E+000
  4.79000E+000,  8.3608E+000,  9.1436E+000
  4.80000E+000,  8.2247E+000,  9.0890E+000
  4.81000E+000,  8.2519E+000,  8.9887E+000
  4.82000E+000,  8.3699E+000,  9.1072E+000
  4.83000E+000,  8.4698E+000,  8.9067E+000
  4.84000E+000,  8.4788E+000,  8.9523E+000
  4.85000E+000,  8.1975E+000,  8.4329E+000
  4.86000E+000,  8.4698E+000,  8.7427E+000
  4.87000E+000,  8.8963E+000,  8.9249E+000
  4.88000E+000,  9.1867E+000,  9.2165E+000
  4.89000E+000,  9.5679E+000,  9.5810E+000
  4.90000E+000,  9.8039E+000,  9.8908E+000
  4.91000E+000,  1.0022E+001,  1.0073E+001
  4.92000E+000,  1.0330E+001,  1.0802E+001
  4.93000E+000,  9.9672E+000,  1.0201E+001
  4.94000E+000,  1.0276E+001,  1.0374E+001
  4.95000E+000,  1.0485E+001,  1.0957E+001
  4.96000E+000,  1.0212E+001,  1.0656E+001
  4.97000E+000,  1.0412E+001,  1.0574E+001
  4.98000E+000,  1.0684E+001,  1.0802E+001
  4.99000E+000,  1.0711E+001,  1.1276E+001
  5.00000E+000,  1.0140E+001,  1.0556E+001
  5.01000E+000,  1.0557E+001,  1.0984E+001
  5.02000E+000,  9.6587E+000,  1.0128E+001
  5.03000E+000,  9.8674E+000,  1.0747E+001
  5.04000E+000,  1.0630E+001,  1.0766E+001
  5.05000E+000,  9.6405E+000,  1.0438E+001
  5.06000E+000,  9.5498E+000,  1.0119E+001
  5.07000E+000,  9.1504E+000,  9.5354E+000
  5.08000E+000,  8.9961E+000,  1.0009E+001
  5.09000E+000,  8.9780E+000,  1.0027E+001
  5.10000E+000,  8.7602E+000,  9.7268E+000
  5.11000E+000,  8.7602E+000,  9.6357E+000
  5.12000E+000,  8.2610E+000,  9.3350E+000
  5.13000E+000,  8.1340E+000,  9.0069E+000
  5.14000E+000,  7.8889E+000,  8.6151E+000
  5.15000E+000,  7.6893E+000,  8.5605E+000
  5.16000E+000,  7.5077E+000,  8.3509E+000
  5.17000E+000,  7.3444E+000,  8.0958E+000
  5.18000E+000,  7.1810E+000,  7.9226E+000
  5.19000E+000,  7.0267E+000,  7.6948E+000
  5.20000E+000,  6.9632E+000,  7.6857E+000
  5.21000E+000,  6.7998E+000,  7.4215E+000
  5.22000E+000,  6.7000E+000,  7.3030E+000
  5.23000E+000,  6.6092E+000,  7.2119E+000
  5.24000E+000,  6.4913E+000,  7.0570E+000
  5.25000E+000,  6.4096E+000,  6.9932E+000
  5.26000E+000,  6.2825E+000,  6.8110E+000
  5.27000E+000,  6.2008E+000,  6.7199E+000
  5.28000E+000,  6.0738E+000,  6.5923E+000
  5.29000E+000,  6.0012E+000,  6.5103E+000
  5.30000E+000,  5.9013E+000,  6.3645E+000
  5.31000E+000,  5.8015E+000,  6.2734E+000
  5.32000E+000,  5.8015E+000,  6.3554E+000
  5.33000E+000,  5.8106E+000,  6.4374E+000
  5.34000E+000,  5.8378E+000,  6.5012E+000
  5.35000E+000,  5.9739E+000,  6.4010E+000
  5.36000E+000,  5.6381E+000,  6.0274E+000
  5.37000E+000,  5.9558E+000,  6.1458E+000
  5.38000E+000,  6.3733E+000,  6.4830E+000
  5.39000E+000,  6.6455E+000,  6.8748E+000
  5.40000E+000,  6.7182E+000,  7.0388E+000
  5.41000E+000,  7.2264E+000,  7.4397E+000
  5.42000E+000,  7.4896E+000,  7.4579E+000
  5.43000E+000,  8.2156E+000,  8.0411E+000
  5.44000E+000,  8.7783E+000,  8.6151E+000
  5.45000E+000,  7.6529E+000,  9.1710E+000
  5.46000E+000,  7.2264E+000,  2.1618E+001
  5.47000E+000,  4.0318E+000,  1.8465E+001
  5.48000E+000,  1.8173E+000,  1.5686E+001
  5.49000E+000,  1.1094E+000,  1.4829E+001
  5.50000E+000,  9.5511E-001,  1.4629E+001
  5.51000E+000,  1.4270E+000,  1.4902E+001
  5.52000E+000,  1.9716E+000,  1.5841E+001
  5.53000E+000,  2.7339E+000,  1.6479E+001
  5.54000E+000,  3.4146E+000,  1.7472E+001
  5.55000E+000,  3.9047E+000,  1.8656E+001
  5.56000E+000,  4.2586E+000,  1.9741E+001
  5.57000E+000,  4.4583E+000,  2.0160E+001
  5.58000E+000,  4.4129E+000,  2.0333E+001
  5.59000E+000,  4.3313E+000,  2.0260E+001
  5.60000E+000,  4.0771E+000,  1.9640E+001
  5.61000E+000,  3.8139E+000,  1.9094E+001
  5.62000E+000,  3.5235E+000,  1.8857E+001
  5.63000E+000,  3.3420E+000,  1.8410E+001
  5.64000E+000,  3.0970E+000,  1.8119E+001
  5.65000E+000,  2.8973E+000,  1.7836E+001
  5.66000E+000,  2.7702E+000,  1.7599E+001
  5.67000E+000,  2.7521E+000,  1.7454E+001
  5.68000E+000,  2.7975E+000,  1.7408E+001
  5.69000E+000,  2.8791E+000,  1.7435E+001
  5.70000E+000,  2.9518E+000,  1.7444E+001
  5.71000E+000,  2.5706E+000,  1.7062E+001
  5.72000E+000,  2.1259E+000,  1.6515E+001
  5.73000E+000,  1.7447E+000,  1.6023E+001
  5.74000E+000,  1.4452E+000,  1.5586E+001
  5.75000E+000,  1.1820E+000,  1.5130E+001
  5.76000E+000,  1.0005E+000,  1.4738E+001
  5.77000E+000,  9.4603E-001,  1.4629E+001
  5.78000E+000,  9.2788E-001,  1.4611E+001
  5.79000E+000,  9.1880E-001,  1.4602E+001
  5.80000E+000,  9.0973E-001,  1.4592E+001
  5.81000E+000,  9.0973E-001,  1.4583E+001
  5.82000E+000,  9.0973E-001,  1.4583E+001
  5.83000E+000,  9.0973E-001,  1.4583E+001
  5.84000E+000,  9.0973E-001,  1.4592E+001
  5.85000E+000,  9.0973E-001,  1.4602E+001
  5.86000E+000,  9.1880E-001,  1.4592E+001
  5.87000E+000,  9.0973E-001,  1.4592E+001
  5.88000E+000,  9.1880E-001,  1.4602E+001
  5.89000E+000,  9.1880E-001,  1.4592E+001
  5.90000E+000,  9.0973E-001,  1.4583E+001
  5.91000E+000,  9.0973E-001,  1.4583E+001
  5.92000E+000,  9.0065E-001,  1.4583E+001
  5.93000E+000,  9.0065E-001,  1.4583E+001
  5.94000E+000,  9.0973E-001,  1.4583E+001
  5.95000E+000,  9.0973E-001,  1.4592E+001
  5.96000E+000,  9.0973E-001,  1.4583E+001
  5.97000E+000,  9.0065E-001,  1.4592E+001
  5.98000E+000,  9.1880E-001,  1.4592E+001
  5.99000E+000,  9.0973E-001,  1.4592E+001
  6.00000E+000,  9.1880E-001,  1.4592E+001
  6.01000E+000,  9.1880E-001,  1.4583E+001
  6.02000E+000,  9.0973E-001,  1.4583E+001
  6.03000E+000,  9.0065E-001,  1.4592E+001
  6.04000E+000,  9.0065E-001,  1.4583E+001
  6.05000E+000,  9.0973E-001,  1.4583E+001
  6.06000E+000,  9.0065E-001,  1.4583E+001
  6.07000E+000,  9.0973E-001,  1.4592E+001
  6.08000E+000,  9.0973E-001,  1.4583E+001
  6.09000E+000,  9.1880E-001,  1.4583E+001
  6.10000E+000,  9.0065E-001,  1.4583E+001
  6.11000E+000,  9.0973E-001,  1.4592E+001
  6.12000E+000,  9.0973E-001,  1.4592E+001
  6.13000E+000,  9.1880E-001,  1.4592E+001
  6.14000E+000,  9.0973E-001,  1.4583E+001
  6.15000E+000,  9.0973E-001,  1.4583E+001
  6.16000E+000,  9.0973E-001,  1.4592E+001
  6.17000E+000,  9.0973E-001,  1.4583E+001
  6.18000E+000,  9.0065E-001,  1.4592E+001
  6.19000E+000,  9.0973E-001,  1.4583E+001
  6.20000E+000,  9.0973E-001,  1.4583E+001
  6.21000E+000,  9.0973E-001,  1.4592E+001
  6.22000E+000,  9.1880E-001,  1.4592E+001
  6.23000E+000,  9.0973E-001,  1.4602E+001
  6.24000E+000,  9.0065E-001,  1.4583E+001
  6.25000E+000,  9.0065E-001,  1.4592E+001
  6.26000E+000,  9.0973E-001,  1.4592E+001
  6.27000E+000,  9.0973E-001,  1.4592E+001
  6.28000E+000,  9.0065E-001,  1.4583E+001
  6.29000E+000,  9.0973E-001,  1.4583E+001
  6.30000E+000,  9.0065E-001,  1.4574E+001
  6.31000E+000,  9.0973E-001,  1.4592E+001
  6.32000E+000,  9.0065E-001,  1.4583E+001
  6.33000E+000,  9.0973E-001,  1.4592E+001
  6.34000E+000,  9.0973E-001,  1.4592E+001
  6.35000E+000,  9.0973E-001,  1.4592E+001
  6.36000E+000,  9.0973E-001,  1.4583E+001
  6.37000E+000,  9.0973E-001,  1.4583E+001
  6.38000E+000,  9.0065E-001,  1.4583E+001
  6.39000E+000,  9.0065E-001,  1.4583E+001
  6.40000E+000,  9.0973E-001,  1.4592E+001
  6.41000E+000,  9.0065E-001,  1.4592E+001
  6.42000E+000,  9.0973E-001,  1.4592E+001
  6.43000E+000,  9.1880E-001,  1.4592E+001
  6.44000E+000,  9.0973E-001,  1.4592E+001
  6.45000E+000,  9.0973E-001,  1.4592E+001
  6.46000E+000,  9.0973E-001,  1.4592E+001
  6.47000E+000,  9.1880E-001,  1.4592E+001
  6.48000E+000,  9.1880E-001,  1.4602E+001
  6.49000E+000,  9.0973E-001,  1.4592E+001
  6.50000E+000,  9.0065E-001,  1.4583E+001
  6.51000E+000,  9.0065E-001,  1.4583E+001
  6.52000E+000,  9.0973E-001,  1.4583E+001
  6.53000E+000,  9.0973E-001,  1.4592E+001
  6.54000E+000,  9.0973E-001,  1.4592E+001
  6.55000E+000,  9.0973E-001,  1.4592E+001
  6.56000E+000,  9.0065E-001,  1.4592E+001
  6.57000E+000,  9.0065E-001,  1.4583E+001
  6.58000E+000,  9.0973E-001,  1.4592E+001
  6.59000E+000,  9.1880E-001,  1.4592E+001
  6.60000E+000,  9.1880E-001,  1.4592E+001
  6.61000E+000,  9.0973E-001,  1.4583E+001
  6.62000E+000,  9.0065E-001,  1.4583E+001
  6.63000E+000,  9.0065E-001,  1.4583E+001
  6.64000E+000,  9.0065E-001,  1.4583E+001
  6.65000E+000,  9.0973E-001,  1.4592E+001
  6.66000E+000,  9.0973E-001,  1.4592E+001
  6.67000E+000,  9.0973E-001,  1.4592E+001
  6.68000E+000,  9.0973E-001,  1.4592E+001
  6.69000E+000,  9.1880E-001,  1.4592E+001
  6.70000E+000,  9.2788E-001,  1.4592E+001
  6.71000E+000,  9.0973E-001,  1.4592E+001
  6.72000E+000,  9.0973E-001,  1.4592E+001
  6.73000E+000,  9.0065E-001,  1.4583E+001
  6.74000E+000,  9.0973E-001,  1.4592E+001
  6.75000E+000,  9.0973E-001,  1.4592E+001
  6.76000E+000,  9.0973E-001,  1.4583E+001
  6.77000E+000,  9.0973E-001,  1.4592E+001
  6.78000E+000,  9.0973E-001,  1.4592E+001
  6.79000E+000,  9.0973E-001,  1.4592E+001
  6.80000E+000,  9.0973E-001,  1.4592E+001
  6.81000E+000,  9.1880E-001,  1.4592E+001
  6.82000E+000,  9.0065E-001,  1.4583E+001
  6.83000E+000,  9.0065E-001,  1.4592E+001
  6.84000E+000,  9.0065E-001,  1.4583E+001
  6.85000E+000,  9.0065E-001,  1.4583E+001
  6.86000E+000,  9.0973E-001,  1.4583E+001
  6.87000E+000,  9.0973E-001,  1.4592E+001
  6.88000E+000,  9.0973E-001,  1.4592E+001
  6.89000E+000,  9.0065E-001,  1.4583E+001
  6.90000E+000,  9.0065E-001,  1.4583E+001
  6.91000E+000,  9.0065E-001,  1.4592E+001
  6.92000E+000,  9.0065E-001,  1.4592E+001
  6.93000E+000,  9.0973E-001,  1.4592E+001
  6.94000E+000,  9.1880E-001,  1.4592E+001
  6.95000E+000,  9.0973E-001,  1.4583E+001
  6.96000E+000,  9.0973E-001,  1.4583E+001
  6.97000E+000,  9.0973E-001,  1.4592E+001
  6.98000E+000,  9.0065E-001,  1.4583E+001
  6.99000E+000,  9.0973E-001,  1.4583E+001
  7.00000E+000,  9.0065E-001,  1.4574E+001
  7.01000E+000,  9.0973E-001,  1.4592E+001
  7.02000E+000,  9.0973E-001,  1.4592E+001
  7.03000E+000,  9.1880E-001,  1.4602E+001
  7.04000E+000,  9.0973E-001,  1.4592E+001
  7.05000E+000,  9.0973E-001,  1.4583E+001
  7.06000E+000,  9.0973E-001,  1.4592E+001
  7.07000E+000,  9.0973E-001,  1.4592E+001
  7.08000E+000,  9.0973E-001,  1.4592E+001
  7.09000E+000,  9.0973E-001,  1.4592E+001
  7.10000E+000,  9.0973E-001,  1.4583E+001
  7.11000E+000,  9.0973E-001,  1.4583E+001
  7.12000E+000,  9.0065E-001,  1.4583E+001
  7.13000E+000,  9.0973E-001,  1.4592E+001
  7.14000E+000,  9.0065E-001,  1.4592E+001
  7.15000E+000,  9.1880E-001,  1.4602E+001
  7.16000E+000,  9.1880E-001,  1.4592E+001
  7.17000E+000,  9.0973E-001,  1.4592E+001
  7.18000E+000,  9.0973E-001,  1.4592E+001
  7.19000E+000,  9.0065E-001,  1.4583E+001
  7.20000E+000,  9.0973E-001,  1.4583E+001
  7.21000E+000,  9.0065E-001,  1.4583E+001
  7.22000E+000,  9.0065E-001,  1.4583E+001
  7.23000E+000,  9.0973E-001,  1.4583E+001
  7.24000E+000,  9.0973E-001,  1.4592E+001
  7.25000E+000,  9.0973E-001,  1.4592E+001
  7.26000E+000,  9.0973E-001,  1.4602E+001
  7.27000E+000,  9.1880E-001,  1.4602E+001
  7.28000E+000,  9.0973E-001,  1.4592E+001
  7.29000E+000,  9.0065E-001,  1.4592E+001
  7.30000E+000,  9.0973E-001,  1.4592E+001
  7.31000E+000,  9.0973E-001,  1.4592E+001
  7.32000E+000,  9.0973E-001,  1.4583E+001
  7.33000E+000,  9.0065E-001,  1.4583E+001
  7.34000E+000,  9.0065E-001,  1.4592E+001
  7.35000E+000,  9.0973E-001,  1.4583E+001
  7.36000E+000,  9.0973E-001,  1.4583E+001
  7.37000E+000,  9.1880E-001,  1.4592E+001
  7.38000E+000,  9.0973E-001,  1.4592E+001
  7.39000E+000,  9.0973E-001,  1.4592E+001
  7.40000E+000,  9.0973E-001,  1.4592E+001
  7.41000E+000,  9.0973E-001,  1.4592E+001
  7.42000E+000,  9.1880E-001,  1.4583E+001
  7.43000E+000,  9.0973E-001,  1.4583E+001
  7.44000E+000,  9.0065E-001,  1.4574E+001
  7.45000E+000,  9.0065E-001,  1.4574E+001
  7.46000E+000,  9.0973E-001,  1.4592E+001
  7.47000E+000,  9.0065E-001,  1.4592E+001
  7.48000E+000,  9.0065E-001,  1.4592E+001
  7.49000E+000,  9.0065E-001,  1.4583E+001
  7.50000E+000,  9.0973E-001,  1.4583E+001
  7.51000E+000,  9.0973E-001,  1.4583E+001
  7.52000E+000,  9.1880E-001,  1.4592E+001
  7.53000E+000,  9.0065E-001,  1.4583E+001
  7.54000E+000,  9.0065E-001,  1.4574E+001
  7.55000E+000,  8.9158E-001,  1.4583E+001
  7.56000E+000,  9.0065E-001,  1.4574E+001
  7.57000E+000,  9.0065E-001,  1.4583E+001
  7.58000E+000,  9.0973E-001,  1.4583E+001
  7.59000E+000,  9.0065E-001,  1.4574E+001
  7.60000E+000,  8.9158E-001,  1.4583E+001
  7.61000E+000,  9.0065E-001,  1.4583E+001
  7.62000E+000,  9.0973E-001,  1.4583E+001
  7.63000E+000,  9.0973E-001,  1.4583E+001
  7.64000E+000,  9.0973E-001,  1.4583E+001
  7.65000E+000,  9.0065E-001,  1.4583E+001
  7.66000E+000,  9.0065E-001,  1.4574E+001
  7.67000E+000,  9.0065E-001,  1.4574E+001
  7.68000E+000,  9.0065E-001,  1.4574E+001
  7.69000E+000,  9.0065E-001,  1.4574E+001
  7.70000E+000,  9.0065E-001,  1.4574E+001
  7.71000E+000,  9.0065E-001,  1.4574E+001
  7.72000E+000,  9.0065E-001,  1.4574E+001
  7.73000E+000,  9.0065E-001,  1.4574E+001
  7.74000E+000,  9.0065E-001,  1.4574E+001
  7.75000E+000,  9.0065E-001,  1.4574E+001
  7.76000E+000,  9.0973E-001,  1.4583E+001
  7.77000E+000,  9.0065E-001,  1.4583E+001
  7.78000E+000,  9.0065E-001,  1.4583E+001
  7.79000E+000,  9.0065E-001,  1.4574E+001
  7.80000E+000,  9.0065E-001,  1.4574E+001
  7.81000E+000,  9.0065E-001,  1.4583E+001
  7.82000E+000,  9.0065E-001,  1.4574E+001
  7.83000E+000,  8.9158E-001,  1.4583E+001
  7.84000E+000,  9.0065E-001,  1.4583E+001
  7.85000E+000,  9.0973E-001,  1.4583E+001
  7.86000E+000,  9.0973E-001,  1.4583E+001
  7.87000E+000,  8.9158E-001,  1.4583E+001
  7.88000E+000,  9.0065E-001,  1.4583E+001
  7.89000E+000,  9.0065E-001,  1.4574E+001
  7.90000E+000,  9.0973E-001,  1.4583E+001
  7.91000E+000,  9.0065E-001,  1.4583E+001
  7.92000E+000,  9.0065E-001,  1.4574E+001
  7.93000E+000,  9.0065E-001,  1.4574E+001
  7.94000E+000,  9.0065E-001,  1.4583E+001
  7.95000E+000,  8.9158E-001,  1.4574E+001
  7.96000E+000,  9.0973E-001,  1.4583E+001
  7.97000E+000,  9.0973E-001,  1.4583E+001
  7.98000E+000,  9.0065E-001,  1.4583E+001
  7.99000E+000,  9.0065E-001,  1.4574E+001
  8.00000E+000,  9.0065E-001,  1.4574E+001
  8.01000E+000,  9.0065E-001,  1.4583E+001
  8.02000E+000,  9.0065E-001,  1.4574E+001
  8.03000E+000,  8.9158E-001,  1.4574E+001
  8.04000E+000,  9.0065E-001,  1.4583E+001
  8.05000E+000,  8.9158E-001,  1.4574E+001
  8.06000E+000,  9.0065E-001,  1.4574E+001
  8.07000E+000,  9.0065E-001,  1.4574E+001
  8.08000E+000,  9.0065E-001,  1.4574E+001
  8.09000E+000,  9.0065E-001,  1.4583E+001
  8.10000E+000,  9.0973E-001,  1.4583E+001
  8.11000E+000,  9.0973E-001,  1.4583E+001
  8.12000E+000,  9.0973E-001,  1.4574E+001
  8.13000E+000,  9.0065E-001,  1.4583E+001
  8.14000E+000,  9.0065E-001,  1.4583E+001
  8.15000E+000,  9.0065E-001,  1.4583E+001
  8.16000E+000,  9.0973E-001,  1.4574E+001
  8.17000E+000,  9.0065E-001,  1.4574E+001
  8.18000E+000,  9.0065E-001,  1.4574E+001
  8.19000E+000,  9.0065E-001,  1.4574E+001
  8.20000E+000,  9.0973E-001,  1.4574E+001
  8.21000E+000,  9.0973E-001,  1.4583E+001
  8.22000E+000,  9.0973E-001,  1.4583E+001
  8.23000E+000,  9.0065E-001,  1.4583E+001
  8.24000E+000,  9.0065E-001,  1.4574E+001
  8.25000E+000,  9.0065E-001,  1.4574E+001
  8.26000E+000,  9.0973E-001,  1.4574E+001
  8.27000E+000,  9.0065E-001,  1.4574E+001
  8.28000E+000,  8.9158E-001,  1.4574E+001
  8.29000E+000,  8.9158E-001,  1.4574E+001
  8.30000E+000,  8.9158E-001,  1.4574E+001
  8.31000E+000,  9.0065E-001,  1.4574E+001
  8.32000E+000,  9.0065E-001,  1.4574E+001
  8.33000E+000,  9.0973E-001,  1.4583E+001
  8.34000E+000,  9.0065E-001,  1.4574E+001
  8.35000E+000,  9.0065E-001,  1.4574E+001
  8.36000E+000,  9.0065E-001,  1.4574E+001
  8.37000E+000,  9.0973E-001,  1.4574E+001
  8.38000E+000,  9.0065E-001,  1.4574E+001
  8.39000E+000,  9.0065E-001,  1.4574E+001
  8.40000E+000,  8.9158E-001,  1.4574E+001
  8.41000E+000,  9.0973E-001,  1.4583E+001
  8.42000E+000,  9.0065E-001,  1.4583E+001
  8.43000E+000,  9.0065E-001,  1.4583E+001
  8.44000E+000,  9.0065E-001,  1.4574E+001
  8.45000E+000,  9.0065E-001,  1.4574E+001
  8.46000E+000,  9.0973E-001,  1.4583E+001
  8.47000E+000,  9.0973E-001,  1.4583E+001
  8.48000E+000,  9.0973E-001,  1.4583E+001
  8.49000E+000,  9.0065E-001,  1.4574E+001
  8.50000E+000,  9.0065E-001,  1.4574E+001
  8.51000E+000,  9.0973E-001,  1.4583E+001
  8.52000E+000,  9.0065E-001,  1.4574E+001
  8.53000E+000,  9.0065E-001,  1.4574E+001
  8.54000E+000,  9.0065E-001,  1.4574E+001
  8.55000E+000,  8.9158E-001,  1.4574E+001
  8.56000E+000,  9.0065E-001,  1.4583E+001
  8.57000E+000,  9.0065E-001,  1.4574E+001
  8.58000E+000,  9.0065E-001,  1.4583E+001
  8.59000E+000,  9.0065E-001,  1.4574E+001
  8.60000E+000,  9.0973E-001,  1.4583E+001
  8.61000E+000,  9.0065E-001,  1.4574E+001
  8.62000E+000,  9.0065E-001,  1.4574E+001
  8.63000E+000,  9.0065E-001,  1.4574E+001
  8.64000E+000,  8.9158E-001,  1.4574E+001
  8.65000E+000,  9.0065E-001,  1.4574E+001
  8.66000E+000,  9.0973E-001,  1.4583E+001
  8.67000E+000,  9.0973E-001,  1.4574E+001
  8.68000E+000,  9.0973E-001,  1.4583E+001
  8.69000E+000,  9.0973E-001,  1.4574E+001
  8.70000E+000,  9.0973E-001,  1.4583E+001
  8.71000E+000,  9.0973E-001,  1.4583E+001
  8.72000E+000,  8.9158E-001,  1.4583E+001
  8.73000E+000,  9.0065E-001,  1.4574E+001
  8.74000E+000,  9.0973E-001,  1.4574E+001
  8.75000E+000,  9.0973E-001,  1.4574E+001
  8.76000E+000,  9.0065E-001,  1.4583E+001
  8.77000E+000,  9.0065E-001,  1.4574E+001
  8.78000E+000,  8.9158E-001,  1.4574E+001
  8.79000E+000,  9.0065E-001,  1.4574E+001
  8.80000E+000,  9.0973E-001,  1.4574E+001
  8.81000E+000,  9.1880E-001,  1.4583E+001
  8.82000E+000,  9.0065E-001,  1.4574E+001
  8.83000E+000,  8.9158E-001,  1.4583E+001
  8.84000E+000,  9.0065E-001,  1.4574E+001
  8.85000E+000,  8.9158E-001,  1.4574E+001
  8.86000E+000,  9.0065E-001,  1.4574E+001
  8.87000E+000,  9.0065E-001,  1.4574E+001
  8.88000E+000,  9.0065E-001,  1.4574E+001
  8.89000E+000,  8.9158E-001,  1.4574E+001
  8.90000E+000,  9.0065E-001,  1.4583E+001
  8.91000E+000,  9.0065E-001,  1.4574E+001
  8.92000E+000,  9.0065E-001,  1.4574E+001
  8.93000E+000,  9.0065E-001,  1.4583E+001
  8.94000E+000,  9.0065E-001,  1.4574E+001
  8.95000E+000,  9.0065E-001,  1.4583E+001
  8.96000E+000,  9.0973E-001,  1.4574E+001
  8.97000E+000,  9.0065E-001,  1.4574E+001
  8.98000E+000,  8.9158E-001,  1.4574E+001
  8.99000E+000,  8.9158E-001,  1.4574E+001
  9.00000E+000,  9.0065E-001,  1.4574E+001
  9.01000E+000,  9.0973E-001,  1.4583E+001
  9.02000E+000,  9.0065E-001,  1.4574E+001
  9.03000E+000,  9.0065E-001,  1.4583E+001
  9.04000E+000,  9.0065E-001,  1.4583E+001
  9.05000E+000,  9.0065E-001,  1.4583E+001
  9.06000E+000,  9.0065E-001,  1.4583E+001
  9.07000E+000,  9.0065E-001,  1.4574E+001
  9.08000E+000,  9.0065E-001,  1.4583E+001
  9.09000E+000,  9.0065E-001,  1.4574E+001
  9.10000E+000,  8.9158E-001,  1.4574E+001
  9.11000E+000,  9.0065E-001,  1.4574E+001
  9.12000E+000,  9.0065E-001,  1.4574E+001
  9.13000E+000,  8.9158E-001,  1.4574E+001
  9.14000E+000,  9.0065E-001,  1.4583E+001
  9.15000E+000,  9.0973E-001,  1.4583E+001
  9.16000E+000,  9.0065E-001,  1.4574E+001
  9.17000E+000,  9.0065E-001,  1.4574E+001
  9.18000E+000,  9.0065E-001,  1.4574E+001
  9.19000E+000,  9.0065E-001,  1.4574E+001
  9.20000E+000,  9.0065E-001,  1.4583E+001
  9.21000E+000,  9.0973E-001,  1.4583E+001
  9.22000E+000,  9.0065E-001,  1.4574E+001
  9.23000E+000,  9.0065E-001,  1.4574E+001
  9.24000E+000,  9.0065E-001,  1.4574E+001
  9.25000E+000,  9.0065E-001,  1.4574E+001
  9.26000E+000,  9.0065E-001,  1.4583E+001
  9.27000E+000,  9.0973E-001,  1.4583E+001
  9.28000E+000,  9.0973E-001,  1.4583E+001
  9.29000E+000,  9.0065E-001,  1.4574E+001
  9.30000E+000,  9.0065E-001,  1.4583E+001
  9.31000E+000,  9.0065E-001,  1.4574E+001
  9.32000E+000,  9.0065E-001,  1.4574E+001
  9.33000E+000,  9.0065E-001,  1.4565E+001
  9.34000E+000,  8.9158E-001,  1.4574E+001
  9.35000E+000,  9.0065E-001,  1.4574E+001
  9.36000E+000,  9.0065E-001,  1.4574E+001
  9.37000E+000,  9.0973E-001,  1.4583E+001
  9.38000E+000,  9.0973E-001,  1.4574E+001
  9.39000E+000,  9.0065E-001,  1.4583E+001
  9.40000E+000,  9.0065E-001,  1.4574E+001
  9.41000E+000,  9.0973E-001,  1.4583E+001
  9.42000E+000,  9.0973E-001,  1.4583E+001
  9.43000E+000,  9.0065E-001,  1.4574E+001
  9.44000E+000,  8.9158E-001,  1.4574E+001
  9.45000E+000,  9.0065E-001,  1.4574E+001
  9.46000E+000,  8.9158E-001,  1.4574E+001
  9.47000E+000,  9.0065E-001,  1.4565E+001
  9.48000E+000,  9.0065E-001,  1.4574E+001
  9.49000E+000,  9.0065E-001,  1.4574E+001
  9.50000E+000,  9.0973E-001,  1.4583E+001
  9.51000E+000,  9.0065E-001,  1.4583E+001
  9.52000E+000,  9.0973E-001,  1.4583E+001
  9.53000E+000,  9.0065E-001,  1.4574E+001
  9.54000E+000,  9.0065E-001,  1.4574E+001
  9.55000E+000,  8.9158E-001,  1.4574E+001
  9.56000E+000,  9.0065E-001,  1.4574E+001
  9.57000E+000,  8.9158E-001,  1.4574E+001
  9.58000E+000,  8.9158E-001,  1.4574E+001
  9.59000E+000,  9.0065E-001,  1.4574E+001
  9.60000E+000,  9.0065E-001,  1.4583E+001
  9.61000E+000,  9.0973E-001,  1.4583E+001
  9.62000E+000,  9.0065E-001,  1.4583E+001
  9.63000E+000,  9.0065E-001,  1.4583E+001
  9.64000E+000,  9.0065E-001,  1.4583E+001
  9.65000E+000,  9.0065E-001,  1.4574E+001
  9.66000E+000,  9.0065E-001,  1.4583E+001
  9.67000E+000,  9.0065E-001,  1.4574E+001
  9.68000E+000,  9.0065E-001,  1.4574E+001
  9.69000E+000,  8.9158E-001,  1.4574E+001
  9.70000E+000,  9.0065E-001,  1.4574E+001
  9.71000E+000,  9.0065E-001,  1.4583E+001
  9.72000E+000,  9.0065E-001,  1.4574E+001
  9.73000E+000,  9.0065E-001,  1.4574E+001
  9.74000E+000,  9.0065E-001,  1.4574E+001
  9.75000E+000,  9.0065E-001,  1.4574E+001
  9.76000E+000,  9.0973E-001,  1.4583E+001
  9.77000E+000,  9.0973E-001,  1.4574E+001
  9.78000E+000,  9.0065E-001,  1.4574E+001
  9.79000E+000,  9.0065E-001,  1.4565E+001
  9.80000E+000,  8.9158E-001,  1.4574E+001
  9.81000E+000,  9.0065E-001,  1.4574E+001
  9.82000E+000,  9.0065E-001,  1.4574E+001
  9.83000E+000,  9.0065E-001,  1.4583E+001
  9.84000E+000,  9.0065E-001,  1.4574E+001
  9.85000E+000,  9.0973E-001,  1.4583E+001
  9.86000E+000,  9.0973E-001,  1.4583E+001
  9.87000E+000,  9.0973E-001,  1.4583E+001
  9.88000E+000,  9.0065E-001,  1.4583E+001
  9.89000E+000,  9.0065E-001,  1.4574E+001
  9.90000E+000,  8.9158E-001,  1.4574E+001
  9.91000E+000,  9.0065E-001,  1.4574E+001
  9.92000E+000,  9.0065E-001,  1.4574E+001
  9.93000E+000,  9.0973E-001,  1.4583E+001
  9.94000E+000,  9.0065E-001,  1.4574E+001
  9.95000E+000,  9.0065E-001,  1.4574E+001
  9.96000E+000,  9.0065E-001,  1.4574E+001
  9.97000E+000,  9.0065E-001,  1.4583E+001
  9.98000E+000,  9.0065E-001,  1.4574E+001
  9.99000E+000,  9.0973E-001,  1.4583E+001
  1.00000E+001,  9.0065E-001,  1.4583E+001
  1.00100E+001,  9.0065E-001,  1.4574E+001
  1.00200E+001,  9.0065E-001,  1.4574E+001
  1.00300E+001,  9.0065E-001,  1.4574E+001
  1.00400E+001,  9.0065E-001,  1.4574E+001
  1.00500E+001,  8.9158E-001,  1.4574E+001
  1.00600E+001,  8.9158E-001,  1.4574E+001
  1.00700E+001,  9.0065E-001,  1.4574E+001
  1.00800E+001,  8.9158E-001,  1.4583E+001
  1.00900E+001,  9.0065E-001,  1.4583E+001
  1.01000E+001,  9.0065E-001,  1.4574E+001
  1.01100E+001,  9.0065E-001,  1.4583E+001
  1.01200E+001,  9.0065E-001,  1.4574E+001
  1.01300E+001,  9.0065E-001,  1.4574E+001
  1.01400E+001,  9.0065E-001,  1.4583E+001
  1.01500E+001,  9.0065E-001,  1.4583E+001
  1.01600E+001,  9.0065E-001,  1.4574E+001
  1.01700E+001,  8.9158E-001,  1.4574E+001
  1.01800E+001,  8.9158E-001,  1.4574E+001
  1.01900E+001,  9.0065E-001,  1.4574E+001
  1.02000E+001,  9.0973E-001,  1.4583E+001
  1.02100E+001,  9.1880E-001,  1.4592E+001
  1.02200E+001,  9.0973E-001,  1.4583E+001
  1.02300E+001,  9.0065E-001,  1.4583E+001
  1.02400E+001,  8.9158E-001,  1.4574E+001
  1.02500E+001,  9.0065E-001,  1.4583E+001
  1.02600E+001,  9.0065E-001,  1.4583E+001
  1.02700E+001,  8.9158E-001,  1.4574E+001
  1.02800E+001,  8.9158E-001,  1.4574E+001
  1.02900E+001,  8.9158E-001,  1.4574E+001
  1.03000E+001,  9.0065E-001,  1.4583E+001
  1.03100E+001,  9.0973E-001,  1.4583E+001
  1.03200E+001,  8.9158E-001,  1.4574E+001
  1.03300E+001,  9.0065E-001,  1.4574E+001
  1.03400E+001,  9.0065E-001,  1.4574E+001
  1.03500E+001,  9.0065E-001,  1.4574E+001
  1.03600E+001,  9.0973E-001,  1.4583E+001
  1.03700E+001,  9.0065E-001,  1.4574E+001
  1.03800E+001,  9.0065E-001,  1.4583E+001
  1.03900E+001,  8.9158E-001,  1.4574E+001
  1.04000E+001,  9.0065E-001,  1.4583E+001
  1.04100E+001,  9.0065E-001,  1.4583E+001
  1.04200E+001,  9.0065E-001,  1.4583E+001
  1.04300E+001,  9.0065E-001,  1.4583E+001
  1.04400E+001,  9.0065E-001,  1.4583E+001
  1.04500E+001,  9.0065E-001,  1.4583E+001
  1.04600E+001,  9.0065E-001,  1.4592E+001
  1.04700E+001,  9.0065E-001,  1.4583E+001
  1.04800E+001,  9.0065E-001,  1.4592E+001
  1.04900E+001,  9.0065E-001,  1.4574E+001
  1.05000E+001,  9.0065E-001,  1.4583E+001
  1.05100E+001,  8.9158E-001,  1.4574E+001
  1.05200E+001,  8.9158E-001,  1.4574E+001
  1.05300E+001,  8.9158E-001,  1.4574E+001
  1.05400E+001,  8.9158E-001,  1.4574E+001
  1.05500E+001,  9.0065E-001,  1.4583E+001
  1.05600E+001,  9.0065E-001,  1.4583E+001
  1.05700E+001,  9.0065E-001,  1.4574E+001
  1.05800E+001,  9.0065E-001,  1.4583E+001
  1.05900E+001,  8.9158E-001,  1.4574E+001
  1.06000E+001,  9.0065E-001,  1.4583E+001
  1.06100E+001,  8.9158E-001,  1.4574E+001
  1.06200E+001,  8.9158E-001,  1.4574E+001
  1.06300E+001,  9.0065E-001,  1.4583E+001
  1.06400E+001,  9.0065E-001,  1.4574E+001
  1.06500E+001,  9.0065E-001,  1.4574E+001
  1.06600E+001,  9.0065E-001,  1.4583E+001
  1.06700E+001,  8.9158E-001,  1.4583E+001
  1.06800E+001,  9.0065E-001,  1.4583E+001
  1.06900E+001,  9.0065E-001,  1.4583E+001
  1.07000E+001,  9.0065E-001,  1.4583E+001
  1.07100E+001,  9.0065E-001,  1.4574E+001
  1.07200E+001,  9.0065E-001,  1.4574E+001
  1.07300E+001,  9.0065E-001,  1.4583E+001
  1.07400E+001,  8.9158E-001,  1.4574E+001
  1.07500E+001,  8.9158E-001,  1.4583E+001
  1.07600E+001,  8.9158E-001,  1.4574E+001
  1.07700E+001,  9.0065E-001,  1.4574E+001
  1.07800E+001,  9.0065E-001,  1.4583E+001
  1.07900E+001,  9.0065E-001,  1.4592E+001
  1.08000E+001,  8.9158E-001,  1.4583E+001
  1.08100E+001,  9.0065E-001,  1.4583E+001
  1.08200E+001,  9.0065E-001,  1.4574E+001
  1.08300E+001,  9.0065E-001,  1.4592E+001
  1.08400E+001,  8.9158E-001,  1.4583E+001
  1.08500E+001,  9.0065E-001,  1.4574E+001
  1.08600E+001,  8.9158E-001,  1.4583E+001
  1.08700E+001,  9.0065E-001,  1.4574E+001
  1.08800E+001,  8.9158E-001,  1.4574E+001
  1.08900E+001,  8.9158E-001,  1.4574E+001
  1.09000E+001,  8.9158E-001,  1.4583E+001
  1.09100E+001,  8.9158E-001,  1.4583E+001
  1.09200E+001,  8.9158E-001,  1.4583E+001
  1.09300E+001,  9.0065E-001,  1.4583E+001
  1.09400E+001,  9.0065E-001,  1.4583E+001
  1.09500E+001,  9.0973E-001,  1.4583E+001
  1.09600E+001,  8.9158E-001,  1.4583E+001
  1.09700E+001,  9.0065E-001,  1.4583E+001
  1.09800E+001,  9.0065E-001,  1.4574E+001
  1.09900E+001,  8.9158E-001,  1.4574E+001
  1.10000E+001,  8.9158E-001,  1.4583E+001
  1.10100E+001,  9.0065E-001,  1.4583E+001
  1.10200E+001,  9.0065E-001,  1.4574E+001
  1.10300E+001,  9.0973E-001,  1.4583E+001
  1.10400E+001,  9.0065E-001,  1.4574E+001
  1.10500E+001,  9.0065E-001,  1.4583E+001
  1.10600E+001,  9.0065E-001,  1.4583E+001
  1.10700E+001,  9.0065E-001,  1.4583E+001
  1.10800E+001,  8.9158E-001,  1.4574E+001
  1.10900E+001,  8.8250E-001,  1.4574E+001
  1.11000E+001,  8.9158E-001,  1.4574E+001
  1.11100E+001,  8.9158E-001,  1.4574E+001
  1.11200E+001,  9.0065E-001,  1.4583E+001
  1.11300E+001,  9.0065E-001,  1.4574E+001
  1.11400E+001,  8.9158E-001,  1.4574E+001
  1.11500E+001,  8.9158E-001,  1.4583E+001
  1.11600E+001,  8.9158E-001,  1.4583E+001
  1.11700E+001,  9.0065E-001,  1.4574E+001
  1.11800E+001,  9.0065E-001,  1.4583E+001
  1.11900E+001,  8.9158E-001,  1.4583E+001
  1.12000E+001,  8.9158E-001,  1.4583E+001
  1.12100E+001,  8.9158E-001,  1.4574E+001
  1.12200E+001,  8.9158E-001,  1.4574E+001
  1.12300E+001,  9.0065E-001,  1.4574E+001
  1.12400E+001,  8.9158E-001,  1.4583E+001
  1.12500E+001,  9.0065E-001,  1.4583E+001
  1.12600E+001,  9.0065E-001,  1.4583E+001
  1.12700E+001,  9.0065E-001,  1.4592E+001
  1.12800E+001,  9.0065E-001,  1.4592E+001
  1.12900E+001,  9.0065E-001,  1.4583E+001
  1.13000E+001,  9.0065E-001,  1.4583E+001
  1.13100E+001,  8.9158E-001,  1.4574E+001
  1.13200E+001,  9.0065E-001,  1.4574E+001
  1.13300E+001,  8.9158E-001,  1.4583E+001
  1.13400E+001,  9.0065E-001,  1.4574E+001
  1.13500E+001,  8.9158E-001,  1.4583E+001
  1.13600E+001,  8.9158E-001,  1.4574E+001
  1.13700E+001,  9.0065E-001,  1.4574E+001
  1.13800E+001,  9.0065E-001,  1.4583E+001
  1.13900E+001,  9.0065E-001,  1.4583E+001
  1.14000E+001,  9.0065E-001,  1.4583E+001
  1.14100E+001,  9.0065E-001,  1.4583E+001
  1.14200E+001,  8.9158E-001,  1.4574E+001
  1.14300E+001,  8.9158E-001,  1.4574E+001
  1.14400E+001,  8.9158E-001,  1.4574E+001
  1.14500E+001,  9.0065E-001,  1.4574E+001
  1.14600E+001,  9.0065E-001,  1.4583E+001
  1.14700E+001,  8.9158E-001,  1.4574E+001
  1.14800E+001,  9.0065E-001,  1.4574E+001
  1.14900E+001,  8.9158E-001,  1.4574E+001
  1.15000E+001,  9.0065E-001,  1.4574E+001
  1.15100E+001,  8.9158E-001,  1.4583E+001
  1.15200E+001,  9.0973E-001,  1.4583E+001
  1.15300E+001,  9.0065E-001,  1.4583E+001
  1.15400E+001,  9.0065E-001,  1.4583E+001
  1.15500E+001,  9.0973E-001,  1.4583E+001
  1.15600E+001,  8.9158E-001,  1.4574E+001
  1.15700E+001,  9.0065E-001,  1.4574E+001
  1.15800E+001,  8.9158E-001,  1.4574E+001
  1.15900E+001,  8.9158E-001,  1.4574E+001
  1.16000E+001,  8.9158E-001,  1.4574E+001
  1.16100E+001,  9.0065E-001,  1.4583E+001
  1.16200E+001,  9.0065E-001,  1.4574E+001
  1.16300E+001,  9.0065E-001,  1.4574E+001
  1.16400E+001,  8.9158E-001,  1.4574E+001
  1.16500E+001,  9.0065E-001,  1.4583E+001
  1.16600E+001,  9.0065E-001,  1.4574E+001
  1.16700E+001,  8.9158E-001,  1.4574E+001
  1.16800E+001,  8.9158E-001,  1.4565E+001
  1.16900E+001,  9.0065E-001,  1.4574E+001
  1.17000E+001,  8.9158E-001,  1.4574E+001
  1.17100E+001,  9.0065E-001,  1.4574E+001
  1.17200E+001,  8.9158E-001,  1.4574E+001
  1.17300E+001,  9.0065E-001,  1.4574E+001
  1.17400E+001,  9.0065E-001,  1.4583E+001
  1.17500E+001,  9.0065E-001,  1.4583E+001
  1.17600E+001,  9.0065E-001,  1.4574E+001
  1.17700E+001,  8.9158E-001,  1.4574E+001
  1.17800E+001,  9.0065E-001,  1.4574E+001
  1.17900E+001,  8.9158E-001,  1.4574E+001
  1.18000E+001,  9.0065E-001,  1.4574E+001
  1.18100E+001,  9.0973E-001,  1.4574E+001
  1.18200E+001,  8.9158E-001,  1.4574E+001
  1.18300E+001,  9.0065E-001,  1.4574E+001
  1.18400E+001,  9.0065E-001,  1.4574E+001
  1.18500E+001,  9.0065E-001,  1.4583E+001
  1.18600E+001,  9.0065E-001,  1.4583E+001
  1.18700E+001,  9.0065E-001,  1.4583E+001
  1.18800E+001,  9.0065E-001,  1.4574E+001
  1.18900E+001,  9.0065E-001,  1.4574E+001
  1.19000E+001,  9.0065E-001,  1.4583E+001
  1.19100E+001,  9.0065E-001,  1.4574E+001
  1.19200E+001,  9.0065E-001,  1.4574E+001
  1.19300E+001,  8.9158E-001,  1.4574E+001
  1.19400E+001,  8.9158E-001,  1.4574E+001
  1.19500E+001,  8.9158E-001,  1.4574E+001
  1.19600E+001,  9.0973E-001,  1.4574E+001
  1.19700E+001,  9.0065E-001,  1.4574E+001
  1.19800E+001,  9.0065E-001,  1.4565E+001
  1.19900E+001,  9.0065E-001,  1.4583E+001
  1.20000E+001,  9.0065E-001,  1.4574E+001
  1.20100E+001,  9.0065E-001,  1.4574E+001
  1.20200E+001,  9.0065E-001,  1.4574E+001
  1.20300E+001,  8.9158E-001,  1.4574E+001
  1.20400E+001,  8.9158E-001,  1.4565E+001
  1.20500E+001,  9.0065E-001,  1.4574E+001
  1.20600E+001,  9.0065E-001,  1.4574E+001
  1.20700E+001,  9.0065E-001,  1.4574E+001
  1.20800E+001,  9.0065E-001,  1.4574E+001
  1.20900E+001,  9.0065E-001,  1.4574E+001
  1.21000E+001,  9.0065E-001,  1.4583E+001
  1.21100E+001,  9.0065E-001,  1.4583E+001
  1.21200E+001,  9.0065E-001,  1.4574E+001
  1.21300E+001,  8.9158E-001,  1.4574E+001
  1.21400E+001,  8.9158E-001,  1.4565E+001
  1.21500E+001,  8.9158E-001,  1.4574E+001
  1.21600E+001,  9.0065E-001,  1.4574E+001
  1.21700E+001,  8.9158E-001,  1.4574E+001
  1.21800E+001,  8.9158E-001,  1.4574E+001
  1.21900E+001,  8.9158E-001,  1.4574E+001
  1.22000E+001,  8.9158E-001,  1.4574E+001
  1.22100E+001,  8.9158E-001,  1.4565E+001
  1.22200E+001,  8.9158E-001,  1.4574E+001
  1.22300E+001,  8.9158E-001,  1.4583E+001
  1.22400E+001,  8.9158E-001,  1.4574E+001
  1.22500E+001,  8.9158E-001,  1.4574E+001
  1.22600E+001,  9.0065E-001,  1.4583E+001
  1.22700E+001,  8.9158E-001,  1.4574E+001
  1.22800E+001,  8.9158E-001,  1.4574E+001
  1.22900E+001,  8.9158E-001,  1.4574E+001
  1.23000E+001,  9.0065E-001,  1.4574E+001
  1.23100E+001,  8.9158E-001,  1.4574E+001
  1.23200E+001,  8.9158E-001,  1.4574E+001
  1.23300E+001,  8.9158E-001,  1.4574E+001
  1.23400E+001,  8.9158E-001,  1.4574E+001
  1.23500E+001,  9.0065E-001,  1.4574E+001
  1.23600E+001,  9.0065E-001,  1.4574E+001
  1.23700E+001,  9.0065E-001,  1.4574E+001
  1.23800E+001,  9.0065E-001,  1.4574E+001
  1.23900E+001,  8.9158E-001,  1.4574E+001
  1.24000E+001,  8.9158E-001,  1.4574E+001
  1.24100E+001,  9.0065E-001,  1.4574E+001
  1.24200E+001,  8.9158E-001,  1.4565E+001
  1.24300E+001,  8.9158E-001,  1.4574E+001
  1.24400E+001,  8.9158E-001,  1.4574E+001
  1.24500E+001,  8.9158E-001,  1.4574E+001
  1.24600E+001,  9.0065E-001,  1.4574E+001
  1.24700E+001,  9.0065E-001,  1.4574E+001
  1.24800E+001,  9.0065E-001,  1.4574E+001
  1.24900E+001,  8.9158E-001,  1.4574E+001
  1.25000E+001,  8.9158E-001,  1.4574E+001
  1.25100E+001,  8.9158E-001,  1.4574E+001
  1.25200E+001,  8.9158E-001,  1.4565E+001
  1.25300E+001,  8.9158E-001,  1.4574E+001
  1.25400E+001,  8.9158E-001,  1.4565E+001
  1.25500E+001,  8.9158E-001,  1.4574E+001
  1.25600E+001,  9.0065E-001,  1.4574E+001
  1.25700E+001,  8.9158E-001,  1.4574E+001
  1.25800E+001,  9.0065E-001,  1.4574E+001
  1.25900E+001,  9.0065E-001,  1.4574E+001
  1.26000E+001,  8.9158E-001,  1.4583E+001
  1.26100E+001,  9.0065E-001,  1.4583E+001
  1.26200E+001,  8.9158E-001,  1.4574E+001
  1.26300E+001,  8.9158E-001,  1.4565E+001
  1.26400E+001,  8.9158E-001,  1.4565E+001
  1.26500E+001,  8.8250E-001,  1.4574E+001
  1.26600E+001,  9.0065E-001,  1.4574E+001
  1.26700E+001,  8.9158E-001,  1.4574E+001
  1.26800E+001,  9.0065E-001,  1.4574E+001
  1.26900E+001,  8.9158E-001,  1.4574E+001
  1.27000E+001,  9.0065E-001,  1.4574E+001
  1.27100E+001,  8.9158E-001,  1.4583E+001
  1.27200E+001,  9.0065E-001,  1.4574E+001
  1.27300E+001,  8.9158E-001,  1.4574E+001
  1.27400E+001,  8.9158E-001,  1.4565E+001
  1.27500E+001,  9.0065E-001,  1.4574E+001
  1.27600E+001,  9.0065E-001,  1.4574E+001
  1.27700E+001,  8.9158E-001,  1.4565E+001
  1.27800E+001,  8.9158E-001,  1.4574E+001
  1.27900E+001,  9.0065E-001,  1.4565E+001
  1.28000E+001,  9.0065E-001,  1.4583E+001
  1.28100E+001,  8.9158E-001,  1.4574E+001
  1.28200E+001,  9.0973E-001,  1.4574E+001
  1.28300E+001,  9.0065E-001,  1.4574E+001
  1.28400E+001,  8.9158E-001,  1.4574E+001
  1.28500E+001,  8.8250E-001,  1.4565E+001
  1.28600E+001,  8.9158E-001,  1.4565E+001
  1.28700E+001,  8.9158E-001,  1.4565E+001
  1.28800E+001,  8.9158E-001,  1.4574E+001
  1.28900E+001,  8.9158E-001,  1.4574E+001
  1.29000E+001,  9.0065E-001,  1.4574E+001
  1.29100E+001,  8.9158E-001,  1.4574E+001
  1.29200E+001,  8.9158E-001,  1.4574E+001
  1.29300E+001,  9.0065E-001,  1.4574E+001
  1.29400E+001,  8.9158E-001,  1.4574E+001
  1.29500E+001,  9.0973E-001,  1.4574E+001
  1.29600E+001,  8.9158E-001,  1.4574E+001
  1.29700E+001,  8.8250E-001,  1.4565E+001
  1.29800E+001,  8.9158E-001,  1.4565E+001
  1.29900E+001,  8.9158E-001,  1.4565E+001
  1.30000E+001,  8.9158E-001,  1.4574E+001
  1.30100E+001,  8.9158E-001,  1.4565E+001
  1.30200E+001,  9.0065E-001,  1.4574E+001
  1.30300E+001,  9.0065E-001,  1.4574E+001
  1.30400E+001,  8.9158E-001,  1.4574E+001
  1.30500E+001,  9.0065E-001,  1.4574E+001
  1.30600E+001,  9.0065E-001,  1.4574E+001
  1.30700E+001,  8.9158E-001,  1.4574E+001
  1.30800E+001,  9.0065E-001,  1.4574E+001
  1.30900E+001,  9.0065E-001,  1.4574E+001
  1.31000E+001,  8.9158E-001,  1.4574E+001
  1.31100E+001,  8.9158E-001,  1.4565E+001
  1.31200E+001,  8.9158E-001,  1.4565E+001
  1.31300E+001,  8.9158E-001,  1.4574E+001
  1.31400E+001,  8.8250E-001,  1.4565E+001
  1.31500E+001,  9.0065E-001,  1.4574E+001
  1.31600E+001,  9.0065E-001,  1.4574E+001
  1.31700E+001,  9.0065E-001,  1.4574E+001
  1.31800E+001,  8.9158E-001,  1.4574E+001
  1.31900E+001,  8.9158E-001,  1.4565E+001
  1.32000E+001,  8.9158E-001,  1.4574E+001
