# [Parameters]
# Name = 'firc'
# ShotNo = 114282
# Date = '11/08/2012 00:52'
# 
# DimNo = 1
# DimName = 'Time'
# DimSize = 1311
# DimUnit = 's'
# 
# ValNo = 2
# ValName = 'nL(3669)', 'nL(3759)'
# ValUnit = 'e19m-2', 'e19m-2'
# [Comments]
#  
# [data]
  1.0000E-001, -6.4692E-003, -3.0068E-003
  1.1000E-001, -6.4692E-003, -3.0068E-003
  1.2000E-001,  2.6423E-003, -3.0068E-003
  1.3000E-001,  2.6423E-003, -3.0068E-003
  1.4000E-001, -6.4692E-003, -3.0068E-003
  1.5000E-001, -6.4692E-003, -3.0068E-003
  1.6000E-001,  2.6423E-003,  6.1056E-003
  1.7000E-001, -6.4692E-003, -3.0068E-003
  1.8000E-001,  2.6423E-003,  6.1056E-003
  1.9000E-001,  1.1755E-002, -3.0068E-003
  2.0000E-001,  2.6423E-003, -3.0068E-003
  2.1000E-001,  2.6423E-003,  6.1056E-003
  2.2000E-001, -6.4692E-003, -3.0068E-003
  2.3000E-001,  2.6423E-003,  6.1056E-003
  2.4000E-001,  2.6423E-003,  6.1056E-003
  2.5000E-001,  2.6423E-003,  6.1056E-003
  2.6000E-001, -6.4692E-003, -3.0068E-003
  2.7000E-001,  2.6423E-003, -3.0068E-003
  2.8000E-001,  2.6423E-003,  6.1056E-003
  2.9000E-001,  1.1755E-002, -3.0068E-003
  3.0000E-001,  2.6423E-003, -3.0068E-003
  3.1000E-001, -6.4692E-003, -3.0068E-003
  3.2000E-001,  2.6423E-003, -3.0068E-003
  3.3000E-001,  1.1755E-002, -3.0068E-003
  3.4000E-001,  1.1755E-002, -3.0068E-003
  3.5000E-001,  2.6423E-003, -3.0068E-003
  3.6000E-001,  2.6423E-003, -3.0068E-003
  3.7000E-001,  2.6423E-003,  6.1056E-003
  3.8000E-001,  2.6423E-003, -3.0068E-003
  3.9000E-001,  1.1755E-002, -3.0068E-003
  4.0000E-001,  2.6423E-003, -3.0068E-003
  4.1000E-001,  1.1755E-002, -3.0068E-003
  4.2000E-001,  2.6423E-003, -3.0068E-003
  4.3000E-001, -6.4692E-003, -3.0068E-003
  4.4000E-001,  2.6423E-003, -3.0068E-003
  4.5000E-001,  2.6423E-003, -3.0068E-003
  4.6000E-001, -6.4692E-003, -3.0068E-003
  4.7000E-001,  2.6423E-003,  6.1056E-003
  4.8000E-001,  1.1755E-002, -3.0068E-003
  4.9000E-001,  1.1755E-002,  6.1056E-003
  5.0000E-001,  1.1755E-002, -3.0068E-003
  5.1000E-001,  2.6423E-003, -3.0068E-003
  5.2000E-001, -6.4692E-003, -3.0068E-003
  5.3000E-001,  1.1755E-002,  6.1056E-003
  5.4000E-001,  1.1755E-002, -3.0068E-003
  5.5000E-001,  2.6423E-003, -3.0068E-003
  5.6000E-001,  2.6423E-003, -3.0068E-003
  5.7000E-001, -6.4692E-003, -3.0068E-003
  5.8000E-001, -6.4692E-003,  6.1056E-003
  5.9000E-001,  2.6423E-003, -3.0068E-003
  6.0000E-001,  2.6423E-003, -3.0068E-003
  6.1000E-001,  2.6423E-003,  6.1056E-003
  6.2000E-001,  2.6423E-003, -3.0068E-003
  6.3000E-001,  2.6423E-003, -3.0068E-003
  6.4000E-001,  2.6423E-003, -3.0068E-003
  6.5000E-001,  2.6423E-003, -3.0068E-003
  6.6000E-001, -6.4692E-003, -3.0068E-003
  6.7000E-001, -6.4692E-003, -3.0068E-003
  6.8000E-001,  1.1755E-002,  6.1056E-003
  6.9000E-001,  1.1755E-002, -3.0068E-003
  7.0000E-001,  2.6423E-003, -3.0068E-003
  7.1000E-001,  2.6423E-003, -3.0068E-003
  7.2000E-001,  2.6423E-003, -3.0068E-003
  7.3000E-001,  2.6423E-003,  6.1056E-003
  7.4000E-001,  2.6423E-003,  6.1056E-003
  7.5000E-001, -6.4692E-003, -3.0068E-003
  7.6000E-001, -6.4692E-003, -3.0068E-003
  7.7000E-001,  2.6423E-003, -3.0068E-003
  7.8000E-001,  2.6423E-003,  6.1056E-003
  7.9000E-001,  2.6423E-003,  6.1056E-003
  8.0000E-001,  1.1755E-002, -3.0068E-003
  8.1000E-001,  2.6423E-003, -3.0068E-003
  8.2000E-001,  2.6423E-003,  6.1056E-003
  8.3000E-001,  1.1755E-002,  6.1056E-003
  8.4000E-001,  2.6423E-003, -3.0068E-003
  8.5000E-001,  2.6423E-003, -3.0068E-003
  8.6000E-001,  2.6423E-003, -3.0068E-003
  8.7000E-001,  2.6423E-003, -3.0068E-003
  8.8000E-001,  1.1755E-002, -3.0068E-003
  8.9000E-001,  2.6423E-003,  6.1056E-003
  9.0000E-001,  1.1755E-002, -1.2118E-002
  9.1000E-001, -6.4692E-003, -3.0068E-003
  9.2000E-001, -6.4692E-003, -3.0068E-003
  9.3000E-001,  2.6423E-003,  6.1056E-003
  9.4000E-001,  1.1755E-002, -3.0068E-003
  9.5000E-001,  2.6423E-003, -3.0068E-003
  9.6000E-001,  1.1755E-002, -3.0068E-003
  9.7000E-001,  2.6423E-003, -3.0068E-003
  9.8000E-001,  1.1755E-002,  6.1056E-003
  9.9000E-001,  2.6423E-003, -3.0068E-003
  1.0000E+000, -6.4692E-003, -3.0068E-003
  1.0100E+000,  2.6423E-003, -3.0068E-003
  1.0200E+000,  2.6423E-003, -3.0068E-003
  1.0300E+000,  2.6423E-003, -3.0068E-003
  1.0400E+000,  2.6423E-003,  6.1056E-003
  1.0500E+000, -6.4692E-003, -3.0068E-003
  1.0600E+000, -6.4692E-003, -3.0068E-003
  1.0700E+000,  1.1755E-002,  6.1056E-003
  1.0800E+000,  1.1755E-002,  6.1056E-003
  1.0900E+000,  2.6423E-003, -3.0068E-003
  1.1000E+000,  2.6423E-003,  6.1056E-003
  1.1100E+000,  2.6423E-003, -3.0068E-003
  1.1200E+000,  2.6423E-003, -3.0068E-003
  1.1300E+000, -6.4692E-003, -3.0068E-003
  1.1400E+000,  2.6423E-003, -3.0068E-003
  1.1500E+000,  2.6423E-003, -3.0068E-003
  1.1600E+000,  1.1755E-002, -3.0068E-003
  1.1700E+000,  1.1755E-002,  6.1056E-003
  1.1800E+000,  2.6423E-003,  6.1056E-003
  1.1900E+000,  2.6423E-003, -3.0068E-003
  1.2000E+000,  2.6423E-003, -3.0068E-003
  1.2100E+000,  1.1755E-002, -3.0068E-003
  1.2200E+000,  1.1755E-002, -3.0068E-003
  1.2300E+000,  2.6423E-003, -3.0068E-003
  1.2400E+000,  2.6423E-003, -3.0068E-003
  1.2500E+000,  2.6423E-003, -1.2118E-002
  1.2600E+000,  1.1755E-002,  6.1056E-003
  1.2700E+000,  1.1755E-002, -3.0068E-003
  1.2800E+000,  2.6423E-003, -3.0068E-003
  1.2900E+000,  2.6423E-003, -3.0068E-003
  1.3000E+000,  1.1755E-002, -3.0068E-003
  1.3100E+000,  1.1755E-002,  6.1056E-003
  1.3200E+000,  2.6423E-003, -1.2118E-002
  1.3300E+000,  1.1755E-002,  6.1056E-003
  1.3400E+000,  2.6423E-003, -3.0068E-003
  1.3500E+000,  1.1755E-002, -3.0068E-003
  1.3600E+000,  2.6423E-003, -3.0068E-003
  1.3700E+000,  1.1755E-002, -3.0068E-003
  1.3800E+000,  2.6423E-003, -3.0068E-003
  1.3900E+000,  1.1755E-002,  6.1056E-003
  1.4000E+000,  1.1755E-002, -3.0068E-003
  1.4100E+000,  2.6423E-003, -3.0068E-003
  1.4200E+000,  2.6423E-003, -3.0068E-003
  1.4300E+000,  1.1755E-002, -3.0068E-003
  1.4400E+000,  1.1755E-002, -3.0068E-003
  1.4500E+000,  2.6423E-003, -3.0068E-003
  1.4600E+000,  2.6423E-003, -3.0068E-003
  1.4700E+000,  2.6423E-003, -3.0068E-003
  1.4800E+000,  2.6423E-003, -3.0068E-003
  1.4900E+000,  2.6423E-003, -3.0068E-003
  1.5000E+000,  2.6423E-003, -3.0068E-003
  1.5100E+000,  1.1755E-002, -3.0068E-003
  1.5200E+000,  2.6423E-003, -3.0068E-003
  1.5300E+000,  2.6423E-003, -3.0068E-003
  1.5400E+000,  2.6423E-003, -1.2118E-002
  1.5500E+000,  2.6423E-003, -3.0068E-003
  1.5600E+000, -6.4692E-003, -3.0068E-003
  1.5700E+000, -6.4692E-003, -3.0068E-003
  1.5800E+000,  2.6423E-003, -1.2118E-002
  1.5900E+000,  1.1755E-002, -3.0068E-003
  1.6000E+000, -6.4692E-003, -3.0068E-003
  1.6100E+000,  2.6423E-003, -3.0068E-003
  1.6200E+000,  2.6423E-003, -3.0068E-003
  1.6300E+000,  2.6423E-003, -3.0068E-003
  1.6400E+000,  2.6423E-003,  6.1056E-003
  1.6500E+000,  2.6423E-003, -3.0068E-003
  1.6600E+000,  2.6423E-003,  6.1056E-003
  1.6700E+000,  2.6423E-003, -3.0068E-003
  1.6800E+000,  2.6423E-003,  6.1056E-003
  1.6900E+000,  1.1755E-002, -3.0068E-003
  1.7000E+000,  2.6423E-003, -3.0068E-003
  1.7100E+000,  2.6423E-003, -3.0068E-003
  1.7200E+000, -6.4692E-003,  6.1056E-003
  1.7300E+000,  2.6423E-003,  6.1056E-003
  1.7400E+000,  2.6423E-003, -3.0068E-003
  1.7500E+000,  2.6423E-003, -3.0068E-003
  1.7600E+000, -6.4692E-003, -3.0068E-003
  1.7700E+000,  2.6423E-003, -3.0068E-003
  1.7800E+000, -6.4692E-003, -3.0068E-003
  1.7900E+000,  2.6423E-003, -3.0068E-003
  1.8000E+000, -6.4692E-003, -3.0068E-003
  1.8100E+000,  2.6423E-003, -3.0068E-003
  1.8200E+000,  2.6423E-003, -3.0068E-003
  1.8300E+000,  2.6423E-003, -3.0068E-003
  1.8400E+000,  2.6423E-003, -3.0068E-003
  1.8500E+000,  2.6423E-003, -3.0068E-003
  1.8600E+000, -6.4692E-003, -3.0068E-003
  1.8700E+000,  2.6423E-003, -3.0068E-003
  1.8800E+000, -6.4692E-003, -3.0068E-003
  1.8900E+000,  2.6423E-003, -3.0068E-003
  1.9000E+000, -6.4692E-003, -3.0068E-003
  1.9100E+000, -6.4692E-003, -3.0068E-003
  1.9200E+000, -6.4692E-003, -3.0068E-003
  1.9300E+000, -6.4692E-003, -3.0068E-003
  1.9400E+000,  2.6423E-003, -3.0068E-003
  1.9500E+000, -6.4692E-003, -3.0068E-003
  1.9600E+000, -6.4692E-003, -3.0068E-003
  1.9700E+000, -6.4692E-003, -3.0068E-003
  1.9800E+000,  2.6423E-003,  6.1056E-003
  1.9900E+000,  2.6423E-003,  6.1056E-003
  2.0000E+000,  2.6423E-003, -3.0068E-003
  2.0100E+000,  2.6423E-003, -3.0068E-003
  2.0200E+000,  2.6423E-003, -3.0068E-003
  2.0300E+000,  2.6423E-003, -3.0068E-003
  2.0400E+000, -6.4692E-003, -3.0068E-003
  2.0500E+000,  2.6423E-003, -3.0068E-003
  2.0600E+000,  2.6423E-003, -3.0068E-003
  2.0700E+000,  2.6423E-003, -3.0068E-003
  2.0800E+000,  2.6423E-003, -3.0068E-003
  2.0900E+000,  2.6423E-003,  6.1056E-003
  2.1000E+000, -6.4692E-003, -3.0068E-003
  2.1100E+000,  2.6423E-003,  6.1056E-003
  2.1200E+000,  2.6423E-003, -3.0068E-003
  2.1300E+000,  2.6423E-003, -3.0068E-003
  2.1400E+000,  2.6423E-003, -3.0068E-003
  2.1500E+000, -6.4692E-003, -3.0068E-003
  2.1600E+000, -6.4692E-003,  6.1056E-003
  2.1700E+000, -6.4692E-003, -3.0068E-003
  2.1800E+000,  2.6423E-003, -3.0068E-003
  2.1900E+000,  2.6423E-003,  6.1056E-003
  2.2000E+000,  2.6423E-003,  6.1056E-003
  2.2100E+000,  2.6423E-003, -3.0068E-003
  2.2200E+000,  2.6423E-003, -3.0068E-003
  2.2300E+000,  2.6423E-003, -3.0068E-003
  2.2400E+000,  2.6423E-003, -3.0068E-003
  2.2500E+000, -6.4692E-003, -3.0068E-003
  2.2600E+000, -1.5582E-002, -3.0068E-003
  2.2700E+000, -6.4692E-003,  6.1056E-003
  2.2800E+000, -6.4692E-003, -3.0068E-003
  2.2900E+000,  2.6423E-003, -3.0068E-003
  2.3000E+000, -6.4692E-003, -3.0068E-003
  2.3100E+000, -6.4692E-003, -3.0068E-003
  2.3200E+000,  2.6423E-003, -3.0068E-003
  2.3300E+000,  2.6423E-003,  6.1056E-003
  2.3400E+000, -6.4692E-003,  6.1056E-003
  2.3500E+000,  2.6423E-003,  6.1056E-003
  2.3600E+000, -6.4692E-003, -3.0068E-003
  2.3700E+000, -6.4692E-003, -1.2118E-002
  2.3800E+000, -6.4692E-003, -3.0068E-003
  2.3900E+000,  2.6423E-003,  6.1056E-003
  2.4000E+000,  2.6423E-003,  6.1056E-003
  2.4100E+000,  2.6423E-003, -3.0068E-003
  2.4200E+000, -6.4692E-003, -3.0068E-003
  2.4300E+000,  2.6423E-003,  6.1056E-003
  2.4400E+000,  2.6423E-003, -3.0068E-003
  2.4500E+000,  2.6423E-003, -3.0068E-003
  2.4600E+000, -6.4692E-003, -3.0068E-003
  2.4700E+000, -6.4692E-003,  6.1056E-003
  2.4800E+000, -6.4692E-003, -3.0068E-003
  2.4900E+000, -6.4692E-003, -3.0068E-003
  2.5000E+000, -6.4692E-003,  6.1056E-003
  2.5100E+000, -6.4692E-003, -3.0068E-003
  2.5200E+000, -6.4692E-003,  6.1056E-003
  2.5300E+000,  2.6423E-003,  6.1056E-003
  2.5400E+000,  2.6423E-003,  6.1056E-003
  2.5500E+000, -6.4692E-003, -3.0068E-003
  2.5600E+000,  2.6423E-003, -3.0068E-003
  2.5700E+000,  2.6423E-003, -3.0068E-003
  2.5800E+000, -6.4692E-003, -3.0068E-003
  2.5900E+000,  2.6423E-003, -3.0068E-003
  2.6000E+000, -6.4692E-003, -3.0068E-003
  2.6100E+000, -6.4692E-003, -3.0068E-003
  2.6200E+000, -6.4692E-003, -3.0068E-003
  2.6300E+000, -6.4692E-003, -3.0068E-003
  2.6400E+000,  2.6423E-003, -3.0068E-003
  2.6500E+000,  2.6423E-003, -3.0068E-003
  2.6600E+000, -6.4692E-003, -3.0068E-003
  2.6700E+000,  2.6423E-003, -3.0068E-003
  2.6800E+000,  2.6423E-003,  6.1056E-003
  2.6900E+000,  1.1755E-002,  6.1056E-003
  2.7000E+000, -6.4692E-003, -3.0068E-003
  2.7100E+000, -6.4692E-003, -3.0068E-003
  2.7200E+000, -6.4692E-003, -3.0068E-003
  2.7300E+000,  2.6423E-003, -3.0068E-003
  2.7400E+000,  2.6423E-003,  6.1056E-003
  2.7500E+000,  2.6423E-003, -3.0068E-003
  2.7600E+000, -6.4692E-003, -3.0068E-003
  2.7700E+000, -6.4692E-003, -3.0068E-003
  2.7800E+000,  2.6423E-003, -3.0068E-003
  2.7900E+000,  1.1755E-002,  6.1056E-003
  2.8000E+000,  2.6423E-003, -3.0068E-003
  2.8100E+000, -6.4692E-003,  6.1056E-003
  2.8200E+000,  2.6423E-003, -3.0068E-003
  2.8300E+000,  2.6423E-003, -3.0068E-003
  2.8400E+000, -6.4692E-003, -3.0068E-003
  2.8500E+000,  2.6423E-003, -3.0068E-003
  2.8600E+000, -6.4692E-003, -3.0068E-003
  2.8700E+000,  2.6423E-003,  6.1056E-003
  2.8800E+000,  2.6423E-003, -3.0068E-003
  2.8900E+000,  2.6423E-003,  6.1056E-003
  2.9000E+000,  2.6423E-003, -3.0068E-003
  2.9100E+000,  2.6423E-003, -3.0068E-003
  2.9200E+000, -6.4692E-003,  6.1056E-003
  2.9300E+000,  2.6423E-003, -3.0068E-003
  2.9400E+000,  2.6423E-003,  6.1056E-003
  2.9500E+000,  2.6423E-003, -3.0068E-003
  2.9600E+000,  2.6423E-003, -3.0068E-003
  2.9700E+000, -6.4692E-003, -3.0068E-003
  2.9800E+000,  2.6423E-003,  6.1056E-003
  2.9900E+000,  2.6423E-003,  1.5217E-002
  3.0000E+000,  2.6423E-003,  6.1056E-003
  3.0100E+000,  2.6423E-003, -3.0068E-003
  3.0200E+000,  1.1755E-002,  6.1056E-003
  3.0300E+000,  1.1755E-002, -3.0068E-003
  3.0400E+000,  2.6423E-003, -3.0068E-003
  3.0500E+000,  2.6423E-003, -3.0068E-003
  3.0600E+000, -6.4692E-003,  6.1056E-003
  3.0700E+000, -1.5582E-002, -3.0068E-003
  3.0800E+000, -6.4692E-003, -3.0068E-003
  3.0900E+000,  1.1755E-002,  6.1056E-003
  3.1000E+000, -6.4692E-003,  6.1056E-003
  3.1100E+000,  2.6423E-003,  6.1056E-003
  3.1200E+000, -6.4692E-003, -3.0068E-003
  3.1300E+000, -6.4692E-003, -3.0068E-003
  3.1400E+000,  1.1755E-002,  6.1056E-003
  3.1500E+000,  1.1755E-002, -3.0068E-003
  3.1600E+000,  2.6423E-003, -3.0068E-003
  3.1700E+000, -6.4692E-003, -3.0068E-003
  3.1800E+000, -6.4692E-003, -3.0068E-003
  3.1900E+000,  2.6423E-003,  6.1056E-003
  3.2000E+000,  1.1755E-002,  1.5217E-002
  3.2100E+000,  5.4024E-001,  5.3459E-001
  3.2200E+000,  8.2271E-001,  8.1706E-001
  3.2300E+000,  1.1598E+000,  1.1633E+000
  3.2400E+000,  1.5152E+000,  1.5187E+000
  3.2500E+000,  1.8615E+000,  1.8376E+000
  3.2600E+000,  2.1348E+000,  2.1200E+000
  3.2700E+000,  2.3626E+000,  2.3570E+000
  3.2800E+000,  2.5722E+000,  2.5574E+000
  3.2900E+000,  2.7544E+000,  2.7123E+000
  3.3000E+000,  2.9002E+000,  2.8763E+000
  3.3100E+000,  3.0551E+000,  3.0312E+000
  3.3200E+000,  3.3011E+000,  3.3046E+000
  3.3300E+000,  3.6747E+000,  3.6782E+000
  3.3400E+000,  4.0483E+000,  4.0518E+000
  3.3500E+000,  4.3945E+000,  4.4071E+000
  3.3600E+000,  4.7408E+000,  4.7169E+000
  3.3700E+000,  5.0050E+000,  4.9994E+000
  3.3800E+000,  5.2511E+000,  5.2454E+000
  3.3900E+000,  5.4788E+000,  5.4550E+000
  3.4000E+000,  5.6702E+000,  5.6372E+000
  3.4100E+000,  5.8524E+000,  5.8012E+000
  3.4200E+000,  5.9891E+000,  5.9288E+000
  3.4300E+000,  6.1622E+000,  6.0746E+000
  3.4400E+000,  6.2989E+000,  6.1930E+000
  3.4500E+000,  6.4447E+000,  6.3388E+000
  3.4600E+000,  6.5905E+000,  6.4755E+000
  3.4700E+000,  6.7181E+000,  6.6213E+000
  3.4800E+000,  6.8730E+000,  6.7762E+000
  3.4900E+000,  6.9732E+000,  6.8491E+000
  3.5000E+000,  7.0916E+000,  6.9949E+000
  3.5100E+000,  7.4106E+000,  7.3138E+000
  3.5200E+000,  7.6657E+000,  7.5689E+000
  3.5300E+000,  7.9208E+000,  7.8787E+000
  3.5400E+000,  8.1577E+000,  8.0518E+000
  3.5500E+000,  8.3217E+000,  8.2432E+000
  3.5600E+000,  8.6589E+000,  8.6806E+000
  3.5700E+000,  8.7318E+000,  8.8172E+000
  3.5800E+000,  9.0142E+000,  9.0906E+000
  3.5900E+000,  9.2420E+000,  9.2911E+000
  3.6000E+000,  9.6521E+000,  9.8560E+000
  3.6100E+000,  1.0171E+001,  1.0184E+001
  3.6200E+000,  1.1192E+001,  1.0858E+001
  3.6300E+000,  1.0891E+001,  1.0785E+001
  3.6400E+000,  1.1493E+001,  1.1314E+001
  3.6500E+000,  1.1137E+001,  1.0758E+001
  3.6600E+000,  1.1046E+001,  1.0968E+001
  3.6700E+000,  1.2039E+001,  1.1332E+001
  3.6800E+000,  1.2304E+001,  1.1578E+001
  3.6900E+000,  1.1966E+001,  1.1697E+001
  3.7000E+000,  1.1812E+001,  1.1660E+001
  3.7100E+000,  1.2094E+001,  1.1952E+001
  3.7200E+000,  1.2349E+001,  1.2170E+001
  3.7300E+000,  1.2468E+001,  1.2535E+001
  3.7400E+000,  1.2787E+001,  1.2325E+001
  3.7500E+000,  1.2413E+001,  1.2553E+001
  3.7600E+000,  1.2732E+001,  1.2744E+001
  3.7700E+000,  1.2887E+001,  1.2963E+001
  3.7800E+000,  1.2887E+001,  1.2553E+001
  3.7900E+000,  1.2878E+001,  1.2972E+001
  3.8000E+000,  1.3197E+001,  1.2845E+001
  3.8100E+000,  1.3379E+001,  1.3173E+001
  3.8200E+000,  1.3215E+001,  1.3273E+001
  3.8300E+000,  1.3452E+001,  1.3300E+001
  3.8400E+000,  1.3370E+001,  1.3628E+001
  3.8500E+000,  1.3370E+001,  1.3501E+001
  3.8600E+000,  1.3242E+001,  1.3610E+001
  3.8700E+000,  1.3570E+001,  1.3537E+001
  3.8800E+000,  1.4135E+001,  1.3765E+001
  3.8900E+000,  1.3998E+001,  1.3774E+001
  3.9000E+000,  1.3844E+001,  1.3947E+001
  3.9100E+000,  1.3953E+001,  1.4093E+001
  3.9200E+000,  1.4336E+001,  1.3920E+001
  3.9300E+000,  1.3616E+001,  1.3701E+001
  3.9400E+000,  1.3743E+001,  1.3710E+001
  3.9500E+000,  1.3916E+001,  1.3328E+001
  3.9600E+000,  1.3853E+001,  1.3893E+001
  3.9700E+000,  1.6577E+001,  1.3847E+001
  3.9800E+000,  1.6869E+001,  1.3382E+001
  3.9900E+000,  1.6860E+001,  1.3893E+001
  4.0000E+000,  1.6595E+001,  1.3674E+001
  4.0100E+000,  1.7315E+001,  1.4202E+001
  4.0200E+000,  1.6677E+001,  1.3893E+001
  4.0300E+000,  1.6595E+001,  1.3956E+001
  4.0400E+000,  1.6705E+001,  1.4184E+001
  4.0500E+000,  1.7178E+001,  1.4275E+001
  4.0600E+000,  1.6431E+001,  1.3783E+001
  4.0700E+000,  1.6805E+001,  1.3984E+001
  4.0800E+000,  1.6632E+001,  1.3665E+001
  4.0900E+000,  1.6623E+001,  1.3738E+001
  4.1000E+000,  1.6723E+001,  1.3665E+001
  4.1100E+000,  1.6131E+001,  1.3628E+001
  4.1200E+000,  1.6121E+001,  1.3446E+001
  4.1300E+000,  1.5976E+001,  1.3355E+001
  4.1400E+000,  1.5693E+001,  1.3109E+001
  4.1500E+000,  1.5602E+001,  1.3054E+001
  4.1600E+000,  1.5146E+001,  1.2726E+001
  4.1700E+000,  1.5174E+001,  1.2817E+001
  4.1800E+000,  1.5074E+001,  1.2426E+001
  4.1900E+000,  1.5383E+001,  1.2544E+001
  4.2000E+000,  1.5119E+001,  1.2462E+001
  4.2100E+000,  1.4764E+001,  1.1979E+001
  4.2200E+000,  1.4964E+001,  1.2161E+001
  4.2300E+000,  1.4746E+001,  1.1806E+001
  4.2400E+000,  1.4882E+001,  1.1815E+001
  4.2500E+000,  1.4582E+001,  1.2015E+001
  4.2600E+000,  1.4782E+001,  1.1924E+001
  4.2700E+000,  1.4600E+001,  1.2079E+001
  4.2800E+000,  1.4691E+001,  1.2280E+001
  4.2900E+000,  1.4509E+001,  1.1997E+001
  4.3000E+000,  1.4545E+001,  1.2052E+001
  4.3100E+000,  1.4281E+001,  1.1970E+001
  4.3200E+000,  1.3989E+001,  1.1788E+001
  4.3300E+000,  1.3889E+001,  1.1569E+001
  4.3400E+000,  1.3689E+001,  1.1505E+001
  4.3500E+000,  1.3689E+001,  1.1305E+001
  4.3600E+000,  1.3506E+001,  1.1113E+001
  4.3700E+000,  1.3379E+001,  1.1068E+001
  4.3800E+000,  1.3397E+001,  1.1077E+001
  4.3900E+000,  1.3133E+001,  1.0849E+001
  4.4000E+000,  1.3078E+001,  1.0612E+001
  4.4100E+000,  1.2878E+001,  1.0576E+001
  4.4200E+000,  1.2695E+001,  1.0284E+001
  4.4300E+000,  1.2559E+001,  1.0157E+001
  4.4400E+000,  1.2349E+001,  9.9289E+000
  4.4500E+000,  1.2358E+001,  9.8560E+000
  4.4600E+000,  1.2158E+001,  9.6464E+000
  4.4700E+000,  1.2058E+001,  9.6009E+000
  4.4800E+000,  1.1875E+001,  9.3731E+000
  4.4900E+000,  1.1711E+001,  9.1635E+000
  4.5000E+000,  1.1566E+001,  9.0359E+000
  4.5100E+000,  1.1447E+001,  8.8719E+000
  4.5200E+000,  1.1356E+001,  8.7626E+000
  4.5300E+000,  1.1247E+001,  8.6077E+000
  4.5400E+000,  1.1110E+001,  8.4619E+000
  4.5500E+000,  1.1074E+001,  8.3890E+000
  4.5600E+000,  1.0928E+001,  8.2614E+000
  4.5700E+000,  1.0837E+001,  8.1521E+000
  4.5800E+000,  1.0773E+001,  8.0610E+000
  4.5900E+000,  1.0691E+001,  7.9881E+000
  4.6000E+000,  1.0636E+001,  7.9152E+000
  4.6100E+000,  1.0581E+001,  7.8514E+000
  4.6200E+000,  1.0509E+001,  7.7694E+000
  4.6300E+000,  1.0454E+001,  7.7147E+000
  4.6400E+000,  1.0399E+001,  7.6509E+000
  4.6500E+000,  1.0345E+001,  7.5689E+000
  4.6600E+000,  1.0290E+001,  7.5143E+000
  4.6700E+000,  1.0235E+001,  7.4505E+000
  4.6800E+000,  1.0181E+001,  7.3776E+000
  4.6900E+000,  1.0117E+001,  7.3411E+000
  4.7000E+000,  1.0062E+001,  7.2682E+000
  4.7100E+000,  1.0007E+001,  7.2136E+000
  4.7200E+000,  9.9619E+000,  7.1589E+000
  4.7300E+000,  9.9072E+000,  7.1042E+000
  4.7400E+000,  9.8525E+000,  7.0587E+000
  4.7500E+000,  9.7979E+000,  7.0222E+000
  4.7600E+000,  9.7523E+000,  6.9402E+000
  4.7700E+000,  9.6976E+000,  6.9220E+000
  4.7800E+000,  9.6612E+000,  6.8673E+000
  4.7900E+000,  9.6065E+000,  6.8126E+000
  4.8000E+000,  9.5792E+000,  6.7671E+000
  4.8100E+000,  9.5245E+000,  6.7397E+000
  4.8200E+000,  9.4881E+000,  6.6851E+000
  4.8300E+000,  9.4516E+000,  6.6486E+000
  4.8400E+000,  9.4243E+000,  6.6031E+000
  4.8500E+000,  9.3696E+000,  6.5757E+000
  4.8600E+000,  9.3332E+000,  6.5302E+000
  4.8700E+000,  9.2967E+000,  6.4846E+000
  4.8800E+000,  9.2511E+000,  6.4573E+000
  4.8900E+000,  9.2238E+000,  6.4208E+000
  4.9000E+000,  9.1874E+000,  6.3753E+000
  4.9100E+000,  9.1509E+000,  6.3479E+000
  4.9200E+000,  9.1145E+000,  6.3206E+000
  4.9300E+000,  9.0780E+000,  6.2842E+000
  4.9400E+000,  9.0325E+000,  6.2386E+000
  4.9500E+000,  8.9960E+000,  6.2204E+000
  4.9600E+000,  8.9687E+000,  6.1839E+000
  4.9700E+000,  8.9231E+000,  6.1657E+000
  4.9800E+000,  8.9049E+000,  6.1293E+000
  4.9900E+000,  8.8593E+000,  6.0928E+000
  5.0000E+000,  8.8502E+000,  6.0746E+000
  5.0100E+000,  8.8229E+000,  6.0564E+000
  5.0200E+000,  8.7864E+000,  6.0290E+000
  5.0300E+000,  8.7773E+000,  6.0017E+000
  5.0400E+000,  8.7500E+000,  5.9744E+000
  5.0500E+000,  8.7227E+000,  5.9561E+000
  5.0600E+000,  8.7044E+000,  5.9379E+000
  5.0700E+000,  8.6862E+000,  5.9106E+000
  5.0800E+000,  8.6589E+000,  5.8832E+000
  5.0900E+000,  8.6407E+000,  5.8559E+000
  5.1000E+000,  8.6133E+000,  5.8377E+000
  5.1100E+000,  8.5860E+000,  5.8103E+000
  5.1200E+000,  8.5586E+000,  5.8012E+000
  5.1300E+000,  8.5495E+000,  5.7739E+000
  5.1400E+000,  8.5313E+000,  5.7557E+000
  5.1500E+000,  8.5040E+000,  5.7192E+000
  5.1600E+000,  8.4766E+000,  5.7010E+000
  5.1700E+000,  8.4584E+000,  5.6828E+000
  5.1800E+000,  8.4402E+000,  5.6737E+000
  5.1900E+000,  8.4220E+000,  5.6463E+000
  5.2000E+000,  8.4129E+000,  5.6190E+000
  5.2100E+000,  8.3764E+000,  5.6008E+000
  5.2200E+000,  8.3582E+000,  5.5734E+000
  5.2300E+000,  8.3400E+000,  5.5643E+000
  5.2400E+000,  8.3217E+000,  5.5370E+000
  5.2500E+000,  8.3309E+000,  5.5461E+000
  5.2600E+000,  8.3673E+000,  5.5643E+000
  5.2700E+000,  8.3764E+000,  5.6099E+000
  5.2800E+000,  8.4037E+000,  5.6463E+000
  5.2900E+000,  8.4220E+000,  5.6645E+000
  5.3000E+000,  8.4493E+000,  5.7010E+000
  5.3100E+000,  8.4766E+000,  5.7466E+000
  5.3200E+000,  8.5586E+000,  5.8286E+000
  5.3300E+000,  8.6589E+000,  5.9470E+000
  5.3400E+000,  8.7956E+000,  6.2204E+000
  5.3500E+000,  8.9505E+000,  6.3024E+000
  5.3600E+000,  9.1236E+000,  6.0290E+000
  5.3700E+000,  8.8958E+000,  5.8559E+000
  5.3800E+000,  9.1965E+000,  6.2113E+000
  5.3900E+000,  9.5154E+000,  6.6122E+000
  5.4000E+000,  9.7614E+000,  6.8309E+000
  5.4100E+000,  9.9892E+000,  7.0951E+000
  5.4200E+000,  1.0381E+001,  7.3502E+000
  5.4300E+000,  1.0736E+001,  7.6965E+000
  5.4400E+000,  1.1511E+001,  8.3434E+000
  5.4500E+000,  1.1748E+001,  8.6168E+000
  5.4600E+000, -9.0854E-001,  7.5689E+000
  5.4700E+000,  2.4204E+001,  2.3843E+000
  5.4800E+000,  2.2609E+001,  4.0703E-001
  5.4900E+000,  2.2308E+001,  4.2552E-002
  5.5000E+000,  2.2272E+001,  6.1056E-003
  5.5100E+000,  2.2263E+001,  6.1056E-003
  5.5200E+000,  2.2272E+001,  6.1056E-003
  5.5300E+000,  2.2263E+001, -3.0068E-003
  5.5400E+000,  2.2263E+001,  6.1056E-003
  5.5500E+000,  2.2263E+001,  6.1056E-003
  5.5600E+000,  2.2263E+001,  6.1056E-003
  5.5700E+000,  2.2254E+001, -3.0068E-003
  5.5800E+000,  2.2254E+001, -3.0068E-003
  5.5900E+000,  2.2254E+001, -3.0068E-003
  5.6000E+000,  2.2263E+001,  6.1056E-003
  5.6100E+000,  2.2254E+001, -3.0068E-003
  5.6200E+000,  2.2263E+001,  6.1056E-003
  5.6300E+000,  2.2263E+001, -3.0068E-003
  5.6400E+000,  2.2254E+001, -3.0068E-003
  5.6500E+000,  2.2254E+001, -3.0068E-003
  5.6600E+000,  2.2263E+001, -3.0068E-003
  5.6700E+000,  2.2263E+001, -3.0068E-003
  5.6800E+000,  2.2254E+001, -3.0068E-003
  5.6900E+000,  2.2254E+001, -3.0068E-003
  5.7000E+000,  2.2254E+001, -3.0068E-003
  5.7100E+000,  2.2254E+001, -3.0068E-003
  5.7200E+000,  2.2254E+001, -3.0068E-003
  5.7300E+000,  2.2263E+001, -3.0068E-003
  5.7400E+000,  2.2263E+001, -3.0068E-003
  5.7500E+000,  2.2254E+001, -3.0068E-003
  5.7600E+000,  2.2263E+001,  6.1056E-003
  5.7700E+000,  2.2263E+001, -3.0068E-003
  5.7800E+000,  2.2254E+001, -3.0068E-003
  5.7900E+000,  2.2263E+001, -3.0068E-003
  5.8000E+000,  2.2254E+001, -3.0068E-003
  5.8100E+000,  2.2263E+001,  6.1056E-003
  5.8200E+000,  2.2263E+001, -3.0068E-003
  5.8300E+000,  2.2254E+001,  6.1056E-003
  5.8400E+000,  2.2254E+001, -3.0068E-003
  5.8500E+000,  2.2254E+001, -1.2118E-002
  5.8600E+000,  2.2263E+001,  6.1056E-003
  5.8700E+000,  2.2263E+001, -3.0068E-003
  5.8800E+000,  2.2254E+001, -3.0068E-003
  5.8900E+000,  2.2254E+001, -3.0068E-003
  5.9000E+000,  2.2254E+001, -3.0068E-003
  5.9100E+000,  2.2254E+001, -3.0068E-003
  5.9200E+000,  2.2254E+001,  6.1056E-003
  5.9300E+000,  2.2254E+001, -3.0068E-003
  5.9400E+000,  2.2263E+001, -3.0068E-003
  5.9500E+000,  2.2254E+001,  6.1056E-003
  5.9600E+000,  2.2254E+001,  6.1056E-003
  5.9700E+000,  2.2254E+001, -3.0068E-003
  5.9800E+000,  2.2254E+001, -3.0068E-003
  5.9900E+000,  2.2254E+001, -3.0068E-003
  6.0000E+000,  2.2254E+001,  6.1056E-003
  6.0100E+000,  2.2263E+001,  6.1056E-003
  6.0200E+000,  2.2254E+001, -3.0068E-003
  6.0300E+000,  2.2254E+001,  6.1056E-003
  6.0400E+000,  2.2254E+001, -3.0068E-003
  6.0500E+000,  2.2254E+001, -3.0068E-003
  6.0600E+000,  2.2263E+001,  6.1056E-003
  6.0700E+000,  2.2263E+001,  6.1056E-003
  6.0800E+000,  2.2263E+001, -3.0068E-003
  6.0900E+000,  2.2254E+001,  6.1056E-003
  6.1000E+000,  2.2254E+001, -3.0068E-003
  6.1100E+000,  2.2263E+001,  6.1056E-003
  6.1200E+000,  2.2263E+001, -3.0068E-003
  6.1300E+000,  2.2254E+001, -3.0068E-003
  6.1400E+000,  2.2263E+001, -3.0068E-003
  6.1500E+000,  2.2245E+001, -3.0068E-003
  6.1600E+000,  2.2254E+001, -3.0068E-003
  6.1700E+000,  2.2254E+001, -3.0068E-003
  6.1800E+000,  2.2254E+001,  6.1056E-003
  6.1900E+000,  2.2263E+001, -3.0068E-003
  6.2000E+000,  2.2254E+001, -3.0068E-003
  6.2100E+000,  2.2263E+001, -3.0068E-003
  6.2200E+000,  2.2245E+001, -3.0068E-003
  6.2300E+000,  2.2254E+001, -3.0068E-003
  6.2400E+000,  2.2254E+001,  6.1056E-003
  6.2500E+000,  2.2263E+001, -3.0068E-003
  6.2600E+000,  2.2254E+001,  1.5217E-002
  6.2700E+000,  2.2263E+001, -3.0068E-003
  6.2800E+000,  2.2254E+001, -3.0068E-003
  6.2900E+000,  2.2254E+001,  6.1056E-003
  6.3000E+000,  2.2254E+001, -3.0068E-003
  6.3100E+000,  2.2254E+001,  6.1056E-003
  6.3200E+000,  2.2254E+001, -3.0068E-003
  6.3300E+000,  2.2263E+001, -3.0068E-003
  6.3400E+000,  2.2254E+001, -3.0068E-003
  6.3500E+000,  2.2263E+001,  6.1056E-003
  6.3600E+000,  2.2263E+001,  6.1056E-003
  6.3700E+000,  2.2254E+001,  6.1056E-003
  6.3800E+000,  2.2254E+001, -3.0068E-003
  6.3900E+000,  2.2254E+001, -3.0068E-003
  6.4000E+000,  2.2254E+001, -3.0068E-003
  6.4100E+000,  2.2263E+001, -3.0068E-003
  6.4200E+000,  2.2263E+001, -3.0068E-003
  6.4300E+000,  2.2245E+001, -3.0068E-003
  6.4400E+000,  2.2245E+001, -3.0068E-003
  6.4500E+000,  2.2263E+001,  6.1056E-003
  6.4600E+000,  2.2263E+001,  6.1056E-003
  6.4700E+000,  2.2263E+001, -3.0068E-003
  6.4800E+000,  2.2254E+001, -3.0068E-003
  6.4900E+000,  2.2254E+001, -3.0068E-003
  6.5000E+000,  2.2254E+001, -3.0068E-003
  6.5100E+000,  2.2263E+001,  6.1056E-003
  6.5200E+000,  2.2263E+001, -3.0068E-003
  6.5300E+000,  2.2254E+001,  6.1056E-003
  6.5400E+000,  2.2254E+001, -3.0068E-003
  6.5500E+000,  2.2263E+001, -3.0068E-003
  6.5600E+000,  2.2254E+001, -3.0068E-003
  6.5700E+000,  2.2254E+001, -3.0068E-003
  6.5800E+000,  2.2254E+001, -3.0068E-003
  6.5900E+000,  2.2254E+001, -3.0068E-003
  6.6000E+000,  2.2263E+001, -3.0068E-003
  6.6100E+000,  2.2263E+001,  6.1056E-003
  6.6200E+000,  2.2263E+001, -3.0068E-003
  6.6300E+000,  2.2254E+001, -3.0068E-003
  6.6400E+000,  2.2254E+001, -3.0068E-003
  6.6500E+000,  2.2254E+001, -3.0068E-003
  6.6600E+000,  2.2254E+001, -3.0068E-003
  6.6700E+000,  2.2263E+001, -3.0068E-003
  6.6800E+000,  2.2263E+001, -3.0068E-003
  6.6900E+000,  2.2263E+001, -3.0068E-003
  6.7000E+000,  2.2263E+001, -3.0068E-003
  6.7100E+000,  2.2254E+001, -3.0068E-003
  6.7200E+000,  2.2254E+001, -3.0068E-003
  6.7300E+000,  2.2263E+001, -3.0068E-003
  6.7400E+000,  2.2263E+001, -3.0068E-003
  6.7500E+000,  2.2263E+001, -3.0068E-003
  6.7600E+000,  2.2263E+001,  6.1056E-003
  6.7700E+000,  2.2254E+001, -3.0068E-003
  6.7800E+000,  2.2263E+001, -3.0068E-003
  6.7900E+000,  2.2263E+001,  6.1056E-003
  6.8000E+000,  2.2254E+001, -3.0068E-003
  6.8100E+000,  2.2263E+001, -3.0068E-003
  6.8200E+000,  2.2263E+001, -3.0068E-003
  6.8300E+000,  2.2263E+001, -3.0068E-003
  6.8400E+000,  2.2254E+001, -3.0068E-003
  6.8500E+000,  2.2254E+001, -3.0068E-003
  6.8600E+000,  2.2254E+001, -3.0068E-003
  6.8700E+000,  2.2263E+001,  6.1056E-003
  6.8800E+000,  2.2263E+001,  6.1056E-003
  6.8900E+000,  2.2254E+001, -3.0068E-003
  6.9000E+000,  2.2254E+001, -3.0068E-003
  6.9100E+000,  2.2254E+001, -3.0068E-003
  6.9200E+000,  2.2263E+001, -3.0068E-003
  6.9300E+000,  2.2263E+001, -3.0068E-003
  6.9400E+000,  2.2263E+001,  6.1056E-003
  6.9500E+000,  2.2263E+001, -3.0068E-003
  6.9600E+000,  2.2263E+001,  6.1056E-003
  6.9700E+000,  2.2263E+001,  6.1056E-003
  6.9800E+000,  2.2263E+001, -3.0068E-003
  6.9900E+000,  2.2254E+001,  6.1056E-003
  7.0000E+000,  2.2254E+001, -3.0068E-003
  7.0100E+000,  2.2263E+001,  6.1056E-003
  7.0200E+000,  2.2263E+001, -3.0068E-003
  7.0300E+000,  2.2263E+001, -3.0068E-003
  7.0400E+000,  2.2254E+001, -3.0068E-003
  7.0500E+000,  2.2254E+001, -3.0068E-003
  7.0600E+000,  2.2263E+001,  6.1056E-003
  7.0700E+000,  2.2263E+001, -3.0068E-003
  7.0800E+000,  2.2263E+001,  6.1056E-003
  7.0900E+000,  2.2263E+001, -3.0068E-003
  7.1000E+000,  2.2263E+001,  6.1056E-003
  7.1100E+000,  2.2263E+001,  6.1056E-003
  7.1200E+000,  2.2263E+001,  6.1056E-003
  7.1300E+000,  2.2263E+001,  6.1056E-003
  7.1400E+000,  2.2263E+001, -3.0068E-003
  7.1500E+000,  2.2263E+001, -3.0068E-003
  7.1600E+000,  2.2263E+001,  6.1056E-003
  7.1700E+000,  2.2263E+001,  6.1056E-003
  7.1800E+000,  2.2254E+001,  6.1056E-003
  7.1900E+000,  2.2254E+001, -3.0068E-003
  7.2000E+000,  2.2263E+001, -3.0068E-003
  7.2100E+000,  2.2263E+001, -3.0068E-003
  7.2200E+000,  2.2263E+001,  6.1056E-003
  7.2300E+000,  2.2263E+001,  6.1056E-003
  7.2400E+000,  2.2254E+001, -3.0068E-003
  7.2500E+000,  2.2263E+001, -3.0068E-003
  7.2600E+000,  2.2263E+001, -3.0068E-003
  7.2700E+000,  2.2263E+001,  6.1056E-003
  7.2800E+000,  2.2263E+001,  6.1056E-003
  7.2900E+000,  2.2272E+001,  6.1056E-003
  7.3000E+000,  2.2263E+001,  6.1056E-003
  7.3100E+000,  2.2263E+001,  6.1056E-003
  7.3200E+000,  2.2263E+001,  6.1056E-003
  7.3300E+000,  2.2263E+001, -3.0068E-003
  7.3400E+000,  2.2263E+001, -3.0068E-003
  7.3500E+000,  2.2272E+001,  6.1056E-003
  7.3600E+000,  2.2263E+001, -3.0068E-003
  7.3700E+000,  2.2263E+001,  6.1056E-003
  7.3800E+000,  2.2263E+001, -3.0068E-003
  7.3900E+000,  2.2254E+001, -3.0068E-003
  7.4000E+000,  2.2263E+001,  6.1056E-003
  7.4100E+000,  2.2263E+001,  6.1056E-003
  7.4200E+000,  2.2272E+001,  6.1056E-003
  7.4300E+000,  2.2263E+001,  6.1056E-003
  7.4400E+000,  2.2263E+001, -3.0068E-003
  7.4500E+000,  2.2263E+001,  6.1056E-003
  7.4600E+000,  2.2263E+001,  6.1056E-003
  7.4700E+000,  2.2272E+001,  6.1056E-003
  7.4800E+000,  2.2263E+001,  6.1056E-003
  7.4900E+000,  2.2263E+001,  6.1056E-003
  7.5000E+000,  2.2272E+001,  6.1056E-003
  7.5100E+000,  2.2272E+001,  6.1056E-003
  7.5200E+000,  2.2263E+001,  6.1056E-003
  7.5300E+000,  2.2263E+001, -3.0068E-003
  7.5400E+000,  2.2263E+001, -3.0068E-003
  7.5500E+000,  2.2263E+001,  6.1056E-003
  7.5600E+000,  2.2272E+001,  6.1056E-003
  7.5700E+000,  2.2272E+001,  6.1056E-003
  7.5800E+000,  2.2254E+001,  6.1056E-003
  7.5900E+000,  2.2254E+001, -3.0068E-003
  7.6000E+000,  2.2254E+001, -3.0068E-003
  7.6100E+000,  2.2263E+001,  6.1056E-003
  7.6200E+000,  2.2272E+001,  6.1056E-003
  7.6300E+000,  2.2263E+001, -3.0068E-003
  7.6400E+000,  2.2263E+001,  6.1056E-003
  7.6500E+000,  2.2263E+001,  6.1056E-003
  7.6600E+000,  2.2263E+001,  6.1056E-003
  7.6700E+000,  2.2272E+001, -3.0068E-003
  7.6800E+000,  2.2263E+001,  6.1056E-003
  7.6900E+000,  2.2272E+001,  6.1056E-003
  7.7000E+000,  2.2272E+001,  6.1056E-003
  7.7100E+000,  2.2263E+001,  6.1056E-003
  7.7200E+000,  2.2254E+001, -3.0068E-003
  7.7300E+000,  2.2263E+001, -3.0068E-003
  7.7400E+000,  2.2263E+001, -3.0068E-003
  7.7500E+000,  2.2263E+001, -3.0068E-003
  7.7600E+000,  2.2272E+001,  6.1056E-003
  7.7700E+000,  2.2272E+001, -3.0068E-003
  7.7800E+000,  2.2263E+001,  6.1056E-003
  7.7900E+000,  2.2263E+001,  6.1056E-003
  7.8000E+000,  2.2263E+001, -3.0068E-003
  7.8100E+000,  2.2263E+001,  6.1056E-003
  7.8200E+000,  2.2263E+001,  6.1056E-003
  7.8300E+000,  2.2263E+001, -3.0068E-003
  7.8400E+000,  2.2263E+001, -3.0068E-003
  7.8500E+000,  2.2263E+001, -3.0068E-003
  7.8600E+000,  2.2263E+001, -3.0068E-003
  7.8700E+000,  2.2263E+001,  6.1056E-003
  7.8800E+000,  2.2263E+001, -3.0068E-003
  7.8900E+000,  2.2263E+001, -3.0068E-003
  7.9000E+000,  2.2263E+001,  6.1056E-003
  7.9100E+000,  2.2263E+001, -3.0068E-003
  7.9200E+000,  2.2263E+001,  6.1056E-003
  7.9300E+000,  2.2263E+001,  6.1056E-003
  7.9400E+000,  2.2263E+001, -3.0068E-003
  7.9500E+000,  2.2263E+001,  6.1056E-003
  7.9600E+000,  2.2263E+001, -3.0068E-003
  7.9700E+000,  2.2272E+001, -3.0068E-003
  7.9800E+000,  2.2263E+001, -3.0068E-003
  7.9900E+000,  2.2254E+001,  6.1056E-003
  8.0000E+000,  2.2263E+001, -3.0068E-003
  8.0100E+000,  2.2263E+001,  6.1056E-003
  8.0200E+000,  2.2263E+001, -3.0068E-003
  8.0300E+000,  2.2263E+001,  6.1056E-003
  8.0400E+000,  2.2263E+001, -3.0068E-003
  8.0500E+000,  2.2254E+001, -3.0068E-003
  8.0600E+000,  2.2254E+001, -3.0068E-003
  8.0700E+000,  2.2263E+001, -3.0068E-003
  8.0800E+000,  2.2263E+001, -3.0068E-003
  8.0900E+000,  2.2263E+001,  6.1056E-003
  8.1000E+000,  2.2272E+001,  6.1056E-003
  8.1100E+000,  2.2263E+001,  6.1056E-003
  8.1200E+000,  2.2272E+001, -3.0068E-003
  8.1300E+000,  2.2254E+001,  6.1056E-003
  8.1400E+000,  2.2263E+001,  6.1056E-003
  8.1500E+000,  2.2263E+001, -3.0068E-003
  8.1600E+000,  2.2263E+001,  6.1056E-003
  8.1700E+000,  2.2263E+001, -3.0068E-003
  8.1800E+000,  2.2254E+001,  6.1056E-003
  8.1900E+000,  2.2254E+001, -3.0068E-003
  8.2000E+000,  2.2254E+001, -3.0068E-003
  8.2100E+000,  2.2254E+001, -3.0068E-003
  8.2200E+000,  2.2272E+001, -3.0068E-003
  8.2300E+000,  2.2272E+001,  6.1056E-003
  8.2400E+000,  2.2263E+001, -3.0068E-003
  8.2500E+000,  2.2254E+001, -3.0068E-003
  8.2600E+000,  2.2254E+001, -3.0068E-003
  8.2700E+000,  2.2263E+001,  6.1056E-003
  8.2800E+000,  2.2263E+001, -3.0068E-003
  8.2900E+000,  2.2263E+001, -3.0068E-003
  8.3000E+000,  2.2263E+001, -3.0068E-003
  8.3100E+000,  2.2272E+001, -3.0068E-003
  8.3200E+000,  2.2263E+001,  6.1056E-003
  8.3300E+000,  2.2254E+001, -3.0068E-003
  8.3400E+000,  2.2254E+001,  6.1056E-003
  8.3500E+000,  2.2254E+001, -3.0068E-003
  8.3600E+000,  2.2263E+001,  6.1056E-003
  8.3700E+000,  2.2272E+001,  6.1056E-003
  8.3800E+000,  2.2263E+001, -3.0068E-003
  8.3900E+000,  2.2254E+001, -3.0068E-003
  8.4000E+000,  2.2263E+001, -3.0068E-003
  8.4100E+000,  2.2263E+001, -3.0068E-003
  8.4200E+000,  2.2263E+001, -3.0068E-003
  8.4300E+000,  2.2263E+001, -3.0068E-003
  8.4400E+000,  2.2263E+001, -3.0068E-003
  8.4500E+000,  2.2263E+001, -3.0068E-003
  8.4600E+000,  2.2263E+001, -3.0068E-003
  8.4700E+000,  2.2254E+001,  6.1056E-003
  8.4800E+000,  2.2254E+001, -3.0068E-003
  8.4900E+000,  2.2263E+001,  6.1056E-003
  8.5000E+000,  2.2254E+001, -3.0068E-003
  8.5100E+000,  2.2272E+001, -3.0068E-003
  8.5200E+000,  2.2272E+001,  6.1056E-003
  8.5300E+000,  2.2263E+001,  6.1056E-003
  8.5400E+000,  2.2254E+001, -3.0068E-003
  8.5500E+000,  2.2254E+001, -3.0068E-003
  8.5600E+000,  2.2254E+001, -3.0068E-003
  8.5700E+000,  2.2263E+001,  6.1056E-003
  8.5800E+000,  2.2263E+001, -3.0068E-003
  8.5900E+000,  2.2254E+001,  6.1056E-003
  8.6000E+000,  2.2254E+001, -3.0068E-003
  8.6100E+000,  2.2263E+001,  6.1056E-003
  8.6200E+000,  2.2263E+001, -3.0068E-003
  8.6300E+000,  2.2263E+001,  6.1056E-003
  8.6400E+000,  2.2263E+001,  6.1056E-003
  8.6500E+000,  2.2263E+001,  6.1056E-003
  8.6600E+000,  2.2254E+001,  6.1056E-003
  8.6700E+000,  2.2254E+001, -3.0068E-003
  8.6800E+000,  2.2254E+001,  6.1056E-003
  8.6900E+000,  2.2254E+001, -3.0068E-003
  8.7000E+000,  2.2254E+001, -3.0068E-003
  8.7100E+000,  2.2263E+001,  6.1056E-003
  8.7200E+000,  2.2263E+001,  6.1056E-003
  8.7300E+000,  2.2254E+001,  6.1056E-003
  8.7400E+000,  2.2254E+001,  6.1056E-003
  8.7500E+000,  2.2245E+001,  6.1056E-003
  8.7600E+000,  2.2263E+001, -3.0068E-003
  8.7700E+000,  2.2254E+001,  6.1056E-003
  8.7800E+000,  2.2254E+001,  6.1056E-003
  8.7900E+000,  2.2254E+001,  6.1056E-003
  8.8000E+000,  2.2245E+001, -3.0068E-003
  8.8100E+000,  2.2245E+001,  6.1056E-003
  8.8200E+000,  2.2254E+001,  6.1056E-003
  8.8300E+000,  2.2245E+001,  6.1056E-003
  8.8400E+000,  2.2254E+001,  6.1056E-003
  8.8500E+000,  2.2263E+001,  6.1056E-003
  8.8600E+000,  2.2245E+001,  1.5217E-002
  8.8700E+000,  2.2254E+001, -3.0068E-003
  8.8800E+000,  2.2245E+001,  6.1056E-003
  8.8900E+000,  2.2254E+001,  6.1056E-003
  8.9000E+000,  2.2254E+001,  6.1056E-003
  8.9100E+000,  2.2254E+001, -3.0068E-003
  8.9200E+000,  2.2254E+001, -3.0068E-003
  8.9300E+000,  2.2245E+001,  6.1056E-003
  8.9400E+000,  2.2254E+001,  6.1056E-003
  8.9500E+000,  2.2245E+001,  6.1056E-003
  8.9600E+000,  2.2254E+001,  6.1056E-003
  8.9700E+000,  2.2263E+001, -3.0068E-003
  8.9800E+000,  2.2254E+001,  6.1056E-003
  8.9900E+000,  2.2254E+001,  6.1056E-003
  9.0000E+000,  2.2254E+001,  6.1056E-003
  9.0100E+000,  2.2254E+001, -3.0068E-003
  9.0200E+000,  2.2254E+001,  6.1056E-003
  9.0300E+000,  2.2245E+001,  6.1056E-003
  9.0400E+000,  2.2254E+001,  6.1056E-003
  9.0500E+000,  2.2254E+001, -3.0068E-003
  9.0600E+000,  2.2254E+001,  6.1056E-003
  9.0700E+000,  2.2245E+001, -3.0068E-003
  9.0800E+000,  2.2245E+001,  6.1056E-003
  9.0900E+000,  2.2245E+001, -3.0068E-003
  9.1000E+000,  2.2245E+001,  6.1056E-003
  9.1100E+000,  2.2254E+001, -3.0068E-003
  9.1200E+000,  2.2254E+001,  6.1056E-003
  9.1300E+000,  2.2254E+001, -3.0068E-003
  9.1400E+000,  2.2245E+001, -3.0068E-003
  9.1500E+000,  2.2245E+001, -3.0068E-003
  9.1600E+000,  2.2245E+001, -3.0068E-003
  9.1700E+000,  2.2254E+001, -3.0068E-003
  9.1800E+000,  2.2254E+001, -3.0068E-003
  9.1900E+000,  2.2254E+001, -3.0068E-003
  9.2000E+000,  2.2254E+001, -3.0068E-003
  9.2100E+000,  2.2245E+001, -1.2118E-002
  9.2200E+000,  2.2245E+001, -3.0068E-003
  9.2300E+000,  2.2254E+001, -3.0068E-003
  9.2400E+000,  2.2254E+001, -3.0068E-003
  9.2500E+000,  2.2254E+001, -3.0068E-003
  9.2600E+000,  2.2254E+001, -3.0068E-003
  9.2700E+000,  2.2254E+001, -3.0068E-003
  9.2800E+000,  2.2254E+001, -3.0068E-003
  9.2900E+000,  2.2245E+001, -3.0068E-003
  9.3000E+000,  2.2245E+001, -3.0068E-003
  9.3100E+000,  2.2254E+001, -1.2118E-002
  9.3200E+000,  2.2254E+001, -3.0068E-003
  9.3300E+000,  2.2254E+001, -3.0068E-003
  9.3400E+000,  2.2254E+001, -3.0068E-003
  9.3500E+000,  2.2254E+001, -3.0068E-003
  9.3600E+000,  2.2263E+001, -3.0068E-003
  9.3700E+000,  2.2263E+001, -3.0068E-003
  9.3800E+000,  2.2254E+001, -3.0068E-003
  9.3900E+000,  2.2254E+001, -3.0068E-003
  9.4000E+000,  2.2254E+001, -3.0068E-003
  9.4100E+000,  2.2254E+001, -3.0068E-003
  9.4200E+000,  2.2245E+001, -3.0068E-003
  9.4300E+000,  2.2245E+001, -3.0068E-003
  9.4400E+000,  2.2245E+001, -1.2118E-002
  9.4500E+000,  2.2254E+001, -3.0068E-003
  9.4600E+000,  2.2254E+001, -3.0068E-003
  9.4700E+000,  2.2254E+001,  6.1056E-003
  9.4800E+000,  2.2254E+001, -3.0068E-003
  9.4900E+000,  2.2245E+001, -3.0068E-003
  9.5000E+000,  2.2245E+001, -3.0068E-003
  9.5100E+000,  2.2254E+001,  6.1056E-003
  9.5200E+000,  2.2263E+001, -3.0068E-003
  9.5300E+000,  2.2245E+001, -3.0068E-003
  9.5400E+000,  2.2245E+001,  6.1056E-003
  9.5500E+000,  2.2245E+001, -3.0068E-003
  9.5600E+000,  2.2254E+001, -3.0068E-003
  9.5700E+000,  2.2254E+001, -3.0068E-003
  9.5800E+000,  2.2254E+001,  6.1056E-003
  9.5900E+000,  2.2254E+001,  6.1056E-003
  9.6000E+000,  2.2254E+001, -3.0068E-003
  9.6100E+000,  2.2245E+001, -3.0068E-003
  9.6200E+000,  2.2245E+001,  6.1056E-003
  9.6300E+000,  2.2245E+001, -3.0068E-003
  9.6400E+000,  2.2254E+001,  6.1056E-003
  9.6500E+000,  2.2245E+001, -3.0068E-003
  9.6600E+000,  2.2263E+001,  6.1056E-003
  9.6700E+000,  2.2254E+001,  6.1056E-003
  9.6800E+000,  2.2245E+001,  6.1056E-003
  9.6900E+000,  2.2254E+001, -3.0068E-003
  9.7000E+000,  2.2245E+001, -3.0068E-003
  9.7100E+000,  2.2254E+001, -3.0068E-003
  9.7200E+000,  2.2254E+001,  6.1056E-003
  9.7300E+000,  2.2245E+001, -3.0068E-003
  9.7400E+000,  2.2245E+001, -3.0068E-003
  9.7500E+000,  2.2254E+001, -3.0068E-003
  9.7600E+000,  2.2245E+001, -3.0068E-003
  9.7700E+000,  2.2254E+001,  6.1056E-003
  9.7800E+000,  2.2254E+001, -3.0068E-003
  9.7900E+000,  2.2254E+001, -3.0068E-003
  9.8000E+000,  2.2254E+001,  6.1056E-003
  9.8100E+000,  2.2254E+001,  6.1056E-003
  9.8200E+000,  2.2254E+001, -3.0068E-003
  9.8300E+000,  2.2254E+001, -3.0068E-003
  9.8400E+000,  2.2254E+001, -3.0068E-003
  9.8500E+000,  2.2245E+001, -3.0068E-003
  9.8600E+000,  2.2254E+001, -3.0068E-003
  9.8700E+000,  2.2263E+001,  6.1056E-003
  9.8800E+000,  2.2254E+001,  6.1056E-003
  9.8900E+000,  2.2254E+001, -3.0068E-003
  9.9000E+000,  2.2254E+001, -3.0068E-003
  9.9100E+000,  2.2254E+001, -3.0068E-003
  9.9200E+000,  2.2254E+001, -3.0068E-003
  9.9300E+000,  2.2254E+001,  6.1056E-003
  9.9400E+000,  2.2254E+001, -3.0068E-003
  9.9500E+000,  2.2245E+001, -3.0068E-003
  9.9600E+000,  2.2254E+001, -3.0068E-003
  9.9700E+000,  2.2245E+001,  6.1056E-003
  9.9800E+000,  2.2254E+001, -3.0068E-003
  9.9900E+000,  2.2263E+001,  6.1056E-003
  1.0000E+001,  2.2254E+001, -3.0068E-003
  1.0010E+001,  2.2254E+001, -3.0068E-003
  1.0020E+001,  2.2254E+001, -3.0068E-003
  1.0030E+001,  2.2245E+001, -3.0068E-003
  1.0040E+001,  2.2263E+001,  6.1056E-003
  1.0050E+001,  2.2254E+001, -3.0068E-003
  1.0060E+001,  2.2254E+001,  6.1056E-003
  1.0070E+001,  2.2254E+001,  6.1056E-003
  1.0080E+001,  2.2254E+001, -3.0068E-003
  1.0090E+001,  2.2254E+001, -3.0068E-003
  1.0100E+001,  2.2254E+001, -3.0068E-003
  1.0110E+001,  2.2263E+001, -3.0068E-003
  1.0120E+001,  2.2263E+001, -3.0068E-003
  1.0130E+001,  2.2254E+001, -3.0068E-003
  1.0140E+001,  2.2263E+001,  6.1056E-003
  1.0150E+001,  2.2254E+001, -3.0068E-003
  1.0160E+001,  2.2263E+001,  6.1056E-003
  1.0170E+001,  2.2254E+001, -3.0068E-003
  1.0180E+001,  2.2254E+001, -3.0068E-003
  1.0190E+001,  2.2254E+001, -3.0068E-003
  1.0200E+001,  2.2254E+001, -3.0068E-003
  1.0210E+001,  2.2254E+001, -3.0068E-003
  1.0220E+001,  2.2254E+001, -3.0068E-003
  1.0230E+001,  2.2254E+001, -3.0068E-003
  1.0240E+001,  2.2254E+001,  6.1056E-003
  1.0250E+001,  2.2254E+001, -3.0068E-003
  1.0260E+001,  2.2263E+001, -3.0068E-003
  1.0270E+001,  2.2263E+001,  6.1056E-003
  1.0280E+001,  2.2254E+001,  6.1056E-003
  1.0290E+001,  2.2254E+001,  6.1056E-003
  1.0300E+001,  2.2254E+001,  6.1056E-003
  1.0310E+001,  2.2263E+001, -3.0068E-003
  1.0320E+001,  2.2263E+001, -3.0068E-003
  1.0330E+001,  2.2254E+001, -3.0068E-003
  1.0340E+001,  2.2254E+001,  6.1056E-003
  1.0350E+001,  2.2254E+001,  6.1056E-003
  1.0360E+001,  2.2263E+001,  6.1056E-003
  1.0370E+001,  2.2263E+001,  6.1056E-003
  1.0380E+001,  2.2263E+001,  6.1056E-003
  1.0390E+001,  2.2254E+001,  6.1056E-003
  1.0400E+001,  2.2263E+001,  6.1056E-003
  1.0410E+001,  2.2254E+001,  6.1056E-003
  1.0420E+001,  2.2254E+001,  6.1056E-003
  1.0430E+001,  2.2245E+001, -3.0068E-003
  1.0440E+001,  2.2245E+001, -3.0068E-003
  1.0450E+001,  2.2263E+001, -3.0068E-003
  1.0460E+001,  2.2263E+001, -3.0068E-003
  1.0470E+001,  2.2263E+001,  6.1056E-003
  1.0480E+001,  2.2254E+001, -3.0068E-003
  1.0490E+001,  2.2245E+001,  6.1056E-003
  1.0500E+001,  2.2254E+001, -3.0068E-003
  1.0510E+001,  2.2263E+001,  6.1056E-003
  1.0520E+001,  2.2263E+001,  6.1056E-003
  1.0530E+001,  2.2254E+001, -3.0068E-003
  1.0540E+001,  2.2254E+001, -3.0068E-003
  1.0550E+001,  2.2254E+001, -3.0068E-003
  1.0560E+001,  2.2254E+001, -3.0068E-003
  1.0570E+001,  2.2254E+001, -3.0068E-003
  1.0580E+001,  2.2263E+001, -3.0068E-003
  1.0590E+001,  2.2263E+001,  6.1056E-003
  1.0600E+001,  2.2254E+001,  6.1056E-003
  1.0610E+001,  2.2254E+001,  6.1056E-003
  1.0620E+001,  2.2254E+001, -3.0068E-003
  1.0630E+001,  2.2254E+001,  6.1056E-003
  1.0640E+001,  2.2263E+001,  6.1056E-003
  1.0650E+001,  2.2254E+001,  6.1056E-003
  1.0660E+001,  2.2272E+001,  6.1056E-003
  1.0670E+001,  2.2263E+001, -3.0068E-003
  1.0680E+001,  2.2245E+001, -3.0068E-003
  1.0690E+001,  2.2245E+001,  6.1056E-003
  1.0700E+001,  2.2254E+001,  6.1056E-003
  1.0710E+001,  2.2263E+001, -3.0068E-003
  1.0720E+001,  2.2263E+001,  6.1056E-003
  1.0730E+001,  2.2263E+001,  6.1056E-003
  1.0740E+001,  2.2263E+001,  6.1056E-003
  1.0750E+001,  2.2263E+001,  6.1056E-003
  1.0760E+001,  2.2263E+001, -3.0068E-003
  1.0770E+001,  2.2254E+001,  6.1056E-003
  1.0780E+001,  2.2254E+001,  6.1056E-003
  1.0790E+001,  2.2263E+001,  6.1056E-003
  1.0800E+001,  2.2254E+001, -3.0068E-003
  1.0810E+001,  2.2254E+001,  6.1056E-003
  1.0820E+001,  2.2254E+001, -3.0068E-003
  1.0830E+001,  2.2254E+001, -3.0068E-003
  1.0840E+001,  2.2263E+001,  6.1056E-003
  1.0850E+001,  2.2263E+001,  6.1056E-003
  1.0860E+001,  2.2263E+001,  6.1056E-003
  1.0870E+001,  2.2263E+001,  6.1056E-003
  1.0880E+001,  2.2263E+001,  6.1056E-003
  1.0890E+001,  2.2254E+001, -3.0068E-003
  1.0900E+001,  2.2254E+001, -3.0068E-003
  1.0910E+001,  2.2263E+001,  6.1056E-003
  1.0920E+001,  2.2263E+001,  6.1056E-003
  1.0930E+001,  2.2272E+001,  6.1056E-003
  1.0940E+001,  2.2263E+001,  6.1056E-003
  1.0950E+001,  2.2254E+001,  6.1056E-003
  1.0960E+001,  2.2254E+001,  6.1056E-003
  1.0970E+001,  2.2254E+001,  6.1056E-003
  1.0980E+001,  2.2263E+001,  6.1056E-003
  1.0990E+001,  2.2263E+001,  6.1056E-003
  1.1000E+001,  2.2263E+001,  6.1056E-003
  1.1010E+001,  2.2263E+001,  6.1056E-003
  1.1020E+001,  2.2263E+001,  6.1056E-003
  1.1030E+001,  2.2245E+001, -3.0068E-003
  1.1040E+001,  2.2254E+001,  6.1056E-003
  1.1050E+001,  2.2254E+001,  6.1056E-003
  1.1060E+001,  2.2263E+001,  6.1056E-003
  1.1070E+001,  2.2272E+001,  6.1056E-003
  1.1080E+001,  2.2254E+001,  6.1056E-003
  1.1090E+001,  2.2245E+001,  6.1056E-003
  1.1100E+001,  2.2254E+001,  6.1056E-003
  1.1110E+001,  2.2254E+001, -3.0068E-003
  1.1120E+001,  2.2263E+001,  6.1056E-003
  1.1130E+001,  2.2263E+001,  6.1056E-003
  1.1140E+001,  2.2263E+001,  1.5217E-002
  1.1150E+001,  2.2254E+001, -3.0068E-003
  1.1160E+001,  2.2263E+001, -3.0068E-003
  1.1170E+001,  2.2254E+001, -3.0068E-003
  1.1180E+001,  2.2254E+001,  6.1056E-003
  1.1190E+001,  2.2263E+001,  6.1056E-003
  1.1200E+001,  2.2254E+001,  6.1056E-003
  1.1210E+001,  2.2263E+001, -3.0068E-003
  1.1220E+001,  2.2254E+001,  6.1056E-003
  1.1230E+001,  2.2254E+001,  6.1056E-003
  1.1240E+001,  2.2254E+001,  6.1056E-003
  1.1250E+001,  2.2245E+001, -3.0068E-003
  1.1260E+001,  2.2254E+001,  6.1056E-003
  1.1270E+001,  2.2263E+001,  6.1056E-003
  1.1280E+001,  2.2272E+001,  6.1056E-003
  1.1290E+001,  2.2263E+001,  6.1056E-003
  1.1300E+001,  2.2254E+001, -3.0068E-003
  1.1310E+001,  2.2245E+001, -3.0068E-003
  1.1320E+001,  2.2254E+001,  6.1056E-003
  1.1330E+001,  2.2263E+001,  6.1056E-003
  1.1340E+001,  2.2263E+001,  6.1056E-003
  1.1350E+001,  2.2263E+001, -3.0068E-003
  1.1360E+001,  2.2263E+001,  6.1056E-003
  1.1370E+001,  2.2254E+001, -3.0068E-003
  1.1380E+001,  2.2245E+001,  6.1056E-003
  1.1390E+001,  2.2254E+001,  6.1056E-003
  1.1400E+001,  2.2263E+001, -3.0068E-003
  1.1410E+001,  2.2263E+001,  6.1056E-003
  1.1420E+001,  2.2263E+001, -3.0068E-003
  1.1430E+001,  2.2254E+001,  6.1056E-003
  1.1440E+001,  2.2245E+001, -3.0068E-003
  1.1450E+001,  2.2254E+001,  6.1056E-003
  1.1460E+001,  2.2263E+001,  6.1056E-003
  1.1470E+001,  2.2263E+001,  6.1056E-003
  1.1480E+001,  2.2263E+001,  1.5217E-002
  1.1490E+001,  2.2254E+001, -3.0068E-003
  1.1500E+001,  2.2254E+001, -3.0068E-003
  1.1510E+001,  2.2254E+001,  6.1056E-003
  1.1520E+001,  2.2254E+001,  6.1056E-003
  1.1530E+001,  2.2263E+001,  6.1056E-003
  1.1540E+001,  2.2254E+001, -3.0068E-003
  1.1550E+001,  2.2263E+001, -3.0068E-003
  1.1560E+001,  2.2254E+001,  6.1056E-003
  1.1570E+001,  2.2254E+001,  6.1056E-003
  1.1580E+001,  2.2254E+001,  6.1056E-003
  1.1590E+001,  2.2254E+001,  6.1056E-003
  1.1600E+001,  2.2254E+001, -3.0068E-003
  1.1610E+001,  2.2263E+001, -3.0068E-003
  1.1620E+001,  2.2263E+001,  6.1056E-003
  1.1630E+001,  2.2245E+001,  6.1056E-003
  1.1640E+001,  2.2254E+001,  6.1056E-003
  1.1650E+001,  2.2254E+001, -3.0068E-003
  1.1660E+001,  2.2254E+001, -3.0068E-003
  1.1670E+001,  2.2245E+001,  6.1056E-003
  1.1680E+001,  2.2245E+001,  6.1056E-003
  1.1690E+001,  2.2263E+001,  6.1056E-003
  1.1700E+001,  2.2254E+001,  6.1056E-003
  1.1710E+001,  2.2254E+001, -3.0068E-003
  1.1720E+001,  2.2245E+001,  6.1056E-003
  1.1730E+001,  2.2254E+001, -3.0068E-003
  1.1740E+001,  2.2263E+001,  6.1056E-003
  1.1750E+001,  2.2263E+001,  6.1056E-003
  1.1760E+001,  2.2263E+001, -3.0068E-003
  1.1770E+001,  2.2254E+001,  6.1056E-003
  1.1780E+001,  2.2254E+001, -3.0068E-003
  1.1790E+001,  2.2254E+001, -3.0068E-003
  1.1800E+001,  2.2263E+001,  6.1056E-003
  1.1810E+001,  2.2272E+001,  6.1056E-003
  1.1820E+001,  2.2263E+001,  6.1056E-003
  1.1830E+001,  2.2263E+001,  6.1056E-003
  1.1840E+001,  2.2254E+001, -3.0068E-003
  1.1850E+001,  2.2254E+001,  6.1056E-003
  1.1860E+001,  2.2254E+001,  6.1056E-003
  1.1870E+001,  2.2263E+001, -3.0068E-003
  1.1880E+001,  2.2254E+001, -3.0068E-003
  1.1890E+001,  2.2254E+001, -3.0068E-003
  1.1900E+001,  2.2254E+001, -3.0068E-003
  1.1910E+001,  2.2263E+001, -3.0068E-003
  1.1920E+001,  2.2254E+001, -3.0068E-003
  1.1930E+001,  2.2254E+001, -3.0068E-003
  1.1940E+001,  2.2263E+001,  6.1056E-003
  1.1950E+001,  2.2263E+001,  6.1056E-003
  1.1960E+001,  2.2263E+001, -3.0068E-003
  1.1970E+001,  2.2254E+001, -3.0068E-003
  1.1980E+001,  2.2254E+001, -3.0068E-003
  1.1990E+001,  2.2254E+001, -3.0068E-003
  1.2000E+001,  2.2263E+001,  6.1056E-003
  1.2010E+001,  2.2254E+001, -3.0068E-003
  1.2020E+001,  2.2263E+001, -3.0068E-003
  1.2030E+001,  2.2254E+001, -3.0068E-003
  1.2040E+001,  2.2254E+001,  6.1056E-003
  1.2050E+001,  2.2254E+001,  6.1056E-003
  1.2060E+001,  2.2254E+001, -3.0068E-003
  1.2070E+001,  2.2254E+001, -3.0068E-003
  1.2080E+001,  2.2263E+001,  6.1056E-003
  1.2090E+001,  2.2263E+001, -3.0068E-003
  1.2100E+001,  2.2263E+001, -3.0068E-003
  1.2110E+001,  2.2263E+001, -3.0068E-003
  1.2120E+001,  2.2254E+001,  6.1056E-003
  1.2130E+001,  2.2245E+001, -3.0068E-003
  1.2140E+001,  2.2254E+001, -3.0068E-003
  1.2150E+001,  2.2263E+001,  6.1056E-003
  1.2160E+001,  2.2263E+001,  6.1056E-003
  1.2170E+001,  2.2254E+001,  6.1056E-003
  1.2180E+001,  2.2254E+001, -3.0068E-003
  1.2190E+001,  2.2254E+001, -3.0068E-003
  1.2200E+001,  2.2254E+001,  6.1056E-003
  1.2210E+001,  2.2254E+001, -3.0068E-003
  1.2220E+001,  2.2254E+001, -3.0068E-003
  1.2230E+001,  2.2263E+001, -3.0068E-003
  1.2240E+001,  2.2245E+001,  6.1056E-003
  1.2250E+001,  2.2254E+001, -3.0068E-003
  1.2260E+001,  2.2254E+001, -3.0068E-003
  1.2270E+001,  2.2254E+001, -3.0068E-003
  1.2280E+001,  2.2254E+001,  6.1056E-003
  1.2290E+001,  2.2263E+001, -3.0068E-003
  1.2300E+001,  2.2263E+001, -3.0068E-003
  1.2310E+001,  2.2263E+001, -3.0068E-003
  1.2320E+001,  2.2263E+001, -3.0068E-003
  1.2330E+001,  2.2254E+001, -3.0068E-003
  1.2340E+001,  2.2254E+001, -3.0068E-003
  1.2350E+001,  2.2263E+001, -3.0068E-003
  1.2360E+001,  2.2263E+001, -3.0068E-003
  1.2370E+001,  2.2263E+001, -3.0068E-003
  1.2380E+001,  2.2254E+001, -3.0068E-003
  1.2390E+001,  2.2254E+001, -3.0068E-003
  1.2400E+001,  2.2254E+001, -3.0068E-003
  1.2410E+001,  2.2263E+001, -3.0068E-003
  1.2420E+001,  2.2263E+001, -3.0068E-003
  1.2430E+001,  2.2263E+001, -3.0068E-003
  1.2440E+001,  2.2263E+001,  6.1056E-003
  1.2450E+001,  2.2254E+001, -3.0068E-003
  1.2460E+001,  2.2245E+001, -3.0068E-003
  1.2470E+001,  2.2254E+001, -3.0068E-003
  1.2480E+001,  2.2254E+001, -3.0068E-003
  1.2490E+001,  2.2263E+001, -3.0068E-003
  1.2500E+001,  2.2263E+001,  6.1056E-003
  1.2510E+001,  2.2263E+001, -3.0068E-003
  1.2520E+001,  2.2263E+001, -3.0068E-003
  1.2530E+001,  2.2245E+001, -3.0068E-003
  1.2540E+001,  2.2263E+001,  6.1056E-003
  1.2550E+001,  2.2263E+001, -3.0068E-003
  1.2560E+001,  2.2263E+001, -3.0068E-003
  1.2570E+001,  2.2263E+001, -3.0068E-003
  1.2580E+001,  2.2245E+001, -3.0068E-003
  1.2590E+001,  2.2245E+001, -3.0068E-003
  1.2600E+001,  2.2263E+001, -3.0068E-003
  1.2610E+001,  2.2263E+001, -3.0068E-003
  1.2620E+001,  2.2263E+001, -3.0068E-003
  1.2630E+001,  2.2254E+001, -3.0068E-003
  1.2640E+001,  2.2254E+001, -3.0068E-003
  1.2650E+001,  2.2263E+001, -3.0068E-003
  1.2660E+001,  2.2254E+001, -3.0068E-003
  1.2670E+001,  2.2263E+001,  6.1056E-003
  1.2680E+001,  2.2254E+001, -3.0068E-003
  1.2690E+001,  2.2254E+001, -3.0068E-003
  1.2700E+001,  2.2263E+001, -3.0068E-003
  1.2710E+001,  2.2263E+001, -3.0068E-003
  1.2720E+001,  2.2254E+001, -3.0068E-003
  1.2730E+001,  2.2245E+001, -3.0068E-003
  1.2740E+001,  2.2245E+001, -3.0068E-003
  1.2750E+001,  2.2254E+001, -3.0068E-003
  1.2760E+001,  2.2263E+001, -3.0068E-003
  1.2770E+001,  2.2263E+001, -3.0068E-003
  1.2780E+001,  2.2254E+001, -3.0068E-003
  1.2790E+001,  2.2254E+001, -3.0068E-003
  1.2800E+001,  2.2254E+001, -3.0068E-003
  1.2810E+001,  2.2245E+001, -3.0068E-003
  1.2820E+001,  2.2254E+001, -3.0068E-003
  1.2830E+001,  2.2254E+001, -3.0068E-003
  1.2840E+001,  2.2254E+001,  6.1056E-003
  1.2850E+001,  2.2254E+001,  6.1056E-003
  1.2860E+001,  2.2254E+001, -3.0068E-003
  1.2870E+001,  2.2254E+001, -3.0068E-003
  1.2880E+001,  2.2254E+001, -3.0068E-003
  1.2890E+001,  2.2254E+001, -3.0068E-003
  1.2900E+001,  2.2254E+001,  6.1056E-003
  1.2910E+001,  2.2254E+001, -3.0068E-003
  1.2920E+001,  2.2254E+001, -3.0068E-003
  1.2930E+001,  2.2245E+001, -1.2118E-002
  1.2940E+001,  2.2254E+001, -3.0068E-003
  1.2950E+001,  2.2254E+001, -3.0068E-003
  1.2960E+001,  2.2254E+001, -3.0068E-003
  1.2970E+001,  2.2254E+001, -3.0068E-003
  1.2980E+001,  2.2263E+001, -3.0068E-003
  1.2990E+001,  2.2263E+001,  6.1056E-003
  1.3000E+001,  2.2254E+001, -3.0068E-003
  1.3010E+001,  2.2254E+001, -3.0068E-003
  1.3020E+001,  2.2254E+001, -3.0068E-003
  1.3030E+001,  2.2263E+001, -1.2118E-002
  1.3040E+001,  2.2263E+001,  6.1056E-003
  1.3050E+001,  2.2254E+001, -3.0068E-003
  1.3060E+001,  2.2254E+001, -3.0068E-003
  1.3070E+001,  2.2254E+001, -3.0068E-003
  1.3080E+001,  2.2263E+001, -3.0068E-003
  1.3090E+001,  2.2254E+001, -3.0068E-003
  1.3100E+001,  2.2263E+001, -3.0068E-003
  1.3110E+001,  2.2254E+001, -3.0068E-003
  1.3120E+001,  2.2254E+001, -3.0068E-003
  1.3130E+001,  2.2254E+001, -3.0068E-003
  1.3140E+001,  2.2254E+001, -3.0068E-003
  1.3150E+001,  2.2254E+001, -3.0068E-003
  1.3160E+001,  2.2263E+001, -3.0068E-003
  1.3170E+001,  2.2263E+001, -3.0068E-003
  1.3180E+001,  2.2254E+001, -3.0068E-003
  1.3190E+001,  2.2245E+001, -1.2118E-002
  1.3200E+001,  2.2254E+001, -3.0068E-003
