# [Parameters]
# Name = 'firc'
# ShotNo = 189303
# Date = '04/10/2024 20:24'
# 
# DimNo = 1
# DimName = 'Time'
# DimSize = 1311
# DimUnit = 's'
# 
# ValNo = 2
# ValName = 'nL(3669)', 'nL(3759)'
# ValUnit = 'e19m-2', 'e19m-2'
# [Comments]
#  
# [data]
  1.00000E-001,  3.1947E-003,  4.3551E-003
  1.10000E-001,  3.1947E-003,  4.3551E-003
  1.20000E-001, -5.8815E-003,  4.3551E-003
  1.30000E-001, -5.8815E-003, -4.7564E-003
  1.40000E-001,  3.1947E-003,  4.3551E-003
  1.50000E-001,  1.2270E-002, -4.7564E-003
  1.60000E-001,  3.1947E-003,  4.3551E-003
  1.70000E-001,  3.1947E-003,  4.3551E-003
  1.80000E-001,  3.1947E-003,  4.3551E-003
  1.90000E-001,  3.1947E-003,  4.3551E-003
  2.00000E-001,  3.1947E-003,  4.3551E-003
  2.10000E-001,  3.1947E-003,  4.3551E-003
  2.20000E-001,  3.1947E-003,  4.3551E-003
  2.30000E-001,  3.1947E-003, -4.7564E-003
  2.40000E-001,  3.1947E-003,  4.3551E-003
  2.50000E-001, -5.8815E-003,  4.3551E-003
  2.60000E-001, -1.4957E-002, -1.3869E-002
  2.70000E-001, -5.8815E-003, -4.7564E-003
  2.80000E-001,  3.1947E-003, -4.7564E-003
  2.90000E-001,  3.1947E-003,  4.3551E-003
  3.00000E-001,  3.1947E-003, -4.7564E-003
  3.10000E-001, -5.8815E-003, -4.7564E-003
  3.20000E-001, -5.8815E-003, -4.7564E-003
  3.30000E-001,  3.1947E-003, -4.7564E-003
  3.40000E-001, -5.8815E-003, -4.7564E-003
  3.50000E-001, -5.8815E-003, -4.7564E-003
  3.60000E-001,  3.1947E-003, -4.7564E-003
  3.70000E-001, -5.8815E-003, -4.7564E-003
  3.80000E-001,  3.1947E-003, -4.7564E-003
  3.90000E-001,  1.2270E-002, -4.7564E-003
  4.00000E-001, -5.8815E-003, -4.7564E-003
  4.10000E-001, -5.8815E-003,  4.3551E-003
  4.20000E-001, -5.8815E-003,  4.3551E-003
  4.30000E-001,  3.1947E-003,  4.3551E-003
  4.40000E-001,  3.1947E-003, -4.7564E-003
  4.50000E-001,  3.1947E-003,  4.3551E-003
  4.60000E-001, -5.8815E-003,  4.3551E-003
  4.70000E-001, -5.8815E-003, -4.7564E-003
  4.80000E-001,  3.1947E-003,  4.3551E-003
  4.90000E-001,  3.1947E-003, -4.7564E-003
  5.00000E-001,  3.1947E-003, -4.7564E-003
  5.10000E-001, -5.8815E-003, -4.7564E-003
  5.20000E-001,  3.1947E-003, -4.7564E-003
  5.30000E-001,  3.1947E-003,  4.3551E-003
  5.40000E-001,  3.1947E-003,  4.3551E-003
  5.50000E-001, -5.8815E-003, -4.7564E-003
  5.60000E-001, -1.4957E-002, -4.7564E-003
  5.70000E-001,  3.1947E-003, -4.7564E-003
  5.80000E-001, -5.8815E-003, -4.7564E-003
  5.90000E-001, -5.8815E-003, -4.7564E-003
  6.00000E-001,  3.1947E-003, -4.7564E-003
  6.10000E-001,  3.1947E-003, -4.7564E-003
  6.20000E-001, -5.8815E-003, -4.7564E-003
  6.30000E-001, -5.8815E-003,  4.3551E-003
  6.40000E-001, -5.8815E-003,  4.3551E-003
  6.50000E-001,  3.1947E-003, -4.7564E-003
  6.60000E-001, -5.8815E-003, -4.7564E-003
  6.70000E-001,  3.1947E-003, -4.7564E-003
  6.80000E-001,  3.1947E-003,  4.3551E-003
  6.90000E-001, -5.8815E-003, -4.7564E-003
  7.00000E-001,  3.1947E-003, -4.7564E-003
  7.10000E-001, -5.8815E-003, -4.7564E-003
  7.20000E-001, -5.8815E-003, -4.7564E-003
  7.30000E-001, -5.8815E-003, -4.7564E-003
  7.40000E-001,  3.1947E-003, -4.7564E-003
  7.50000E-001,  3.1947E-003, -4.7564E-003
  7.60000E-001, -5.8815E-003, -4.7564E-003
  7.70000E-001, -5.8815E-003, -4.7564E-003
  7.80000E-001, -5.8815E-003,  4.3551E-003
  7.90000E-001, -5.8815E-003, -4.7564E-003
  8.00000E-001, -5.8815E-003, -4.7564E-003
  8.10000E-001, -5.8815E-003, -4.7564E-003
  8.20000E-001, -5.8815E-003, -4.7564E-003
  8.30000E-001, -1.4957E-002, -4.7564E-003
  8.40000E-001, -5.8815E-003, -4.7564E-003
  8.50000E-001,  3.1947E-003, -4.7564E-003
  8.60000E-001, -5.8815E-003, -4.7564E-003
  8.70000E-001, -5.8815E-003, -4.7564E-003
  8.80000E-001, -5.8815E-003, -4.7564E-003
  8.90000E-001,  3.1947E-003,  4.3551E-003
  9.00000E-001,  3.1947E-003, -4.7564E-003
  9.10000E-001, -5.8815E-003,  4.3551E-003
  9.20000E-001, -5.8815E-003, -4.7564E-003
  9.30000E-001, -5.8815E-003, -4.7564E-003
  9.40000E-001, -5.8815E-003, -4.7564E-003
  9.50000E-001, -5.8815E-003,  4.3551E-003
  9.60000E-001, -5.8815E-003, -4.7564E-003
  9.70000E-001, -5.8815E-003, -4.7564E-003
  9.80000E-001, -5.8815E-003,  4.3551E-003
  9.90000E-001, -5.8815E-003, -4.7564E-003
  1.00000E+000, -5.8815E-003,  4.3551E-003
  1.01000E+000,  3.1947E-003, -4.7564E-003
  1.02000E+000, -5.8815E-003, -4.7564E-003
  1.03000E+000, -5.8815E-003, -4.7564E-003
  1.04000E+000,  3.1947E-003, -4.7564E-003
  1.05000E+000, -5.8815E-003, -4.7564E-003
  1.06000E+000, -5.8815E-003, -4.7564E-003
  1.07000E+000, -5.8815E-003, -1.3869E-002
  1.08000E+000, -5.8815E-003, -4.7564E-003
  1.09000E+000,  3.1947E-003,  4.3551E-003
  1.10000E+000,  3.1947E-003, -4.7564E-003
  1.11000E+000,  3.1947E-003,  4.3551E-003
  1.12000E+000,  3.1947E-003, -4.7564E-003
  1.13000E+000,  3.1947E-003, -4.7564E-003
  1.14000E+000,  3.1947E-003, -4.7564E-003
  1.15000E+000, -5.8815E-003,  4.3551E-003
  1.16000E+000, -5.8815E-003, -4.7564E-003
  1.17000E+000, -5.8815E-003, -4.7564E-003
  1.18000E+000,  3.1947E-003, -4.7564E-003
  1.19000E+000,  3.1947E-003, -1.3869E-002
  1.20000E+000, -5.8815E-003, -4.7564E-003
  1.21000E+000,  3.1947E-003, -4.7564E-003
  1.22000E+000,  3.1947E-003, -4.7564E-003
  1.23000E+000, -5.8815E-003, -4.7564E-003
  1.24000E+000,  3.1947E-003, -4.7564E-003
  1.25000E+000,  3.1947E-003,  4.3551E-003
  1.26000E+000,  3.1947E-003, -4.7564E-003
  1.27000E+000, -5.8815E-003, -4.7564E-003
  1.28000E+000,  3.1947E-003, -4.7564E-003
  1.29000E+000, -5.8815E-003, -4.7564E-003
  1.30000E+000, -5.8815E-003, -4.7564E-003
  1.31000E+000,  3.1947E-003, -4.7564E-003
  1.32000E+000, -5.8815E-003, -4.7564E-003
  1.33000E+000, -5.8815E-003,  4.3551E-003
  1.34000E+000,  3.1947E-003, -4.7564E-003
  1.35000E+000,  3.1947E-003, -4.7564E-003
  1.36000E+000,  3.1947E-003, -4.7564E-003
  1.37000E+000, -5.8815E-003, -4.7564E-003
  1.38000E+000, -1.4957E-002, -4.7564E-003
  1.39000E+000, -5.8815E-003, -4.7564E-003
  1.40000E+000, -5.8815E-003, -1.3869E-002
  1.41000E+000, -5.8815E-003, -4.7564E-003
  1.42000E+000, -5.8815E-003, -4.7564E-003
  1.43000E+000, -5.8815E-003, -4.7564E-003
  1.44000E+000, -5.8815E-003, -4.7564E-003
  1.45000E+000,  3.1947E-003, -4.7564E-003
  1.46000E+000,  3.1947E-003, -4.7564E-003
  1.47000E+000, -5.8815E-003,  4.3551E-003
  1.48000E+000, -5.8815E-003,  4.3551E-003
  1.49000E+000, -5.8815E-003, -4.7564E-003
  1.50000E+000, -5.8815E-003, -4.7564E-003
  1.51000E+000, -1.4957E-002, -4.7564E-003
  1.52000E+000, -5.8815E-003, -4.7564E-003
  1.53000E+000,  3.1947E-003, -4.7564E-003
  1.54000E+000, -5.8815E-003, -4.7564E-003
  1.55000E+000,  3.1947E-003, -4.7564E-003
  1.56000E+000,  3.1947E-003, -4.7564E-003
  1.57000E+000, -5.8815E-003, -4.7564E-003
  1.58000E+000,  3.1947E-003, -4.7564E-003
  1.59000E+000,  3.1947E-003, -4.7564E-003
  1.60000E+000, -5.8815E-003, -4.7564E-003
  1.61000E+000, -5.8815E-003, -4.7564E-003
  1.62000E+000, -5.8815E-003,  4.3551E-003
  1.63000E+000, -5.8815E-003, -4.7564E-003
  1.64000E+000, -5.8815E-003, -4.7564E-003
  1.65000E+000, -5.8815E-003, -4.7564E-003
  1.66000E+000, -5.8815E-003,  4.3551E-003
  1.67000E+000, -5.8815E-003, -4.7564E-003
  1.68000E+000,  3.1947E-003, -4.7564E-003
  1.69000E+000, -5.8815E-003, -4.7564E-003
  1.70000E+000, -5.8815E-003, -4.7564E-003
  1.71000E+000, -5.8815E-003, -1.3869E-002
  1.72000E+000, -5.8815E-003,  4.3551E-003
  1.73000E+000, -1.4957E-002, -4.7564E-003
  1.74000E+000, -5.8815E-003, -4.7564E-003
  1.75000E+000, -5.8815E-003, -4.7564E-003
  1.76000E+000,  3.1947E-003, -4.7564E-003
  1.77000E+000, -5.8815E-003, -4.7564E-003
  1.78000E+000, -5.8815E-003, -4.7564E-003
  1.79000E+000, -5.8815E-003, -4.7564E-003
  1.80000E+000,  3.1947E-003, -4.7564E-003
  1.81000E+000,  3.1947E-003,  4.3551E-003
  1.82000E+000,  3.1947E-003, -4.7564E-003
  1.83000E+000,  3.1947E-003,  4.3551E-003
  1.84000E+000, -5.8815E-003, -4.7564E-003
  1.85000E+000, -5.8815E-003, -4.7564E-003
  1.86000E+000, -5.8815E-003, -4.7564E-003
  1.87000E+000, -5.8815E-003, -4.7564E-003
  1.88000E+000,  3.1947E-003, -4.7564E-003
  1.89000E+000, -5.8815E-003, -4.7564E-003
  1.90000E+000, -5.8815E-003, -4.7564E-003
  1.91000E+000, -5.8815E-003, -4.7564E-003
  1.92000E+000,  3.1947E-003,  4.3551E-003
  1.93000E+000, -5.8815E-003, -4.7564E-003
  1.94000E+000, -5.8815E-003, -4.7564E-003
  1.95000E+000, -1.4957E-002, -4.7564E-003
  1.96000E+000, -5.8815E-003, -1.3869E-002
  1.97000E+000, -5.8815E-003, -4.7564E-003
  1.98000E+000, -5.8815E-003, -4.7564E-003
  1.99000E+000, -5.8815E-003, -1.3869E-002
  2.00000E+000, -5.8815E-003, -4.7564E-003
  2.01000E+000,  3.1947E-003, -4.7564E-003
  2.02000E+000,  3.1947E-003,  4.3551E-003
  2.03000E+000, -5.8815E-003, -4.7564E-003
  2.04000E+000, -5.8815E-003, -4.7564E-003
  2.05000E+000, -5.8815E-003, -4.7564E-003
  2.06000E+000, -5.8815E-003, -4.7564E-003
  2.07000E+000,  3.1947E-003, -4.7564E-003
  2.08000E+000, -5.8815E-003, -4.7564E-003
  2.09000E+000, -5.8815E-003, -4.7564E-003
  2.10000E+000,  3.1947E-003, -4.7564E-003
  2.11000E+000,  3.1947E-003, -4.7564E-003
  2.12000E+000,  3.1947E-003,  1.3467E-002
  2.13000E+000, -5.8815E-003,  4.3551E-003
  2.14000E+000,  3.1947E-003, -4.7564E-003
  2.15000E+000, -5.8815E-003, -4.7564E-003
  2.16000E+000,  3.1947E-003,  4.3551E-003
  2.17000E+000,  3.1947E-003, -4.7564E-003
  2.18000E+000,  3.1947E-003, -4.7564E-003
  2.19000E+000, -5.8815E-003, -4.7564E-003
  2.20000E+000, -1.4957E-002, -4.7564E-003
  2.21000E+000, -1.4957E-002, -1.3869E-002
  2.22000E+000, -5.8815E-003, -4.7564E-003
  2.23000E+000, -5.8815E-003, -4.7564E-003
  2.24000E+000,  3.1947E-003, -4.7564E-003
  2.25000E+000,  3.1947E-003, -4.7564E-003
  2.26000E+000, -5.8815E-003,  4.3551E-003
  2.27000E+000, -5.8815E-003, -4.7564E-003
  2.28000E+000, -1.4957E-002, -4.7564E-003
  2.29000E+000, -1.4957E-002, -1.3869E-002
  2.30000E+000, -5.8815E-003, -4.7564E-003
  2.31000E+000, -5.8815E-003, -4.7564E-003
  2.32000E+000,  3.1947E-003, -4.7564E-003
  2.33000E+000, -5.8815E-003, -4.7564E-003
  2.34000E+000, -1.4957E-002, -4.7564E-003
  2.35000E+000,  3.1947E-003, -4.7564E-003
  2.36000E+000,  3.1947E-003,  4.3551E-003
  2.37000E+000,  3.1947E-003,  4.3551E-003
  2.38000E+000,  3.1947E-003,  4.3551E-003
  2.39000E+000,  3.1947E-003, -4.7564E-003
  2.40000E+000,  3.1947E-003,  4.3551E-003
  2.41000E+000,  3.1947E-003, -4.7564E-003
  2.42000E+000,  3.1947E-003, -4.7564E-003
  2.43000E+000, -5.8815E-003,  4.3551E-003
  2.44000E+000, -5.8815E-003, -4.7564E-003
  2.45000E+000,  3.1947E-003,  4.3551E-003
  2.46000E+000, -5.8815E-003, -4.7564E-003
  2.47000E+000, -5.8815E-003, -4.7564E-003
  2.48000E+000, -1.4957E-002, -4.7564E-003
  2.49000E+000, -5.8815E-003, -4.7564E-003
  2.50000E+000, -5.8815E-003, -4.7564E-003
  2.51000E+000, -5.8815E-003, -4.7564E-003
  2.52000E+000,  3.1947E-003, -4.7564E-003
  2.53000E+000, -1.4957E-002, -1.3869E-002
  2.54000E+000, -1.4957E-002, -4.7564E-003
  2.55000E+000, -1.4957E-002, -4.7564E-003
  2.56000E+000, -1.4957E-002, -1.3869E-002
  2.57000E+000, -5.8815E-003, -1.3869E-002
  2.58000E+000, -5.8815E-003, -1.3869E-002
  2.59000E+000, -5.8815E-003, -4.7564E-003
  2.60000E+000,  3.1947E-003, -4.7564E-003
  2.61000E+000, -5.8815E-003, -4.7564E-003
  2.62000E+000,  3.1947E-003,  4.3551E-003
  2.63000E+000, -5.8815E-003, -4.7564E-003
  2.64000E+000, -5.8815E-003, -4.7564E-003
  2.65000E+000, -5.8815E-003, -4.7564E-003
  2.66000E+000, -5.8815E-003,  4.3551E-003
  2.67000E+000,  3.1947E-003, -4.7564E-003
  2.68000E+000, -5.8815E-003, -4.7564E-003
  2.69000E+000, -5.8815E-003, -4.7564E-003
  2.70000E+000,  3.1947E-003,  4.3551E-003
  2.71000E+000, -5.8815E-003, -4.7564E-003
  2.72000E+000, -5.8815E-003, -4.7564E-003
  2.73000E+000, -5.8815E-003, -4.7564E-003
  2.74000E+000, -1.4957E-002, -4.7564E-003
  2.75000E+000, -1.4957E-002,  4.3551E-003
  2.76000E+000, -5.8815E-003, -4.7564E-003
  2.77000E+000, -5.8815E-003, -4.7564E-003
  2.78000E+000, -5.8815E-003, -1.3869E-002
  2.79000E+000, -1.4957E-002, -4.7564E-003
  2.80000E+000, -5.8815E-003, -4.7564E-003
  2.81000E+000, -5.8815E-003, -4.7564E-003
  2.82000E+000,  3.1947E-003,  4.3551E-003
  2.83000E+000, -5.8815E-003, -4.7564E-003
  2.84000E+000, -5.8815E-003,  4.3551E-003
  2.85000E+000, -1.4957E-002, -4.7564E-003
  2.86000E+000, -5.8815E-003, -4.7564E-003
  2.87000E+000, -5.8815E-003, -4.7564E-003
  2.88000E+000, -5.8815E-003, -4.7564E-003
  2.89000E+000, -5.8815E-003, -4.7564E-003
  2.90000E+000, -5.8815E-003, -4.7564E-003
  2.91000E+000, -5.8815E-003,  4.3551E-003
  2.92000E+000, -5.8815E-003,  4.3551E-003
  2.93000E+000, -5.8815E-003,  4.3551E-003
  2.94000E+000, -5.8815E-003, -4.7564E-003
  2.95000E+000,  3.1947E-003,  4.3551E-003
  2.96000E+000, -5.8815E-003,  4.3551E-003
  2.97000E+000, -5.8815E-003, -4.7564E-003
  2.98000E+000, -5.8815E-003, -4.7564E-003
  2.99000E+000, -5.8815E-003, -4.7564E-003
  3.00000E+000,  3.1947E-003, -4.7564E-003
  3.01000E+000, -1.4957E-002, -4.7564E-003
  3.02000E+000, -5.8815E-003, -4.7564E-003
  3.03000E+000, -5.8815E-003, -4.7564E-003
  3.04000E+000, -5.8815E-003, -4.7564E-003
  3.05000E+000, -5.8815E-003, -4.7564E-003
  3.06000E+000,  3.1947E-003, -4.7564E-003
  3.07000E+000, -5.8815E-003, -4.7564E-003
  3.08000E+000, -5.8815E-003, -4.7564E-003
  3.09000E+000, -1.4957E-002, -4.7564E-003
  3.10000E+000, -5.8815E-003, -4.7564E-003
  3.11000E+000, -5.8815E-003, -4.7564E-003
  3.12000E+000, -5.8815E-003, -4.7564E-003
  3.13000E+000, -1.4957E-002, -4.7564E-003
  3.14000E+000, -5.8815E-003, -4.7564E-003
  3.15000E+000,  3.1947E-003,  4.3551E-003
  3.16000E+000,  3.1947E-003, -4.7564E-003
  3.17000E+000,  3.1947E-003,  4.3551E-003
  3.18000E+000, -5.8815E-003, -4.7564E-003
  3.19000E+000, -1.4957E-002, -4.7564E-003
  3.20000E+000, -5.8815E-003,  4.3551E-003
  3.21000E+000,  3.1947E-003,  4.3551E-003
  3.22000E+000,  3.1947E-003, -4.7564E-003
  3.23000E+000, -1.4957E-002, -4.7564E-003
  3.24000E+000, -1.4957E-002, -4.7564E-003
  3.25000E+000, -5.8815E-003, -4.7564E-003
  3.26000E+000, -5.8815E-003, -4.7564E-003
  3.27000E+000,  3.1947E-003,  4.3551E-003
  3.28000E+000,  3.1947E-003,  4.3551E-003
  3.29000E+000, -5.8815E-003,  4.3551E-003
  3.30000E+000, -5.8815E-003,  4.3551E-003
  3.31000E+000,  3.8437E-001,  3.7794E-001
  3.32000E+000,  7.1110E-001,  6.9685E-001
  3.33000E+000,  1.1286E+000,  1.0887E+000
  3.34000E+000,  1.5007E+000,  1.4622E+000
  3.35000E+000,  1.8093E+000,  1.7629E+000
  3.36000E+000,  2.0361E+000,  1.9907E+000
  3.37000E+000,  2.1995E+000,  2.1547E+000
  3.38000E+000,  2.3084E+000,  2.2823E+000
  3.39000E+000,  2.3901E+000,  2.3734E+000
  3.40000E+000,  2.4445E+000,  2.4372E+000
  3.41000E+000,  2.4899E+000,  2.4828E+000
  3.42000E+000,  2.5172E+000,  2.5192E+000
  3.43000E+000,  2.5535E+000,  2.5557E+000
  3.44000E+000,  2.5807E+000,  2.5739E+000
  3.45000E+000,  2.6079E+000,  2.6103E+000
  3.46000E+000,  2.6351E+000,  2.6377E+000
  3.47000E+000,  2.6714E+000,  2.6832E+000
  3.48000E+000,  2.7077E+000,  2.7106E+000
  3.49000E+000,  2.7440E+000,  2.7744E+000
  3.50000E+000,  2.7894E+000,  2.8017E+000
  3.51000E+000,  2.8348E+000,  2.8381E+000
  3.52000E+000,  2.8893E+000,  2.8928E+000
  3.53000E+000,  2.9437E+000,  2.9384E+000
  3.54000E+000,  2.9891E+000,  2.9839E+000
  3.55000E+000,  3.0345E+000,  3.0295E+000
  3.56000E+000,  3.0798E+000,  3.0750E+000
  3.57000E+000,  3.1343E+000,  3.1297E+000
  3.58000E+000,  3.1888E+000,  3.1844E+000
  3.59000E+000,  3.2432E+000,  3.2391E+000
  3.60000E+000,  3.2977E+000,  3.3028E+000
  3.61000E+000,  3.3703E+000,  3.3666E+000
  3.62000E+000,  3.4429E+000,  3.4395E+000
  3.63000E+000,  3.5064E+000,  3.4942E+000
  3.64000E+000,  3.5699E+000,  3.5671E+000
  3.65000E+000,  3.6335E+000,  3.6309E+000
  3.66000E+000,  3.6970E+000,  3.6946E+000
  3.67000E+000,  3.7605E+000,  3.7584E+000
  3.68000E+000,  3.8240E+000,  3.8313E+000
  3.69000E+000,  3.9057E+000,  3.9042E+000
  3.70000E+000,  3.9693E+000,  3.9680E+000
  3.71000E+000,  4.0328E+000,  4.0500E+000
  3.72000E+000,  4.1145E+000,  4.1138E+000
  3.73000E+000,  4.1780E+000,  4.1958E+000
  3.74000E+000,  4.2506E+000,  4.2596E+000
  3.75000E+000,  4.3141E+000,  4.3507E+000
  3.76000E+000,  4.3867E+000,  4.4145E+000
  3.77000E+000,  4.4684E+000,  4.4874E+000
  3.78000E+000,  4.5320E+000,  4.5512E+000
  3.79000E+000,  4.5864E+000,  4.6149E+000
  3.80000E+000,  4.6681E+000,  4.6878E+000
  3.81000E+000,  4.7407E+000,  4.7516E+000
  3.82000E+000,  4.8042E+000,  4.8245E+000
  3.83000E+000,  4.8859E+000,  4.8974E+000
  3.84000E+000,  4.9585E+000,  4.9703E+000
  3.85000E+000,  5.0130E+000,  5.0432E+000
  3.86000E+000,  5.0856E+000,  5.1161E+000
  3.87000E+000,  5.1491E+000,  5.2072E+000
  3.88000E+000,  5.2126E+000,  5.2710E+000
  3.89000E+000,  5.2762E+000,  5.3439E+000
  3.90000E+000,  5.3488E+000,  5.4259E+000
  3.91000E+000,  5.4123E+000,  5.4897E+000
  3.92000E+000,  5.4849E+000,  5.5808E+000
  3.93000E+000,  5.5666E+000,  5.6537E+000
  3.94000E+000,  5.6301E+000,  5.7266E+000
  3.95000E+000,  5.6936E+000,  5.7995E+000
  3.96000E+000,  5.7572E+000,  5.8724E+000
  3.97000E+000,  5.8479E+000,  5.9453E+000
  3.98000E+000,  5.9115E+000,  6.0364E+000
  3.99000E+000,  5.9841E+000,  6.0819E+000
  4.00000E+000,  6.0567E+000,  6.1639E+000
  4.01000E+000,  6.1202E+000,  6.2460E+000
  4.02000E+000,  6.1746E+000,  6.3097E+000
  4.03000E+000,  6.2291E+000,  6.3644E+000
  4.04000E+000,  6.3017E+000,  6.4282E+000
  4.05000E+000,  6.3652E+000,  6.5011E+000
  4.06000E+000,  6.4288E+000,  6.5831E+000
  4.07000E+000,  6.4923E+000,  6.6560E+000
  4.08000E+000,  6.5468E+000,  6.7015E+000
  4.09000E+000,  6.6103E+000,  6.7927E+000
  4.10000E+000,  6.6738E+000,  6.8747E+000
  4.11000E+000,  6.7555E+000,  6.9385E+000
  4.12000E+000,  6.8372E+000,  7.0113E+000
  4.13000E+000,  6.8916E+000,  7.0842E+000
  4.14000E+000,  6.9733E+000,  7.1663E+000
  4.15000E+000,  7.0368E+000,  7.2300E+000
  4.16000E+000,  7.1004E+000,  7.2938E+000
  4.17000E+000,  7.2093E+000,  7.3758E+000
  4.18000E+000,  7.3091E+000,  7.4852E+000
  4.19000E+000,  7.3999E+000,  7.5763E+000
  4.20000E+000,  7.5451E+000,  7.6401E+000
  4.21000E+000,  7.6086E+000,  7.7585E+000
  4.22000E+000,  7.7810E+000,  7.8679E+000
  4.23000E+000,  7.8627E+000,  7.9316E+000
  4.24000E+000,  7.9807E+000,  8.0045E+000
  4.25000E+000,  8.0805E+000,  8.1412E+000
  4.26000E+000,  8.3165E+000,  8.4692E+000
  4.27000E+000,  7.6812E+000,  8.3690E+000
  4.28000E+000,  7.6994E+000,  8.1777E+000
  4.29000E+000,  7.8173E+000,  8.3417E+000
  4.30000E+000,  7.9626E+000,  8.4419E+000
  4.31000E+000,  7.9716E+000,  8.5148E+000
  4.32000E+000,  8.0896E+000,  8.6515E+000
  4.33000E+000,  8.1531E+000,  8.7426E+000
  4.34000E+000,  8.1894E+000,  8.7882E+000
  4.35000E+000,  8.2711E+000,  8.8064E+000
  4.36000E+000,  8.4163E+000,  9.0342E+000
  4.37000E+000,  8.4254E+000,  9.0797E+000
  4.38000E+000,  8.5615E+000,  9.2164E+000
  4.39000E+000,  8.7612E+000,  9.2802E+000
  4.40000E+000,  8.8701E+000,  9.4624E+000
  4.41000E+000,  9.1515E+000,  9.7813E+000
  4.42000E+000,  9.4600E+000,  1.0073E+001
  4.43000E+000,  9.7777E+000,  1.0437E+001
  4.44000E+000,  9.9320E+000,  1.0683E+001
  4.45000E+000,  1.0068E+001,  1.0647E+001
  4.46000E+000,  1.0241E+001,  1.0884E+001
  4.47000E+000,  1.0150E+001,  1.0957E+001
  4.48000E+000,  1.0340E+001,  1.1185E+001
  4.49000E+000,  1.0377E+001,  1.1230E+001
  4.50000E+000,  1.0150E+001,  1.1103E+001
  4.51000E+000,  1.0313E+001,  1.1203E+001
  4.52000E+000,  1.0395E+001,  1.1440E+001
  4.53000E+000,  1.0477E+001,  1.1394E+001
  4.54000E+000,  1.0495E+001,  1.1339E+001
  4.55000E+000,  1.0322E+001,  1.1203E+001
  4.56000E+000,  1.0386E+001,  1.1257E+001
  4.57000E+000,  1.0440E+001,  1.1421E+001
  4.58000E+000,  1.0313E+001,  1.1257E+001
  4.59000E+000,  1.0322E+001,  1.1303E+001
  4.60000E+000,  1.0340E+001,  1.1285E+001
  4.61000E+000,  1.0113E+001,  1.1112E+001
  4.62000E+000,  1.0059E+001,  1.1066E+001
  4.63000E+000,  1.0086E+001,  1.1148E+001
  4.64000E+000,  9.9864E+000,  1.1011E+001
  4.65000E+000,  9.9410E+000,  1.0966E+001
  4.66000E+000,  9.8684E+000,  1.0920E+001
  4.67000E+000,  9.8321E+000,  1.0884E+001
  4.68000E+000,  9.7142E+000,  1.0711E+001
  4.69000E+000,  9.6960E+000,  1.0811E+001
  4.70000E+000,  9.7142E+000,  1.0811E+001
  4.71000E+000,  9.5871E+000,  1.0638E+001
  4.72000E+000,  9.4419E+000,  1.0465E+001
  4.73000E+000,  9.5326E+000,  1.0474E+001
  4.74000E+000,  9.3511E+000,  1.0392E+001
  4.75000E+000,  9.3511E+000,  1.0282E+001
  4.76000E+000,  9.2876E+000,  1.0246E+001
  4.77000E+000,  9.4056E+000,  1.0401E+001
  4.78000E+000,  9.1878E+000,  1.0219E+001
  4.79000E+000,  9.3239E+000,  1.0237E+001
  4.80000E+000,  9.2059E+000,  1.0255E+001
  4.81000E+000,  9.2604E+000,  1.0137E+001
  4.82000E+000,  9.3421E+000,  1.0155E+001
  4.83000E+000,  9.2695E+000,  1.0118E+001
  4.84000E+000,  9.2513E+000,  1.0118E+001
  4.85000E+000,  9.0789E+000,  9.9545E+000
  4.86000E+000,  8.9881E+000,  9.8087E+000
  4.87000E+000,  8.8520E+000,  9.7449E+000
  4.88000E+000,  8.7521E+000,  9.6264E+000
  4.89000E+000,  8.6795E+000,  9.5535E+000
  4.90000E+000,  8.5797E+000,  9.4898E+000
  4.91000E+000,  8.4889E+000,  9.4260E+000
  4.92000E+000,  8.4073E+000,  9.3622E+000
  4.93000E+000,  8.3347E+000,  9.2984E+000
  4.94000E+000,  8.2439E+000,  9.2529E+000
  4.95000E+000,  8.1985E+000,  9.1891E+000
  4.96000E+000,  8.1259E+000,  9.1435E+000
  4.97000E+000,  8.1078E+000,  9.1162E+000
  4.98000E+000,  8.0624E+000,  9.0797E+000
  4.99000E+000,  8.0533E+000,  9.0615E+000
  5.00000E+000,  8.0261E+000,  9.0251E+000
  5.01000E+000,  8.0170E+000,  9.0068E+000
  5.02000E+000,  8.0442E+000,  9.0068E+000
  5.03000E+000,  8.0352E+000,  9.0068E+000
  5.04000E+000,  8.0896E+000,  9.0068E+000
  5.05000E+000,  8.0987E+000,  9.0342E+000
  5.06000E+000,  8.1441E+000,  9.0615E+000
  5.07000E+000,  8.1985E+000,  9.0706E+000
  5.08000E+000,  8.2530E+000,  9.0888E+000
  5.09000E+000,  8.2802E+000,  9.1071E+000
  5.10000E+000,  8.3619E+000,  9.1617E+000
  5.11000E+000,  8.3891E+000,  9.2073E+000
  5.12000E+000,  8.3347E+000,  9.0433E+000
  5.13000E+000,  8.0805E+000,  9.2984E+000
  5.14000E+000,  8.0533E+000,  9.1709E+000
  5.15000E+000,  8.1168E+000,  9.2073E+000
  5.16000E+000,  8.3710E+000,  9.3258E+000
  5.17000E+000,  8.4345E+000,  9.3531E+000
  5.18000E+000,  8.5252E+000,  9.4169E+000
  5.19000E+000,  8.6432E+000,  9.4807E+000
  5.20000E+000,  8.8247E+000,  9.7267E+000
  5.21000E+000,  8.8247E+000,  9.6082E+000
  5.22000E+000,  9.0698E+000,  9.7813E+000
  5.23000E+000,  9.1787E+000,  9.6447E+000
  5.24000E+000,  9.0153E+000,  9.5080E+000
  5.25000E+000,  8.8247E+000,  9.3440E+000
  5.26000E+000,  8.6432E+000,  9.1982E+000
  5.27000E+000,  8.4617E+000,  9.0524E+000
  5.28000E+000,  8.3347E+000,  8.9613E+000
  5.29000E+000,  8.2167E+000,  8.8337E+000
  5.30000E+000,  8.0987E+000,  8.7153E+000
  5.31000E+000,  8.0805E+000,  8.6241E+000
  5.32000E+000,  8.0805E+000,  8.5604E+000
  5.33000E+000,  8.0805E+000,  8.4966E+000
  5.34000E+000,  8.0715E+000,  8.4328E+000
  5.35000E+000,  8.0715E+000,  8.4237E+000
  5.36000E+000,  8.0715E+000,  8.3963E+000
  5.37000E+000,  8.0715E+000,  8.3417E+000
  5.38000E+000,  8.0624E+000,  8.2870E+000
  5.39000E+000,  8.0805E+000,  8.3052E+000
  5.40000E+000,  8.1350E+000,  8.3417E+000
  5.41000E+000,  8.1713E+000,  8.3599E+000
  5.42000E+000,  8.1985E+000,  8.3690E+000
  5.43000E+000,  8.2076E+000,  8.3690E+000
  5.44000E+000,  8.2621E+000,  8.4055E+000
  5.45000E+000,  8.3074E+000,  8.4419E+000
  5.46000E+000,  8.3347E+000,  8.4601E+000
  5.47000E+000,  8.3256E+000,  8.4692E+000
  5.48000E+000,  8.3528E+000,  8.4875E+000
  5.49000E+000,  8.3982E+000,  8.5330E+000
  5.50000E+000,  8.3982E+000,  8.5239E+000
  5.51000E+000,  8.3800E+000,  8.4966E+000
  5.52000E+000,  8.3710E+000,  8.4966E+000
  5.53000E+000,  8.3800E+000,  8.4966E+000
  5.54000E+000,  8.4073E+000,  8.5239E+000
  5.55000E+000,  8.4436E+000,  8.5512E+000
  5.56000E+000,  8.4436E+000,  8.5604E+000
  5.57000E+000,  8.4436E+000,  8.5512E+000
  5.58000E+000,  8.4254E+000,  8.5330E+000
  5.59000E+000,  8.4073E+000,  8.5148E+000
  5.60000E+000,  8.3800E+000,  8.4875E+000
  5.61000E+000,  8.3800E+000,  8.4875E+000
  5.62000E+000,  8.3528E+000,  8.4510E+000
  5.63000E+000,  8.3347E+000,  8.4146E+000
  5.64000E+000,  8.3074E+000,  8.4055E+000
  5.65000E+000,  8.2893E+000,  8.3963E+000
  5.66000E+000,  8.2439E+000,  8.3963E+000
  5.67000E+000,  8.1985E+000,  8.3599E+000
  5.68000E+000,  8.1985E+000,  8.3417E+000
  5.69000E+000,  8.1894E+000,  8.3326E+000
  5.70000E+000,  8.2076E+000,  8.3599E+000
  5.71000E+000,  8.2348E+000,  8.4328E+000
  5.72000E+000,  8.2984E+000,  8.4419E+000
  5.73000E+000,  8.3619E+000,  8.4966E+000
  5.74000E+000,  8.4163E+000,  8.5512E+000
  5.75000E+000,  8.4708E+000,  8.6150E+000
  5.76000E+000,  8.5162E+000,  8.6788E+000
  5.77000E+000,  8.5706E+000,  8.6970E+000
  5.78000E+000,  8.6432E+000,  8.7426E+000
  5.79000E+000,  8.6705E+000,  8.7882E+000
  5.80000E+000,  8.6977E+000,  8.8155E+000
  5.81000E+000,  8.7431E+000,  8.8519E+000
  5.82000E+000,  8.7521E+000,  8.9066E+000
  5.83000E+000,  8.7794E+000,  8.9157E+000
  5.84000E+000,  8.8338E+000,  8.9522E+000
  5.85000E+000,  8.8338E+000,  8.9704E+000
  5.86000E+000,  8.8247E+000,  8.9795E+000
  5.87000E+000,  8.8429E+000,  8.9886E+000
  5.88000E+000,  8.8610E+000,  9.0068E+000
  5.89000E+000,  8.8610E+000,  9.0251E+000
  5.90000E+000,  8.8701E+000,  9.0433E+000
  5.91000E+000,  8.8792E+000,  9.0524E+000
  5.92000E+000,  8.8792E+000,  9.0615E+000
  5.93000E+000,  8.8792E+000,  9.0615E+000
  5.94000E+000,  8.8883E+000,  9.0615E+000
  5.95000E+000,  8.8792E+000,  9.0797E+000
  5.96000E+000,  8.8883E+000,  9.0797E+000
  5.97000E+000,  8.8973E+000,  9.0524E+000
  5.98000E+000,  8.8701E+000,  9.0524E+000
  5.99000E+000,  8.8792E+000,  9.0706E+000
  6.00000E+000,  8.8792E+000,  9.0797E+000
  6.01000E+000,  8.8792E+000,  9.0706E+000
  6.02000E+000,  8.8701E+000,  9.0433E+000
  6.03000E+000,  8.8610E+000,  9.0615E+000
  6.04000E+000,  8.8701E+000,  9.0706E+000
  6.05000E+000,  8.8610E+000,  9.0433E+000
  6.06000E+000,  8.8610E+000,  9.0433E+000
  6.07000E+000,  8.8520E+000,  9.0615E+000
  6.08000E+000,  8.8610E+000,  9.0433E+000
  6.09000E+000,  8.8520E+000,  9.0433E+000
  6.10000E+000,  8.8520E+000,  9.0524E+000
  6.11000E+000,  8.8520E+000,  9.0251E+000
  6.12000E+000,  8.8338E+000,  9.0433E+000
  6.13000E+000,  8.8520E+000,  9.0433E+000
  6.14000E+000,  8.8520E+000,  9.0251E+000
  6.15000E+000,  8.8429E+000,  9.0433E+000
  6.16000E+000,  8.8610E+000,  9.0342E+000
  6.17000E+000,  8.8247E+000,  9.0433E+000
  6.18000E+000,  8.8429E+000,  9.0433E+000
  6.19000E+000,  8.8429E+000,  9.0251E+000
  6.20000E+000,  8.8429E+000,  9.0342E+000
  6.21000E+000,  8.8520E+000,  9.0251E+000
  6.22000E+000,  8.8338E+000,  9.0251E+000
  6.23000E+000,  8.8338E+000,  9.0342E+000
  6.24000E+000,  8.8429E+000,  9.0160E+000
  6.25000E+000,  8.8338E+000,  9.0342E+000
  6.26000E+000,  8.8429E+000,  9.0251E+000
  6.27000E+000,  8.8338E+000,  9.0251E+000
  6.28000E+000,  8.8338E+000,  9.0342E+000
  6.29000E+000,  8.8429E+000,  9.0068E+000
  6.30000E+000,  8.8338E+000,  9.0160E+000
  6.31000E+000,  8.8338E+000,  9.0251E+000
  6.32000E+000,  8.8247E+000,  9.0068E+000
  6.33000E+000,  8.8247E+000,  9.0251E+000
  6.34000E+000,  8.8338E+000,  9.0342E+000
  6.35000E+000,  8.8247E+000,  9.0160E+000
  6.36000E+000,  8.8338E+000,  9.0342E+000
  6.37000E+000,  8.8338E+000,  9.0068E+000
  6.38000E+000,  8.8338E+000,  9.0342E+000
  6.39000E+000,  8.8429E+000,  9.0524E+000
  6.40000E+000,  8.8520E+000,  9.0251E+000
  6.41000E+000,  8.8429E+000,  9.0433E+000
  6.42000E+000,  8.8520E+000,  9.0524E+000
  6.43000E+000,  8.8520E+000,  9.0342E+000
  6.44000E+000,  8.8610E+000,  9.0615E+000
  6.45000E+000,  8.8792E+000,  9.0342E+000
  6.46000E+000,  8.8520E+000,  9.0524E+000
  6.47000E+000,  8.8520E+000,  9.0615E+000
  6.48000E+000,  8.8520E+000,  9.0342E+000
  6.49000E+000,  8.8520E+000,  9.0524E+000
  6.50000E+000,  8.8792E+000,  9.0524E+000
  6.51000E+000,  8.8701E+000,  9.0615E+000
  6.52000E+000,  8.8701E+000,  9.0706E+000
  6.53000E+000,  8.8610E+000,  9.0433E+000
  6.54000E+000,  8.8701E+000,  9.0615E+000
  6.55000E+000,  8.8792E+000,  9.0524E+000
  6.56000E+000,  8.8701E+000,  9.0524E+000
  6.57000E+000,  8.8701E+000,  9.0706E+000
  6.58000E+000,  8.8792E+000,  9.0524E+000
  6.59000E+000,  8.8792E+000,  9.0797E+000
  6.60000E+000,  8.8973E+000,  9.0615E+000
  6.61000E+000,  8.8883E+000,  9.0706E+000
  6.62000E+000,  8.8883E+000,  9.0797E+000
  6.63000E+000,  8.8883E+000,  9.0706E+000
  6.64000E+000,  8.8883E+000,  9.0980E+000
  6.65000E+000,  8.9064E+000,  9.0706E+000
  6.66000E+000,  8.8973E+000,  9.0980E+000
  6.67000E+000,  8.8973E+000,  9.0888E+000
  6.68000E+000,  8.8973E+000,  9.0888E+000
  6.69000E+000,  8.8883E+000,  9.0980E+000
  6.70000E+000,  8.9064E+000,  9.0706E+000
  6.71000E+000,  8.8973E+000,  9.1162E+000
  6.72000E+000,  8.9155E+000,  9.0888E+000
  6.73000E+000,  8.8883E+000,  9.1071E+000
  6.74000E+000,  8.9155E+000,  9.0980E+000
  6.75000E+000,  8.8973E+000,  9.1071E+000
  6.76000E+000,  8.9155E+000,  9.0980E+000
  6.77000E+000,  8.9064E+000,  9.0980E+000
  6.78000E+000,  8.9064E+000,  9.1253E+000
  6.79000E+000,  8.9155E+000,  9.0980E+000
  6.80000E+000,  8.9155E+000,  9.1253E+000
  6.81000E+000,  8.9155E+000,  9.0888E+000
  6.82000E+000,  8.8973E+000,  9.1162E+000
  6.83000E+000,  8.9155E+000,  9.0888E+000
  6.84000E+000,  8.9155E+000,  9.1344E+000
  6.85000E+000,  8.9246E+000,  9.1071E+000
  6.86000E+000,  8.9246E+000,  9.1435E+000
  6.87000E+000,  8.9337E+000,  9.1071E+000
  6.88000E+000,  8.9155E+000,  9.1162E+000
  6.89000E+000,  8.9337E+000,  9.1253E+000
  6.90000E+000,  8.9155E+000,  9.1162E+000
  6.91000E+000,  8.9155E+000,  9.1253E+000
  6.92000E+000,  8.9337E+000,  9.1344E+000
  6.93000E+000,  9.0153E+000,  9.1709E+000
  6.94000E+000,  9.0698E+000,  9.2437E+000
  6.95000E+000,  9.1696E+000,  9.2984E+000
  6.96000E+000,  9.2150E+000,  9.3622E+000
  6.97000E+000,  9.2604E+000,  9.4351E+000
  6.98000E+000,  9.3148E+000,  9.4715E+000
  6.99000E+000,  9.3511E+000,  9.5718E+000
  7.00000E+000,  9.3784E+000,  9.5444E+000
  7.01000E+000,  9.4419E+000,  9.5900E+000
  7.02000E+000,  9.3148E+000,  9.4989E+000
  7.03000E+000,  9.2422E+000,  9.4169E+000
  7.04000E+000,  9.1968E+000,  9.3895E+000
  7.05000E+000,  9.1333E+000,  9.3166E+000
  7.06000E+000,  9.1152E+000,  9.3075E+000
  7.07000E+000,  9.1515E+000,  9.2984E+000
  7.08000E+000,  9.0426E+000,  9.2255E+000
  7.09000E+000,  9.1152E+000,  9.2437E+000
  7.10000E+000,  8.7612E+000,  9.1709E+000
  7.11000E+000,  8.5888E+000,  9.2711E+000
  7.12000E+000,  8.7612E+000,  9.3258E+000
  7.13000E+000,  8.7794E+000,  9.4624E+000
  7.14000E+000,  9.0698E+000,  9.7267E+000
  7.15000E+000,  9.3602E+000,  1.0055E+001
  7.16000E+000,  9.7232E+000,  1.0401E+001
  7.17000E+000,  1.0104E+001,  1.0729E+001
  7.18000E+000,  1.0023E+001,  1.0756E+001
  7.19000E+000,  1.0295E+001,  1.0939E+001
  7.20000E+000,  1.0349E+001,  1.1121E+001
  7.21000E+000,  1.0667E+001,  1.1403E+001
  7.22000E+000,  1.0894E+001,  1.1576E+001
  7.23000E+000,  1.0976E+001,  1.1458E+001
  7.24000E+000,  1.0967E+001,  1.1239E+001
  7.25000E+000,  1.3009E+001,  1.2169E+001
  7.26000E+000, -1.0042E+000,  1.3335E+001
  7.27000E+000,  1.3226E+001,  1.2150E+001
  7.28000E+000,  2.2993E+000,  9.4715E+000
  7.29000E+000,  2.4824E-001,  6.6651E+000
  7.30000E+000,  2.1345E-002,  6.4009E+000
  7.31000E+000,  1.2270E-002,  6.4009E+000
  7.32000E+000,  3.1947E-003,  6.3917E+000
  7.33000E+000, -5.8815E-003,  6.3917E+000
  7.34000E+000, -1.4957E-002,  6.3826E+000
  7.35000E+000, -5.8815E-003,  6.3826E+000
  7.36000E+000,  3.1947E-003,  6.3826E+000
  7.37000E+000, -5.8815E-003,  6.3826E+000
  7.38000E+000, -5.8815E-003,  6.3826E+000
  7.39000E+000, -1.4957E-002,  6.3826E+000
  7.40000E+000,  3.1947E-003,  6.3735E+000
  7.41000E+000, -5.8815E-003,  6.3826E+000
  7.42000E+000, -5.8815E-003,  6.3826E+000
  7.43000E+000, -5.8815E-003,  6.3735E+000
  7.44000E+000, -1.4957E-002,  6.3735E+000
  7.45000E+000, -5.8815E-003,  6.3826E+000
  7.46000E+000,  3.1947E-003,  6.3826E+000
  7.47000E+000, -5.8815E-003,  6.3735E+000
  7.48000E+000, -5.8815E-003,  6.3735E+000
  7.49000E+000, -1.4957E-002,  6.3735E+000
  7.50000E+000, -5.8815E-003,  6.3826E+000
  7.51000E+000,  3.1947E-003,  6.3826E+000
  7.52000E+000, -5.8815E-003,  6.3826E+000
  7.53000E+000, -5.8815E-003,  6.3735E+000
  7.54000E+000, -5.8815E-003,  6.3826E+000
  7.55000E+000, -1.4957E-002,  6.3735E+000
  7.56000E+000, -5.8815E-003,  6.3735E+000
  7.57000E+000, -5.8815E-003,  6.3735E+000
  7.58000E+000,  1.2270E-002,  6.3826E+000
  7.59000E+000,  3.1947E-003,  6.3826E+000
  7.60000E+000, -5.8815E-003,  6.3826E+000
  7.61000E+000, -5.8815E-003,  6.3826E+000
  7.62000E+000, -5.8815E-003,  6.3826E+000
  7.63000E+000, -5.8815E-003,  6.3826E+000
  7.64000E+000, -5.8815E-003,  6.3735E+000
  7.65000E+000, -5.8815E-003,  6.3735E+000
  7.66000E+000, -5.8815E-003,  6.3735E+000
  7.67000E+000, -5.8815E-003,  6.3826E+000
  7.68000E+000,  3.1947E-003,  6.3826E+000
  7.69000E+000, -5.8815E-003,  6.3826E+000
  7.70000E+000, -5.8815E-003,  6.3735E+000
  7.71000E+000,  3.1947E-003,  6.3826E+000
  7.72000E+000, -5.8815E-003,  6.3826E+000
  7.73000E+000, -5.8815E-003,  6.3826E+000
  7.74000E+000, -5.8815E-003,  6.3826E+000
  7.75000E+000, -1.4957E-002,  6.3826E+000
  7.76000E+000, -1.4957E-002,  6.3826E+000
  7.77000E+000, -5.8815E-003,  6.3735E+000
  7.78000E+000,  3.1947E-003,  6.3826E+000
  7.79000E+000, -5.8815E-003,  6.3826E+000
  7.80000E+000, -5.8815E-003,  6.3735E+000
  7.81000E+000, -5.8815E-003,  6.3826E+000
  7.82000E+000,  3.1947E-003,  6.3826E+000
  7.83000E+000,  3.1947E-003,  6.3826E+000
  7.84000E+000, -5.8815E-003,  6.3826E+000
  7.85000E+000, -5.8815E-003,  6.3735E+000
  7.86000E+000,  3.1947E-003,  6.3826E+000
  7.87000E+000,  3.1947E-003,  6.3826E+000
  7.88000E+000,  3.1947E-003,  6.3826E+000
  7.89000E+000,  3.1947E-003,  6.3917E+000
  7.90000E+000, -5.8815E-003,  6.3826E+000
  7.91000E+000,  3.1947E-003,  6.3826E+000
  7.92000E+000,  3.1947E-003,  6.3826E+000
  7.93000E+000,  3.1947E-003,  6.3826E+000
  7.94000E+000,  3.1947E-003,  6.3826E+000
  7.95000E+000, -5.8815E-003,  6.3826E+000
  7.96000E+000,  3.1947E-003,  6.3826E+000
  7.97000E+000, -5.8815E-003,  6.3735E+000
  7.98000E+000, -5.8815E-003,  6.3826E+000
  7.99000E+000, -5.8815E-003,  6.3826E+000
  8.00000E+000, -5.8815E-003,  6.3735E+000
  8.01000E+000, -5.8815E-003,  6.3735E+000
  8.02000E+000, -1.4957E-002,  6.3735E+000
  8.03000E+000, -5.8815E-003,  6.3826E+000
  8.04000E+000, -5.8815E-003,  6.3735E+000
  8.05000E+000, -5.8815E-003,  6.3735E+000
  8.06000E+000,  3.1947E-003,  6.3826E+000
  8.07000E+000, -5.8815E-003,  6.3735E+000
  8.08000E+000, -5.8815E-003,  6.3735E+000
  8.09000E+000, -5.8815E-003,  6.3826E+000
  8.10000E+000,  3.1947E-003,  6.3826E+000
  8.11000E+000,  3.1947E-003,  6.3826E+000
  8.12000E+000, -5.8815E-003,  6.3826E+000
  8.13000E+000, -5.8815E-003,  6.3826E+000
  8.14000E+000,  3.1947E-003,  6.3826E+000
  8.15000E+000,  3.1947E-003,  6.3826E+000
  8.16000E+000,  3.1947E-003,  6.3826E+000
  8.17000E+000,  3.1947E-003,  6.3826E+000
  8.18000E+000,  3.1947E-003,  6.3826E+000
  8.19000E+000,  3.1947E-003,  6.3826E+000
  8.20000E+000, -5.8815E-003,  6.3917E+000
  8.21000E+000, -5.8815E-003,  6.3826E+000
  8.22000E+000,  3.1947E-003,  6.3826E+000
  8.23000E+000,  3.1947E-003,  6.3826E+000
  8.24000E+000, -5.8815E-003,  6.3826E+000
  8.25000E+000, -5.8815E-003,  6.3735E+000
  8.26000E+000, -5.8815E-003,  6.3917E+000
  8.27000E+000, -5.8815E-003,  6.3826E+000
  8.28000E+000, -5.8815E-003,  6.3826E+000
  8.29000E+000,  3.1947E-003,  6.3826E+000
  8.30000E+000,  3.1947E-003,  6.3826E+000
  8.31000E+000,  3.1947E-003,  6.3826E+000
  8.32000E+000,  3.1947E-003,  6.3735E+000
  8.33000E+000, -5.8815E-003,  6.3826E+000
  8.34000E+000, -1.4957E-002,  6.3735E+000
  8.35000E+000, -5.8815E-003,  6.3735E+000
  8.36000E+000,  3.1947E-003,  6.3826E+000
  8.37000E+000,  3.1947E-003,  6.3826E+000
  8.38000E+000,  3.1947E-003,  6.3735E+000
  8.39000E+000, -5.8815E-003,  6.3917E+000
  8.40000E+000, -5.8815E-003,  6.3826E+000
  8.41000E+000, -5.8815E-003,  6.3826E+000
  8.42000E+000,  3.1947E-003,  6.3826E+000
  8.43000E+000,  3.1947E-003,  6.3826E+000
  8.44000E+000, -5.8815E-003,  6.3826E+000
  8.45000E+000, -5.8815E-003,  6.3826E+000
  8.46000E+000,  3.1947E-003,  6.3826E+000
  8.47000E+000,  3.1947E-003,  6.3826E+000
  8.48000E+000,  3.1947E-003,  6.3826E+000
  8.49000E+000, -1.4957E-002,  6.3826E+000
  8.50000E+000, -5.8815E-003,  6.3826E+000
  8.51000E+000,  3.1947E-003,  6.3826E+000
  8.52000E+000,  3.1947E-003,  6.3917E+000
  8.53000E+000,  3.1947E-003,  6.3917E+000
  8.54000E+000, -5.8815E-003,  6.3735E+000
  8.55000E+000, -1.4957E-002,  6.3735E+000
  8.56000E+000, -5.8815E-003,  6.3826E+000
  8.57000E+000,  3.1947E-003,  6.3826E+000
  8.58000E+000,  3.1947E-003,  6.3826E+000
  8.59000E+000, -5.8815E-003,  6.3735E+000
  8.60000E+000, -5.8815E-003,  6.3826E+000
  8.61000E+000, -5.8815E-003,  6.3826E+000
  8.62000E+000,  3.1947E-003,  6.3826E+000
  8.63000E+000,  3.1947E-003,  6.3826E+000
  8.64000E+000, -5.8815E-003,  6.3826E+000
  8.65000E+000, -5.8815E-003,  6.3917E+000
  8.66000E+000,  3.1947E-003,  6.3826E+000
  8.67000E+000,  3.1947E-003,  6.3826E+000
  8.68000E+000,  3.1947E-003,  6.3917E+000
  8.69000E+000,  3.1947E-003,  6.3826E+000
  8.70000E+000, -5.8815E-003,  6.3826E+000
  8.71000E+000, -5.8815E-003,  6.3826E+000
  8.72000E+000,  1.2270E-002,  6.3917E+000
  8.73000E+000,  1.2270E-002,  6.3826E+000
  8.74000E+000,  3.1947E-003,  6.3917E+000
  8.75000E+000, -5.8815E-003,  6.3826E+000
  8.76000E+000, -5.8815E-003,  6.3826E+000
  8.77000E+000, -5.8815E-003,  6.3826E+000
  8.78000E+000,  3.1947E-003,  6.3826E+000
  8.79000E+000, -5.8815E-003,  6.3917E+000
  8.80000E+000, -5.8815E-003,  6.3826E+000
  8.81000E+000, -5.8815E-003,  6.3826E+000
  8.82000E+000,  3.1947E-003,  6.3826E+000
  8.83000E+000,  3.1947E-003,  6.3735E+000
  8.84000E+000,  3.1947E-003,  6.3735E+000
  8.85000E+000, -5.8815E-003,  6.3826E+000
  8.86000E+000, -5.8815E-003,  6.3826E+000
  8.87000E+000,  3.1947E-003,  6.3826E+000
  8.88000E+000,  3.1947E-003,  6.3826E+000
  8.89000E+000,  3.1947E-003,  6.3826E+000
  8.90000E+000, -5.8815E-003,  6.3826E+000
  8.91000E+000, -5.8815E-003,  6.3826E+000
  8.92000E+000, -5.8815E-003,  6.3826E+000
  8.93000E+000, -5.8815E-003,  6.3826E+000
  8.94000E+000,  3.1947E-003,  6.3826E+000
  8.95000E+000,  3.1947E-003,  6.3826E+000
  8.96000E+000, -5.8815E-003,  6.3917E+000
  8.97000E+000,  3.1947E-003,  6.3826E+000
  8.98000E+000,  3.1947E-003,  6.3917E+000
  8.99000E+000,  3.1947E-003,  6.3917E+000
  9.00000E+000, -5.8815E-003,  6.3826E+000
  9.01000E+000,  3.1947E-003,  6.3917E+000
  9.02000E+000,  3.1947E-003,  6.3917E+000
  9.03000E+000,  3.1947E-003,  6.3826E+000
  9.04000E+000,  3.1947E-003,  6.3917E+000
  9.05000E+000, -5.8815E-003,  6.3735E+000
  9.06000E+000,  3.1947E-003,  6.3826E+000
  9.07000E+000, -5.8815E-003,  6.3826E+000
  9.08000E+000,  3.1947E-003,  6.3826E+000
  9.09000E+000,  3.1947E-003,  6.3917E+000
  9.10000E+000,  3.1947E-003,  6.3917E+000
  9.11000E+000,  3.1947E-003,  6.3826E+000
  9.12000E+000,  3.1947E-003,  6.3917E+000
  9.13000E+000,  3.1947E-003,  6.3826E+000
  9.14000E+000,  3.1947E-003,  6.3826E+000
  9.15000E+000,  3.1947E-003,  6.3826E+000
  9.16000E+000, -5.8815E-003,  6.3826E+000
  9.17000E+000,  3.1947E-003,  6.3826E+000
  9.18000E+000, -5.8815E-003,  6.3826E+000
  9.19000E+000, -5.8815E-003,  6.3735E+000
  9.20000E+000, -5.8815E-003,  6.3735E+000
  9.21000E+000,  3.1947E-003,  6.3917E+000
  9.22000E+000,  3.1947E-003,  6.3826E+000
  9.23000E+000,  3.1947E-003,  6.3917E+000
  9.24000E+000,  1.2270E-002,  6.3917E+000
  9.25000E+000,  3.1947E-003,  6.3917E+000
  9.26000E+000,  3.1947E-003,  6.3826E+000
  9.27000E+000,  3.1947E-003,  6.3917E+000
  9.28000E+000,  3.1947E-003,  6.3826E+000
  9.29000E+000,  3.1947E-003,  6.3826E+000
  9.30000E+000,  3.1947E-003,  6.3917E+000
  9.31000E+000,  3.1947E-003,  6.3826E+000
  9.32000E+000,  3.1947E-003,  6.3917E+000
  9.33000E+000,  3.1947E-003,  6.3917E+000
  9.34000E+000,  3.1947E-003,  6.3826E+000
  9.35000E+000,  3.1947E-003,  6.3917E+000
  9.36000E+000, -5.8815E-003,  6.3826E+000
  9.37000E+000,  3.1947E-003,  6.3917E+000
  9.38000E+000,  3.1947E-003,  6.3917E+000
  9.39000E+000,  3.1947E-003,  6.3826E+000
  9.40000E+000,  3.1947E-003,  6.3826E+000
  9.41000E+000, -5.8815E-003,  6.3917E+000
  9.42000E+000, -1.4957E-002,  6.3826E+000
  9.43000E+000,  3.1947E-003,  6.3826E+000
  9.44000E+000,  3.1947E-003,  6.3826E+000
  9.45000E+000, -5.8815E-003,  6.3917E+000
  9.46000E+000,  3.1947E-003,  6.3917E+000
  9.47000E+000, -5.8815E-003,  6.3917E+000
  9.48000E+000,  3.1947E-003,  6.3917E+000
  9.49000E+000,  3.1947E-003,  6.3826E+000
  9.50000E+000,  3.1947E-003,  6.3917E+000
  9.51000E+000, -5.8815E-003,  6.3826E+000
  9.52000E+000,  3.1947E-003,  6.3826E+000
  9.53000E+000,  3.1947E-003,  6.3826E+000
  9.54000E+000,  1.2270E-002,  6.3826E+000
  9.55000E+000,  3.1947E-003,  6.3826E+000
  9.56000E+000,  3.1947E-003,  6.3826E+000
  9.57000E+000, -1.4957E-002,  6.3826E+000
  9.58000E+000,  3.1947E-003,  6.3917E+000
  9.59000E+000,  3.1947E-003,  6.3826E+000
  9.60000E+000,  3.1947E-003,  6.3917E+000
  9.61000E+000,  3.1947E-003,  6.3917E+000
  9.62000E+000,  3.1947E-003,  6.3917E+000
  9.63000E+000,  3.1947E-003,  6.3917E+000
  9.64000E+000,  3.1947E-003,  6.3826E+000
  9.65000E+000,  3.1947E-003,  6.3826E+000
  9.66000E+000, -5.8815E-003,  6.3826E+000
  9.67000E+000, -5.8815E-003,  6.3826E+000
  9.68000E+000,  3.1947E-003,  6.3917E+000
  9.69000E+000,  3.1947E-003,  6.3826E+000
  9.70000E+000,  3.1947E-003,  6.3826E+000
  9.71000E+000,  3.1947E-003,  6.3917E+000
  9.72000E+000, -5.8815E-003,  6.3826E+000
  9.73000E+000,  3.1947E-003,  6.3917E+000
  9.74000E+000,  3.1947E-003,  6.3917E+000
  9.75000E+000,  1.2270E-002,  6.3826E+000
  9.76000E+000, -5.8815E-003,  6.3826E+000
  9.77000E+000, -5.8815E-003,  6.3826E+000
  9.78000E+000, -5.8815E-003,  6.3826E+000
  9.79000E+000,  3.1947E-003,  6.3826E+000
  9.80000E+000,  3.1947E-003,  6.3826E+000
  9.81000E+000,  3.1947E-003,  6.3917E+000
  9.82000E+000,  3.1947E-003,  6.3826E+000
  9.83000E+000,  3.1947E-003,  6.3917E+000
  9.84000E+000,  3.1947E-003,  6.3917E+000
  9.85000E+000,  3.1947E-003,  6.3917E+000
  9.86000E+000,  3.1947E-003,  6.3917E+000
  9.87000E+000, -5.8815E-003,  6.3917E+000
  9.88000E+000,  3.1947E-003,  6.3917E+000
  9.89000E+000,  3.1947E-003,  6.3826E+000
  9.90000E+000,  3.1947E-003,  6.3826E+000
  9.91000E+000,  3.1947E-003,  6.3917E+000
  9.92000E+000, -5.8815E-003,  6.3826E+000
  9.93000E+000,  3.1947E-003,  6.3917E+000
  9.94000E+000,  3.1947E-003,  6.3917E+000
  9.95000E+000,  3.1947E-003,  6.3917E+000
  9.96000E+000,  3.1947E-003,  6.3917E+000
  9.97000E+000,  3.1947E-003,  6.3826E+000
  9.98000E+000,  3.1947E-003,  6.3826E+000
  9.99000E+000,  3.1947E-003,  6.3826E+000
  1.00000E+001, -5.8815E-003,  6.3826E+000
  1.00100E+001, -5.8815E-003,  6.3917E+000
  1.00200E+001, -5.8815E-003,  6.3917E+000
  1.00300E+001,  1.2270E-002,  6.3917E+000
  1.00400E+001,  3.1947E-003,  6.3826E+000
  1.00500E+001,  3.1947E-003,  6.3826E+000
  1.00600E+001, -5.8815E-003,  6.3826E+000
  1.00700E+001, -5.8815E-003,  6.3917E+000
  1.00800E+001,  1.2270E-002,  6.3917E+000
  1.00900E+001,  3.1947E-003,  6.3826E+000
  1.01000E+001,  3.1947E-003,  6.3826E+000
  1.01100E+001,  3.1947E-003,  6.3826E+000
  1.01200E+001,  3.1947E-003,  6.3917E+000
  1.01300E+001,  3.1947E-003,  6.3917E+000
  1.01400E+001, -5.8815E-003,  6.3917E+000
  1.01500E+001,  3.1947E-003,  6.3826E+000
  1.01600E+001,  3.1947E-003,  6.3917E+000
  1.01700E+001,  3.1947E-003,  6.3917E+000
  1.01800E+001,  3.1947E-003,  6.3917E+000
  1.01900E+001,  3.1947E-003,  6.3917E+000
  1.02000E+001,  3.1947E-003,  6.3917E+000
  1.02100E+001,  3.1947E-003,  6.3917E+000
  1.02200E+001,  3.1947E-003,  6.3917E+000
  1.02300E+001,  3.1947E-003,  6.3917E+000
  1.02400E+001,  3.1947E-003,  6.3826E+000
  1.02500E+001,  1.2270E-002,  6.3826E+000
  1.02600E+001, -5.8815E-003,  6.3917E+000
  1.02700E+001, -5.8815E-003,  6.3917E+000
  1.02800E+001,  3.1947E-003,  6.3917E+000
  1.02900E+001,  1.2270E-002,  6.3917E+000
  1.03000E+001,  3.1947E-003,  6.3917E+000
  1.03100E+001,  3.1947E-003,  6.3826E+000
  1.03200E+001, -5.8815E-003,  6.3826E+000
  1.03300E+001, -5.8815E-003,  6.3917E+000
  1.03400E+001, -5.8815E-003,  6.3917E+000
  1.03500E+001,  3.1947E-003,  6.3826E+000
  1.03600E+001, -5.8815E-003,  6.3826E+000
  1.03700E+001, -5.8815E-003,  6.3735E+000
  1.03800E+001,  3.1947E-003,  6.3917E+000
  1.03900E+001, -5.8815E-003,  6.3917E+000
  1.04000E+001,  3.1947E-003,  6.3917E+000
  1.04100E+001,  3.1947E-003,  6.3826E+000
  1.04200E+001, -5.8815E-003,  6.3917E+000
  1.04300E+001,  3.1947E-003,  6.3917E+000
  1.04400E+001,  3.1947E-003,  6.3826E+000
  1.04500E+001,  1.2270E-002,  6.3917E+000
  1.04600E+001,  3.1947E-003,  6.3917E+000
  1.04700E+001,  1.2270E-002,  6.3917E+000
  1.04800E+001,  3.1947E-003,  6.3917E+000
  1.04900E+001, -5.8815E-003,  6.3917E+000
  1.05000E+001,  3.1947E-003,  6.3917E+000
  1.05100E+001, -5.8815E-003,  6.3917E+000
  1.05200E+001,  3.1947E-003,  6.3917E+000
  1.05300E+001,  3.1947E-003,  6.3917E+000
  1.05400E+001,  1.2270E-002,  6.3917E+000
  1.05500E+001,  3.1947E-003,  6.3917E+000
  1.05600E+001, -5.8815E-003,  6.3917E+000
  1.05700E+001, -5.8815E-003,  6.3826E+000
  1.05800E+001, -5.8815E-003,  6.3826E+000
  1.05900E+001,  3.1947E-003,  6.3826E+000
  1.06000E+001,  1.2270E-002,  6.3917E+000
  1.06100E+001,  3.1947E-003,  6.3826E+000
  1.06200E+001, -5.8815E-003,  6.3917E+000
  1.06300E+001,  3.1947E-003,  6.3826E+000
  1.06400E+001,  3.1947E-003,  6.3826E+000
  1.06500E+001,  3.1947E-003,  6.3917E+000
  1.06600E+001,  3.1947E-003,  6.3917E+000
  1.06700E+001,  3.1947E-003,  6.3917E+000
  1.06800E+001,  3.1947E-003,  6.3917E+000
  1.06900E+001,  1.2270E-002,  6.3917E+000
  1.07000E+001, -5.8815E-003,  6.3826E+000
  1.07100E+001,  3.1947E-003,  6.3917E+000
  1.07200E+001, -5.8815E-003,  6.3917E+000
  1.07300E+001,  3.1947E-003,  6.3826E+000
  1.07400E+001,  3.1947E-003,  6.3917E+000
  1.07500E+001,  3.1947E-003,  6.3917E+000
  1.07600E+001,  3.1947E-003,  6.3917E+000
  1.07700E+001, -5.8815E-003,  6.3735E+000
  1.07800E+001,  3.1947E-003,  6.3917E+000
  1.07900E+001,  3.1947E-003,  6.3917E+000
  1.08000E+001,  3.1947E-003,  6.3917E+000
  1.08100E+001, -5.8815E-003,  6.3917E+000
  1.08200E+001,  3.1947E-003,  6.3826E+000
  1.08300E+001,  3.1947E-003,  6.3917E+000
  1.08400E+001,  3.1947E-003,  6.3826E+000
  1.08500E+001,  3.1947E-003,  6.3826E+000
  1.08600E+001, -5.8815E-003,  6.3826E+000
  1.08700E+001,  3.1947E-003,  6.3917E+000
  1.08800E+001,  3.1947E-003,  6.3917E+000
  1.08900E+001,  3.1947E-003,  6.3917E+000
  1.09000E+001,  3.1947E-003,  6.3826E+000
  1.09100E+001,  3.1947E-003,  6.3917E+000
  1.09200E+001,  3.1947E-003,  6.3826E+000
  1.09300E+001,  3.1947E-003,  6.3826E+000
  1.09400E+001,  3.1947E-003,  6.3917E+000
  1.09500E+001, -5.8815E-003,  6.3826E+000
  1.09600E+001,  3.1947E-003,  6.3917E+000
  1.09700E+001,  3.1947E-003,  6.3917E+000
  1.09800E+001,  1.2270E-002,  6.3917E+000
  1.09900E+001,  3.1947E-003,  6.3917E+000
  1.10000E+001,  3.1947E-003,  6.3917E+000
  1.10100E+001,  3.1947E-003,  6.3917E+000
  1.10200E+001,  3.1947E-003,  6.3917E+000
  1.10300E+001,  3.1947E-003,  6.3917E+000
  1.10400E+001,  3.1947E-003,  6.3917E+000
  1.10500E+001,  3.1947E-003,  6.3917E+000
  1.10600E+001,  3.1947E-003,  6.3917E+000
  1.10700E+001,  3.1947E-003,  6.3917E+000
  1.10800E+001,  3.1947E-003,  6.3826E+000
  1.10900E+001,  3.1947E-003,  6.3826E+000
  1.11000E+001,  3.1947E-003,  6.3826E+000
  1.11100E+001,  3.1947E-003,  6.3917E+000
  1.11200E+001,  1.2270E-002,  6.3917E+000
  1.11300E+001,  3.1947E-003,  6.3917E+000
  1.11400E+001,  3.1947E-003,  6.3917E+000
  1.11500E+001,  3.1947E-003,  6.3917E+000
  1.11600E+001,  3.1947E-003,  6.3826E+000
  1.11700E+001,  3.1947E-003,  6.3917E+000
  1.11800E+001,  3.1947E-003,  6.3826E+000
  1.11900E+001,  3.1947E-003,  6.3917E+000
  1.12000E+001,  3.1947E-003,  6.3826E+000
  1.12100E+001,  3.1947E-003,  6.3917E+000
  1.12200E+001, -5.8815E-003,  6.3917E+000
  1.12300E+001, -5.8815E-003,  6.3917E+000
  1.12400E+001,  3.1947E-003,  6.3826E+000
  1.12500E+001,  1.2270E-002,  6.3917E+000
  1.12600E+001,  3.1947E-003,  6.3917E+000
  1.12700E+001,  3.1947E-003,  6.3917E+000
  1.12800E+001,  3.1947E-003,  6.3917E+000
  1.12900E+001,  3.1947E-003,  6.3826E+000
  1.13000E+001,  1.2270E-002,  6.3826E+000
  1.13100E+001,  3.1947E-003,  6.3917E+000
  1.13200E+001,  3.1947E-003,  6.3826E+000
  1.13300E+001,  3.1947E-003,  6.3735E+000
  1.13400E+001,  3.1947E-003,  6.3917E+000
  1.13500E+001,  3.1947E-003,  6.3735E+000
  1.13600E+001,  3.1947E-003,  6.3826E+000
  1.13700E+001,  3.1947E-003,  6.3917E+000
  1.13800E+001,  3.1947E-003,  6.3917E+000
  1.13900E+001,  3.1947E-003,  6.3826E+000
  1.14000E+001,  3.1947E-003,  6.3917E+000
  1.14100E+001,  3.1947E-003,  6.3826E+000
  1.14200E+001,  3.1947E-003,  6.3826E+000
  1.14300E+001, -5.8815E-003,  6.3917E+000
  1.14400E+001,  3.1947E-003,  6.3917E+000
  1.14500E+001,  3.1947E-003,  6.3826E+000
  1.14600E+001,  3.1947E-003,  6.3735E+000
  1.14700E+001,  1.2270E-002,  6.3826E+000
  1.14800E+001,  3.1947E-003,  6.3917E+000
  1.14900E+001,  3.1947E-003,  6.3917E+000
  1.15000E+001,  1.2270E-002,  6.3917E+000
  1.15100E+001,  1.2270E-002,  6.3917E+000
  1.15200E+001,  3.1947E-003,  6.3917E+000
  1.15300E+001,  3.1947E-003,  6.3826E+000
  1.15400E+001,  3.1947E-003,  6.3826E+000
  1.15500E+001,  3.1947E-003,  6.3826E+000
  1.15600E+001,  3.1947E-003,  6.3917E+000
  1.15700E+001,  3.1947E-003,  6.3917E+000
  1.15800E+001, -5.8815E-003,  6.3826E+000
  1.15900E+001,  3.1947E-003,  6.3826E+000
  1.16000E+001,  3.1947E-003,  6.3826E+000
  1.16100E+001,  1.2270E-002,  6.3917E+000
  1.16200E+001,  3.1947E-003,  6.3735E+000
  1.16300E+001,  3.1947E-003,  6.3826E+000
  1.16400E+001,  3.1947E-003,  6.3826E+000
  1.16500E+001,  3.1947E-003,  6.3917E+000
  1.16600E+001,  3.1947E-003,  6.3917E+000
  1.16700E+001,  3.1947E-003,  6.3826E+000
  1.16800E+001, -5.8815E-003,  6.3826E+000
  1.16900E+001,  3.1947E-003,  6.3917E+000
  1.17000E+001, -5.8815E-003,  6.3826E+000
  1.17100E+001,  3.1947E-003,  6.3826E+000
  1.17200E+001,  3.1947E-003,  6.3917E+000
  1.17300E+001,  3.1947E-003,  6.3826E+000
  1.17400E+001, -5.8815E-003,  6.3826E+000
  1.17500E+001,  3.1947E-003,  6.3917E+000
  1.17600E+001,  3.1947E-003,  6.3917E+000
  1.17700E+001,  3.1947E-003,  6.3917E+000
  1.17800E+001,  3.1947E-003,  6.3917E+000
  1.17900E+001,  3.1947E-003,  6.3826E+000
  1.18000E+001,  3.1947E-003,  6.3917E+000
  1.18100E+001,  3.1947E-003,  6.3917E+000
  1.18200E+001,  3.1947E-003,  6.3826E+000
  1.18300E+001,  3.1947E-003,  6.3917E+000
  1.18400E+001, -5.8815E-003,  6.3826E+000
  1.18500E+001,  3.1947E-003,  6.3917E+000
  1.18600E+001,  3.1947E-003,  6.3917E+000
  1.18700E+001,  3.1947E-003,  6.3917E+000
  1.18800E+001,  1.2270E-002,  6.3917E+000
  1.18900E+001,  3.1947E-003,  6.3917E+000
  1.19000E+001,  3.1947E-003,  6.3917E+000
  1.19100E+001,  3.1947E-003,  6.3826E+000
  1.19200E+001,  3.1947E-003,  6.3917E+000
  1.19300E+001,  1.2270E-002,  6.3826E+000
  1.19400E+001,  3.1947E-003,  6.3826E+000
  1.19500E+001,  3.1947E-003,  6.3917E+000
  1.19600E+001,  3.1947E-003,  6.3917E+000
  1.19700E+001,  3.1947E-003,  6.3917E+000
  1.19800E+001,  3.1947E-003,  6.3826E+000
  1.19900E+001,  3.1947E-003,  6.3917E+000
  1.20000E+001,  3.1947E-003,  6.3826E+000
  1.20100E+001,  3.1947E-003,  6.3917E+000
  1.20200E+001, -5.8815E-003,  6.3826E+000
  1.20300E+001,  3.1947E-003,  6.3917E+000
  1.20400E+001, -1.4957E-002,  6.3735E+000
  1.20500E+001,  3.1947E-003,  6.3917E+000
  1.20600E+001,  3.1947E-003,  6.3917E+000
  1.20700E+001,  3.1947E-003,  6.3917E+000
  1.20800E+001,  3.1947E-003,  6.3917E+000
  1.20900E+001,  3.1947E-003,  6.3917E+000
  1.21000E+001,  3.1947E-003,  6.3917E+000
  1.21100E+001,  3.1947E-003,  6.3826E+000
  1.21200E+001,  3.1947E-003,  6.3826E+000
  1.21300E+001, -5.8815E-003,  6.3735E+000
  1.21400E+001,  3.1947E-003,  6.3917E+000
  1.21500E+001,  3.1947E-003,  6.3917E+000
  1.21600E+001,  1.2270E-002,  6.3917E+000
  1.21700E+001,  3.1947E-003,  6.3826E+000
  1.21800E+001,  3.1947E-003,  6.3917E+000
  1.21900E+001,  3.1947E-003,  6.3917E+000
  1.22000E+001,  3.1947E-003,  6.3917E+000
  1.22100E+001,  3.1947E-003,  6.3917E+000
  1.22200E+001,  1.2270E-002,  6.3917E+000
  1.22300E+001,  1.2270E-002,  6.3917E+000
  1.22400E+001,  3.1947E-003,  6.3917E+000
  1.22500E+001,  3.1947E-003,  6.3826E+000
  1.22600E+001,  3.1947E-003,  6.3826E+000
  1.22700E+001,  3.1947E-003,  6.3826E+000
  1.22800E+001, -5.8815E-003,  6.3735E+000
  1.22900E+001,  3.1947E-003,  6.3735E+000
  1.23000E+001,  3.1947E-003,  6.3917E+000
  1.23100E+001,  3.1947E-003,  6.3917E+000
  1.23200E+001,  1.2270E-002,  6.3917E+000
  1.23300E+001,  3.1947E-003,  6.3917E+000
  1.23400E+001, -5.8815E-003,  6.3917E+000
  1.23500E+001,  3.1947E-003,  6.3917E+000
  1.23600E+001,  3.1947E-003,  6.3826E+000
  1.23700E+001,  3.1947E-003,  6.3826E+000
  1.23800E+001, -5.8815E-003,  6.3917E+000
  1.23900E+001, -5.8815E-003,  6.3826E+000
  1.24000E+001, -5.8815E-003,  6.3917E+000
  1.24100E+001,  3.1947E-003,  6.3917E+000
  1.24200E+001,  3.1947E-003,  6.3826E+000
  1.24300E+001,  3.1947E-003,  6.3917E+000
  1.24400E+001,  3.1947E-003,  6.3917E+000
  1.24500E+001,  3.1947E-003,  6.3826E+000
  1.24600E+001,  3.1947E-003,  6.3917E+000
  1.24700E+001,  1.2270E-002,  6.3917E+000
  1.24800E+001,  3.1947E-003,  6.3917E+000
  1.24900E+001,  3.1947E-003,  6.3917E+000
  1.25000E+001,  3.1947E-003,  6.3917E+000
  1.25100E+001,  3.1947E-003,  6.3917E+000
  1.25200E+001,  3.1947E-003,  6.3917E+000
  1.25300E+001,  3.1947E-003,  6.3826E+000
  1.25400E+001, -5.8815E-003,  6.3826E+000
  1.25500E+001,  3.1947E-003,  6.3917E+000
  1.25600E+001,  3.1947E-003,  6.3826E+000
  1.25700E+001,  3.1947E-003,  6.3917E+000
  1.25800E+001, -5.8815E-003,  6.3826E+000
  1.25900E+001, -5.8815E-003,  6.3826E+000
  1.26000E+001,  3.1947E-003,  6.3826E+000
  1.26100E+001, -5.8815E-003,  6.3826E+000
  1.26200E+001,  3.1947E-003,  6.3917E+000
  1.26300E+001,  3.1947E-003,  6.3826E+000
  1.26400E+001, -5.8815E-003,  6.3917E+000
  1.26500E+001,  3.1947E-003,  6.3917E+000
  1.26600E+001, -5.8815E-003,  6.3826E+000
  1.26700E+001,  3.1947E-003,  6.3826E+000
  1.26800E+001, -5.8815E-003,  6.3917E+000
  1.26900E+001,  3.1947E-003,  6.3917E+000
  1.27000E+001,  3.1947E-003,  6.3917E+000
  1.27100E+001,  3.1947E-003,  6.3917E+000
  1.27200E+001,  3.1947E-003,  6.3917E+000
  1.27300E+001,  3.1947E-003,  6.3917E+000
  1.27400E+001,  3.1947E-003,  6.3826E+000
  1.27500E+001,  3.1947E-003,  6.3826E+000
  1.27600E+001, -5.8815E-003,  6.3826E+000
  1.27700E+001,  3.1947E-003,  6.3917E+000
  1.27800E+001,  3.1947E-003,  6.3826E+000
  1.27900E+001,  3.1947E-003,  6.3917E+000
  1.28000E+001, -5.8815E-003,  6.3826E+000
  1.28100E+001,  3.1947E-003,  6.3917E+000
  1.28200E+001,  1.2270E-002,  6.3826E+000
  1.28300E+001,  1.2270E-002,  6.3917E+000
  1.28400E+001,  3.1947E-003,  6.3826E+000
  1.28500E+001, -5.8815E-003,  6.3826E+000
  1.28600E+001, -5.8815E-003,  6.3735E+000
  1.28700E+001, -5.8815E-003,  6.3826E+000
  1.28800E+001, -1.4957E-002,  6.3735E+000
  1.28900E+001,  3.1947E-003,  6.3826E+000
  1.29000E+001,  3.1947E-003,  6.3917E+000
  1.29100E+001,  3.1947E-003,  6.3917E+000
  1.29200E+001,  3.1947E-003,  6.3917E+000
  1.29300E+001,  3.1947E-003,  6.3826E+000
  1.29400E+001,  3.1947E-003,  6.3826E+000
  1.29500E+001,  3.1947E-003,  6.3826E+000
  1.29600E+001,  3.1947E-003,  6.3917E+000
  1.29700E+001,  3.1947E-003,  6.3917E+000
  1.29800E+001,  3.1947E-003,  6.3826E+000
  1.29900E+001,  3.1947E-003,  6.3826E+000
  1.30000E+001,  3.1947E-003,  6.3826E+000
  1.30100E+001, -5.8815E-003,  6.3826E+000
  1.30200E+001, -5.8815E-003,  6.3917E+000
  1.30300E+001,  3.1947E-003,  6.3826E+000
  1.30400E+001, -5.8815E-003,  6.3826E+000
  1.30500E+001,  1.2270E-002,  6.3826E+000
  1.30600E+001,  3.1947E-003,  6.3917E+000
  1.30700E+001, -5.8815E-003,  6.3826E+000
  1.30800E+001,  3.1947E-003,  6.3826E+000
  1.30900E+001, -1.4957E-002,  6.3917E+000
  1.31000E+001,  3.1947E-003,  6.3917E+000
  1.31100E+001,  3.1947E-003,  6.3917E+000
  1.31200E+001,  3.1947E-003,  6.3917E+000
  1.31300E+001,  3.1947E-003,  6.3735E+000
  1.31400E+001,  3.1947E-003,  6.3917E+000
  1.31500E+001, -5.8815E-003,  6.3826E+000
  1.31600E+001,  3.1947E-003,  6.3917E+000
  1.31700E+001,  3.1947E-003,  6.3917E+000
  1.31800E+001,  3.1947E-003,  6.3917E+000
  1.31900E+001,  3.1947E-003,  6.3917E+000
  1.32000E+001, -5.8815E-003,  6.3826E+000
