# [Parameters]
# Name = 'firc'
# ShotNo = 174739
# Date = '12/09/2021 17:13'
# 
# DimNo = 1
# DimName = 'Time'
# DimSize = 1311
# DimUnit = 's'
# 
# ValNo = 2
# ValName = 'nL(3669)', 'nL(3759)'
# ValUnit = 'e19m-2', 'e19m-2'
# [Comments]
#  
# [data]
  1.00000E-001,  6.1695E-004, -6.6146E-003
  1.10000E-001,  6.1695E-004,  2.4969E-003
  1.20000E-001,  6.1695E-004,  2.4969E-003
  1.30000E-001,  6.1695E-004,  2.4969E-003
  1.40000E-001,  6.1695E-004, -6.6146E-003
  1.50000E-001,  6.1695E-004,  2.4969E-003
  1.60000E-001,  6.1695E-004,  2.4969E-003
  1.70000E-001,  6.1695E-004, -6.6146E-003
  1.80000E-001, -8.4584E-003,  2.4969E-003
  1.90000E-001, -8.4584E-003, -6.6146E-003
  2.00000E-001, -8.4584E-003, -6.6146E-003
  2.10000E-001,  6.1695E-004,  2.4969E-003
  2.20000E-001,  6.1695E-004,  2.4969E-003
  2.30000E-001, -8.4584E-003,  2.4969E-003
  2.40000E-001,  6.1695E-004, -6.6146E-003
  2.50000E-001,  6.1695E-004,  2.4969E-003
  2.60000E-001,  6.1695E-004,  2.4969E-003
  2.70000E-001,  6.1695E-004, -6.6146E-003
  2.80000E-001,  6.1695E-004, -6.6146E-003
  2.90000E-001, -8.4584E-003, -6.6146E-003
  3.00000E-001, -8.4584E-003, -6.6146E-003
  3.10000E-001,  6.1695E-004, -6.6146E-003
  3.20000E-001,  6.1695E-004, -6.6146E-003
  3.30000E-001, -8.4584E-003, -6.6146E-003
  3.40000E-001, -8.4584E-003,  2.4969E-003
  3.50000E-001, -8.4584E-003,  2.4969E-003
  3.60000E-001,  1.8768E-002,  2.4969E-003
  3.70000E-001,  6.1695E-004,  2.4969E-003
  3.80000E-001,  6.1695E-004,  2.4969E-003
  3.90000E-001,  6.1695E-004,  2.4969E-003
  4.00000E-001,  6.1695E-004,  2.4969E-003
  4.10000E-001,  6.1695E-004, -6.6146E-003
  4.20000E-001,  6.1695E-004, -6.6146E-003
  4.30000E-001, -8.4584E-003,  2.4969E-003
  4.40000E-001, -8.4584E-003, -6.6146E-003
  4.50000E-001,  6.1695E-004, -6.6146E-003
  4.60000E-001,  6.1695E-004,  2.4969E-003
  4.70000E-001,  6.1695E-004,  2.4969E-003
  4.80000E-001, -8.4584E-003,  2.4969E-003
  4.90000E-001, -8.4584E-003, -6.6146E-003
  5.00000E-001, -8.4584E-003, -6.6146E-003
  5.10000E-001, -8.4584E-003,  2.4969E-003
  5.20000E-001, -8.4584E-003,  2.4969E-003
  5.30000E-001, -8.4584E-003, -6.6146E-003
  5.40000E-001, -8.4584E-003, -6.6146E-003
  5.50000E-001, -1.7535E-002, -6.6146E-003
  5.60000E-001, -8.4584E-003,  2.4969E-003
  5.70000E-001, -8.4584E-003, -6.6146E-003
  5.80000E-001,  6.1695E-004,  2.4969E-003
  5.90000E-001, -8.4584E-003, -6.6146E-003
  6.00000E-001, -8.4584E-003, -6.6146E-003
  6.10000E-001,  6.1695E-004,  2.4969E-003
  6.20000E-001,  6.1695E-004,  2.4969E-003
  6.30000E-001,  6.1695E-004,  2.4969E-003
  6.40000E-001,  6.1695E-004,  2.4969E-003
  6.50000E-001, -8.4584E-003, -6.6146E-003
  6.60000E-001, -8.4584E-003,  2.4969E-003
  6.70000E-001, -1.7535E-002, -6.6146E-003
  6.80000E-001,  6.1695E-004, -6.6146E-003
  6.90000E-001, -8.4584E-003,  2.4969E-003
  7.00000E-001, -8.4584E-003, -6.6146E-003
  7.10000E-001, -8.4584E-003,  2.4969E-003
  7.20000E-001,  6.1695E-004, -6.6146E-003
  7.30000E-001, -8.4584E-003, -6.6146E-003
  7.40000E-001,  6.1695E-004, -6.6146E-003
  7.50000E-001, -8.4584E-003, -6.6146E-003
  7.60000E-001, -1.7535E-002, -6.6146E-003
  7.70000E-001, -8.4584E-003, -1.5727E-002
  7.80000E-001, -8.4584E-003, -6.6146E-003
  7.90000E-001, -8.4584E-003, -6.6146E-003
  8.00000E-001,  6.1695E-004, -6.6146E-003
  8.10000E-001, -8.4584E-003, -6.6146E-003
  8.20000E-001, -8.4584E-003, -6.6146E-003
  8.30000E-001,  6.1695E-004, -6.6146E-003
  8.40000E-001, -8.4584E-003, -6.6146E-003
  8.50000E-001, -8.4584E-003, -6.6146E-003
  8.60000E-001, -8.4584E-003, -6.6146E-003
  8.70000E-001,  6.1695E-004, -6.6146E-003
  8.80000E-001,  6.1695E-004, -6.6146E-003
  8.90000E-001,  6.1695E-004, -6.6146E-003
  9.00000E-001, -8.4584E-003, -6.6146E-003
  9.10000E-001, -8.4584E-003,  2.4969E-003
  9.20000E-001,  6.1695E-004,  2.4969E-003
  9.30000E-001,  6.1695E-004, -6.6146E-003
  9.40000E-001,  6.1695E-004, -6.6146E-003
  9.50000E-001,  6.1695E-004, -6.6146E-003
  9.60000E-001,  6.1695E-004,  2.4969E-003
  9.70000E-001,  6.1695E-004,  2.4969E-003
  9.80000E-001,  6.1695E-004, -6.6146E-003
  9.90000E-001,  6.1695E-004, -6.6146E-003
  1.00000E+000, -8.4584E-003, -1.5727E-002
  1.01000E+000, -8.4584E-003, -6.6146E-003
  1.02000E+000, -8.4584E-003, -6.6146E-003
  1.03000E+000,  6.1695E-004, -6.6146E-003
  1.04000E+000,  6.1695E-004, -6.6146E-003
  1.05000E+000,  6.1695E-004, -6.6146E-003
  1.06000E+000,  6.1695E-004, -6.6146E-003
  1.07000E+000, -8.4584E-003, -6.6146E-003
  1.08000E+000, -8.4584E-003, -1.5727E-002
  1.09000E+000, -8.4584E-003, -6.6146E-003
  1.10000E+000, -8.4584E-003, -1.5727E-002
  1.11000E+000, -1.7535E-002, -1.5727E-002
  1.12000E+000, -8.4584E-003, -1.5727E-002
  1.13000E+000, -8.4584E-003, -6.6146E-003
  1.14000E+000, -8.4584E-003, -6.6146E-003
  1.15000E+000,  6.1695E-004, -6.6146E-003
  1.16000E+000,  6.1695E-004, -6.6146E-003
  1.17000E+000,  6.1695E-004, -6.6146E-003
  1.18000E+000,  6.1695E-004,  2.4969E-003
  1.19000E+000,  6.1695E-004, -6.6146E-003
  1.20000E+000,  6.1695E-004, -6.6146E-003
  1.21000E+000,  6.1695E-004, -6.6146E-003
  1.22000E+000, -8.4584E-003, -1.5727E-002
  1.23000E+000, -8.4584E-003, -1.5727E-002
  1.24000E+000,  6.1695E-004, -6.6146E-003
  1.25000E+000,  6.1695E-004, -6.6146E-003
  1.26000E+000, -8.4584E-003, -6.6146E-003
  1.27000E+000, -8.4584E-003, -6.6146E-003
  1.28000E+000,  6.1695E-004, -1.5727E-002
  1.29000E+000, -8.4584E-003, -6.6146E-003
  1.30000E+000,  6.1695E-004, -6.6146E-003
  1.31000E+000,  9.6932E-003, -6.6146E-003
  1.32000E+000, -8.4584E-003, -1.5727E-002
  1.33000E+000,  6.1695E-004, -6.6146E-003
  1.34000E+000, -1.7535E-002, -1.5727E-002
  1.35000E+000, -1.7535E-002, -1.5727E-002
  1.36000E+000, -8.4584E-003, -1.5727E-002
  1.37000E+000, -8.4584E-003, -6.6146E-003
  1.38000E+000,  6.1695E-004,  2.4969E-003
  1.39000E+000,  6.1695E-004, -6.6146E-003
  1.40000E+000,  6.1695E-004, -6.6146E-003
  1.41000E+000,  6.1695E-004, -6.6146E-003
  1.42000E+000,  6.1695E-004, -6.6146E-003
  1.43000E+000, -8.4584E-003, -6.6146E-003
  1.44000E+000, -8.4584E-003, -1.5727E-002
  1.45000E+000, -1.7535E-002, -1.5727E-002
  1.46000E+000,  6.1695E-004, -6.6146E-003
  1.47000E+000,  6.1695E-004, -6.6146E-003
  1.48000E+000,  6.1695E-004, -6.6146E-003
  1.49000E+000, -8.4584E-003, -6.6146E-003
  1.50000E+000, -8.4584E-003,  2.4969E-003
  1.51000E+000,  6.1695E-004,  2.4969E-003
  1.52000E+000,  6.1695E-004, -6.6146E-003
  1.53000E+000, -8.4584E-003, -6.6146E-003
  1.54000E+000, -8.4584E-003, -6.6146E-003
  1.55000E+000, -8.4584E-003, -6.6146E-003
  1.56000E+000, -8.4584E-003, -6.6146E-003
  1.57000E+000, -8.4584E-003, -1.5727E-002
  1.58000E+000, -8.4584E-003, -6.6146E-003
  1.59000E+000, -8.4584E-003, -6.6146E-003
  1.60000E+000, -8.4584E-003, -6.6146E-003
  1.61000E+000, -8.4584E-003, -6.6146E-003
  1.62000E+000, -8.4584E-003, -6.6146E-003
  1.63000E+000, -8.4584E-003, -6.6146E-003
  1.64000E+000, -8.4584E-003, -6.6146E-003
  1.65000E+000, -8.4584E-003,  2.4969E-003
  1.66000E+000,  6.1695E-004,  2.4969E-003
  1.67000E+000, -8.4584E-003, -6.6146E-003
  1.68000E+000, -8.4584E-003, -6.6146E-003
  1.69000E+000, -1.7535E-002, -1.5727E-002
  1.70000E+000, -8.4584E-003, -6.6146E-003
  1.71000E+000, -8.4584E-003,  2.4969E-003
  1.72000E+000,  6.1695E-004, -6.6146E-003
  1.73000E+000,  6.1695E-004, -6.6146E-003
  1.74000E+000,  6.1695E-004, -6.6146E-003
  1.75000E+000,  6.1695E-004,  2.4969E-003
  1.76000E+000, -8.4584E-003, -6.6146E-003
  1.77000E+000, -8.4584E-003, -6.6146E-003
  1.78000E+000, -8.4584E-003, -6.6146E-003
  1.79000E+000, -8.4584E-003, -1.5727E-002
  1.80000E+000, -8.4584E-003, -6.6146E-003
  1.81000E+000, -8.4584E-003, -6.6146E-003
  1.82000E+000, -8.4584E-003, -6.6146E-003
  1.83000E+000,  6.1695E-004, -6.6146E-003
  1.84000E+000, -1.7535E-002, -1.5727E-002
  1.85000E+000, -8.4584E-003, -6.6146E-003
  1.86000E+000, -8.4584E-003, -6.6146E-003
  1.87000E+000,  6.1695E-004,  2.4969E-003
  1.88000E+000, -8.4584E-003, -6.6146E-003
  1.89000E+000, -8.4584E-003, -6.6146E-003
  1.90000E+000, -8.4584E-003, -1.5727E-002
  1.91000E+000, -1.7535E-002, -6.6146E-003
  1.92000E+000, -8.4584E-003, -6.6146E-003
  1.93000E+000, -8.4584E-003, -6.6146E-003
  1.94000E+000,  1.8768E-002,  2.4969E-003
  1.95000E+000, -8.4584E-003, -6.6146E-003
  1.96000E+000, -8.4584E-003, -6.6146E-003
  1.97000E+000, -1.7535E-002, -6.6146E-003
  1.98000E+000,  6.1695E-004,  2.4969E-003
  1.99000E+000,  6.1695E-004, -6.6146E-003
  2.00000E+000,  6.1695E-004, -6.6146E-003
  2.01000E+000, -8.4584E-003, -6.6146E-003
  2.02000E+000, -1.7535E-002, -1.5727E-002
  2.03000E+000, -8.4584E-003, -1.5727E-002
  2.04000E+000, -8.4584E-003, -6.6146E-003
  2.05000E+000, -8.4584E-003, -1.5727E-002
  2.06000E+000, -8.4584E-003, -6.6146E-003
  2.07000E+000, -8.4584E-003, -6.6146E-003
  2.08000E+000,  6.1695E-004, -6.6146E-003
  2.09000E+000,  6.1695E-004, -6.6146E-003
  2.10000E+000, -8.4584E-003, -6.6146E-003
  2.11000E+000, -8.4584E-003, -6.6146E-003
  2.12000E+000, -1.7535E-002, -1.5727E-002
  2.13000E+000, -1.7535E-002, -6.6146E-003
  2.14000E+000, -8.4584E-003, -6.6146E-003
  2.15000E+000, -8.4584E-003, -6.6146E-003
  2.16000E+000, -8.4584E-003, -6.6146E-003
  2.17000E+000, -8.4584E-003, -6.6146E-003
  2.18000E+000, -8.4584E-003, -6.6146E-003
  2.19000E+000,  6.1695E-004, -6.6146E-003
  2.20000E+000,  6.1695E-004,  2.4969E-003
  2.21000E+000,  9.6932E-003,  2.4969E-003
  2.22000E+000, -8.4584E-003,  2.4969E-003
  2.23000E+000, -8.4584E-003, -6.6146E-003
  2.24000E+000, -8.4584E-003, -6.6146E-003
  2.25000E+000, -8.4584E-003, -1.5727E-002
  2.26000E+000, -8.4584E-003, -1.5727E-002
  2.27000E+000, -8.4584E-003, -6.6146E-003
  2.28000E+000, -8.4584E-003, -6.6146E-003
  2.29000E+000, -8.4584E-003, -1.5727E-002
  2.30000E+000, -8.4584E-003, -6.6146E-003
  2.31000E+000, -8.4584E-003, -6.6146E-003
  2.32000E+000, -8.4584E-003,  2.4969E-003
  2.33000E+000, -1.7535E-002,  2.4969E-003
  2.34000E+000, -8.4584E-003, -1.5727E-002
  2.35000E+000, -8.4584E-003, -1.5727E-002
  2.36000E+000, -8.4584E-003, -6.6146E-003
  2.37000E+000, -8.4584E-003, -6.6146E-003
  2.38000E+000, -8.4584E-003, -6.6146E-003
  2.39000E+000, -8.4584E-003, -6.6146E-003
  2.40000E+000, -8.4584E-003, -6.6146E-003
  2.41000E+000,  6.1695E-004, -6.6146E-003
  2.42000E+000, -8.4584E-003, -6.6146E-003
  2.43000E+000,  6.1695E-004,  2.4969E-003
  2.44000E+000,  6.1695E-004,  2.4969E-003
  2.45000E+000, -8.4584E-003, -6.6146E-003
  2.46000E+000, -8.4584E-003, -1.5727E-002
  2.47000E+000, -8.4584E-003, -1.5727E-002
  2.48000E+000, -8.4584E-003, -6.6146E-003
  2.49000E+000,  6.1695E-004, -6.6146E-003
  2.50000E+000,  6.1695E-004, -6.6146E-003
  2.51000E+000, -8.4584E-003, -6.6146E-003
  2.52000E+000, -1.7535E-002, -6.6146E-003
  2.53000E+000, -8.4584E-003, -6.6146E-003
  2.54000E+000, -8.4584E-003, -1.5727E-002
  2.55000E+000, -8.4584E-003,  2.4969E-003
  2.56000E+000,  6.1695E-004, -6.6146E-003
  2.57000E+000, -8.4584E-003, -6.6146E-003
  2.58000E+000, -8.4584E-003, -6.6146E-003
  2.59000E+000, -8.4584E-003, -1.5727E-002
  2.60000E+000, -8.4584E-003, -6.6146E-003
  2.61000E+000, -8.4584E-003, -6.6146E-003
  2.62000E+000, -8.4584E-003, -1.5727E-002
  2.63000E+000, -8.4584E-003, -1.5727E-002
  2.64000E+000, -8.4584E-003, -1.5727E-002
  2.65000E+000, -8.4584E-003, -6.6146E-003
  2.66000E+000, -8.4584E-003, -6.6146E-003
  2.67000E+000, -8.4584E-003, -6.6146E-003
  2.68000E+000,  6.1695E-004, -6.6146E-003
  2.69000E+000, -8.4584E-003, -6.6146E-003
  2.70000E+000, -8.4584E-003, -6.6146E-003
  2.71000E+000,  6.1695E-004, -6.6146E-003
  2.72000E+000,  6.1695E-004, -1.5727E-002
  2.73000E+000,  6.1695E-004, -6.6146E-003
  2.74000E+000, -8.4584E-003, -1.5727E-002
  2.75000E+000, -8.4584E-003, -6.6146E-003
  2.76000E+000,  6.1695E-004, -6.6146E-003
  2.77000E+000,  6.1695E-004, -6.6146E-003
  2.78000E+000, -8.4584E-003,  2.4969E-003
  2.79000E+000,  6.1695E-004, -6.6146E-003
  2.80000E+000, -8.4584E-003, -6.6146E-003
  2.81000E+000, -8.4584E-003, -6.6146E-003
  2.82000E+000, -8.4584E-003, -1.5727E-002
  2.83000E+000,  6.1695E-004, -1.5727E-002
  2.84000E+000, -8.4584E-003, -1.5727E-002
  2.85000E+000,  6.1695E-004, -6.6146E-003
  2.86000E+000,  6.1695E-004, -6.6146E-003
  2.87000E+000,  6.1695E-004, -6.6146E-003
  2.88000E+000,  6.1695E-004, -6.6146E-003
  2.89000E+000,  6.1695E-004, -6.6146E-003
  2.90000E+000,  6.1695E-004, -6.6146E-003
  2.91000E+000, -8.4584E-003, -6.6146E-003
  2.92000E+000,  6.1695E-004, -6.6146E-003
  2.93000E+000, -8.4584E-003, -6.6146E-003
  2.94000E+000, -8.4584E-003, -1.5727E-002
  2.95000E+000, -8.4584E-003, -1.5727E-002
  2.96000E+000, -1.7535E-002, -6.6146E-003
  2.97000E+000,  6.1695E-004, -6.6146E-003
  2.98000E+000,  6.1695E-004, -6.6146E-003
  2.99000E+000,  6.1695E-004, -6.6146E-003
  3.00000E+000,  6.1695E-004, -6.6146E-003
  3.01000E+000,  4.6348E-001,  4.5809E-001
  3.02000E+000,  5.6331E-001,  5.8565E-001
  3.03000E+000,  6.8129E-001,  6.8588E-001
  3.04000E+000,  7.8112E-001,  7.8611E-001
  3.05000E+000,  8.5373E-001,  8.6812E-001
  3.06000E+000,  9.1726E-001,  9.3190E-001
  3.07000E+000,  9.6264E-001,  9.7746E-001
  3.08000E+000,  1.0262E+000,  1.0230E+000
  3.09000E+000,  1.0715E+000,  1.0686E+000
  3.10000E+000,  1.1169E+000,  1.1233E+000
  3.11000E+000,  1.1805E+000,  1.1688E+000
  3.12000E+000,  1.2258E+000,  1.2144E+000
  3.13000E+000,  1.2712E+000,  1.2599E+000
  3.14000E+000,  1.3257E+000,  1.3146E+000
  3.15000E+000,  1.3438E+000,  1.3419E+000
  3.16000E+000,  1.3801E+000,  1.3875E+000
  3.17000E+000,  1.4073E+000,  1.4148E+000
  3.18000E+000,  1.4436E+000,  1.4513E+000
  3.19000E+000,  1.4800E+000,  1.4786E+000
  3.20000E+000,  1.5072E+000,  1.5059E+000
  3.21000E+000,  1.5253E+000,  1.5242E+000
  3.22000E+000,  1.5435E+000,  1.5606E+000
  3.23000E+000,  1.5707E+000,  1.5697E+000
  3.24000E+000,  1.5889E+000,  1.5880E+000
  3.25000E+000,  1.6070E+000,  1.6153E+000
  3.26000E+000,  1.6252E+000,  1.6244E+000
  3.27000E+000,  1.6342E+000,  1.6335E+000
  3.28000E+000,  1.6433E+000,  1.6426E+000
  3.29000E+000,  1.6524E+000,  1.6517E+000
  3.30000E+000,  1.6705E+000,  1.6608E+000
  3.31000E+000,  1.6796E+000,  1.6791E+000
  3.32000E+000,  1.7522E+000,  1.7429E+000
  3.33000E+000,  1.9065E+000,  1.8886E+000
  3.34000E+000,  2.0880E+000,  2.0618E+000
  3.35000E+000,  2.2786E+000,  2.2440E+000
  3.36000E+000,  2.4783E+000,  2.4354E+000
  3.37000E+000,  2.6689E+000,  2.6176E+000
  3.38000E+000,  2.8504E+000,  2.7998E+000
  3.39000E+000,  3.0047E+000,  2.9638E+000
  3.40000E+000,  3.1589E+000,  3.1187E+000
  3.41000E+000,  3.3314E+000,  3.3010E+000
  3.42000E+000,  3.4857E+000,  3.4650E+000
  3.43000E+000,  3.6037E+000,  3.5652E+000
  3.44000E+000,  3.6763E+000,  3.6746E+000
  3.45000E+000,  3.7489E+000,  3.7383E+000
  3.46000E+000,  3.8033E+000,  3.8021E+000
  3.47000E+000,  3.8396E+000,  3.8477E+000
  3.48000E+000,  3.8759E+000,  3.8841E+000
  3.49000E+000,  3.8850E+000,  3.8841E+000
  3.50000E+000,  3.8850E+000,  3.9115E+000
  3.51000E+000,  3.8941E+000,  3.9297E+000
  3.52000E+000,  3.9122E+000,  3.9297E+000
  3.53000E+000,  3.9213E+000,  3.9388E+000
  3.54000E+000,  3.9122E+000,  3.9388E+000
  3.55000E+000,  3.9032E+000,  3.9388E+000
  3.56000E+000,  3.9032E+000,  3.9388E+000
  3.57000E+000,  3.8941E+000,  3.9297E+000
  3.58000E+000,  3.9032E+000,  3.9297E+000
  3.59000E+000,  3.8941E+000,  3.9115E+000
  3.60000E+000,  3.8759E+000,  3.9115E+000
  3.61000E+000,  3.9213E+000,  3.9479E+000
  3.62000E+000,  3.9395E+000,  3.9661E+000
  3.63000E+000,  3.9304E+000,  3.9570E+000
  3.64000E+000,  3.9213E+000,  3.9570E+000
  3.65000E+000,  3.9213E+000,  3.9479E+000
  3.66000E+000,  3.9122E+000,  3.9479E+000
  3.67000E+000,  3.9213E+000,  3.9570E+000
  3.68000E+000,  3.9304E+000,  3.9570E+000
  3.69000E+000,  3.9304E+000,  3.9570E+000
  3.70000E+000,  3.9213E+000,  3.9479E+000
  3.71000E+000,  3.9213E+000,  3.9479E+000
  3.72000E+000,  3.9213E+000,  3.9479E+000
  3.73000E+000,  3.9304E+000,  3.9570E+000
  3.74000E+000,  3.9395E+000,  3.9661E+000
  3.75000E+000,  3.9395E+000,  3.9753E+000
  3.76000E+000,  3.9576E+000,  3.9753E+000
  3.77000E+000,  3.9667E+000,  3.9935E+000
  3.78000E+000,  3.9667E+000,  4.0026E+000
  3.79000E+000,  3.9848E+000,  4.0117E+000
  3.80000E+000,  3.9939E+000,  4.0299E+000
  3.81000E+000,  4.0484E+000,  4.0664E+000
  3.82000E+000,  4.0756E+000,  4.1028E+000
  3.83000E+000,  4.0665E+000,  4.0937E+000
  3.84000E+000,  4.0665E+000,  4.0937E+000
  3.85000E+000,  4.0574E+000,  4.0937E+000
  3.86000E+000,  4.0574E+000,  4.0937E+000
  3.87000E+000,  4.0756E+000,  4.0937E+000
  3.88000E+000,  4.0756E+000,  4.1028E+000
  3.89000E+000,  4.0756E+000,  4.1028E+000
  3.90000E+000,  4.0847E+000,  4.1119E+000
  3.91000E+000,  4.0847E+000,  4.1210E+000
  3.92000E+000,  4.0847E+000,  4.1119E+000
  3.93000E+000,  4.0937E+000,  4.1302E+000
  3.94000E+000,  4.0937E+000,  4.1302E+000
  3.95000E+000,  4.1119E+000,  4.1302E+000
  3.96000E+000,  4.1119E+000,  4.1393E+000
  3.97000E+000,  4.1119E+000,  4.1484E+000
  3.98000E+000,  4.1300E+000,  4.1484E+000
  3.99000E+000,  4.1300E+000,  4.1575E+000
  4.00000E+000,  4.1300E+000,  4.1757E+000
  4.01000E+000,  4.1663E+000,  4.2030E+000
  4.02000E+000,  4.1936E+000,  4.2304E+000
  4.03000E+000,  4.1845E+000,  4.2213E+000
  4.04000E+000,  4.1754E+000,  4.1939E+000
  4.05000E+000,  4.1573E+000,  4.1939E+000
  4.06000E+000,  4.1482E+000,  4.1848E+000
  4.07000E+000,  4.1391E+000,  4.1757E+000
  4.08000E+000,  4.1482E+000,  4.1757E+000
  4.09000E+000,  4.1482E+000,  4.1757E+000
  4.10000E+000,  4.1482E+000,  4.1666E+000
  4.11000E+000,  4.1482E+000,  4.1757E+000
  4.12000E+000,  4.1482E+000,  4.1666E+000
  4.13000E+000,  4.1391E+000,  4.1757E+000
  4.14000E+000,  4.1482E+000,  4.1757E+000
  4.15000E+000,  4.1482E+000,  4.1848E+000
  4.16000E+000,  4.1573E+000,  4.1939E+000
  4.17000E+000,  4.1573E+000,  4.1939E+000
  4.18000E+000,  4.1573E+000,  4.1939E+000
  4.19000E+000,  4.1573E+000,  4.1848E+000
  4.20000E+000,  4.1663E+000,  4.1939E+000
  4.21000E+000,  4.2027E+000,  4.2395E+000
  4.22000E+000,  4.2208E+000,  4.2577E+000
  4.23000E+000,  4.2027E+000,  4.2304E+000
  4.24000E+000,  4.1936E+000,  4.2213E+000
  4.25000E+000,  4.1936E+000,  4.2213E+000
  4.26000E+000,  4.1936E+000,  4.2122E+000
  4.27000E+000,  4.1663E+000,  4.2122E+000
  4.28000E+000,  4.1663E+000,  4.2030E+000
  4.29000E+000,  4.1754E+000,  4.2030E+000
  4.30000E+000,  4.1754E+000,  4.2030E+000
  4.31000E+000,  4.1754E+000,  4.2030E+000
  4.32000E+000,  4.1754E+000,  4.2030E+000
  4.33000E+000,  4.1663E+000,  4.2030E+000
  4.34000E+000,  4.1845E+000,  4.2122E+000
  4.35000E+000,  4.1936E+000,  4.2122E+000
  4.36000E+000,  4.3206E+000,  4.3397E+000
  4.37000E+000,  4.3842E+000,  4.3853E+000
  4.38000E+000,  4.4658E+000,  4.4673E+000
  4.39000E+000,  4.5475E+000,  4.5584E+000
  4.40000E+000,  4.6383E+000,  4.6131E+000
  4.41000E+000,  4.7109E+000,  4.6951E+000
  4.42000E+000,  4.7744E+000,  4.7589E+000
  4.43000E+000,  4.8198E+000,  4.7771E+000
  4.44000E+000,  4.8742E+000,  4.8318E+000
  4.45000E+000,  4.9106E+000,  4.8955E+000
  4.46000E+000,  4.9559E+000,  4.9502E+000
  4.47000E+000,  5.0195E+000,  5.0322E+000
  4.48000E+000,  5.1284E+000,  5.1416E+000
  4.49000E+000,  5.1737E+000,  5.1962E+000
  4.50000E+000,  5.2191E+000,  5.2782E+000
  4.51000E+000,  5.3734E+000,  5.3603E+000
  4.52000E+000,  5.4460E+000,  5.4331E+000
  4.53000E+000,  5.6275E+000,  5.6336E+000
  4.54000E+000,  5.6185E+000,  5.6974E+000
  4.55000E+000,  5.7637E+000,  5.8614E+000
  4.56000E+000,  5.9996E+000,  6.0163E+000
  4.57000E+000,  6.1267E+000,  6.1621E+000
  4.58000E+000,  6.3082E+000,  6.3079E+000
  4.59000E+000,  6.3264E+000,  6.4263E+000
  4.60000E+000,  6.5169E+000,  6.5812E+000
  4.61000E+000,  6.9344E+000,  6.9548E+000
  4.62000E+000,  6.8527E+000,  6.9001E+000
  4.63000E+000,  6.9163E+000,  6.9822E+000
  4.64000E+000,  6.9435E+000,  6.9822E+000
  4.65000E+000,  7.0433E+000,  7.0915E+000
  4.66000E+000,  7.1432E+000,  7.1917E+000
  4.67000E+000,  7.1250E+000,  7.2646E+000
  4.68000E+000,  7.2793E+000,  7.2828E+000
  4.69000E+000,  7.2521E+000,  7.3375E+000
  4.70000E+000,  7.4064E+000,  7.4469E+000
  4.71000E+000,  7.5334E+000,  7.5653E+000
  4.72000E+000,  7.5697E+000,  7.6564E+000
  4.73000E+000,  7.7059E+000,  7.6929E+000
  4.74000E+000,  7.7603E+000,  7.7749E+000
  4.75000E+000,  7.8692E+000,  7.9480E+000
  4.76000E+000,  7.9781E+000,  8.0118E+000
  4.77000E+000,  8.0326E+000,  8.0756E+000
  4.78000E+000,  8.1506E+000,  8.1485E+000
  4.79000E+000,  8.2141E+000,  8.2578E+000
  4.80000E+000,  8.4047E+000,  8.4036E+000
  4.81000E+000,  8.4954E+000,  8.5858E+000
  4.82000E+000,  8.4591E+000,  8.5312E+000
  4.83000E+000,  8.5317E+000,  8.5858E+000
  4.84000E+000,  8.5680E+000,  8.6314E+000
  4.85000E+000,  8.6316E+000,  8.6405E+000
  4.86000E+000,  8.6770E+000,  8.6770E+000
  4.87000E+000,  8.6951E+000,  8.7043E+000
  4.88000E+000,  8.7314E+000,  8.7225E+000
  4.89000E+000,  8.7496E+000,  8.7043E+000
  4.90000E+000,  8.7133E+000,  8.7225E+000
  4.91000E+000,  8.7405E+000,  8.7407E+000
  4.92000E+000,  8.7314E+000,  8.7225E+000
  4.93000E+000,  8.7586E+000,  8.7225E+000
  4.94000E+000,  8.7314E+000,  8.7225E+000
  4.95000E+000,  8.7042E+000,  8.6952E+000
  4.96000E+000,  8.7133E+000,  8.7225E+000
  4.97000E+000,  8.7496E+000,  8.7134E+000
  4.98000E+000,  8.7586E+000,  8.7590E+000
  4.99000E+000,  8.7768E+000,  8.7590E+000
  5.00000E+000,  8.7677E+000,  8.7772E+000
  5.01000E+000,  8.8222E+000,  8.7772E+000
  5.02000E+000,  8.8222E+000,  8.7772E+000
  5.03000E+000,  8.7677E+000,  8.7225E+000
  5.04000E+000,  8.7586E+000,  8.7134E+000
  5.05000E+000,  8.6860E+000,  8.6770E+000
  5.06000E+000,  8.6588E+000,  8.6223E+000
  5.07000E+000,  8.6407E+000,  8.6041E+000
  5.08000E+000,  8.6044E+000,  8.5767E+000
  5.09000E+000,  8.5590E+000,  8.5312E+000
  5.10000E+000,  8.5317E+000,  8.4856E+000
  5.11000E+000,  8.5045E+000,  8.4856E+000
  5.12000E+000,  8.4682E+000,  8.4400E+000
  5.13000E+000,  8.4501E+000,  8.4127E+000
  5.14000E+000,  8.3956E+000,  8.3580E+000
  5.15000E+000,  8.3775E+000,  8.3672E+000
  5.16000E+000,  8.3412E+000,  8.3125E+000
  5.17000E+000,  8.3230E+000,  8.3125E+000
  5.18000E+000,  8.2958E+000,  8.2578E+000
  5.19000E+000,  8.2776E+000,  8.2214E+000
  5.20000E+000,  8.2413E+000,  8.2214E+000
  5.21000E+000,  8.2141E+000,  8.2123E+000
  5.22000E+000,  8.1959E+000,  8.2214E+000
  5.23000E+000,  8.1687E+000,  8.1576E+000
  5.24000E+000,  8.1415E+000,  8.1302E+000
  5.25000E+000,  8.1052E+000,  8.0847E+000
  5.26000E+000,  8.0780E+000,  8.0756E+000
  5.27000E+000,  8.0326E+000,  8.0300E+000
  5.28000E+000,  8.0054E+000,  8.0118E+000
  5.29000E+000,  7.9691E+000,  7.9662E+000
  5.30000E+000,  7.9328E+000,  7.9389E+000
  5.31000E+000,  7.9146E+000,  7.9116E+000
  5.32000E+000,  7.8964E+000,  7.8933E+000
  5.33000E+000,  7.8874E+000,  7.8660E+000
  5.34000E+000,  7.8511E+000,  7.8387E+000
  5.35000E+000,  7.8238E+000,  7.8022E+000
  5.36000E+000,  7.8057E+000,  7.7840E+000
  5.37000E+000,  7.7785E+000,  7.7567E+000
  5.38000E+000,  7.7694E+000,  7.7384E+000
  5.39000E+000,  7.7422E+000,  7.7111E+000
  5.40000E+000,  7.7331E+000,  7.7020E+000
  5.41000E+000,  7.7059E+000,  7.6747E+000
  5.42000E+000,  7.7059E+000,  7.6655E+000
  5.43000E+000,  7.6786E+000,  7.6564E+000
  5.44000E+000,  7.6605E+000,  7.6109E+000
  5.45000E+000,  7.6423E+000,  7.6200E+000
  5.46000E+000,  7.6060E+000,  7.5744E+000
  5.47000E+000,  7.5606E+000,  7.5562E+000
  5.48000E+000,  7.5334E+000,  7.5562E+000
  5.49000E+000,  7.5062E+000,  7.5015E+000
  5.50000E+000,  7.4608E+000,  7.4651E+000
  5.51000E+000,  7.4064E+000,  7.4469E+000
  5.52000E+000,  7.3791E+000,  7.4013E+000
  5.53000E+000,  7.4064E+000,  7.3831E+000
  5.54000E+000,  7.2612E+000,  7.2737E+000
  5.55000E+000,  7.1795E+000,  7.2191E+000
  5.56000E+000,  6.9798E+000,  6.9822E+000
  5.57000E+000,  6.8437E+000,  6.7361E+000
  5.58000E+000,  6.6440E+000,  6.3808E+000
  5.59000E+000,  6.5260E+000,  5.6154E+000
  5.60000E+000,  1.2362E+001,  4.1028E+000
  5.61000E+000,  9.8114E+000,  1.6335E+000
  5.62000E+000,  8.8222E+000,  6.7677E-001
  5.63000E+000,  8.3412E+000,  2.3029E-001
  5.64000E+000,  8.1869E+000,  6.6280E-002
  5.65000E+000,  8.1415E+000,  2.0721E-002
  5.66000E+000,  8.1324E+000,  1.1609E-002
  5.67000E+000,  8.1233E+000,  2.4969E-003
  5.68000E+000,  8.1143E+000, -6.6146E-003
  5.69000E+000,  8.1143E+000, -6.6146E-003
  5.70000E+000,  8.1143E+000, -6.6146E-003
  5.71000E+000,  8.1052E+000, -1.5727E-002
  5.72000E+000,  8.1143E+000, -6.6146E-003
  5.73000E+000,  8.1143E+000, -6.6146E-003
  5.74000E+000,  8.1052E+000, -6.6146E-003
  5.75000E+000,  8.1052E+000, -1.5727E-002
  5.76000E+000,  8.1143E+000, -1.5727E-002
  5.77000E+000,  8.1143E+000, -6.6146E-003
  5.78000E+000,  8.1052E+000, -6.6146E-003
  5.79000E+000,  8.1052E+000, -6.6146E-003
  5.80000E+000,  8.1052E+000, -6.6146E-003
  5.81000E+000,  9.0581E+000,  7.5878E-001
  5.82000E+000,  9.6208E+000,  1.2873E+000
  5.83000E+000,  1.0047E+001,  1.6882E+000
  5.84000E+000,  1.0329E+001,  1.9433E+000
  5.85000E+000,  1.0556E+001,  2.1529E+000
  5.86000E+000,  1.0701E+001,  2.2987E+000
  5.87000E+000,  1.0837E+001,  2.4627E+000
  5.88000E+000,  1.0900E+001,  2.5720E+000
  5.89000E+000,  1.0982E+001,  2.6632E+000
  5.90000E+000,  1.1018E+001,  2.7269E+000
  5.91000E+000,  1.1046E+001,  2.7725E+000
  5.92000E+000,  1.1064E+001,  2.7725E+000
  5.93000E+000,  1.1064E+001,  2.7998E+000
  5.94000E+000,  1.1055E+001,  2.8181E+000
  5.95000E+000,  1.1073E+001,  2.8272E+000
  5.96000E+000,  1.1037E+001,  2.8272E+000
  5.97000E+000,  1.1046E+001,  2.8181E+000
  5.98000E+000,  1.1028E+001,  2.7998E+000
  5.99000E+000,  1.1028E+001,  2.7998E+000
  6.00000E+000,  1.1018E+001,  2.7998E+000
  6.01000E+000,  1.0528E+001,  2.3442E+000
  6.02000E+000,  1.0438E+001,  2.2622E+000
  6.03000E+000,  1.0356E+001,  2.1802E+000
  6.04000E+000,  1.0283E+001,  2.1164E+000
  6.05000E+000,  1.0211E+001,  2.1073E+000
  6.06000E+000,  1.0165E+001,  2.0800E+000
  6.07000E+000,  1.0111E+001,  2.0344E+000
  6.08000E+000,  1.0093E+001,  1.9980E+000
  6.09000E+000,  1.0056E+001,  1.9615E+000
  6.10000E+000,  1.0029E+001,  1.9342E+000
  6.11000E+000,  9.9929E+000,  1.9160E+000
  6.12000E+000,  9.9839E+000,  1.8795E+000
  6.13000E+000,  9.9657E+000,  1.8613E+000
  6.14000E+000,  9.9294E+000,  1.8431E+000
  6.15000E+000,  9.9112E+000,  1.8249E+000
  6.16000E+000,  9.8931E+000,  1.7975E+000
  6.17000E+000,  9.8840E+000,  1.7884E+000
  6.18000E+000,  9.8840E+000,  1.7884E+000
  6.19000E+000,  9.8659E+000,  1.7793E+000
  6.20000E+000,  9.7660E+000,  1.6244E+000
  6.21000E+000,  9.6299E+000,  1.4695E+000
  6.22000E+000,  9.5482E+000,  1.3784E+000
  6.23000E+000,  9.4847E+000,  1.2873E+000
  6.24000E+000,  9.4212E+000,  1.2235E+000
  6.25000E+000,  9.3667E+000,  1.1597E+000
  6.26000E+000,  9.3032E+000,  1.0959E+000
  6.27000E+000,  9.2487E+000,  1.0412E+000
  6.28000E+000,  9.2124E+000,  1.0048E+000
  6.29000E+000,  9.1670E+000,  9.5924E-001
  6.30000E+000,  9.1307E+000,  9.2279E-001
  6.31000E+000,  9.1035E+000,  8.8634E-001
  6.32000E+000,  9.0672E+000,  8.4990E-001
  6.33000E+000,  9.0400E+000,  8.3167E-001
  6.34000E+000,  9.0218E+000,  8.0434E-001
  6.35000E+000,  8.9946E+000,  7.8611E-001
  6.36000E+000,  8.9674E+000,  7.5878E-001
  6.37000E+000,  8.9311E+000,  7.2233E-001
  6.38000E+000,  8.9129E+000,  7.0411E-001
  6.39000E+000,  8.8948E+000,  6.9500E-001
  6.40000E+000,  8.8857E+000,  6.7677E-001
  6.41000E+000,  8.8585E+000,  6.5855E-001
  6.42000E+000,  8.8403E+000,  6.4944E-001
  6.43000E+000,  8.8312E+000,  6.4032E-001
  6.44000E+000,  8.8222E+000,  6.2210E-001
  6.45000E+000,  8.8040E+000,  6.1299E-001
  6.46000E+000,  8.7859E+000,  5.9477E-001
  6.47000E+000,  8.7768E+000,  5.8565E-001
  6.48000E+000,  8.7586E+000,  5.7654E-001
  6.49000E+000,  8.7496E+000,  5.5832E-001
  6.50000E+000,  8.7586E+000,  5.5832E-001
  6.51000E+000,  8.7314E+000,  5.4921E-001
  6.52000E+000,  8.7223E+000,  5.4009E-001
  6.53000E+000,  8.7133E+000,  5.3098E-001
  6.54000E+000,  8.7042E+000,  5.2187E-001
  6.55000E+000,  8.6951E+000,  5.2187E-001
  6.56000E+000,  8.6951E+000,  5.1276E-001
  6.57000E+000,  8.6860E+000,  5.0365E-001
  6.58000E+000,  8.6770E+000,  5.0365E-001
  6.59000E+000,  8.6679E+000,  4.9454E-001
  6.60000E+000,  8.6770E+000,  5.0365E-001
  6.61000E+000,  8.6679E+000,  4.8542E-001
  6.62000E+000,  8.6588E+000,  4.8542E-001
  6.63000E+000,  8.6497E+000,  4.7631E-001
  6.64000E+000,  8.6497E+000,  4.7631E-001
  6.65000E+000,  8.6497E+000,  4.7631E-001
  6.66000E+000,  8.6407E+000,  4.7631E-001
  6.67000E+000,  8.6497E+000,  4.7631E-001
  6.68000E+000,  8.6497E+000,  4.7631E-001
  6.69000E+000,  8.6588E+000,  4.8542E-001
  6.70000E+000,  8.6497E+000,  4.7631E-001
  6.71000E+000,  8.6407E+000,  4.7631E-001
  6.72000E+000,  8.6316E+000,  4.6720E-001
  6.73000E+000,  8.6407E+000,  4.6720E-001
  6.74000E+000,  8.6407E+000,  4.5809E-001
  6.75000E+000,  8.6407E+000,  4.6720E-001
  6.76000E+000,  8.6407E+000,  4.6720E-001
  6.77000E+000,  8.6407E+000,  4.6720E-001
  6.78000E+000,  8.6407E+000,  4.7631E-001
  6.79000E+000,  8.6407E+000,  4.6720E-001
  6.80000E+000,  8.6497E+000,  4.6720E-001
  6.81000E+000,  8.6497E+000,  4.6720E-001
  6.82000E+000,  8.6497E+000,  4.6720E-001
  6.83000E+000,  8.6497E+000,  4.6720E-001
  6.84000E+000,  8.6497E+000,  4.7631E-001
  6.85000E+000,  8.6407E+000,  4.6720E-001
  6.86000E+000,  8.6497E+000,  4.7631E-001
  6.87000E+000,  8.6497E+000,  4.8542E-001
  6.88000E+000,  8.6588E+000,  4.8542E-001
  6.89000E+000,  8.6679E+000,  4.8542E-001
  6.90000E+000,  8.6679E+000,  4.9454E-001
  6.91000E+000,  8.6679E+000,  4.9454E-001
  6.92000E+000,  8.6679E+000,  4.8542E-001
  6.93000E+000,  8.6588E+000,  4.8542E-001
  6.94000E+000,  8.6679E+000,  4.9454E-001
  6.95000E+000,  8.6679E+000,  4.9454E-001
  6.96000E+000,  8.6770E+000,  5.0365E-001
  6.97000E+000,  8.6860E+000,  5.0365E-001
  6.98000E+000,  8.6860E+000,  5.0365E-001
  6.99000E+000,  8.6770E+000,  5.0365E-001
  7.00000E+000,  8.6860E+000,  5.1276E-001
  7.01000E+000,  8.6951E+000,  5.1276E-001
  7.02000E+000,  8.7042E+000,  5.1276E-001
  7.03000E+000,  8.6951E+000,  5.2187E-001
  7.04000E+000,  8.6951E+000,  5.2187E-001
  7.05000E+000,  8.7042E+000,  5.2187E-001
  7.06000E+000,  8.7042E+000,  5.3098E-001
  7.07000E+000,  8.7042E+000,  5.3098E-001
  7.08000E+000,  8.7042E+000,  5.3098E-001
  7.09000E+000,  8.7133E+000,  5.4009E-001
  7.10000E+000,  8.7042E+000,  5.4009E-001
  7.11000E+000,  8.7133E+000,  5.4009E-001
  7.12000E+000,  8.7133E+000,  5.4009E-001
  7.13000E+000,  8.7223E+000,  5.4921E-001
  7.14000E+000,  8.7223E+000,  5.4921E-001
  7.15000E+000,  8.7314E+000,  5.4921E-001
  7.16000E+000,  8.7405E+000,  5.5832E-001
  7.17000E+000,  8.7314E+000,  5.4921E-001
  7.18000E+000,  8.7405E+000,  5.5832E-001
  7.19000E+000,  8.7314E+000,  5.5832E-001
  7.20000E+000,  8.7405E+000,  5.5832E-001
  7.21000E+000,  8.7405E+000,  5.5832E-001
  7.22000E+000,  8.7586E+000,  5.6743E-001
  7.23000E+000,  8.7496E+000,  5.6743E-001
  7.24000E+000,  8.7586E+000,  5.7654E-001
  7.25000E+000,  8.7496E+000,  5.7654E-001
  7.26000E+000,  8.7586E+000,  5.7654E-001
  7.27000E+000,  8.7586E+000,  5.8565E-001
  7.28000E+000,  8.7586E+000,  5.7654E-001
  7.29000E+000,  8.7586E+000,  5.7654E-001
  7.30000E+000,  8.7677E+000,  5.7654E-001
  7.31000E+000,  8.7677E+000,  5.8565E-001
  7.32000E+000,  8.7677E+000,  5.8565E-001
  7.33000E+000,  8.7677E+000,  5.8565E-001
  7.34000E+000,  8.7677E+000,  5.8565E-001
  7.35000E+000,  8.7768E+000,  5.9477E-001
  7.36000E+000,  8.7768E+000,  5.9477E-001
  7.37000E+000,  8.7768E+000,  6.0388E-001
  7.38000E+000,  8.7859E+000,  6.0388E-001
  7.39000E+000,  8.7859E+000,  6.0388E-001
  7.40000E+000,  8.7768E+000,  6.0388E-001
  7.41000E+000,  8.7768E+000,  6.0388E-001
  7.42000E+000,  8.7768E+000,  6.0388E-001
  7.43000E+000,  8.7859E+000,  6.0388E-001
  7.44000E+000,  8.7949E+000,  6.0388E-001
  7.45000E+000,  8.7949E+000,  6.1299E-001
  7.46000E+000,  8.7949E+000,  6.0388E-001
  7.47000E+000,  8.7859E+000,  6.1299E-001
  7.48000E+000,  8.7949E+000,  6.1299E-001
  7.49000E+000,  8.8040E+000,  6.1299E-001
  7.50000E+000,  8.8131E+000,  6.2210E-001
  7.51000E+000,  8.8040E+000,  6.2210E-001
  7.52000E+000,  8.8040E+000,  6.1299E-001
  7.53000E+000,  8.8040E+000,  6.2210E-001
  7.54000E+000,  8.7949E+000,  6.2210E-001
  7.55000E+000,  8.8040E+000,  6.2210E-001
  7.56000E+000,  8.8040E+000,  6.2210E-001
  7.57000E+000,  8.8040E+000,  6.2210E-001
  7.58000E+000,  8.8131E+000,  6.3121E-001
  7.59000E+000,  8.8222E+000,  6.3121E-001
  7.60000E+000,  8.8222E+000,  6.3121E-001
  7.61000E+000,  8.8131E+000,  6.3121E-001
  7.62000E+000,  8.8131E+000,  6.3121E-001
  7.63000E+000,  8.8131E+000,  6.3121E-001
  7.64000E+000,  8.8222E+000,  6.3121E-001
  7.65000E+000,  8.8222E+000,  6.4032E-001
  7.66000E+000,  8.8222E+000,  6.3121E-001
  7.67000E+000,  8.8222E+000,  6.4032E-001
  7.68000E+000,  8.8312E+000,  6.4032E-001
  7.69000E+000,  8.8131E+000,  6.4032E-001
  7.70000E+000,  8.8222E+000,  6.4032E-001
  7.71000E+000,  8.8312E+000,  6.4032E-001
  7.72000E+000,  8.8312E+000,  6.4032E-001
  7.73000E+000,  8.8222E+000,  6.4944E-001
  7.74000E+000,  8.8312E+000,  6.4944E-001
  7.75000E+000,  8.8312E+000,  6.4944E-001
  7.76000E+000,  8.8312E+000,  6.4944E-001
  7.77000E+000,  8.8312E+000,  6.4032E-001
  7.78000E+000,  8.8222E+000,  6.4032E-001
  7.79000E+000,  8.8222E+000,  6.4032E-001
  7.80000E+000,  8.8312E+000,  6.4944E-001
  7.81000E+000,  8.7859E+000,  5.9477E-001
  7.82000E+000,  8.6588E+000,  5.0365E-001
  7.83000E+000,  8.5317E+000,  3.9431E-001
  7.84000E+000,  8.3956E+000,  2.6674E-001
  7.85000E+000,  8.2958E+000,  1.7562E-001
  7.86000E+000,  8.2141E+000,  9.3615E-002
  7.87000E+000,  8.1687E+000,  4.8056E-002
  7.88000E+000,  8.1415E+000,  2.9832E-002
  7.89000E+000,  8.1233E+000,  1.1609E-002
  7.90000E+000,  8.1143E+000,  2.4969E-003
  7.91000E+000,  8.1052E+000,  2.4969E-003
  7.92000E+000,  8.1233E+000,  2.4969E-003
  7.93000E+000,  8.1233E+000,  2.4969E-003
  7.94000E+000,  8.1233E+000,  2.4969E-003
  7.95000E+000,  8.1143E+000, -6.6146E-003
  7.96000E+000,  8.1052E+000, -6.6146E-003
  7.97000E+000,  8.1052E+000, -6.6146E-003
  7.98000E+000,  8.1052E+000, -6.6146E-003
  7.99000E+000,  8.1143E+000, -6.6146E-003
  8.00000E+000,  8.1143E+000, -6.6146E-003
  8.01000E+000,  8.1143E+000, -6.6146E-003
  8.02000E+000,  8.1143E+000, -6.6146E-003
  8.03000E+000,  8.1052E+000, -6.6146E-003
  8.04000E+000,  8.1052E+000, -6.6146E-003
  8.05000E+000,  8.1052E+000, -6.6146E-003
  8.06000E+000,  8.1143E+000, -6.6146E-003
  8.07000E+000,  8.1143E+000, -6.6146E-003
  8.08000E+000,  8.1143E+000, -6.6146E-003
  8.09000E+000,  8.1143E+000, -6.6146E-003
  8.10000E+000,  8.1052E+000, -6.6146E-003
  8.11000E+000,  8.1052E+000, -6.6146E-003
  8.12000E+000,  8.1052E+000, -1.5727E-002
  8.13000E+000,  8.1052E+000, -1.5727E-002
  8.14000E+000,  8.1052E+000, -6.6146E-003
  8.15000E+000,  8.1143E+000, -6.6146E-003
  8.16000E+000,  8.1143E+000, -6.6146E-003
  8.17000E+000,  8.1052E+000, -6.6146E-003
  8.18000E+000,  8.1143E+000, -6.6146E-003
  8.19000E+000,  8.1143E+000, -6.6146E-003
  8.20000E+000,  8.1233E+000,  2.4969E-003
  8.21000E+000,  8.1143E+000, -6.6146E-003
  8.22000E+000,  8.1052E+000, -6.6146E-003
  8.23000E+000,  8.1052E+000, -1.5727E-002
  8.24000E+000,  8.1052E+000, -1.5727E-002
  8.25000E+000,  8.1052E+000, -6.6146E-003
  8.26000E+000,  8.1052E+000, -6.6146E-003
  8.27000E+000,  8.1052E+000, -6.6146E-003
  8.28000E+000,  8.1143E+000, -6.6146E-003
  8.29000E+000,  8.1052E+000, -6.6146E-003
  8.30000E+000,  8.1143E+000,  2.4969E-003
  8.31000E+000,  8.1052E+000,  2.4969E-003
  8.32000E+000,  8.0961E+000, -6.6146E-003
  8.33000E+000,  8.1143E+000, -6.6146E-003
  8.34000E+000,  8.1052E+000, -6.6146E-003
  8.35000E+000,  8.1143E+000, -6.6146E-003
  8.36000E+000,  8.1052E+000, -6.6146E-003
  8.37000E+000,  8.0961E+000, -1.5727E-002
  8.38000E+000,  8.1052E+000, -1.5727E-002
  8.39000E+000,  8.1052E+000, -6.6146E-003
  8.40000E+000,  8.1052E+000, -6.6146E-003
  8.41000E+000,  8.1052E+000, -6.6146E-003
  8.42000E+000,  8.1052E+000, -6.6146E-003
  8.43000E+000,  8.1052E+000, -6.6146E-003
  8.44000E+000,  8.1052E+000, -6.6146E-003
  8.45000E+000,  8.1052E+000, -1.5727E-002
  8.46000E+000,  8.1052E+000, -6.6146E-003
  8.47000E+000,  8.1052E+000, -6.6146E-003
  8.48000E+000,  8.1052E+000, -6.6146E-003
  8.49000E+000,  8.1052E+000, -6.6146E-003
  8.50000E+000,  8.1143E+000, -6.6146E-003
  8.51000E+000,  8.1052E+000, -6.6146E-003
  8.52000E+000,  8.1052E+000, -6.6146E-003
  8.53000E+000,  8.1052E+000, -1.5727E-002
  8.54000E+000,  8.1052E+000, -6.6146E-003
  8.55000E+000,  8.1143E+000, -6.6146E-003
  8.56000E+000,  8.1143E+000, -6.6146E-003
  8.57000E+000,  8.1052E+000, -1.5727E-002
  8.58000E+000,  8.1052E+000, -1.5727E-002
  8.59000E+000,  8.0961E+000, -1.5727E-002
  8.60000E+000,  8.1052E+000, -6.6146E-003
  8.61000E+000,  8.1052E+000, -6.6146E-003
  8.62000E+000,  8.1052E+000, -1.5727E-002
  8.63000E+000,  8.1143E+000, -1.5727E-002
  8.64000E+000,  8.1052E+000, -1.5727E-002
  8.65000E+000,  8.1052E+000, -1.5727E-002
  8.66000E+000,  8.1052E+000, -1.5727E-002
  8.67000E+000,  8.1052E+000, -1.5727E-002
  8.68000E+000,  8.1052E+000, -6.6146E-003
  8.69000E+000,  8.1143E+000, -1.5727E-002
  8.70000E+000,  8.1052E+000, -1.5727E-002
  8.71000E+000,  8.0961E+000, -6.6146E-003
  8.72000E+000,  8.0961E+000, -1.5727E-002
  8.73000E+000,  8.1052E+000, -6.6146E-003
  8.74000E+000,  8.1143E+000, -6.6146E-003
  8.75000E+000,  8.1143E+000,  2.4969E-003
  8.76000E+000,  8.1052E+000, -6.6146E-003
  8.77000E+000,  8.1052E+000, -6.6146E-003
  8.78000E+000,  8.1052E+000, -6.6146E-003
  8.79000E+000,  8.1052E+000, -6.6146E-003
  8.80000E+000,  8.1143E+000, -6.6146E-003
  8.81000E+000,  8.1052E+000, -6.6146E-003
  8.82000E+000,  8.1052E+000, -1.5727E-002
  8.83000E+000,  8.1052E+000, -1.5727E-002
  8.84000E+000,  8.1052E+000, -1.5727E-002
  8.85000E+000,  8.1052E+000, -1.5727E-002
  8.86000E+000,  8.1052E+000, -1.5727E-002
  8.87000E+000,  8.1052E+000, -1.5727E-002
  8.88000E+000,  8.1143E+000, -6.6146E-003
  8.89000E+000,  8.1143E+000, -6.6146E-003
  8.90000E+000,  8.1143E+000, -1.5727E-002
  8.91000E+000,  8.1052E+000, -6.6146E-003
  8.92000E+000,  8.0961E+000, -1.5727E-002
  8.93000E+000,  8.1052E+000, -1.5727E-002
  8.94000E+000,  8.1052E+000, -2.4838E-002
  8.95000E+000,  8.1052E+000, -1.5727E-002
  8.96000E+000,  8.1052E+000, -1.5727E-002
  8.97000E+000,  8.1052E+000, -1.5727E-002
  8.98000E+000,  8.1143E+000, -1.5727E-002
  8.99000E+000,  8.1052E+000, -1.5727E-002
  9.00000E+000,  8.1052E+000, -6.6146E-003
  9.01000E+000,  8.1052E+000, -1.5727E-002
  9.02000E+000,  8.1143E+000, -1.5727E-002
  9.03000E+000,  8.1143E+000, -1.5727E-002
  9.04000E+000,  8.1143E+000, -1.5727E-002
  9.05000E+000,  8.1143E+000, -6.6146E-003
  9.06000E+000,  8.1052E+000, -6.6146E-003
  9.07000E+000,  8.0961E+000, -1.5727E-002
  9.08000E+000,  8.1143E+000, -6.6146E-003
  9.09000E+000,  8.1143E+000, -6.6146E-003
  9.10000E+000,  8.1233E+000,  2.4969E-003
  9.11000E+000,  8.1052E+000, -1.5727E-002
  9.12000E+000,  8.1052E+000, -6.6146E-003
  9.13000E+000,  8.0961E+000, -1.5727E-002
  9.14000E+000,  8.1052E+000, -1.5727E-002
  9.15000E+000,  8.1143E+000, -1.5727E-002
  9.16000E+000,  8.1052E+000, -1.5727E-002
  9.17000E+000,  8.0961E+000, -1.5727E-002
  9.18000E+000,  8.1052E+000, -1.5727E-002
  9.19000E+000,  8.0961E+000, -2.4838E-002
  9.20000E+000,  8.1052E+000, -1.5727E-002
  9.21000E+000,  8.0961E+000, -1.5727E-002
  9.22000E+000,  8.1052E+000, -1.5727E-002
  9.23000E+000,  8.1052E+000, -1.5727E-002
  9.24000E+000,  8.1143E+000, -1.5727E-002
  9.25000E+000,  8.1143E+000, -1.5727E-002
  9.26000E+000,  8.1052E+000, -6.6146E-003
  9.27000E+000,  8.0961E+000, -1.5727E-002
  9.28000E+000,  8.0961E+000, -1.5727E-002
  9.29000E+000,  8.1052E+000, -1.5727E-002
  9.30000E+000,  8.1143E+000, -1.5727E-002
  9.31000E+000,  8.1052E+000, -6.6146E-003
  9.32000E+000,  8.1052E+000, -1.5727E-002
  9.33000E+000,  8.1143E+000, -1.5727E-002
  9.34000E+000,  8.1143E+000, -1.5727E-002
  9.35000E+000,  8.1233E+000, -6.6146E-003
  9.36000E+000,  8.1052E+000, -6.6146E-003
  9.37000E+000,  8.1052E+000, -1.5727E-002
  9.38000E+000,  8.1143E+000, -1.5727E-002
  9.39000E+000,  8.1052E+000, -1.5727E-002
  9.40000E+000,  8.1052E+000, -1.5727E-002
  9.41000E+000,  8.1052E+000, -1.5727E-002
  9.42000E+000,  8.1052E+000, -6.6146E-003
  9.43000E+000,  8.1052E+000, -1.5727E-002
  9.44000E+000,  8.1052E+000, -1.5727E-002
  9.45000E+000,  8.1052E+000, -1.5727E-002
  9.46000E+000,  8.0961E+000, -1.5727E-002
  9.47000E+000,  8.0961E+000, -1.5727E-002
  9.48000E+000,  8.1052E+000, -1.5727E-002
  9.49000E+000,  8.1052E+000, -1.5727E-002
  9.50000E+000,  8.0961E+000, -6.6146E-003
  9.51000E+000,  8.1052E+000, -1.5727E-002
  9.52000E+000,  8.1052E+000, -1.5727E-002
  9.53000E+000,  8.1143E+000, -1.5727E-002
  9.54000E+000,  8.1052E+000, -1.5727E-002
  9.55000E+000,  8.1052E+000, -1.5727E-002
  9.56000E+000,  8.1052E+000, -1.5727E-002
  9.57000E+000,  8.1143E+000, -1.5727E-002
  9.58000E+000,  8.1233E+000, -6.6146E-003
  9.59000E+000,  8.1052E+000, -1.5727E-002
  9.60000E+000,  8.1143E+000, -1.5727E-002
  9.61000E+000,  8.1052E+000, -1.5727E-002
  9.62000E+000,  8.1052E+000, -1.5727E-002
  9.63000E+000,  8.1052E+000, -1.5727E-002
  9.64000E+000,  8.1143E+000, -1.5727E-002
  9.65000E+000,  8.1052E+000, -1.5727E-002
  9.66000E+000,  8.1143E+000, -1.5727E-002
  9.67000E+000,  8.1052E+000, -1.5727E-002
  9.68000E+000,  8.1052E+000, -1.5727E-002
  9.69000E+000,  8.1143E+000, -1.5727E-002
  9.70000E+000,  8.1233E+000, -6.6146E-003
  9.71000E+000,  8.1233E+000, -1.5727E-002
  9.72000E+000,  8.1143E+000, -1.5727E-002
  9.73000E+000,  8.1052E+000, -1.5727E-002
  9.74000E+000,  8.1052E+000, -2.4838E-002
  9.75000E+000,  8.1143E+000, -2.4838E-002
  9.76000E+000,  8.1143E+000, -1.5727E-002
  9.77000E+000,  8.1143E+000, -1.5727E-002
  9.78000E+000,  8.1143E+000, -1.5727E-002
  9.79000E+000,  8.1052E+000, -1.5727E-002
  9.80000E+000,  8.1052E+000, -1.5727E-002
  9.81000E+000,  8.1143E+000, -1.5727E-002
  9.82000E+000,  8.1143E+000, -1.5727E-002
  9.83000E+000,  8.1143E+000, -1.5727E-002
  9.84000E+000,  8.1143E+000, -1.5727E-002
  9.85000E+000,  8.1052E+000, -1.5727E-002
  9.86000E+000,  8.1052E+000, -1.5727E-002
  9.87000E+000,  8.1143E+000, -6.6146E-003
  9.88000E+000,  8.1143E+000, -1.5727E-002
  9.89000E+000,  8.1052E+000, -1.5727E-002
  9.90000E+000,  8.1052E+000, -1.5727E-002
  9.91000E+000,  8.1143E+000, -6.6146E-003
  9.92000E+000,  8.1052E+000, -1.5727E-002
  9.93000E+000,  8.1143E+000, -6.6146E-003
  9.94000E+000,  8.1143E+000, -1.5727E-002
  9.95000E+000,  8.1143E+000, -6.6146E-003
  9.96000E+000,  8.1143E+000, -1.5727E-002
  9.97000E+000,  8.1052E+000, -1.5727E-002
  9.98000E+000,  8.1143E+000, -1.5727E-002
  9.99000E+000,  8.1143E+000, -1.5727E-002
  1.00000E+001,  8.1052E+000, -1.5727E-002
  1.00100E+001,  8.1052E+000, -1.5727E-002
  1.00200E+001,  8.1052E+000, -1.5727E-002
  1.00300E+001,  8.1143E+000, -1.5727E-002
  1.00400E+001,  8.1143E+000, -6.6146E-003
  1.00500E+001,  8.1143E+000, -6.6146E-003
  1.00600E+001,  8.1143E+000, -6.6146E-003
  1.00700E+001,  8.0961E+000, -1.5727E-002
  1.00800E+001,  8.1143E+000, -1.5727E-002
  1.00900E+001,  8.1052E+000, -6.6146E-003
  1.01000E+001,  8.1143E+000, -1.5727E-002
  1.01100E+001,  8.1143E+000, -1.5727E-002
  1.01200E+001,  8.1143E+000, -1.5727E-002
  1.01300E+001,  8.1143E+000, -1.5727E-002
  1.01400E+001,  8.1052E+000, -6.6146E-003
  1.01500E+001,  8.1233E+000, -6.6146E-003
  1.01600E+001,  8.1143E+000, -1.5727E-002
  1.01700E+001,  8.1143E+000, -1.5727E-002
  1.01800E+001,  8.1143E+000, -6.6146E-003
  1.01900E+001,  8.1052E+000, -1.5727E-002
  1.02000E+001,  8.1052E+000, -1.5727E-002
  1.02100E+001,  8.1143E+000, -1.5727E-002
  1.02200E+001,  8.1143E+000, -6.6146E-003
  1.02300E+001,  8.1052E+000, -1.5727E-002
  1.02400E+001,  8.1052E+000, -1.5727E-002
  1.02500E+001,  8.1052E+000, -1.5727E-002
  1.02600E+001,  8.1143E+000, -6.6146E-003
  1.02700E+001,  8.1052E+000, -1.5727E-002
  1.02800E+001,  8.1052E+000, -1.5727E-002
  1.02900E+001,  8.1052E+000, -1.5727E-002
  1.03000E+001,  8.1052E+000, -6.6146E-003
  1.03100E+001,  8.1143E+000, -6.6146E-003
  1.03200E+001,  8.0961E+000, -1.5727E-002
  1.03300E+001,  8.1143E+000, -1.5727E-002
  1.03400E+001,  8.1143E+000, -1.5727E-002
  1.03500E+001,  8.1143E+000, -1.5727E-002
  1.03600E+001,  8.1052E+000, -1.5727E-002
  1.03700E+001,  8.1143E+000, -6.6146E-003
  1.03800E+001,  8.1143E+000, -6.6146E-003
  1.03900E+001,  8.1233E+000, -1.5727E-002
  1.04000E+001,  8.1052E+000, -6.6146E-003
  1.04100E+001,  8.1052E+000, -6.6146E-003
  1.04200E+001,  8.1052E+000, -1.5727E-002
  1.04300E+001,  8.1143E+000, -6.6146E-003
  1.04400E+001,  8.1052E+000, -1.5727E-002
  1.04500E+001,  8.1052E+000, -1.5727E-002
  1.04600E+001,  8.1143E+000, -1.5727E-002
  1.04700E+001,  8.1052E+000, -1.5727E-002
  1.04800E+001,  8.1143E+000, -6.6146E-003
  1.04900E+001,  8.1143E+000, -6.6146E-003
  1.05000E+001,  8.1143E+000, -6.6146E-003
  1.05100E+001,  8.1143E+000, -6.6146E-003
  1.05200E+001,  8.1052E+000, -1.5727E-002
  1.05300E+001,  8.1052E+000, -6.6146E-003
  1.05400E+001,  8.1052E+000, -1.5727E-002
  1.05500E+001,  8.1052E+000, -6.6146E-003
  1.05600E+001,  8.1143E+000, -6.6146E-003
  1.05700E+001,  8.1052E+000, -1.5727E-002
  1.05800E+001,  8.1052E+000, -1.5727E-002
  1.05900E+001,  8.1143E+000, -1.5727E-002
  1.06000E+001,  8.1143E+000, -1.5727E-002
  1.06100E+001,  8.1052E+000, -1.5727E-002
  1.06200E+001,  8.1052E+000, -1.5727E-002
  1.06300E+001,  8.1052E+000, -1.5727E-002
  1.06400E+001,  8.1143E+000, -6.6146E-003
  1.06500E+001,  8.1233E+000, -6.6146E-003
  1.06600E+001,  8.1143E+000, -1.5727E-002
  1.06700E+001,  8.1052E+000, -1.5727E-002
  1.06800E+001,  8.1143E+000, -6.6146E-003
  1.06900E+001,  8.1052E+000, -1.5727E-002
  1.07000E+001,  8.1143E+000, -1.5727E-002
  1.07100E+001,  8.1052E+000, -1.5727E-002
  1.07200E+001,  8.1143E+000, -1.5727E-002
  1.07300E+001,  8.1143E+000, -6.6146E-003
  1.07400E+001,  8.1143E+000, -6.6146E-003
  1.07500E+001,  8.1143E+000, -6.6146E-003
  1.07600E+001,  8.1052E+000, -6.6146E-003
  1.07700E+001,  8.1052E+000, -6.6146E-003
  1.07800E+001,  8.1143E+000, -1.5727E-002
  1.07900E+001,  8.1052E+000, -1.5727E-002
  1.08000E+001,  8.1052E+000, -1.5727E-002
  1.08100E+001,  8.1052E+000, -6.6146E-003
  1.08200E+001,  8.0961E+000, -1.5727E-002
  1.08300E+001,  8.1143E+000, -1.5727E-002
  1.08400E+001,  8.1052E+000, -1.5727E-002
  1.08500E+001,  8.1143E+000, -6.6146E-003
  1.08600E+001,  8.1143E+000, -6.6146E-003
  1.08700E+001,  8.1143E+000, -1.5727E-002
  1.08800E+001,  8.1143E+000, -6.6146E-003
  1.08900E+001,  8.1143E+000, -1.5727E-002
  1.09000E+001,  8.1052E+000, -6.6146E-003
  1.09100E+001,  8.1052E+000, -1.5727E-002
  1.09200E+001,  8.1052E+000, -1.5727E-002
  1.09300E+001,  8.1143E+000, -6.6146E-003
  1.09400E+001,  8.1052E+000, -6.6146E-003
  1.09500E+001,  8.1233E+000,  2.4969E-003
  1.09600E+001,  8.1143E+000, -6.6146E-003
  1.09700E+001,  8.1143E+000, -6.6146E-003
  1.09800E+001,  8.1143E+000, -6.6146E-003
  1.09900E+001,  8.1143E+000, -6.6146E-003
  1.10000E+001,  8.1052E+000, -6.6146E-003
  1.10100E+001,  8.1143E+000, -6.6146E-003
  1.10200E+001,  8.1143E+000, -6.6146E-003
  1.10300E+001,  8.1143E+000, -6.6146E-003
  1.10400E+001,  8.1143E+000, -6.6146E-003
  1.10500E+001,  8.1052E+000, -1.5727E-002
  1.10600E+001,  8.1052E+000, -1.5727E-002
  1.10700E+001,  8.1052E+000, -1.5727E-002
  1.10800E+001,  8.1143E+000, -1.5727E-002
  1.10900E+001,  8.1233E+000, -6.6146E-003
  1.11000E+001,  8.1143E+000, -6.6146E-003
  1.11100E+001,  8.1052E+000, -1.5727E-002
  1.11200E+001,  8.1052E+000, -6.6146E-003
  1.11300E+001,  8.1143E+000, -1.5727E-002
  1.11400E+001,  8.1143E+000, -1.5727E-002
  1.11500E+001,  8.1052E+000, -1.5727E-002
  1.11600E+001,  8.1052E+000, -6.6146E-003
  1.11700E+001,  8.1143E+000, -1.5727E-002
  1.11800E+001,  8.1143E+000, -6.6146E-003
  1.11900E+001,  8.1143E+000, -1.5727E-002
  1.12000E+001,  8.1143E+000, -6.6146E-003
  1.12100E+001,  8.1052E+000, -6.6146E-003
  1.12200E+001,  8.1143E+000, -6.6146E-003
  1.12300E+001,  8.1143E+000, -6.6146E-003
  1.12400E+001,  8.1143E+000, -1.5727E-002
  1.12500E+001,  8.1052E+000, -6.6146E-003
  1.12600E+001,  8.1052E+000, -6.6146E-003
  1.12700E+001,  8.1052E+000, -6.6146E-003
  1.12800E+001,  8.1233E+000, -1.5727E-002
  1.12900E+001,  8.1143E+000, -6.6146E-003
  1.13000E+001,  8.1233E+000,  2.4969E-003
  1.13100E+001,  8.1143E+000, -6.6146E-003
  1.13200E+001,  8.1052E+000, -1.5727E-002
  1.13300E+001,  8.1143E+000, -6.6146E-003
  1.13400E+001,  8.1143E+000, -6.6146E-003
  1.13500E+001,  8.1143E+000, -6.6146E-003
  1.13600E+001,  8.1052E+000, -6.6146E-003
  1.13700E+001,  8.1052E+000, -1.5727E-002
  1.13800E+001,  8.1143E+000, -6.6146E-003
  1.13900E+001,  8.1052E+000, -1.5727E-002
  1.14000E+001,  8.1052E+000, -1.5727E-002
  1.14100E+001,  8.1052E+000, -1.5727E-002
  1.14200E+001,  8.1233E+000,  2.4969E-003
  1.14300E+001,  8.1143E+000, -6.6146E-003
  1.14400E+001,  8.1143E+000, -6.6146E-003
  1.14500E+001,  8.1143E+000,  2.4969E-003
  1.14600E+001,  8.1052E+000, -1.5727E-002
  1.14700E+001,  8.1233E+000,  2.4969E-003
  1.14800E+001,  8.1233E+000, -6.6146E-003
  1.14900E+001,  8.1143E+000, -6.6146E-003
  1.15000E+001,  8.1143E+000, -6.6146E-003
  1.15100E+001,  8.1052E+000, -6.6146E-003
  1.15200E+001,  8.1052E+000, -6.6146E-003
  1.15300E+001,  8.1143E+000, -1.5727E-002
  1.15400E+001,  8.1143E+000, -6.6146E-003
  1.15500E+001,  8.1143E+000, -6.6146E-003
  1.15600E+001,  8.1143E+000, -1.5727E-002
  1.15700E+001,  8.1143E+000, -6.6146E-003
  1.15800E+001,  8.1143E+000, -6.6146E-003
  1.15900E+001,  8.1143E+000, -1.5727E-002
  1.16000E+001,  8.1052E+000, -1.5727E-002
  1.16100E+001,  8.1052E+000, -1.5727E-002
  1.16200E+001,  8.1052E+000, -1.5727E-002
  1.16300E+001,  8.1052E+000, -6.6146E-003
  1.16400E+001,  8.1052E+000, -1.5727E-002
  1.16500E+001,  8.1143E+000, -1.5727E-002
  1.16600E+001,  8.1052E+000, -1.5727E-002
  1.16700E+001,  8.1052E+000, -6.6146E-003
  1.16800E+001,  8.1143E+000, -6.6146E-003
  1.16900E+001,  8.1233E+000, -6.6146E-003
  1.17000E+001,  8.1143E+000, -1.5727E-002
  1.17100E+001,  8.1143E+000, -1.5727E-002
  1.17200E+001,  8.1143E+000, -1.5727E-002
  1.17300E+001,  8.1143E+000, -1.5727E-002
  1.17400E+001,  8.1143E+000,  2.4969E-003
  1.17500E+001,  8.1143E+000, -6.6146E-003
  1.17600E+001,  8.1143E+000, -6.6146E-003
  1.17700E+001,  8.1143E+000, -1.5727E-002
  1.17800E+001,  8.1143E+000, -1.5727E-002
  1.17900E+001,  8.1143E+000, -1.5727E-002
  1.18000E+001,  8.1233E+000, -6.6146E-003
  1.18100E+001,  8.1143E+000, -6.6146E-003
  1.18200E+001,  8.1143E+000, -1.5727E-002
  1.18300E+001,  8.0961E+000, -6.6146E-003
  1.18400E+001,  8.1143E+000,  2.4969E-003
  1.18500E+001,  8.1052E+000, -1.5727E-002
  1.18600E+001,  8.1143E+000, -1.5727E-002
  1.18700E+001,  8.1052E+000, -6.6146E-003
  1.18800E+001,  8.1052E+000, -1.5727E-002
  1.18900E+001,  8.1052E+000, -6.6146E-003
  1.19000E+001,  8.1143E+000, -6.6146E-003
  1.19100E+001,  8.1143E+000, -6.6146E-003
  1.19200E+001,  8.1143E+000, -6.6146E-003
  1.19300E+001,  8.1143E+000, -1.5727E-002
  1.19400E+001,  8.1143E+000, -6.6146E-003
  1.19500E+001,  8.1052E+000, -6.6146E-003
  1.19600E+001,  8.1143E+000, -6.6146E-003
  1.19700E+001,  8.1052E+000, -1.5727E-002
  1.19800E+001,  8.1143E+000, -6.6146E-003
  1.19900E+001,  8.1052E+000, -1.5727E-002
  1.20000E+001,  8.1143E+000, -6.6146E-003
  1.20100E+001,  8.1052E+000, -6.6146E-003
  1.20200E+001,  8.1143E+000, -6.6146E-003
  1.20300E+001,  8.1143E+000, -6.6146E-003
  1.20400E+001,  8.1233E+000, -6.6146E-003
  1.20500E+001,  8.1143E+000, -6.6146E-003
  1.20600E+001,  8.1143E+000, -6.6146E-003
  1.20700E+001,  8.1143E+000, -1.5727E-002
  1.20800E+001,  8.1052E+000, -6.6146E-003
  1.20900E+001,  8.1052E+000, -1.5727E-002
  1.21000E+001,  8.1052E+000, -6.6146E-003
  1.21100E+001,  8.1143E+000, -6.6146E-003
  1.21200E+001,  8.1143E+000, -6.6146E-003
  1.21300E+001,  8.1143E+000, -6.6146E-003
  1.21400E+001,  8.1143E+000, -6.6146E-003
  1.21500E+001,  8.1052E+000, -6.6146E-003
  1.21600E+001,  8.1143E+000, -6.6146E-003
  1.21700E+001,  8.1052E+000, -1.5727E-002
  1.21800E+001,  8.1052E+000, -6.6146E-003
  1.21900E+001,  8.1052E+000, -1.5727E-002
  1.22000E+001,  8.1143E+000, -6.6146E-003
  1.22100E+001,  8.1143E+000, -6.6146E-003
  1.22200E+001,  8.1143E+000, -6.6146E-003
  1.22300E+001,  8.1052E+000, -1.5727E-002
  1.22400E+001,  8.1143E+000, -6.6146E-003
  1.22500E+001,  8.1143E+000, -6.6146E-003
  1.22600E+001,  8.1143E+000, -6.6146E-003
  1.22700E+001,  8.1143E+000, -6.6146E-003
  1.22800E+001,  8.1143E+000, -6.6146E-003
  1.22900E+001,  8.1052E+000,  2.4969E-003
  1.23000E+001,  8.1143E+000, -6.6146E-003
  1.23100E+001,  8.1143E+000, -6.6146E-003
  1.23200E+001,  8.1052E+000, -1.5727E-002
  1.23300E+001,  8.1052E+000, -6.6146E-003
  1.23400E+001,  8.1143E+000, -6.6146E-003
  1.23500E+001,  8.1052E+000, -6.6146E-003
  1.23600E+001,  8.1052E+000, -6.6146E-003
  1.23700E+001,  8.1052E+000, -6.6146E-003
  1.23800E+001,  8.1052E+000, -1.5727E-002
  1.23900E+001,  8.1143E+000, -6.6146E-003
  1.24000E+001,  8.1143E+000, -1.5727E-002
  1.24100E+001,  8.1052E+000, -1.5727E-002
  1.24200E+001,  8.1052E+000, -6.6146E-003
  1.24300E+001,  8.1052E+000, -1.5727E-002
  1.24400E+001,  8.0961E+000, -1.5727E-002
  1.24500E+001,  8.1052E+000, -6.6146E-003
  1.24600E+001,  8.1143E+000, -6.6146E-003
  1.24700E+001,  8.1052E+000, -1.5727E-002
  1.24800E+001,  8.1143E+000, -6.6146E-003
  1.24900E+001,  8.1143E+000, -6.6146E-003
  1.25000E+001,  8.1143E+000, -6.6146E-003
  1.25100E+001,  8.1052E+000, -1.5727E-002
  1.25200E+001,  8.1052E+000, -1.5727E-002
  1.25300E+001,  8.1052E+000, -6.6146E-003
  1.25400E+001,  8.1052E+000, -6.6146E-003
  1.25500E+001,  8.1052E+000, -6.6146E-003
  1.25600E+001,  8.1052E+000, -6.6146E-003
  1.25700E+001,  8.1052E+000, -6.6146E-003
  1.25800E+001,  8.1052E+000, -6.6146E-003
  1.25900E+001,  8.1143E+000, -1.5727E-002
  1.26000E+001,  8.1052E+000, -6.6146E-003
  1.26100E+001,  8.1052E+000, -1.5727E-002
  1.26200E+001,  8.1143E+000, -6.6146E-003
  1.26300E+001,  8.1052E+000, -6.6146E-003
  1.26400E+001,  8.1143E+000, -1.5727E-002
  1.26500E+001,  8.1052E+000, -1.5727E-002
  1.26600E+001,  8.1052E+000, -1.5727E-002
  1.26700E+001,  8.1052E+000, -1.5727E-002
  1.26800E+001,  8.1052E+000, -6.6146E-003
  1.26900E+001,  8.1052E+000, -1.5727E-002
  1.27000E+001,  8.0961E+000, -1.5727E-002
  1.27100E+001,  8.1052E+000, -1.5727E-002
  1.27200E+001,  8.1052E+000, -1.5727E-002
  1.27300E+001,  8.1143E+000, -1.5727E-002
  1.27400E+001,  8.1143E+000, -6.6146E-003
  1.27500E+001,  8.1143E+000, -6.6146E-003
  1.27600E+001,  8.0961E+000, -1.5727E-002
  1.27700E+001,  8.1052E+000, -1.5727E-002
  1.27800E+001,  8.0961E+000, -6.6146E-003
  1.27900E+001,  8.1052E+000, -1.5727E-002
  1.28000E+001,  8.0961E+000, -1.5727E-002
  1.28100E+001,  8.1052E+000, -1.5727E-002
  1.28200E+001,  8.1052E+000, -1.5727E-002
  1.28300E+001,  8.1143E+000, -6.6146E-003
  1.28400E+001,  8.1052E+000, -1.5727E-002
  1.28500E+001,  8.1052E+000, -6.6146E-003
  1.28600E+001,  8.1052E+000, -6.6146E-003
  1.28700E+001,  8.1052E+000, -1.5727E-002
  1.28800E+001,  8.1143E+000, -1.5727E-002
  1.28900E+001,  8.1052E+000, -1.5727E-002
  1.29000E+001,  8.1052E+000, -6.6146E-003
  1.29100E+001,  8.0961E+000, -1.5727E-002
  1.29200E+001,  8.1052E+000, -1.5727E-002
  1.29300E+001,  8.1052E+000, -6.6146E-003
  1.29400E+001,  8.1052E+000, -1.5727E-002
  1.29500E+001,  8.1052E+000, -1.5727E-002
  1.29600E+001,  8.1052E+000, -6.6146E-003
  1.29700E+001,  8.1143E+000, -1.5727E-002
  1.29800E+001,  8.1143E+000, -6.6146E-003
  1.29900E+001,  8.1143E+000, -6.6146E-003
  1.30000E+001,  8.1052E+000, -1.5727E-002
  1.30100E+001,  8.1052E+000, -6.6146E-003
  1.30200E+001,  8.1052E+000, -1.5727E-002
  1.30300E+001,  8.1052E+000, -6.6146E-003
  1.30400E+001,  8.1052E+000, -1.5727E-002
  1.30500E+001,  8.1052E+000, -1.5727E-002
  1.30600E+001,  8.1052E+000, -1.5727E-002
  1.30700E+001,  8.1052E+000, -1.5727E-002
  1.30800E+001,  8.1143E+000, -6.6146E-003
  1.30900E+001,  8.1143E+000, -1.5727E-002
  1.31000E+001,  8.1233E+000, -1.5727E-002
  1.31100E+001,  8.1143E+000, -1.5727E-002
  1.31200E+001,  8.1052E+000, -1.5727E-002
  1.31300E+001,  8.1052E+000, -6.6146E-003
  1.31400E+001,  8.1052E+000, -1.5727E-002
  1.31500E+001,  8.1052E+000, -1.5727E-002
  1.31600E+001,  8.1052E+000, -2.4838E-002
  1.31700E+001,  8.1052E+000, -6.6146E-003
  1.31800E+001,  8.1143E+000, -6.6146E-003
  1.31900E+001,  8.1052E+000, -6.6146E-003
  1.32000E+001,  8.1052E+000, -1.5727E-002
