# [Parameters]
# Name = 'firc'
# ShotNo = 166562
# Date = '01/08/2021 21:44'
# 
# DimNo = 1
# DimName = 'Time'
# DimSize = 1311
# DimUnit = 's'
# 
# ValNo = 2
# ValName = 'nL(3669)', 'nL(3759)'
# ValUnit = 'e19m-2', 'e19m-2'
# [Comments]
#  
# [data]
  1.00000E-001, -6.8623E-003, -8.0251E-004
  1.10000E-001, -6.8623E-003, -8.0251E-004
  1.20000E-001,  2.2139E-003,  8.3090E-003
  1.30000E-001,  2.2139E-003, -8.0251E-004
  1.40000E-001,  2.2139E-003, -8.0251E-004
  1.50000E-001,  2.2139E-003, -8.0251E-004
  1.60000E-001,  2.2139E-003,  8.3090E-003
  1.70000E-001,  2.2139E-003,  8.3090E-003
  1.80000E-001, -6.8623E-003, -8.0251E-004
  1.90000E-001,  2.2139E-003, -8.0251E-004
  2.00000E-001, -6.8623E-003, -9.9149E-003
  2.10000E-001,  2.2139E-003, -8.0251E-004
  2.20000E-001,  2.2139E-003, -8.0251E-004
  2.30000E-001,  2.2139E-003, -8.0251E-004
  2.40000E-001, -6.8623E-003, -8.0251E-004
  2.50000E-001, -6.8623E-003,  8.3090E-003
  2.60000E-001,  2.2139E-003,  8.3090E-003
  2.70000E-001,  2.2139E-003, -8.0251E-004
  2.80000E-001,  1.1289E-002,  8.3090E-003
  2.90000E-001,  2.2139E-003, -8.0251E-004
  3.00000E-001, -6.8623E-003, -8.0251E-004
  3.10000E-001,  2.2139E-003, -8.0251E-004
  3.20000E-001,  2.2139E-003, -8.0251E-004
  3.30000E-001,  2.2139E-003,  8.3090E-003
  3.40000E-001,  2.2139E-003, -8.0251E-004
  3.50000E-001,  2.2139E-003, -8.0251E-004
  3.60000E-001,  2.2139E-003, -8.0251E-004
  3.70000E-001,  2.2139E-003, -8.0251E-004
  3.80000E-001,  2.2139E-003,  8.3090E-003
  3.90000E-001,  2.2139E-003,  8.3090E-003
  4.00000E-001,  2.2139E-003, -8.0251E-004
  4.10000E-001,  2.2139E-003,  8.3090E-003
  4.20000E-001,  2.2139E-003, -8.0251E-004
  4.30000E-001, -6.8623E-003, -8.0251E-004
  4.40000E-001,  2.2139E-003, -8.0251E-004
  4.50000E-001,  2.2139E-003, -8.0251E-004
  4.60000E-001,  2.2139E-003, -8.0251E-004
  4.70000E-001, -6.8623E-003, -8.0251E-004
  4.80000E-001,  2.2139E-003, -8.0251E-004
  4.90000E-001,  1.1289E-002,  8.3090E-003
  5.00000E-001,  1.1289E-002,  8.3090E-003
  5.10000E-001,  1.1289E-002, -8.0251E-004
  5.20000E-001,  2.2139E-003, -8.0251E-004
  5.30000E-001, -6.8623E-003, -8.0251E-004
  5.40000E-001, -6.8623E-003, -8.0251E-004
  5.50000E-001, -6.8623E-003, -8.0251E-004
  5.60000E-001,  2.2139E-003, -9.9149E-003
  5.70000E-001, -6.8623E-003, -9.9149E-003
  5.80000E-001,  2.2139E-003, -8.0251E-004
  5.90000E-001,  2.2139E-003, -8.0251E-004
  6.00000E-001,  2.2139E-003, -8.0251E-004
  6.10000E-001,  1.1289E-002,  8.3090E-003
  6.20000E-001,  2.2139E-003,  8.3090E-003
  6.30000E-001,  2.2139E-003, -8.0251E-004
  6.40000E-001,  2.2139E-003, -8.0251E-004
  6.50000E-001,  2.2139E-003, -8.0251E-004
  6.60000E-001,  1.1289E-002, -8.0251E-004
  6.70000E-001,  2.2139E-003, -8.0251E-004
  6.80000E-001, -6.8623E-003, -8.0251E-004
  6.90000E-001, -6.8623E-003, -8.0251E-004
  7.00000E-001,  2.2139E-003, -8.0251E-004
  7.10000E-001,  1.1289E-002, -8.0251E-004
  7.20000E-001,  2.2139E-003, -8.0251E-004
  7.30000E-001,  2.2139E-003, -8.0251E-004
  7.40000E-001,  2.2139E-003,  8.3090E-003
  7.50000E-001,  1.1289E-002, -8.0251E-004
  7.60000E-001,  2.2139E-003, -9.9149E-003
  7.70000E-001,  2.2139E-003,  8.3090E-003
  7.80000E-001, -6.8623E-003, -8.0251E-004
  7.90000E-001, -6.8623E-003, -8.0251E-004
  8.00000E-001,  2.2139E-003, -8.0251E-004
  8.10000E-001,  1.1289E-002, -8.0251E-004
  8.20000E-001, -6.8623E-003, -8.0251E-004
  8.30000E-001, -6.8623E-003, -8.0251E-004
  8.40000E-001,  2.2139E-003, -8.0251E-004
  8.50000E-001,  1.1289E-002,  8.3090E-003
  8.60000E-001,  1.1289E-002, -8.0251E-004
  8.70000E-001,  2.2139E-003, -8.0251E-004
  8.80000E-001,  2.2139E-003, -8.0251E-004
  8.90000E-001, -6.8623E-003, -8.0251E-004
  9.00000E-001,  2.2139E-003, -9.9149E-003
  9.10000E-001,  2.2139E-003, -8.0251E-004
  9.20000E-001,  2.2139E-003, -8.0251E-004
  9.30000E-001,  2.2139E-003, -8.0251E-004
  9.40000E-001,  2.2139E-003,  8.3090E-003
  9.50000E-001,  2.2139E-003, -8.0251E-004
  9.60000E-001,  1.1289E-002, -8.0251E-004
  9.70000E-001,  1.1289E-002,  8.3090E-003
  9.80000E-001, -6.8623E-003, -8.0251E-004
  9.90000E-001,  2.2139E-003, -8.0251E-004
  1.00000E+000,  2.2139E-003, -8.0251E-004
  1.01000E+000,  2.2139E-003, -8.0251E-004
  1.02000E+000,  2.2139E-003, -8.0251E-004
  1.03000E+000,  2.2139E-003, -8.0251E-004
  1.04000E+000,  2.2139E-003, -8.0251E-004
  1.05000E+000,  2.2139E-003, -8.0251E-004
  1.06000E+000,  1.1289E-002,  8.3090E-003
  1.07000E+000,  1.1289E-002,  8.3090E-003
  1.08000E+000,  1.1289E-002,  8.3090E-003
  1.09000E+000,  2.2139E-003, -8.0251E-004
  1.10000E+000, -6.8623E-003, -8.0251E-004
  1.11000E+000,  2.2139E-003, -8.0251E-004
  1.12000E+000,  2.2139E-003, -8.0251E-004
  1.13000E+000,  2.2139E-003, -8.0251E-004
  1.14000E+000,  2.2139E-003, -8.0251E-004
  1.15000E+000,  2.2139E-003, -8.0251E-004
  1.16000E+000,  2.2139E-003, -8.0251E-004
  1.17000E+000,  2.2139E-003,  8.3090E-003
  1.18000E+000,  1.1289E-002,  8.3090E-003
  1.19000E+000,  2.2139E-003,  8.3090E-003
  1.20000E+000,  2.2139E-003, -8.0251E-004
  1.21000E+000,  2.2139E-003, -8.0251E-004
  1.22000E+000,  2.2139E-003, -8.0251E-004
  1.23000E+000,  2.2139E-003, -8.0251E-004
  1.24000E+000, -6.8623E-003, -9.9149E-003
  1.25000E+000,  2.2139E-003, -8.0251E-004
  1.26000E+000,  2.2139E-003, -8.0251E-004
  1.27000E+000,  1.1289E-002, -8.0251E-004
  1.28000E+000,  2.2139E-003,  8.3090E-003
  1.29000E+000,  2.2139E-003,  8.3090E-003
  1.30000E+000,  2.2139E-003,  8.3090E-003
  1.31000E+000,  2.2139E-003, -8.0251E-004
  1.32000E+000,  2.2139E-003,  8.3090E-003
  1.33000E+000,  2.2139E-003,  8.3090E-003
  1.34000E+000,  2.2139E-003, -8.0251E-004
  1.35000E+000, -6.8623E-003, -8.0251E-004
  1.36000E+000, -6.8623E-003, -9.9149E-003
  1.37000E+000,  2.2139E-003, -8.0251E-004
  1.38000E+000,  2.2139E-003, -8.0251E-004
  1.39000E+000, -6.8623E-003, -8.0251E-004
  1.40000E+000,  2.2139E-003, -8.0251E-004
  1.41000E+000,  2.2139E-003, -8.0251E-004
  1.42000E+000,  1.1289E-002,  8.3090E-003
  1.43000E+000,  2.2139E-003, -8.0251E-004
  1.44000E+000,  2.2139E-003, -8.0251E-004
  1.45000E+000, -6.8623E-003, -9.9149E-003
  1.46000E+000, -6.8623E-003, -8.0251E-004
  1.47000E+000,  2.2139E-003, -8.0251E-004
  1.48000E+000,  2.2139E-003, -8.0251E-004
  1.49000E+000,  2.2139E-003, -8.0251E-004
  1.50000E+000,  2.2139E-003, -8.0251E-004
  1.51000E+000,  1.1289E-002, -8.0251E-004
  1.52000E+000,  2.2139E-003,  8.3090E-003
  1.53000E+000,  2.2139E-003,  8.3090E-003
  1.54000E+000,  2.2139E-003,  1.7421E-002
  1.55000E+000,  2.2139E-003,  8.3090E-003
  1.56000E+000,  2.2139E-003, -8.0251E-004
  1.57000E+000,  2.2139E-003, -8.0251E-004
  1.58000E+000, -6.8623E-003, -8.0251E-004
  1.59000E+000, -6.8623E-003, -8.0251E-004
  1.60000E+000, -6.8623E-003, -8.0251E-004
  1.61000E+000, -6.8623E-003, -9.9149E-003
  1.62000E+000,  1.1289E-002,  8.3090E-003
  1.63000E+000,  2.2139E-003,  8.3090E-003
  1.64000E+000,  1.1289E-002, -8.0251E-004
  1.65000E+000,  2.2139E-003,  8.3090E-003
  1.66000E+000,  1.1289E-002, -8.0251E-004
  1.67000E+000,  2.2139E-003, -8.0251E-004
  1.68000E+000, -6.8623E-003, -8.0251E-004
  1.69000E+000,  2.2139E-003, -8.0251E-004
  1.70000E+000,  2.2139E-003, -9.9149E-003
  1.71000E+000, -6.8623E-003, -8.0251E-004
  1.72000E+000, -6.8623E-003,  8.3090E-003
  1.73000E+000,  2.2139E-003, -8.0251E-004
  1.74000E+000,  2.2139E-003, -8.0251E-004
  1.75000E+000,  1.1289E-002,  8.3090E-003
  1.76000E+000,  1.1289E-002,  8.3090E-003
  1.77000E+000,  1.1289E-002,  8.3090E-003
  1.78000E+000,  2.2139E-003, -8.0251E-004
  1.79000E+000, -6.8623E-003, -8.0251E-004
  1.80000E+000, -6.8623E-003, -8.0251E-004
  1.81000E+000,  2.2139E-003, -8.0251E-004
  1.82000E+000,  2.2139E-003, -8.0251E-004
  1.83000E+000, -6.8623E-003, -8.0251E-004
  1.84000E+000,  2.2139E-003,  8.3090E-003
  1.85000E+000,  2.2139E-003, -8.0251E-004
  1.86000E+000,  2.2139E-003,  8.3090E-003
  1.87000E+000,  1.1289E-002, -8.0251E-004
  1.88000E+000,  1.1289E-002, -8.0251E-004
  1.89000E+000,  2.2139E-003, -8.0251E-004
  1.90000E+000, -6.8623E-003, -9.9149E-003
  1.91000E+000,  2.2139E-003, -8.0251E-004
  1.92000E+000,  2.2139E-003, -8.0251E-004
  1.93000E+000,  2.2139E-003, -9.9149E-003
  1.94000E+000,  2.2139E-003, -8.0251E-004
  1.95000E+000, -6.8623E-003, -9.9149E-003
  1.96000E+000,  2.2139E-003,  8.3090E-003
  1.97000E+000,  2.2139E-003,  8.3090E-003
  1.98000E+000,  2.2139E-003,  8.3090E-003
  1.99000E+000,  1.1289E-002,  8.3090E-003
  2.00000E+000,  2.2139E-003,  8.3090E-003
  2.01000E+000,  2.2139E-003, -8.0251E-004
  2.02000E+000,  2.2139E-003,  8.3090E-003
  2.03000E+000,  2.2139E-003, -8.0251E-004
  2.04000E+000, -6.8623E-003,  8.3090E-003
  2.05000E+000,  2.2139E-003, -9.9149E-003
  2.06000E+000,  2.2139E-003, -8.0251E-004
  2.07000E+000,  2.2139E-003, -8.0251E-004
  2.08000E+000,  2.2139E-003, -8.0251E-004
  2.09000E+000,  2.2139E-003,  8.3090E-003
  2.10000E+000,  2.2139E-003,  8.3090E-003
  2.11000E+000,  1.1289E-002,  8.3090E-003
  2.12000E+000,  1.1289E-002, -8.0251E-004
  2.13000E+000,  2.2139E-003, -8.0251E-004
  2.14000E+000,  2.2139E-003, -8.0251E-004
  2.15000E+000, -6.8623E-003, -8.0251E-004
  2.16000E+000,  2.2139E-003, -8.0251E-004
  2.17000E+000,  1.1289E-002,  8.3090E-003
  2.18000E+000,  1.1289E-002, -8.0251E-004
  2.19000E+000,  2.2139E-003,  8.3090E-003
  2.20000E+000,  2.2139E-003, -8.0251E-004
  2.21000E+000,  1.1289E-002, -8.0251E-004
  2.22000E+000,  1.1289E-002,  8.3090E-003
  2.23000E+000,  2.2139E-003, -8.0251E-004
  2.24000E+000,  2.2139E-003, -8.0251E-004
  2.25000E+000,  2.2139E-003, -9.9149E-003
  2.26000E+000,  2.2139E-003, -8.0251E-004
  2.27000E+000,  2.2139E-003, -8.0251E-004
  2.28000E+000,  2.2139E-003, -8.0251E-004
  2.29000E+000,  2.2139E-003, -8.0251E-004
  2.30000E+000,  2.2139E-003, -8.0251E-004
  2.31000E+000, -6.8623E-003, -8.0251E-004
  2.32000E+000,  2.2139E-003, -8.0251E-004
  2.33000E+000,  2.2139E-003, -8.0251E-004
  2.34000E+000,  1.1289E-002,  8.3090E-003
  2.35000E+000,  2.2139E-003,  8.3090E-003
  2.36000E+000,  1.1289E-002, -8.0251E-004
  2.37000E+000,  2.2139E-003, -8.0251E-004
  2.38000E+000,  2.2139E-003, -9.9149E-003
  2.39000E+000,  2.2139E-003, -8.0251E-004
  2.40000E+000,  2.2139E-003, -8.0251E-004
  2.41000E+000,  2.2139E-003, -9.9149E-003
  2.42000E+000,  2.2139E-003, -8.0251E-004
  2.43000E+000,  1.1289E-002, -8.0251E-004
  2.44000E+000,  1.1289E-002,  8.3090E-003
  2.45000E+000,  2.2139E-003,  8.3090E-003
  2.46000E+000,  2.2139E-003,  8.3090E-003
  2.47000E+000,  2.2139E-003, -8.0251E-004
  2.48000E+000,  2.2139E-003, -8.0251E-004
  2.49000E+000,  2.2139E-003, -8.0251E-004
  2.50000E+000, -6.8623E-003, -8.0251E-004
  2.51000E+000,  2.2139E-003, -9.9149E-003
  2.52000E+000,  1.1289E-002, -8.0251E-004
  2.53000E+000,  2.2139E-003,  8.3090E-003
  2.54000E+000,  1.1289E-002,  1.7421E-002
  2.55000E+000,  1.1289E-002,  8.3090E-003
  2.56000E+000,  2.2139E-003,  8.3090E-003
  2.57000E+000,  2.2139E-003, -8.0251E-004
  2.58000E+000, -6.8623E-003, -8.0251E-004
  2.59000E+000, -6.8623E-003, -8.0251E-004
  2.60000E+000,  2.2139E-003, -8.0251E-004
  2.61000E+000,  2.2139E-003, -8.0251E-004
  2.62000E+000,  2.2139E-003, -8.0251E-004
  2.63000E+000,  2.2139E-003, -8.0251E-004
  2.64000E+000, -6.8623E-003,  8.3090E-003
  2.65000E+000,  2.2139E-003, -8.0251E-004
  2.66000E+000,  2.2139E-003,  8.3090E-003
  2.67000E+000,  1.1289E-002,  8.3090E-003
  2.68000E+000,  2.2139E-003,  8.3090E-003
  2.69000E+000,  2.2139E-003,  8.3090E-003
  2.70000E+000, -6.8623E-003, -9.9149E-003
  2.71000E+000,  2.2139E-003, -8.0251E-004
  2.72000E+000,  1.1289E-002,  8.3090E-003
  2.73000E+000,  2.2139E-003, -8.0251E-004
  2.74000E+000,  1.1289E-002,  8.3090E-003
  2.75000E+000,  2.2139E-003, -8.0251E-004
  2.76000E+000,  1.1289E-002, -8.0251E-004
  2.77000E+000,  2.2139E-003, -8.0251E-004
  2.78000E+000,  2.2139E-003, -8.0251E-004
  2.79000E+000,  2.2139E-003,  8.3090E-003
  2.80000E+000,  2.2139E-003,  8.3090E-003
  2.81000E+000,  1.1289E-002,  8.3090E-003
  2.82000E+000,  2.2139E-003, -8.0251E-004
  2.83000E+000,  2.2139E-003, -8.0251E-004
  2.84000E+000, -6.8623E-003, -9.9149E-003
  2.85000E+000,  2.2139E-003, -9.9149E-003
  2.86000E+000,  2.2139E-003, -8.0251E-004
  2.87000E+000,  2.2139E-003, -8.0251E-004
  2.88000E+000,  2.2139E-003, -8.0251E-004
  2.89000E+000,  2.2139E-003, -8.0251E-004
  2.90000E+000,  2.2139E-003, -8.0251E-004
  2.91000E+000,  2.2139E-003, -8.0251E-004
  2.92000E+000,  1.1289E-002, -8.0251E-004
  2.93000E+000,  1.1289E-002, -8.0251E-004
  2.94000E+000,  2.2139E-003, -8.0251E-004
  2.95000E+000, -6.8623E-003, -9.9149E-003
  2.96000E+000,  2.2139E-003, -9.9149E-003
  2.97000E+000,  2.2139E-003, -8.0251E-004
  2.98000E+000,  2.2139E-003,  8.3090E-003
  2.99000E+000,  2.2139E-003,  8.3090E-003
  3.00000E+000,  1.1289E-002,  8.3090E-003
  3.01000E+000,  2.0365E-002,  8.3090E-003
  3.02000E+000,  2.0365E-002,  8.3090E-003
  3.03000E+000,  1.1289E-002,  8.3090E-003
  3.04000E+000,  2.2139E-003, -8.0251E-004
  3.05000E+000,  2.2139E-003, -8.0251E-004
  3.06000E+000,  2.2139E-003, -8.0251E-004
  3.07000E+000,  2.2139E-003,  8.3090E-003
  3.08000E+000,  2.2139E-003, -8.0251E-004
  3.09000E+000,  2.2139E-003, -8.0251E-004
  3.10000E+000,  2.2139E-003, -9.9149E-003
  3.11000E+000,  2.2139E-003, -8.0251E-004
  3.12000E+000,  2.2139E-003, -8.0251E-004
  3.13000E+000,  2.2139E-003,  8.3090E-003
  3.14000E+000,  2.2139E-003, -8.0251E-004
  3.15000E+000,  2.2139E-003, -8.0251E-004
  3.16000E+000,  1.1289E-002, -8.0251E-004
  3.17000E+000,  2.2139E-003, -8.0251E-004
  3.18000E+000,  2.2139E-003, -8.0251E-004
  3.19000E+000,  2.2139E-003, -8.0251E-004
  3.20000E+000, -6.8623E-003, -8.0251E-004
  3.21000E+000, -6.8623E-003, -8.0251E-004
  3.22000E+000,  1.1289E-002,  8.3090E-003
  3.23000E+000,  1.1289E-002,  8.3090E-003
  3.24000E+000,  2.2139E-003,  8.3090E-003
  3.25000E+000,  1.1289E-002,  8.3090E-003
  3.26000E+000,  1.1289E-002, -8.0251E-004
  3.27000E+000,  2.2139E-003, -8.0251E-004
  3.28000E+000,  2.2139E-003, -8.0251E-004
  3.29000E+000,  2.2139E-003, -8.0251E-004
  3.30000E+000, -6.8623E-003,  8.3090E-003
  3.31000E+000,  3.1986E-001,  3.0900E-001
  3.32000E+000,  4.3785E-001,  4.4568E-001
  3.33000E+000,  5.8306E-001,  5.8235E-001
  3.34000E+000,  7.1012E-001,  7.0081E-001
  3.35000E+000,  8.1902E-001,  8.2837E-001
  3.36000E+000,  9.2793E-001,  9.3772E-001
  3.37000E+000,  1.0368E+000,  1.0471E+000
  3.38000E+000,  1.1185E+000,  1.1291E+000
  3.39000E+000,  1.1911E+000,  1.2020E+000
  3.40000E+000,  1.2456E+000,  1.2657E+000
  3.41000E+000,  1.2819E+000,  1.3113E+000
  3.42000E+000,  1.5360E+000,  1.5573E+000
  3.43000E+000,  1.9807E+000,  1.9765E+000
  3.44000E+000,  2.4526E+000,  2.4503E+000
  3.45000E+000,  2.8429E+000,  2.9150E+000
  3.46000E+000,  3.7323E+000,  3.5437E+000
  3.47000E+000,  3.5599E+000,  3.2795E+000
  3.48000E+000,  3.7505E+000,  3.5255E+000
  3.49000E+000,  4.0227E+000,  3.8991E+000
  3.50000E+000,  4.3404E+000,  4.2362E+000
  3.51000E+000,  4.4493E+000,  4.4458E+000
  3.52000E+000,  4.6127E+000,  4.5916E+000
  3.53000E+000,  5.0211E+000,  5.0016E+000
  3.54000E+000,  5.1481E+000,  5.2294E+000
  3.55000E+000,  5.1390E+000,  5.2294E+000
  3.56000E+000,  5.1753E+000,  5.2658E+000
  3.57000E+000,  5.2116E+000,  5.2932E+000
  3.58000E+000,  5.2570E+000,  5.3570E+000
  3.59000E+000,  5.3387E+000,  5.4116E+000
  3.60000E+000,  5.4204E+000,  5.5027E+000
  3.61000E+000,  5.5202E+000,  5.5847E+000
  3.62000E+000,  5.6201E+000,  5.7032E+000
  3.63000E+000,  5.7380E+000,  5.7943E+000
  3.64000E+000,  5.8742E+000,  5.9037E+000
  3.65000E+000,  5.9922E+000,  6.0221E+000
  3.66000E+000,  6.1192E+000,  6.1588E+000
  3.67000E+000,  6.2735E+000,  6.3137E+000
  3.68000E+000,  6.3824E+000,  6.4413E+000
  3.69000E+000,  6.5276E+000,  6.5962E+000
  3.70000E+000,  6.6638E+000,  6.7146E+000
  3.71000E+000,  6.8180E+000,  6.8604E+000
  3.72000E+000,  6.9360E+000,  6.9789E+000
  3.73000E+000,  7.0903E+000,  7.1884E+000
  3.74000E+000,  7.3172E+000,  7.3707E+000
  3.75000E+000,  7.5622E+000,  7.5711E+000
  3.76000E+000,  7.6348E+000,  7.1884E+000
  3.77000E+000,  7.6530E+000,  7.3707E+000
  3.78000E+000,  7.8527E+000,  7.7442E+000
  3.79000E+000,  8.2338E+000,  8.1634E+000
  3.80000E+000,  9.0779E+000,  8.7010E+000
  3.81000E+000,  8.9962E+000,  8.9015E+000
  3.82000E+000,  9.1868E+000,  8.9743E+000
  3.83000E+000,  9.2594E+000,  9.2295E+000
  3.84000E+000,  9.2412E+000,  9.2477E+000
  3.85000E+000,  9.3411E+000,  9.3297E+000
  3.86000E+000,  9.7041E+000,  9.6851E+000
  3.87000E+000,  1.0131E+001,  9.8946E+000
  3.88000E+000,  9.7223E+000,  9.7944E+000
  3.89000E+000,  9.8221E+000,  1.0013E+001
  3.90000E+000,  9.7858E+000,  9.8946E+000
  3.91000E+000,  9.9945E+000,  1.0104E+001
  3.92000E+000,  1.0258E+001,  1.0323E+001
  3.93000E+000,  1.0149E+001,  1.0296E+001
  3.94000E+000,  1.0085E+001,  1.0223E+001
  3.95000E+000,  1.0303E+001,  1.0460E+001
  3.96000E+000,  1.0820E+001,  1.0742E+001
  3.97000E+000,  1.1256E+001,  1.1134E+001
  3.98000E+000,  1.1147E+001,  1.1043E+001
  3.99000E+000,  1.0866E+001,  1.0943E+001
  4.00000E+000,  1.1392E+001,  1.1307E+001
  4.01000E+000,  1.1801E+001,  1.1617E+001
  4.02000E+000,  1.1873E+001,  1.1753E+001
  4.03000E+000,  1.2327E+001,  1.2182E+001
  4.04000E+000,  1.2354E+001,  1.2337E+001
  4.05000E+000,  1.2554E+001,  1.2492E+001
  4.06000E+000,  1.2608E+001,  1.2574E+001
  4.07000E+000,  1.2817E+001,  1.2792E+001
  4.08000E+000,  1.2708E+001,  1.2692E+001
  4.09000E+000,  1.2708E+001,  1.2792E+001
  4.10000E+000,  1.3062E+001,  1.2911E+001
  4.11000E+000,  1.2917E+001,  1.3138E+001
  4.12000E+000,  1.2808E+001,  1.3020E+001
  4.13000E+000,  1.3298E+001,  1.3439E+001
  4.14000E+000,  1.3262E+001,  1.3439E+001
  4.15000E+000,  1.3289E+001,  1.3585E+001
  4.16000E+000,  1.3561E+001,  1.3722E+001
  4.17000E+000,  1.3588E+001,  1.3995E+001
  4.18000E+000,  1.3906E+001,  1.4095E+001
  4.19000E+000,  1.3879E+001,  1.3968E+001
  4.20000E+000,  1.3870E+001,  1.4205E+001
  4.21000E+000,  1.4088E+001,  1.4350E+001
  4.22000E+000,  1.3888E+001,  1.4214E+001
  4.23000E+000,  1.3997E+001,  1.4287E+001
  4.24000E+000,  1.4024E+001,  1.4378E+001
  4.25000E+000,  1.3824E+001,  1.4232E+001
  4.26000E+000,  1.4160E+001,  1.4405E+001
  4.27000E+000,  1.3879E+001,  1.4460E+001
  4.28000E+000,  1.3870E+001,  1.4487E+001
  4.29000E+000,  1.3988E+001,  1.4378E+001
  4.30000E+000,  1.3824E+001,  1.4378E+001
  4.31000E+000,  1.3961E+001,  1.4441E+001
  4.32000E+000,  1.3834E+001,  1.4478E+001
  4.33000E+000,  1.3942E+001,  1.4378E+001
  4.34000E+000,  1.3824E+001,  1.4341E+001
  4.35000E+000,  1.3734E+001,  1.4296E+001
  4.36000E+000,  1.3679E+001,  1.3977E+001
  4.37000E+000,  1.3788E+001,  1.4232E+001
  4.38000E+000,  1.3824E+001,  1.4296E+001
  4.39000E+000,  1.3407E+001,  1.4095E+001
  4.40000E+000,  1.3779E+001,  1.4214E+001
  4.41000E+000,  1.3870E+001,  1.4314E+001
  4.42000E+000,  1.3852E+001,  1.4277E+001
  4.43000E+000,  1.3670E+001,  1.4241E+001
  4.44000E+000,  1.3697E+001,  1.4232E+001
  4.45000E+000,  1.3743E+001,  1.4296E+001
  4.46000E+000,  1.3716E+001,  1.4205E+001
  4.47000E+000,  1.3861E+001,  1.4369E+001
  4.48000E+000,  1.3806E+001,  1.4359E+001
  4.49000E+000,  1.3743E+001,  1.4305E+001
  4.50000E+000,  1.3888E+001,  1.4478E+001
  4.51000E+000,  1.3852E+001,  1.4423E+001
  4.52000E+000,  1.3697E+001,  1.4168E+001
  4.53000E+000,  1.3652E+001,  1.4095E+001
  4.54000E+000,  1.3389E+001,  1.3977E+001
  4.55000E+000,  1.3117E+001,  1.3676E+001
  4.56000E+000,  1.3062E+001,  1.3658E+001
  4.57000E+000,  1.2881E+001,  1.3503E+001
  4.58000E+000,  1.2418E+001,  1.3138E+001
  4.59000E+000,  1.2263E+001,  1.2902E+001
  4.60000E+000,  1.1792E+001,  1.2674E+001
  4.61000E+000,  1.2282E+001,  1.3111E+001
  4.62000E+000,  1.1619E+001,  1.2482E+001
  4.63000E+000,  1.1347E+001,  1.2400E+001
  4.64000E+000,  1.1410E+001,  1.2236E+001
  4.65000E+000,  1.1147E+001,  1.2300E+001
  4.66000E+000,  1.1292E+001,  1.2018E+001
  4.67000E+000,  1.0775E+001,  1.1954E+001
  4.68000E+000,  1.0820E+001,  1.1681E+001
  4.69000E+000,  1.0666E+001,  1.1945E+001
  4.70000E+000,  1.0594E+001,  1.1416E+001
  4.71000E+000,  1.0612E+001,  1.1562E+001
  4.72000E+000,  1.0230E+001,  1.1225E+001
  4.73000E+000,  1.0131E+001,  1.1252E+001
  4.74000E+000,  9.9401E+000,  1.1179E+001
  4.75000E+000,  1.0448E+001,  1.1015E+001
  4.76000E+000,  9.8039E+000,  1.0769E+001
  4.77000E+000,  9.6315E+000,  1.0569E+001
  4.78000E+000,  9.7676E+000,  1.0614E+001
  4.79000E+000,  9.4409E+000,  1.0496E+001
  4.80000E+000,  9.5680E+000,  1.0487E+001
  4.81000E+000,  9.5861E+000,  1.0396E+001
  4.82000E+000,  9.4228E+000,  1.0460E+001
  4.83000E+000,  9.8039E+000,  1.0642E+001
  4.84000E+000,  9.5226E+000,  1.0450E+001
  4.85000E+000,  9.5135E+000,  1.0314E+001
  4.86000E+000,  9.6133E+000,  1.0368E+001
  4.87000E+000,  9.3683E+000,  1.0177E+001
  4.88000E+000,  9.5135E+000,  1.0223E+001
  4.89000E+000,  9.6769E+000,  1.0341E+001
  4.90000E+000,  9.4137E+000,  1.0177E+001
  4.91000E+000,  9.4046E+000,  1.0040E+001
  4.92000E+000,  9.2685E+000,  1.0040E+001
  4.93000E+000,  9.5317E+000,  1.0186E+001
  4.94000E+000,  9.2412E+000,  1.0013E+001
  4.95000E+000,  9.2049E+000,  9.9038E+000
  4.96000E+000,  9.2775E+000,  1.0013E+001
  4.97000E+000,  9.5589E+000,  1.0104E+001
  4.98000E+000,  9.5135E+000,  1.0086E+001
  4.99000E+000,  9.0870E+000,  9.8673E+000
  5.00000E+000,  9.0779E+000,  9.7853E+000
  5.01000E+000,  9.3955E+000,  1.0031E+001
  5.02000E+000,  9.2049E+000,  9.8126E+000
  5.03000E+000,  9.0960E+000,  9.8035E+000
  5.04000E+000,  8.9780E+000,  9.7215E+000
  5.05000E+000,  9.2775E+000,  9.8764E+000
  5.06000E+000,  9.2594E+000,  9.8673E+000
  5.07000E+000,  8.9690E+000,  9.6668E+000
  5.08000E+000,  9.2866E+000,  9.7944E+000
  5.09000E+000,  8.9236E+000,  9.6122E+000
  5.10000E+000,  9.1959E+000,  9.7306E+000
  5.11000E+000,  9.1414E+000,  9.7580E+000
  5.12000E+000,  9.1142E+000,  9.7124E+000
  5.13000E+000,  9.0053E+000,  9.5939E+000
  5.14000E+000,  9.0870E+000,  9.6760E+000
  5.15000E+000,  9.0507E+000,  9.6213E+000
  5.16000E+000,  8.9599E+000,  9.6304E+000
  5.17000E+000,  8.8782E+000,  9.4846E+000
  5.18000E+000,  8.8147E+000,  9.4664E+000
  5.19000E+000,  8.7875E+000,  9.4117E+000
  5.20000E+000,  8.6604E+000,  9.3479E+000
  5.21000E+000,  8.6513E+000,  9.3570E+000
  5.22000E+000,  8.5878E+000,  9.2750E+000
  5.23000E+000,  8.7330E+000,  9.4026E+000
  5.24000E+000,  8.5969E+000,  9.2933E+000
  5.25000E+000,  8.5152E+000,  9.2295E+000
  5.26000E+000,  8.4426E+000,  9.1110E+000
  5.27000E+000,  8.4063E+000,  9.0928E+000
  5.28000E+000,  8.3428E+000,  9.0472E+000
  5.29000E+000,  8.3246E+000,  9.0381E+000
  5.30000E+000,  8.2974E+000,  8.9835E+000
  5.31000E+000,  8.2429E+000,  8.9379E+000
  5.32000E+000,  8.2248E+000,  8.9106E+000
  5.33000E+000,  8.3609E+000,  8.9288E+000
  5.34000E+000,  8.2611E+000,  8.9835E+000
  5.35000E+000,  8.1703E+000,  8.9835E+000
  5.36000E+000,  8.2157E+000,  8.8012E+000
  5.37000E+000,  8.1975E+000,  8.9652E+000
  5.38000E+000,  8.1068E+000,  8.7283E+000
  5.39000E+000,  8.1340E+000,  8.7465E+000
  5.40000E+000,  8.1975E+000,  8.9470E+000
  5.41000E+000,  8.1068E+000,  8.6919E+000
  5.42000E+000,  8.1068E+000,  8.8377E+000
  5.43000E+000,  8.2520E+000,  8.9561E+000
  5.44000E+000,  8.1885E+000,  8.8650E+000
  5.45000E+000,  8.1431E+000,  8.8559E+000
  5.46000E+000,  8.0796E+000,  8.8194E+000
  5.47000E+000,  8.0251E+000,  8.7648E+000
  5.48000E+000,  7.9888E+000,  8.7192E+000
  5.49000E+000,  7.9616E+000,  8.6645E+000
  5.50000E+000,  7.8980E+000,  8.6190E+000
  5.51000E+000,  7.8708E+000,  8.5643E+000
  5.52000E+000,  7.7982E+000,  8.4914E+000
  5.53000E+000,  7.7891E+000,  8.4367E+000
  5.54000E+000,  7.7347E+000,  8.3821E+000
  5.55000E+000,  7.6712E+000,  8.3092E+000
  5.56000E+000,  7.6167E+000,  8.2545E+000
  5.57000E+000,  7.5532E+000,  8.1725E+000
  5.58000E+000,  7.5169E+000,  8.0996E+000
  5.59000E+000,  7.4533E+000,  8.0449E+000
  5.60000E+000,  7.4170E+000,  7.9903E+000
  5.61000E+000,  7.3717E+000,  7.9174E+000
  5.62000E+000,  7.3263E+000,  7.8718E+000
  5.63000E+000,  7.2537E+000,  7.7898E+000
  5.64000E+000,  7.1992E+000,  7.7534E+000
  5.65000E+000,  7.1629E+000,  7.6805E+000
  5.66000E+000,  7.1085E+000,  7.6167E+000
  5.67000E+000,  7.0631E+000,  7.5529E+000
  5.68000E+000,  6.9996E+000,  7.4891E+000
  5.69000E+000,  6.9542E+000,  7.4253E+000
  5.70000E+000,  6.8725E+000,  7.3798E+000
  5.71000E+000,  6.8362E+000,  7.2978E+000
  5.72000E+000,  6.7817E+000,  7.2340E+000
  5.73000E+000,  6.7273E+000,  7.1702E+000
  5.74000E+000,  6.6547E+000,  7.0882E+000
  5.75000E+000,  6.6184E+000,  7.0426E+000
  5.76000E+000,  6.5548E+000,  6.9971E+000
  5.77000E+000,  6.4913E+000,  6.9242E+000
  5.78000E+000,  6.4369E+000,  6.8604E+000
  5.79000E+000,  6.3824E+000,  6.7966E+000
  5.80000E+000,  6.3280E+000,  6.7328E+000
  5.81000E+000,  6.2644E+000,  6.6873E+000
  5.82000E+000,  6.2190E+000,  6.6053E+000
  5.83000E+000,  6.1464E+000,  6.5142E+000
  5.84000E+000,  6.0738E+000,  6.4595E+000
  5.85000E+000,  6.0285E+000,  6.3775E+000
  5.86000E+000,  5.9740E+000,  6.3228E+000
  5.87000E+000,  5.9195E+000,  6.2681E+000
  5.88000E+000,  5.8742E+000,  6.2044E+000
  5.89000E+000,  5.8106E+000,  6.1315E+000
  5.90000E+000,  5.7653E+000,  6.0768E+000
  5.91000E+000,  5.7017E+000,  5.9948E+000
  5.92000E+000,  5.6473E+000,  5.9401E+000
  5.93000E+000,  5.6019E+000,  5.8945E+000
  5.94000E+000,  5.5384E+000,  5.8308E+000
  5.95000E+000,  5.4930E+000,  5.7761E+000
  5.96000E+000,  5.4748E+000,  5.7488E+000
  5.97000E+000,  5.4113E+000,  5.6668E+000
  5.98000E+000,  5.3478E+000,  5.5939E+000
  5.99000E+000,  5.3387E+000,  5.5847E+000
  6.00000E+000,  5.2661E+000,  5.5027E+000
  6.01000E+000,  5.2389E+000,  5.4572E+000
  6.02000E+000,  5.1935E+000,  5.4116E+000
  6.03000E+000,  5.1572E+000,  5.3752E+000
  6.04000E+000,  5.1118E+000,  5.3205E+000
  6.05000E+000,  5.0846E+000,  5.2932E+000
  6.06000E+000,  5.0301E+000,  5.2294E+000
  6.07000E+000,  5.0029E+000,  5.2112E+000
  6.08000E+000,  4.9848E+000,  5.1656E+000
  6.09000E+000,  4.9303E+000,  5.1292E+000
  6.10000E+000,  4.8940E+000,  5.0836E+000
  6.11000E+000,  4.8758E+000,  5.0654E+000
  6.12000E+000,  4.8395E+000,  5.0107E+000
  6.13000E+000,  4.7942E+000,  4.9651E+000
  6.14000E+000,  4.7669E+000,  4.9378E+000
  6.15000E+000,  4.7306E+000,  4.8922E+000
  6.16000E+000,  4.7125E+000,  4.8740E+000
  6.17000E+000,  4.6943E+000,  4.8558E+000
  6.18000E+000,  4.6399E+000,  4.7920E+000
  6.19000E+000,  4.6127E+000,  4.7647E+000
  6.20000E+000,  4.5854E+000,  4.7373E+000
  6.21000E+000,  4.5491E+000,  4.7009E+000
  6.22000E+000,  4.5400E+000,  4.6918E+000
  6.23000E+000,  4.5128E+000,  4.6645E+000
  6.24000E+000,  4.4947E+000,  4.6280E+000
  6.25000E+000,  4.4674E+000,  4.6007E+000
  6.26000E+000,  4.4311E+000,  4.5733E+000
  6.27000E+000,  4.4130E+000,  4.5642E+000
  6.28000E+000,  4.3767E+000,  4.5278E+000
  6.29000E+000,  4.3676E+000,  4.5004E+000
  6.30000E+000,  4.3404E+000,  4.4822E+000
  6.31000E+000,  4.3132E+000,  4.4549E+000
  6.32000E+000,  4.3041E+000,  4.4275E+000
  6.33000E+000,  4.3041E+000,  4.4367E+000
  6.34000E+000,  4.2587E+000,  4.4002E+000
  6.35000E+000,  4.2587E+000,  4.3820E+000
  6.36000E+000,  4.2315E+000,  4.3546E+000
  6.37000E+000,  4.2133E+000,  4.3455E+000
  6.38000E+000,  4.1952E+000,  4.3182E+000
  6.39000E+000,  4.1770E+000,  4.3000E+000
  6.40000E+000,  4.1498E+000,  4.2635E+000
  6.41000E+000,  4.1316E+000,  4.2544E+000
  6.42000E+000,  4.1135E+000,  4.2453E+000
  6.43000E+000,  4.0953E+000,  4.2271E+000
  6.44000E+000,  4.0863E+000,  4.1997E+000
  6.45000E+000,  4.0772E+000,  4.1906E+000
  6.46000E+000,  4.0500E+000,  4.1724E+000
  6.47000E+000,  4.0500E+000,  4.1542E+000
  6.48000E+000,  4.0137E+000,  4.1451E+000
  6.49000E+000,  4.0046E+000,  4.1269E+000
  6.50000E+000,  3.9864E+000,  4.1086E+000
  6.51000E+000,  3.9864E+000,  4.0904E+000
  6.52000E+000,  3.9683E+000,  4.0813E+000
  6.53000E+000,  3.9501E+000,  4.0540E+000
  6.54000E+000,  3.9320E+000,  4.0448E+000
  6.55000E+000,  3.9138E+000,  4.0357E+000
  6.56000E+000,  3.9048E+000,  4.0175E+000
  6.57000E+000,  3.8957E+000,  4.0084E+000
  6.58000E+000,  3.8866E+000,  3.9993E+000
  6.59000E+000,  3.8684E+000,  3.9902E+000
  6.60000E+000,  3.8503E+000,  3.9720E+000
  6.61000E+000,  3.8503E+000,  3.9628E+000
  6.62000E+000,  3.8231E+000,  3.9446E+000
  6.63000E+000,  3.8049E+000,  3.9264E+000
  6.64000E+000,  3.7958E+000,  3.9173E+000
  6.65000E+000,  3.7868E+000,  3.8899E+000
  6.66000E+000,  3.7777E+000,  3.8899E+000
  6.67000E+000,  3.7686E+000,  3.8808E+000
  6.68000E+000,  3.7505E+000,  3.8717E+000
  6.69000E+000,  3.7414E+000,  3.8444E+000
  6.70000E+000,  3.7323E+000,  3.8353E+000
  6.71000E+000,  3.7142E+000,  3.8171E+000
  6.72000E+000,  3.7142E+000,  3.8171E+000
  6.73000E+000,  3.6960E+000,  3.7988E+000
  6.74000E+000,  3.6869E+000,  3.7897E+000
  6.75000E+000,  3.6779E+000,  3.7806E+000
  6.76000E+000,  3.6688E+000,  3.7624E+000
  6.77000E+000,  3.6506E+000,  3.7533E+000
  6.78000E+000,  3.6416E+000,  3.7442E+000
  6.79000E+000,  3.6416E+000,  3.7350E+000
  6.80000E+000,  3.6234E+000,  3.7259E+000
  6.81000E+000,  3.6234E+000,  3.7168E+000
  6.82000E+000,  3.6053E+000,  3.6986E+000
  6.83000E+000,  3.5962E+000,  3.6895E+000
  6.84000E+000,  3.5962E+000,  3.6804E+000
  6.85000E+000,  3.5780E+000,  3.6713E+000
  6.86000E+000,  3.5690E+000,  3.6530E+000
  6.87000E+000,  3.5599E+000,  3.6622E+000
  6.88000E+000,  3.5417E+000,  3.6348E+000
  6.89000E+000,  3.5326E+000,  3.6257E+000
  6.90000E+000,  3.5236E+000,  3.6166E+000
  6.91000E+000,  3.5326E+000,  3.6166E+000
  6.92000E+000,  3.5145E+000,  3.5984E+000
  6.93000E+000,  3.5054E+000,  3.5984E+000
  6.94000E+000,  3.4963E+000,  3.5893E+000
  6.95000E+000,  3.4873E+000,  3.5801E+000
  6.96000E+000,  3.4873E+000,  3.5619E+000
  6.97000E+000,  3.4600E+000,  3.5619E+000
  6.98000E+000,  3.4510E+000,  3.5437E+000
  6.99000E+000,  3.4600E+000,  3.5346E+000
  7.00000E+000,  3.4419E+000,  3.5255E+000
  7.01000E+000,  3.4510E+000,  3.5073E+000
  7.02000E+000,  3.4237E+000,  3.4981E+000
  7.03000E+000,  3.4147E+000,  3.4981E+000
  7.04000E+000,  3.4056E+000,  3.4890E+000
  7.05000E+000,  3.4147E+000,  3.4890E+000
  7.06000E+000,  3.4510E+000,  3.5255E+000
  7.07000E+000,  3.4873E+000,  3.5437E+000
  7.08000E+000,  3.5054E+000,  3.5710E+000
  7.09000E+000,  3.5145E+000,  3.5801E+000
  7.10000E+000,  3.5145E+000,  3.5984E+000
  7.11000E+000,  3.5145E+000,  3.5893E+000
  7.12000E+000,  3.5054E+000,  3.5801E+000
  7.13000E+000,  3.4963E+000,  3.5801E+000
  7.14000E+000,  3.4782E+000,  3.5710E+000
  7.15000E+000,  3.4510E+000,  3.5528E+000
  7.16000E+000,  3.4419E+000,  3.5346E+000
  7.17000E+000,  3.4419E+000,  3.5255E+000
  7.18000E+000,  3.4237E+000,  3.4981E+000
  7.19000E+000,  3.4056E+000,  3.4799E+000
  7.20000E+000,  3.3874E+000,  3.4617E+000
  7.21000E+000,  3.3693E+000,  3.4526E+000
  7.22000E+000,  3.3602E+000,  3.4344E+000
  7.23000E+000,  3.3511E+000,  3.4161E+000
  7.24000E+000,  3.3330E+000,  3.3979E+000
  7.25000E+000,  3.3148E+000,  3.3888E+000
  7.26000E+000,  3.3058E+000,  3.3706E+000
  7.27000E+000,  3.2967E+000,  3.3615E+000
  7.28000E+000,  3.2876E+000,  3.3523E+000
  7.29000E+000,  3.2785E+000,  3.3432E+000
  7.30000E+000,  3.2604E+000,  3.3250E+000
  7.31000E+000,  3.2513E+000,  3.3250E+000
  7.32000E+000,  3.2513E+000,  3.3250E+000
  7.33000E+000,  3.2785E+000,  3.3341E+000
  7.34000E+000,  3.3239E+000,  3.3706E+000
  7.35000E+000,  3.3784E+000,  3.4252E+000
  7.36000E+000,  3.4510E+000,  3.5255E+000
  7.37000E+000,  3.5236E+000,  3.5893E+000
  7.38000E+000,  3.5690E+000,  3.6166E+000
  7.39000E+000,  3.2422E+000,  3.2339E+000
  7.40000E+000,  3.4328E+000,  3.4344E+000
  7.41000E+000,  3.6234E+000,  3.6713E+000
  7.42000E+000,  3.6960E+000,  3.7715E+000
  7.43000E+000,  3.7414E+000,  3.7988E+000
  7.44000E+000,  3.8775E+000,  3.9082E+000
  7.45000E+000,  4.1226E+000,  4.1269E+000
  7.46000E+000,  4.0953E+000,  4.1542E+000
  7.47000E+000,  3.8775E+000,  4.3182E+000
  7.48000E+000,  3.3058E+000,  4.1086E+000
  7.49000E+000,  2.8974E+000,  3.3341E+000
  7.50000E+000,  1.6449E+000,  1.9309E+000
  7.51000E+000,  8.0995E-001,  9.2860E-001
  7.52000E+000,  4.0154E-001,  4.8212E-001
  7.53000E+000,  1.9280E-001,  2.2699E-001
  7.54000E+000,  8.3894E-002,  9.0316E-002
  7.55000E+000,  2.9441E-002,  3.5644E-002
  7.56000E+000,  2.0365E-002,  1.7421E-002
  7.57000E+000,  2.0365E-002,  1.7421E-002
  7.58000E+000,  2.2139E-003, -8.0251E-004
  7.59000E+000,  1.1289E-002, -8.0251E-004
  7.60000E+000, -6.8623E-003, -8.0251E-004
  7.61000E+000,  2.2139E-003,  8.3090E-003
  7.62000E+000,  2.2139E-003,  8.3090E-003
  7.63000E+000,  2.2139E-003, -8.0251E-004
  7.64000E+000,  2.2139E-003, -8.0251E-004
  7.65000E+000,  2.2139E-003,  8.3090E-003
  7.66000E+000,  2.2139E-003, -8.0251E-004
  7.67000E+000,  2.2139E-003, -8.0251E-004
  7.68000E+000, -6.8623E-003, -8.0251E-004
  7.69000E+000,  2.2139E-003, -8.0251E-004
  7.70000E+000,  2.2139E-003, -8.0251E-004
  7.71000E+000,  2.2139E-003, -8.0251E-004
  7.72000E+000,  2.2139E-003, -8.0251E-004
  7.73000E+000,  2.2139E-003, -8.0251E-004
  7.74000E+000,  2.2139E-003, -8.0251E-004
  7.75000E+000,  2.2139E-003, -8.0251E-004
  7.76000E+000,  2.2139E-003,  8.3090E-003
  7.77000E+000,  1.1289E-002, -8.0251E-004
  7.78000E+000,  2.2139E-003,  8.3090E-003
  7.79000E+000, -6.8623E-003, -8.0251E-004
  7.80000E+000,  2.2139E-003, -8.0251E-004
  7.81000E+000,  2.2139E-003, -8.0251E-004
  7.82000E+000,  2.2139E-003, -8.0251E-004
  7.83000E+000,  2.2139E-003, -8.0251E-004
  7.84000E+000, -6.8623E-003, -8.0251E-004
  7.85000E+000, -6.8623E-003, -8.0251E-004
  7.86000E+000, -6.8623E-003, -8.0251E-004
  7.87000E+000,  1.1289E-002,  8.3090E-003
  7.88000E+000,  2.2139E-003,  8.3090E-003
  7.89000E+000,  2.2139E-003,  8.3090E-003
  7.90000E+000,  2.2139E-003, -8.0251E-004
  7.91000E+000, -6.8623E-003, -8.0251E-004
  7.92000E+000,  2.2139E-003, -8.0251E-004
  7.93000E+000, -6.8623E-003, -8.0251E-004
  7.94000E+000, -6.8623E-003, -8.0251E-004
  7.95000E+000, -6.8623E-003, -8.0251E-004
  7.96000E+000,  2.2139E-003, -8.0251E-004
  7.97000E+000,  2.2139E-003, -8.0251E-004
  7.98000E+000,  2.2139E-003, -8.0251E-004
  7.99000E+000,  2.2139E-003, -8.0251E-004
  8.00000E+000, -6.8623E-003,  8.3090E-003
  8.01000E+000,  2.2139E-003, -8.0251E-004
  8.02000E+000,  1.1289E-002,  8.3090E-003
  8.03000E+000,  1.1289E-002,  8.3090E-003
  8.04000E+000,  2.2139E-003, -8.0251E-004
  8.05000E+000, -6.8623E-003, -8.0251E-004
  8.06000E+000, -6.8623E-003, -9.9149E-003
  8.07000E+000,  2.2139E-003, -8.0251E-004
  8.08000E+000,  2.2139E-003, -8.0251E-004
  8.09000E+000,  2.2139E-003,  8.3090E-003
  8.10000E+000,  2.2139E-003, -8.0251E-004
  8.11000E+000,  1.1289E-002,  8.3090E-003
  8.12000E+000,  2.2139E-003, -8.0251E-004
  8.13000E+000,  1.1289E-002, -8.0251E-004
  8.14000E+000,  2.2139E-003, -8.0251E-004
  8.15000E+000,  2.2139E-003, -8.0251E-004
  8.16000E+000,  2.2139E-003, -8.0251E-004
  8.17000E+000,  1.1289E-002, -8.0251E-004
  8.18000E+000,  2.2139E-003, -8.0251E-004
  8.19000E+000,  2.2139E-003, -8.0251E-004
  8.20000E+000, -6.8623E-003, -8.0251E-004
  8.21000E+000, -6.8623E-003, -8.0251E-004
  8.22000E+000,  2.2139E-003, -8.0251E-004
  8.23000E+000,  1.1289E-002,  8.3090E-003
  8.24000E+000,  2.2139E-003, -8.0251E-004
  8.25000E+000,  2.2139E-003, -8.0251E-004
  8.26000E+000,  2.2139E-003,  8.3090E-003
  8.27000E+000,  1.1289E-002,  8.3090E-003
  8.28000E+000,  2.2139E-003, -8.0251E-004
  8.29000E+000,  2.2139E-003, -8.0251E-004
  8.30000E+000,  2.2139E-003, -8.0251E-004
  8.31000E+000,  2.2139E-003, -8.0251E-004
  8.32000E+000,  2.2139E-003, -8.0251E-004
  8.33000E+000, -6.8623E-003,  8.3090E-003
  8.34000E+000,  2.2139E-003, -8.0251E-004
  8.35000E+000,  2.2139E-003, -8.0251E-004
  8.36000E+000,  1.1289E-002,  8.3090E-003
  8.37000E+000,  1.1289E-002,  8.3090E-003
  8.38000E+000,  2.2139E-003,  8.3090E-003
  8.39000E+000,  2.2139E-003, -8.0251E-004
  8.40000E+000,  2.2139E-003, -8.0251E-004
  8.41000E+000, -6.8623E-003, -8.0251E-004
  8.42000E+000,  2.2139E-003, -8.0251E-004
  8.43000E+000,  2.2139E-003, -8.0251E-004
  8.44000E+000,  2.2139E-003, -8.0251E-004
  8.45000E+000,  2.2139E-003, -8.0251E-004
  8.46000E+000,  1.1289E-002, -8.0251E-004
  8.47000E+000,  2.2139E-003,  8.3090E-003
  8.48000E+000,  2.2139E-003, -8.0251E-004
  8.49000E+000,  2.2139E-003, -8.0251E-004
  8.50000E+000,  2.2139E-003, -8.0251E-004
  8.51000E+000,  2.2139E-003, -8.0251E-004
  8.52000E+000,  2.2139E-003, -8.0251E-004
  8.53000E+000,  2.2139E-003, -8.0251E-004
  8.54000E+000,  2.2139E-003, -9.9149E-003
  8.55000E+000, -6.8623E-003, -8.0251E-004
  8.56000E+000,  2.2139E-003, -8.0251E-004
  8.57000E+000,  2.2139E-003, -8.0251E-004
  8.58000E+000,  2.2139E-003, -8.0251E-004
  8.59000E+000,  2.2139E-003,  8.3090E-003
  8.60000E+000,  2.2139E-003, -8.0251E-004
  8.61000E+000,  2.2139E-003,  8.3090E-003
  8.62000E+000,  1.1289E-002,  8.3090E-003
  8.63000E+000,  2.2139E-003, -8.0251E-004
  8.64000E+000,  2.2139E-003, -9.9149E-003
  8.65000E+000, -6.8623E-003, -9.9149E-003
  8.66000E+000,  1.1289E-002, -8.0251E-004
  8.67000E+000,  2.2139E-003, -8.0251E-004
  8.68000E+000,  2.2139E-003, -8.0251E-004
  8.69000E+000,  2.2139E-003, -8.0251E-004
  8.70000E+000,  2.2139E-003, -8.0251E-004
  8.71000E+000,  1.1289E-002,  8.3090E-003
  8.72000E+000,  1.1289E-002, -8.0251E-004
  8.73000E+000,  2.2139E-003, -8.0251E-004
  8.74000E+000, -6.8623E-003, -8.0251E-004
  8.75000E+000, -6.8623E-003, -8.0251E-004
  8.76000E+000,  2.2139E-003, -8.0251E-004
  8.77000E+000,  2.2139E-003, -8.0251E-004
  8.78000E+000,  2.2139E-003, -8.0251E-004
  8.79000E+000,  2.2139E-003, -8.0251E-004
  8.80000E+000,  2.2139E-003, -8.0251E-004
  8.81000E+000,  2.2139E-003, -8.0251E-004
  8.82000E+000,  2.2139E-003, -8.0251E-004
  8.83000E+000,  2.2139E-003, -8.0251E-004
  8.84000E+000,  2.2139E-003, -9.9149E-003
  8.85000E+000,  2.2139E-003, -8.0251E-004
  8.86000E+000,  2.2139E-003, -9.9149E-003
  8.87000E+000,  2.2139E-003, -8.0251E-004
  8.88000E+000, -6.8623E-003, -8.0251E-004
  8.89000E+000,  2.2139E-003, -8.0251E-004
  8.90000E+000,  2.2139E-003, -8.0251E-004
  8.91000E+000,  2.2139E-003, -8.0251E-004
  8.92000E+000,  2.2139E-003, -8.0251E-004
  8.93000E+000,  2.2139E-003, -8.0251E-004
  8.94000E+000,  2.2139E-003, -8.0251E-004
  8.95000E+000,  1.1289E-002,  8.3090E-003
  8.96000E+000,  2.2139E-003,  8.3090E-003
  8.97000E+000,  2.2139E-003, -8.0251E-004
  8.98000E+000,  1.1289E-002,  8.3090E-003
  8.99000E+000,  2.2139E-003, -8.0251E-004
  9.00000E+000, -6.8623E-003, -8.0251E-004
  9.01000E+000,  2.2139E-003, -8.0251E-004
  9.02000E+000, -6.8623E-003, -8.0251E-004
  9.03000E+000, -6.8623E-003, -8.0251E-004
  9.04000E+000,  2.2139E-003, -8.0251E-004
  9.05000E+000,  2.2139E-003, -8.0251E-004
  9.06000E+000,  2.2139E-003, -8.0251E-004
  9.07000E+000,  1.1289E-002, -8.0251E-004
  9.08000E+000,  2.2139E-003, -8.0251E-004
  9.09000E+000, -6.8623E-003, -8.0251E-004
  9.10000E+000,  2.2139E-003, -8.0251E-004
  9.11000E+000,  2.2139E-003, -8.0251E-004
  9.12000E+000,  2.2139E-003, -8.0251E-004
  9.13000E+000,  2.2139E-003, -8.0251E-004
  9.14000E+000, -6.8623E-003, -8.0251E-004
  9.15000E+000,  2.2139E-003, -8.0251E-004
  9.16000E+000,  1.1289E-002,  8.3090E-003
  9.17000E+000,  1.1289E-002, -8.0251E-004
  9.18000E+000,  2.2139E-003,  8.3090E-003
  9.19000E+000,  2.2139E-003, -8.0251E-004
  9.20000E+000, -6.8623E-003, -8.0251E-004
  9.21000E+000,  2.2139E-003, -8.0251E-004
  9.22000E+000,  2.2139E-003, -8.0251E-004
  9.23000E+000,  2.2139E-003,  8.3090E-003
  9.24000E+000,  2.2139E-003, -8.0251E-004
  9.25000E+000, -6.8623E-003, -8.0251E-004
  9.26000E+000, -6.8623E-003, -8.0251E-004
  9.27000E+000,  2.2139E-003, -8.0251E-004
  9.28000E+000,  1.1289E-002, -8.0251E-004
  9.29000E+000,  2.2139E-003, -8.0251E-004
  9.30000E+000,  2.2139E-003, -8.0251E-004
  9.31000E+000, -6.8623E-003, -8.0251E-004
  9.32000E+000,  2.2139E-003, -8.0251E-004
  9.33000E+000,  2.2139E-003, -8.0251E-004
  9.34000E+000,  2.2139E-003, -8.0251E-004
  9.35000E+000, -6.8623E-003, -9.9149E-003
  9.36000E+000, -6.8623E-003, -9.9149E-003
  9.37000E+000, -6.8623E-003, -8.0251E-004
  9.38000E+000,  2.2139E-003, -8.0251E-004
  9.39000E+000,  2.2139E-003, -8.0251E-004
  9.40000E+000,  2.2139E-003, -8.0251E-004
  9.41000E+000,  2.2139E-003, -9.9149E-003
  9.42000E+000,  1.1289E-002, -8.0251E-004
  9.43000E+000,  2.2139E-003, -8.0251E-004
  9.44000E+000, -6.8623E-003, -8.0251E-004
  9.45000E+000,  2.2139E-003, -9.9149E-003
  9.46000E+000,  2.2139E-003, -9.9149E-003
  9.47000E+000,  2.2139E-003, -8.0251E-004
  9.48000E+000, -6.8623E-003, -9.9149E-003
  9.49000E+000, -6.8623E-003, -8.0251E-004
  9.50000E+000,  2.2139E-003, -8.0251E-004
  9.51000E+000,  2.2139E-003, -8.0251E-004
  9.52000E+000,  1.1289E-002, -8.0251E-004
  9.53000E+000, -6.8623E-003, -8.0251E-004
  9.54000E+000, -6.8623E-003, -8.0251E-004
  9.55000E+000, -6.8623E-003, -8.0251E-004
  9.56000E+000,  2.2139E-003, -8.0251E-004
  9.57000E+000,  2.2139E-003, -8.0251E-004
  9.58000E+000,  2.2139E-003, -8.0251E-004
  9.59000E+000, -1.5938E-002, -9.9149E-003
  9.60000E+000, -6.8623E-003, -8.0251E-004
  9.61000E+000,  2.2139E-003, -8.0251E-004
  9.62000E+000,  2.2139E-003, -8.0251E-004
  9.63000E+000, -6.8623E-003, -8.0251E-004
  9.64000E+000, -6.8623E-003, -8.0251E-004
  9.65000E+000,  2.2139E-003, -8.0251E-004
  9.66000E+000,  2.2139E-003, -8.0251E-004
  9.67000E+000,  2.2139E-003, -8.0251E-004
  9.68000E+000,  1.1289E-002, -8.0251E-004
  9.69000E+000, -6.8623E-003, -8.0251E-004
  9.70000E+000, -6.8623E-003, -9.9149E-003
  9.71000E+000,  2.2139E-003, -9.9149E-003
  9.72000E+000,  2.2139E-003, -8.0251E-004
  9.73000E+000,  2.2139E-003, -8.0251E-004
  9.74000E+000,  2.2139E-003, -8.0251E-004
  9.75000E+000,  2.2139E-003, -9.9149E-003
  9.76000E+000,  2.2139E-003, -8.0251E-004
  9.77000E+000,  1.1289E-002, -8.0251E-004
  9.78000E+000,  2.2139E-003, -8.0251E-004
  9.79000E+000,  2.2139E-003,  8.3090E-003
  9.80000E+000, -6.8623E-003, -9.9149E-003
  9.81000E+000,  2.2139E-003, -8.0251E-004
  9.82000E+000,  2.2139E-003, -8.0251E-004
  9.83000E+000,  2.2139E-003, -8.0251E-004
  9.84000E+000,  2.2139E-003, -8.0251E-004
  9.85000E+000, -6.8623E-003, -9.9149E-003
  9.86000E+000, -6.8623E-003, -8.0251E-004
  9.87000E+000,  2.2139E-003, -9.9149E-003
  9.88000E+000,  2.2139E-003, -8.0251E-004
  9.89000E+000,  2.2139E-003,  8.3090E-003
  9.90000E+000,  2.2139E-003, -8.0251E-004
  9.91000E+000, -6.8623E-003, -9.9149E-003
  9.92000E+000, -6.8623E-003, -8.0251E-004
  9.93000E+000,  2.2139E-003, -9.9149E-003
  9.94000E+000, -6.8623E-003, -8.0251E-004
  9.95000E+000,  2.2139E-003, -9.9149E-003
  9.96000E+000, -6.8623E-003, -8.0251E-004
  9.97000E+000,  2.2139E-003, -8.0251E-004
  9.98000E+000, -6.8623E-003, -8.0251E-004
  9.99000E+000, -6.8623E-003,  8.3090E-003
  1.00000E+001,  2.2139E-003, -8.0251E-004
  1.00100E+001,  1.1289E-002, -8.0251E-004
  1.00200E+001,  1.1289E-002,  8.3090E-003
  1.00300E+001,  2.2139E-003, -8.0251E-004
  1.00400E+001, -6.8623E-003, -9.9149E-003
  1.00500E+001,  2.2139E-003, -9.9149E-003
  1.00600E+001,  2.2139E-003, -8.0251E-004
  1.00700E+001,  2.2139E-003, -8.0251E-004
  1.00800E+001,  2.2139E-003, -8.0251E-004
  1.00900E+001, -6.8623E-003, -8.0251E-004
  1.01000E+001,  2.2139E-003, -8.0251E-004
  1.01100E+001,  2.2139E-003, -8.0251E-004
  1.01200E+001,  2.2139E-003, -8.0251E-004
  1.01300E+001,  2.2139E-003, -8.0251E-004
  1.01400E+001,  2.2139E-003, -8.0251E-004
  1.01500E+001,  2.2139E-003, -9.9149E-003
  1.01600E+001,  2.2139E-003, -8.0251E-004
  1.01700E+001,  2.2139E-003, -9.9149E-003
  1.01800E+001, -6.8623E-003, -9.9149E-003
  1.01900E+001, -1.5938E-002, -9.9149E-003
  1.02000E+001, -6.8623E-003, -9.9149E-003
  1.02100E+001,  2.2139E-003, -9.9149E-003
  1.02200E+001,  1.1289E-002, -8.0251E-004
  1.02300E+001,  2.2139E-003, -8.0251E-004
  1.02400E+001,  2.2139E-003, -8.0251E-004
  1.02500E+001, -6.8623E-003, -9.9149E-003
  1.02600E+001, -6.8623E-003, -8.0251E-004
  1.02700E+001,  2.2139E-003, -8.0251E-004
  1.02800E+001,  2.2139E-003, -8.0251E-004
  1.02900E+001, -6.8623E-003, -8.0251E-004
  1.03000E+001, -6.8623E-003, -9.9149E-003
  1.03100E+001, -6.8623E-003, -9.9149E-003
  1.03200E+001,  2.2139E-003, -8.0251E-004
  1.03300E+001,  2.2139E-003, -9.9149E-003
  1.03400E+001, -6.8623E-003, -8.0251E-004
  1.03500E+001,  2.2139E-003, -9.9149E-003
  1.03600E+001,  2.2139E-003, -9.9149E-003
  1.03700E+001,  2.2139E-003, -8.0251E-004
  1.03800E+001,  2.2139E-003, -9.9149E-003
  1.03900E+001,  2.2139E-003, -8.0251E-004
  1.04000E+001, -6.8623E-003, -9.9149E-003
  1.04100E+001, -6.8623E-003, -9.9149E-003
  1.04200E+001,  2.2139E-003, -8.0251E-004
  1.04300E+001,  2.2139E-003, -9.9149E-003
  1.04400E+001, -6.8623E-003, -8.0251E-004
  1.04500E+001, -6.8623E-003, -8.0251E-004
  1.04600E+001, -6.8623E-003, -8.0251E-004
  1.04700E+001,  2.2139E-003, -8.0251E-004
  1.04800E+001,  2.2139E-003, -8.0251E-004
  1.04900E+001, -6.8623E-003, -8.0251E-004
  1.05000E+001,  2.2139E-003,  8.3090E-003
  1.05100E+001,  2.2139E-003, -8.0251E-004
  1.05200E+001,  2.2139E-003, -9.9149E-003
  1.05300E+001, -6.8623E-003, -9.9149E-003
  1.05400E+001, -6.8623E-003, -9.9149E-003
  1.05500E+001, -1.5938E-002, -9.9149E-003
  1.05600E+001,  2.2139E-003, -8.0251E-004
  1.05700E+001,  2.2139E-003, -9.9149E-003
  1.05800E+001, -6.8623E-003, -8.0251E-004
  1.05900E+001,  2.2139E-003, -8.0251E-004
  1.06000E+001, -6.8623E-003, -9.9149E-003
  1.06100E+001,  2.2139E-003, -9.9149E-003
  1.06200E+001,  1.1289E-002, -8.0251E-004
  1.06300E+001,  2.2139E-003, -8.0251E-004
  1.06400E+001,  2.2139E-003, -8.0251E-004
  1.06500E+001, -6.8623E-003, -9.9149E-003
  1.06600E+001, -6.8623E-003, -9.9149E-003
  1.06700E+001, -6.8623E-003, -9.9149E-003
  1.06800E+001, -6.8623E-003, -8.0251E-004
  1.06900E+001,  2.2139E-003, -8.0251E-004
  1.07000E+001,  2.2139E-003, -8.0251E-004
  1.07100E+001,  2.2139E-003, -8.0251E-004
  1.07200E+001,  1.1289E-002, -8.0251E-004
  1.07300E+001, -6.8623E-003, -8.0251E-004
  1.07400E+001, -6.8623E-003, -9.9149E-003
  1.07500E+001,  2.2139E-003, -9.9149E-003
  1.07600E+001,  2.2139E-003, -9.9149E-003
  1.07700E+001,  2.2139E-003, -9.9149E-003
  1.07800E+001,  2.2139E-003, -9.9149E-003
  1.07900E+001, -6.8623E-003, -8.0251E-004
  1.08000E+001, -6.8623E-003, -9.9149E-003
  1.08100E+001, -6.8623E-003, -9.9149E-003
  1.08200E+001, -6.8623E-003, -8.0251E-004
  1.08300E+001,  2.2139E-003, -8.0251E-004
  1.08400E+001,  2.2139E-003, -8.0251E-004
  1.08500E+001,  2.2139E-003, -9.9149E-003
  1.08600E+001,  2.2139E-003, -8.0251E-004
  1.08700E+001,  2.2139E-003, -9.9149E-003
  1.08800E+001, -6.8623E-003, -9.9149E-003
  1.08900E+001, -6.8623E-003, -9.9149E-003
  1.09000E+001, -6.8623E-003, -1.9026E-002
  1.09100E+001, -6.8623E-003, -9.9149E-003
  1.09200E+001,  2.2139E-003, -8.0251E-004
  1.09300E+001,  1.1289E-002, -8.0251E-004
  1.09400E+001, -6.8623E-003, -8.0251E-004
  1.09500E+001, -6.8623E-003, -8.0251E-004
  1.09600E+001,  2.2139E-003, -8.0251E-004
  1.09700E+001,  2.2139E-003, -8.0251E-004
  1.09800E+001,  2.2139E-003, -9.9149E-003
  1.09900E+001, -6.8623E-003, -9.9149E-003
  1.10000E+001, -6.8623E-003, -9.9149E-003
  1.10100E+001, -6.8623E-003, -9.9149E-003
  1.10200E+001, -6.8623E-003, -9.9149E-003
  1.10300E+001, -6.8623E-003, -9.9149E-003
  1.10400E+001, -6.8623E-003, -9.9149E-003
  1.10500E+001, -6.8623E-003, -9.9149E-003
  1.10600E+001,  2.2139E-003, -8.0251E-004
  1.10700E+001, -6.8623E-003, -8.0251E-004
  1.10800E+001, -6.8623E-003, -9.9149E-003
  1.10900E+001, -1.5938E-002, -9.9149E-003
  1.11000E+001, -1.5938E-002, -9.9149E-003
  1.11100E+001, -6.8623E-003, -9.9149E-003
  1.11200E+001,  2.2139E-003, -8.0251E-004
  1.11300E+001, -6.8623E-003, -9.9149E-003
  1.11400E+001, -6.8623E-003, -9.9149E-003
  1.11500E+001, -6.8623E-003, -9.9149E-003
  1.11600E+001, -6.8623E-003, -8.0251E-004
  1.11700E+001,  2.2139E-003, -8.0251E-004
  1.11800E+001, -6.8623E-003, -8.0251E-004
  1.11900E+001, -6.8623E-003, -9.9149E-003
  1.12000E+001,  2.2139E-003, -8.0251E-004
  1.12100E+001, -6.8623E-003, -8.0251E-004
  1.12200E+001,  2.2139E-003, -8.0251E-004
  1.12300E+001,  2.2139E-003, -9.9149E-003
  1.12400E+001, -6.8623E-003, -9.9149E-003
  1.12500E+001, -6.8623E-003, -9.9149E-003
  1.12600E+001,  2.2139E-003, -9.9149E-003
  1.12700E+001,  2.2139E-003, -9.9149E-003
  1.12800E+001, -6.8623E-003, -9.9149E-003
  1.12900E+001, -6.8623E-003, -9.9149E-003
  1.13000E+001, -6.8623E-003, -9.9149E-003
  1.13100E+001, -6.8623E-003, -8.0251E-004
  1.13200E+001,  2.2139E-003, -8.0251E-004
  1.13300E+001,  2.2139E-003, -9.9149E-003
  1.13400E+001, -6.8623E-003, -9.9149E-003
  1.13500E+001, -6.8623E-003, -1.9026E-002
  1.13600E+001, -6.8623E-003, -9.9149E-003
  1.13700E+001, -6.8623E-003, -1.9026E-002
  1.13800E+001, -6.8623E-003, -1.9026E-002
  1.13900E+001, -6.8623E-003, -9.9149E-003
  1.14000E+001, -6.8623E-003, -9.9149E-003
  1.14100E+001,  2.2139E-003, -8.0251E-004
  1.14200E+001,  1.1289E-002, -8.0251E-004
  1.14300E+001, -6.8623E-003, -8.0251E-004
  1.14400E+001, -6.8623E-003, -9.9149E-003
  1.14500E+001, -6.8623E-003, -1.9026E-002
  1.14600E+001, -6.8623E-003, -8.0251E-004
  1.14700E+001,  2.2139E-003, -9.9149E-003
  1.14800E+001,  2.2139E-003, -9.9149E-003
  1.14900E+001, -6.8623E-003, -1.9026E-002
  1.15000E+001, -6.8623E-003, -8.0251E-004
  1.15100E+001,  2.2139E-003, -8.0251E-004
  1.15200E+001,  2.2139E-003, -8.0251E-004
  1.15300E+001,  2.2139E-003, -9.9149E-003
  1.15400E+001,  2.2139E-003, -8.0251E-004
  1.15500E+001,  2.2139E-003, -9.9149E-003
  1.15600E+001, -6.8623E-003, -9.9149E-003
  1.15700E+001, -6.8623E-003, -9.9149E-003
  1.15800E+001, -1.5938E-002, -1.9026E-002
  1.15900E+001, -6.8623E-003, -9.9149E-003
  1.16000E+001,  2.2139E-003, -9.9149E-003
  1.16100E+001, -6.8623E-003, -9.9149E-003
  1.16200E+001,  2.2139E-003, -9.9149E-003
  1.16300E+001, -6.8623E-003, -9.9149E-003
  1.16400E+001, -6.8623E-003, -9.9149E-003
  1.16500E+001, -6.8623E-003, -9.9149E-003
  1.16600E+001,  2.2139E-003, -9.9149E-003
  1.16700E+001,  2.2139E-003, -8.0251E-004
  1.16800E+001, -6.8623E-003, -9.9149E-003
  1.16900E+001, -6.8623E-003, -9.9149E-003
  1.17000E+001,  2.2139E-003, -8.0251E-004
  1.17100E+001,  2.2139E-003, -9.9149E-003
  1.17200E+001, -6.8623E-003, -9.9149E-003
  1.17300E+001, -6.8623E-003, -8.0251E-004
  1.17400E+001,  2.2139E-003, -9.9149E-003
  1.17500E+001, -6.8623E-003, -9.9149E-003
  1.17600E+001,  2.2139E-003, -9.9149E-003
  1.17700E+001,  2.2139E-003, -9.9149E-003
  1.17800E+001,  2.2139E-003, -8.0251E-004
  1.17900E+001,  2.2139E-003, -8.0251E-004
  1.18000E+001, -6.8623E-003, -9.9149E-003
  1.18100E+001,  2.2139E-003, -1.9026E-002
  1.18200E+001, -6.8623E-003, -9.9149E-003
  1.18300E+001, -6.8623E-003, -9.9149E-003
  1.18400E+001, -6.8623E-003, -9.9149E-003
  1.18500E+001,  2.2139E-003, -9.9149E-003
  1.18600E+001,  2.2139E-003, -9.9149E-003
  1.18700E+001, -6.8623E-003, -9.9149E-003
  1.18800E+001, -6.8623E-003, -9.9149E-003
  1.18900E+001, -6.8623E-003, -1.9026E-002
  1.19000E+001,  2.2139E-003, -9.9149E-003
  1.19100E+001, -6.8623E-003, -9.9149E-003
  1.19200E+001,  2.2139E-003, -9.9149E-003
  1.19300E+001, -6.8623E-003, -9.9149E-003
  1.19400E+001, -6.8623E-003, -9.9149E-003
  1.19500E+001, -6.8623E-003, -9.9149E-003
  1.19600E+001, -6.8623E-003, -9.9149E-003
  1.19700E+001, -6.8623E-003, -9.9149E-003
  1.19800E+001, -6.8623E-003, -1.9026E-002
  1.19900E+001, -6.8623E-003, -9.9149E-003
  1.20000E+001,  2.2139E-003, -8.0251E-004
  1.20100E+001,  2.2139E-003, -9.9149E-003
  1.20200E+001,  2.2139E-003, -8.0251E-004
  1.20300E+001,  2.2139E-003, -9.9149E-003
  1.20400E+001,  2.2139E-003, -8.0251E-004
  1.20500E+001,  2.2139E-003, -9.9149E-003
  1.20600E+001,  2.2139E-003, -8.0251E-004
  1.20700E+001,  2.2139E-003, -8.0251E-004
  1.20800E+001,  2.2139E-003, -9.9149E-003
  1.20900E+001, -6.8623E-003, -9.9149E-003
  1.21000E+001, -6.8623E-003, -9.9149E-003
  1.21100E+001,  2.2139E-003, -9.9149E-003
  1.21200E+001,  2.2139E-003, -8.0251E-004
  1.21300E+001, -6.8623E-003, -9.9149E-003
  1.21400E+001, -6.8623E-003, -9.9149E-003
  1.21500E+001, -6.8623E-003, -9.9149E-003
  1.21600E+001, -6.8623E-003, -1.9026E-002
  1.21700E+001,  2.2139E-003, -9.9149E-003
  1.21800E+001, -1.5938E-002, -9.9149E-003
  1.21900E+001, -6.8623E-003, -9.9149E-003
  1.22000E+001, -6.8623E-003, -9.9149E-003
  1.22100E+001, -6.8623E-003, -9.9149E-003
  1.22200E+001,  2.2139E-003, -9.9149E-003
  1.22300E+001,  2.2139E-003, -9.9149E-003
  1.22400E+001, -6.8623E-003, -9.9149E-003
  1.22500E+001, -6.8623E-003, -9.9149E-003
  1.22600E+001, -6.8623E-003, -8.0251E-004
  1.22700E+001, -6.8623E-003, -9.9149E-003
  1.22800E+001,  2.2139E-003, -9.9149E-003
  1.22900E+001, -6.8623E-003, -9.9149E-003
  1.23000E+001, -6.8623E-003, -9.9149E-003
  1.23100E+001, -1.5938E-002, -1.9026E-002
  1.23200E+001, -6.8623E-003, -9.9149E-003
  1.23300E+001,  2.2139E-003, -9.9149E-003
  1.23400E+001, -6.8623E-003, -8.0251E-004
  1.23500E+001,  2.2139E-003, -8.0251E-004
  1.23600E+001,  2.2139E-003, -9.9149E-003
  1.23700E+001,  2.2139E-003, -9.9149E-003
  1.23800E+001, -6.8623E-003, -9.9149E-003
  1.23900E+001,  2.2139E-003, -8.0251E-004
  1.24000E+001, -6.8623E-003, -9.9149E-003
  1.24100E+001,  2.2139E-003, -8.0251E-004
  1.24200E+001,  2.2139E-003, -9.9149E-003
  1.24300E+001,  2.2139E-003, -9.9149E-003
  1.24400E+001, -6.8623E-003, -9.9149E-003
  1.24500E+001, -6.8623E-003, -9.9149E-003
  1.24600E+001, -6.8623E-003, -8.0251E-004
  1.24700E+001,  2.2139E-003, -9.9149E-003
  1.24800E+001,  2.2139E-003, -8.0251E-004
  1.24900E+001, -6.8623E-003, -9.9149E-003
  1.25000E+001, -6.8623E-003, -9.9149E-003
  1.25100E+001, -6.8623E-003, -9.9149E-003
  1.25200E+001, -6.8623E-003, -9.9149E-003
  1.25300E+001, -1.5938E-002, -9.9149E-003
  1.25400E+001, -6.8623E-003, -9.9149E-003
  1.25500E+001, -6.8623E-003, -9.9149E-003
  1.25600E+001, -6.8623E-003, -9.9149E-003
  1.25700E+001,  2.2139E-003, -9.9149E-003
  1.25800E+001,  2.2139E-003, -8.0251E-004
  1.25900E+001,  2.2139E-003, -8.0251E-004
  1.26000E+001,  2.2139E-003, -8.0251E-004
  1.26100E+001,  2.2139E-003, -9.9149E-003
  1.26200E+001,  2.2139E-003, -8.0251E-004
  1.26300E+001,  2.2139E-003, -9.9149E-003
  1.26400E+001,  2.2139E-003, -9.9149E-003
  1.26500E+001, -6.8623E-003, -9.9149E-003
  1.26600E+001, -6.8623E-003, -9.9149E-003
  1.26700E+001, -6.8623E-003, -9.9149E-003
  1.26800E+001, -6.8623E-003, -9.9149E-003
  1.26900E+001,  2.2139E-003, -8.0251E-004
  1.27000E+001, -6.8623E-003, -9.9149E-003
  1.27100E+001,  2.2139E-003, -8.0251E-004
  1.27200E+001,  2.2139E-003, -8.0251E-004
  1.27300E+001, -6.8623E-003, -9.9149E-003
  1.27400E+001,  2.2139E-003, -9.9149E-003
  1.27500E+001, -1.5938E-002, -9.9149E-003
  1.27600E+001, -6.8623E-003, -9.9149E-003
  1.27700E+001,  2.2139E-003, -1.9026E-002
  1.27800E+001, -6.8623E-003, -1.9026E-002
  1.27900E+001, -6.8623E-003, -9.9149E-003
  1.28000E+001, -6.8623E-003, -9.9149E-003
  1.28100E+001, -6.8623E-003, -9.9149E-003
  1.28200E+001, -6.8623E-003, -9.9149E-003
  1.28300E+001,  2.2139E-003, -8.0251E-004
  1.28400E+001,  2.2139E-003, -8.0251E-004
  1.28500E+001,  2.2139E-003, -9.9149E-003
  1.28600E+001,  2.2139E-003, -8.0251E-004
  1.28700E+001, -6.8623E-003, -9.9149E-003
  1.28800E+001, -6.8623E-003, -9.9149E-003
  1.28900E+001, -6.8623E-003, -9.9149E-003
  1.29000E+001, -6.8623E-003, -9.9149E-003
  1.29100E+001,  2.2139E-003, -9.9149E-003
  1.29200E+001,  2.2139E-003, -8.0251E-004
  1.29300E+001,  2.2139E-003, -8.0251E-004
  1.29400E+001,  2.2139E-003, -8.0251E-004
  1.29500E+001, -6.8623E-003, -8.0251E-004
  1.29600E+001,  2.2139E-003, -8.0251E-004
  1.29700E+001,  2.2139E-003, -8.0251E-004
  1.29800E+001, -6.8623E-003, -8.0251E-004
  1.29900E+001, -6.8623E-003, -1.9026E-002
  1.30000E+001, -6.8623E-003, -9.9149E-003
  1.30100E+001, -6.8623E-003, -9.9149E-003
  1.30200E+001, -6.8623E-003, -1.9026E-002
  1.30300E+001, -6.8623E-003, -1.9026E-002
  1.30400E+001, -6.8623E-003, -9.9149E-003
  1.30500E+001, -6.8623E-003, -1.9026E-002
  1.30600E+001,  2.2139E-003, -8.0251E-004
  1.30700E+001,  2.2139E-003, -9.9149E-003
  1.30800E+001,  2.2139E-003, -9.9149E-003
  1.30900E+001, -6.8623E-003, -8.0251E-004
  1.31000E+001, -6.8623E-003, -9.9149E-003
  1.31100E+001, -6.8623E-003, -9.9149E-003
  1.31200E+001,  2.2139E-003, -9.9149E-003
  1.31300E+001, -6.8623E-003, -9.9149E-003
  1.31400E+001, -1.5938E-002, -9.9149E-003
  1.31500E+001, -6.8623E-003, -9.9149E-003
  1.31600E+001, -6.8623E-003, -9.9149E-003
  1.31700E+001,  2.2139E-003, -8.0251E-004
  1.31800E+001,  2.2139E-003, -8.0251E-004
  1.31900E+001, -6.8623E-003, -8.0251E-004
  1.32000E+001, -6.8623E-003, -8.0251E-004
