# [Parameters]
# Name = 'firc'
# ShotNo = 101379
# Date = '12/01/2010 21:42'
# 
# DimNo = 1
# DimName = 'Time'
# DimSize = 1311
# DimUnit = 's'
# 
# ValNo = 2
# ValName = 'nL(3669)', 'nL(3759)'
# ValUnit = 'e19m-2', 'e19m-2'
# [Comments]
#  
# [data]
  1.0000E-001,  5.1413E-003, -1.9211E-003
  1.1000E-001, -4.0066E-003, -1.9211E-003
  1.2000E-001,  5.1413E-003,  7.2269E-003
  1.3000E-001,  5.1413E-003, -1.9211E-003
  1.4000E-001,  5.1413E-003, -1.9211E-003
  1.5000E-001,  5.1413E-003, -1.9211E-003
  1.6000E-001,  5.1413E-003, -1.9211E-003
  1.7000E-001,  5.1413E-003,  7.2269E-003
  1.8000E-001,  5.1413E-003, -1.9211E-003
  1.9000E-001, -4.0066E-003, -1.9211E-003
  2.0000E-001, -4.0066E-003, -1.9211E-003
  2.1000E-001, -4.0066E-003, -1.9211E-003
  2.2000E-001, -4.0066E-003,  7.2269E-003
  2.3000E-001, -4.0066E-003, -1.9211E-003
  2.4000E-001, -4.0066E-003, -1.9211E-003
  2.5000E-001, -4.0066E-003, -1.9211E-003
  2.6000E-001, -4.0066E-003, -1.9211E-003
  2.7000E-001, -1.3155E-002, -1.9211E-003
  2.8000E-001, -4.0066E-003, -1.9211E-003
  2.9000E-001, -4.0066E-003, -1.9211E-003
  3.0000E-001, -4.0066E-003, -1.9211E-003
  3.1000E-001, -4.0066E-003, -1.9211E-003
  3.2000E-001, -4.0066E-003,  7.2269E-003
  3.3000E-001,  5.1413E-003, -1.9211E-003
  3.4000E-001, -4.0066E-003, -1.9211E-003
  3.5000E-001, -4.0066E-003, -1.9211E-003
  3.6000E-001, -4.0066E-003, -1.9211E-003
  3.7000E-001,  5.1413E-003,  7.2269E-003
  3.8000E-001, -4.0066E-003, -1.9211E-003
  3.9000E-001,  5.1413E-003,  7.2269E-003
  4.0000E-001,  5.1413E-003,  7.2269E-003
  4.1000E-001, -4.0066E-003,  7.2269E-003
  4.2000E-001,  5.1413E-003,  7.2269E-003
  4.3000E-001, -4.0066E-003,  7.2269E-003
  4.4000E-001, -4.0066E-003, -1.9211E-003
  4.5000E-001,  5.1413E-003,  7.2269E-003
  4.6000E-001,  5.1413E-003, -1.9211E-003
  4.7000E-001,  5.1413E-003,  7.2269E-003
  4.8000E-001, -4.0066E-003, -1.9211E-003
  4.9000E-001, -4.0066E-003, -1.1069E-002
  5.0000E-001, -4.0066E-003, -1.9211E-003
  5.1000E-001, -4.0066E-003, -1.9211E-003
  5.2000E-001,  5.1413E-003,  7.2269E-003
  5.3000E-001, -4.0066E-003, -1.9211E-003
  5.4000E-001, -4.0066E-003, -1.9211E-003
  5.5000E-001, -4.0066E-003,  7.2269E-003
  5.6000E-001, -4.0066E-003, -1.9211E-003
  5.7000E-001,  5.1413E-003,  7.2269E-003
  5.8000E-001, -4.0066E-003, -1.9211E-003
  5.9000E-001, -4.0066E-003, -1.9211E-003
  6.0000E-001, -4.0066E-003, -1.9211E-003
  6.1000E-001, -4.0066E-003, -1.9211E-003
  6.2000E-001,  5.1413E-003,  7.2269E-003
  6.3000E-001,  5.1413E-003, -1.9211E-003
  6.4000E-001, -4.0066E-003, -1.9211E-003
  6.5000E-001,  5.1413E-003,  7.2269E-003
  6.6000E-001,  5.1413E-003,  7.2269E-003
  6.7000E-001,  5.1413E-003,  7.2269E-003
  6.8000E-001,  5.1413E-003,  7.2269E-003
  6.9000E-001, -4.0066E-003, -1.9211E-003
  7.0000E-001, -4.0066E-003, -1.9211E-003
  7.1000E-001, -4.0066E-003,  7.2269E-003
  7.2000E-001,  5.1413E-003, -1.9211E-003
  7.3000E-001,  5.1413E-003,  7.2269E-003
  7.4000E-001, -4.0066E-003, -1.9211E-003
  7.5000E-001, -4.0066E-003, -1.9211E-003
  7.6000E-001,  5.1413E-003, -1.9211E-003
  7.7000E-001,  5.1413E-003, -1.9211E-003
  7.8000E-001,  5.1413E-003,  7.2269E-003
  7.9000E-001, -4.0066E-003, -1.9211E-003
  8.0000E-001,  5.1413E-003,  7.2269E-003
  8.1000E-001, -4.0066E-003,  7.2269E-003
  8.2000E-001,  5.1413E-003,  7.2269E-003
  8.3000E-001, -4.0066E-003, -1.9211E-003
  8.4000E-001, -4.0066E-003, -1.9211E-003
  8.5000E-001, -4.0066E-003, -1.1069E-002
  8.6000E-001, -4.0066E-003,  7.2269E-003
  8.7000E-001,  5.1413E-003,  7.2269E-003
  8.8000E-001,  5.1413E-003,  7.2269E-003
  8.9000E-001, -4.0066E-003, -1.9211E-003
  9.0000E-001, -4.0066E-003,  7.2269E-003
  9.1000E-001,  5.1413E-003,  7.2269E-003
  9.2000E-001,  5.1413E-003,  7.2269E-003
  9.3000E-001,  5.1413E-003,  7.2269E-003
  9.4000E-001, -4.0066E-003,  7.2269E-003
  9.5000E-001, -4.0066E-003, -1.1069E-002
  9.6000E-001,  5.1413E-003,  7.2269E-003
  9.7000E-001,  5.1413E-003,  7.2269E-003
  9.8000E-001,  5.1413E-003,  7.2269E-003
  9.9000E-001, -4.0066E-003,  7.2269E-003
  1.0000E+000,  5.1413E-003,  7.2269E-003
  1.0100E+000,  5.1413E-003,  7.2269E-003
  1.0200E+000,  5.1413E-003,  7.2269E-003
  1.0300E+000,  1.4290E-002,  7.2269E-003
  1.0400E+000,  5.1413E-003,  7.2269E-003
  1.0500E+000, -4.0066E-003, -1.9211E-003
  1.0600E+000, -4.0066E-003, -1.9211E-003
  1.0700E+000,  5.1413E-003,  7.2269E-003
  1.0800E+000,  5.1413E-003,  7.2269E-003
  1.0900E+000,  5.1413E-003, -1.9211E-003
  1.1000E+000, -4.0066E-003,  7.2269E-003
  1.1100E+000,  1.4290E-002,  7.2269E-003
  1.1200E+000,  5.1413E-003,  7.2269E-003
  1.1300E+000,  5.1413E-003,  1.6376E-002
  1.1400E+000,  5.1413E-003,  7.2269E-003
  1.1500E+000,  5.1413E-003,  7.2269E-003
  1.1600E+000, -4.0066E-003,  7.2269E-003
  1.1700E+000,  5.1413E-003,  7.2269E-003
  1.1800E+000, -4.0066E-003,  7.2269E-003
  1.1900E+000, -4.0066E-003,  7.2269E-003
  1.2000E+000,  5.1413E-003,  7.2269E-003
  1.2100E+000, -4.0066E-003,  7.2269E-003
  1.2200E+000,  5.1413E-003,  7.2269E-003
  1.2300E+000,  5.1413E-003,  1.6376E-002
  1.2400E+000,  5.1413E-003,  1.6376E-002
  1.2500E+000, -4.0066E-003,  7.2269E-003
  1.2600E+000,  5.1413E-003,  7.2269E-003
  1.2700E+000,  5.1413E-003,  7.2269E-003
  1.2800E+000,  5.1413E-003,  7.2269E-003
  1.2900E+000,  5.1413E-003,  7.2269E-003
  1.3000E+000, -4.0066E-003,  7.2269E-003
  1.3100E+000, -4.0066E-003, -1.9211E-003
  1.3200E+000,  5.1413E-003,  7.2269E-003
  1.3300E+000,  5.1413E-003,  7.2269E-003
  1.3400E+000, -4.0066E-003,  7.2269E-003
  1.3500E+000,  5.1413E-003,  7.2269E-003
  1.3600E+000,  5.1413E-003,  7.2269E-003
  1.3700E+000,  5.1413E-003,  7.2269E-003
  1.3800E+000, -4.0066E-003,  7.2269E-003
  1.3900E+000,  5.1413E-003,  7.2269E-003
  1.4000E+000, -4.0066E-003,  7.2269E-003
  1.4100E+000, -4.0066E-003,  7.2269E-003
  1.4200E+000,  5.1413E-003,  7.2269E-003
  1.4300E+000,  5.1413E-003,  7.2269E-003
  1.4400E+000,  5.1413E-003,  7.2269E-003
  1.4500E+000,  5.1413E-003,  7.2269E-003
  1.4600E+000,  5.1413E-003,  7.2269E-003
  1.4700E+000,  1.4290E-002,  1.6376E-002
  1.4800E+000,  1.4290E-002,  1.6376E-002
  1.4900E+000,  5.1413E-003,  7.2269E-003
  1.5000E+000,  5.1413E-003,  7.2269E-003
  1.5100E+000,  5.1413E-003,  7.2269E-003
  1.5200E+000,  5.1413E-003, -1.9211E-003
  1.5300E+000,  5.1413E-003,  7.2269E-003
  1.5400E+000, -4.0066E-003,  7.2269E-003
  1.5500E+000,  5.1413E-003,  7.2269E-003
  1.5600E+000,  5.1413E-003,  7.2269E-003
  1.5700E+000,  1.4290E-002,  7.2269E-003
  1.5800E+000,  5.1413E-003,  7.2269E-003
  1.5900E+000,  5.1413E-003,  7.2269E-003
  1.6000E+000,  5.1413E-003,  7.2269E-003
  1.6100E+000,  5.1413E-003,  7.2269E-003
  1.6200E+000, -4.0066E-003,  7.2269E-003
  1.6300E+000,  1.4290E-002,  7.2269E-003
  1.6400E+000, -4.0066E-003, -1.9211E-003
  1.6500E+000,  5.1413E-003,  7.2269E-003
  1.6600E+000,  1.4290E-002,  7.2269E-003
  1.6700E+000,  5.1413E-003,  7.2269E-003
  1.6800E+000,  5.1413E-003,  7.2269E-003
  1.6900E+000,  5.1413E-003,  7.2269E-003
  1.7000E+000,  5.1413E-003,  7.2269E-003
  1.7100E+000,  5.1413E-003,  7.2269E-003
  1.7200E+000,  1.4290E-002,  7.2269E-003
  1.7300E+000,  5.1413E-003,  7.2269E-003
  1.7400E+000, -4.0066E-003,  7.2269E-003
  1.7500E+000,  5.1413E-003,  7.2269E-003
  1.7600E+000,  1.4290E-002,  7.2269E-003
  1.7700E+000,  5.1413E-003,  7.2269E-003
  1.7800E+000,  5.1413E-003,  7.2269E-003
  1.7900E+000,  1.4290E-002,  7.2269E-003
  1.8000E+000,  5.1413E-003,  7.2269E-003
  1.8100E+000, -4.0066E-003,  7.2269E-003
  1.8200E+000,  5.1413E-003,  1.6376E-002
  1.8300E+000,  5.1413E-003,  7.2269E-003
  1.8400E+000, -4.0066E-003, -1.9211E-003
  1.8500E+000,  5.1413E-003,  7.2269E-003
  1.8600E+000,  5.1413E-003, -1.9211E-003
  1.8700E+000,  5.1413E-003,  7.2269E-003
  1.8800E+000,  5.1413E-003, -1.9211E-003
  1.8900E+000, -4.0066E-003, -1.9211E-003
  1.9000E+000, -4.0066E-003,  7.2269E-003
  1.9100E+000,  5.1413E-003,  7.2269E-003
  1.9200E+000,  5.1413E-003,  7.2269E-003
  1.9300E+000,  5.1413E-003,  7.2269E-003
  1.9400E+000, -4.0066E-003,  7.2269E-003
  1.9500E+000,  5.1413E-003,  7.2269E-003
  1.9600E+000,  5.1413E-003,  7.2269E-003
  1.9700E+000,  5.1413E-003,  7.2269E-003
  1.9800E+000, -4.0066E-003,  7.2269E-003
  1.9900E+000, -4.0066E-003,  7.2269E-003
  2.0000E+000, -4.0066E-003,  7.2269E-003
  2.0100E+000,  5.1413E-003,  7.2269E-003
  2.0200E+000,  5.1413E-003,  7.2269E-003
  2.0300E+000,  5.1413E-003,  7.2269E-003
  2.0400E+000, -4.0066E-003,  7.2269E-003
  2.0500E+000,  5.1413E-003,  7.2269E-003
  2.0600E+000,  5.1413E-003,  7.2269E-003
  2.0700E+000,  5.1413E-003,  7.2269E-003
  2.0800E+000, -4.0066E-003,  7.2269E-003
  2.0900E+000,  5.1413E-003,  7.2269E-003
  2.1000E+000, -4.0066E-003, -1.9211E-003
  2.1100E+000, -4.0066E-003, -1.9211E-003
  2.1200E+000,  5.1413E-003,  7.2269E-003
  2.1300E+000, -4.0066E-003,  7.2269E-003
  2.1400E+000,  5.1413E-003,  7.2269E-003
  2.1500E+000,  5.1413E-003,  7.2269E-003
  2.1600E+000,  5.1413E-003,  7.2269E-003
  2.1700E+000,  5.1413E-003,  7.2269E-003
  2.1800E+000,  5.1413E-003,  7.2269E-003
  2.1900E+000,  5.1413E-003,  7.2269E-003
  2.2000E+000,  5.1413E-003, -1.9211E-003
  2.2100E+000,  5.1413E-003,  7.2269E-003
  2.2200E+000,  5.1413E-003,  7.2269E-003
  2.2300E+000,  5.1413E-003,  7.2269E-003
  2.2400E+000, -4.0066E-003, -1.9211E-003
  2.2500E+000,  5.1413E-003,  7.2269E-003
  2.2600E+000,  5.1413E-003,  7.2269E-003
  2.2700E+000,  1.4290E-002,  7.2269E-003
  2.2800E+000,  5.1413E-003, -1.9211E-003
  2.2900E+000,  5.1413E-003,  7.2269E-003
  2.3000E+000,  5.1413E-003,  7.2269E-003
  2.3100E+000,  5.1413E-003, -1.9211E-003
  2.3200E+000,  5.1413E-003,  7.2269E-003
  2.3300E+000,  5.1413E-003, -1.9211E-003
  2.3400E+000, -4.0066E-003,  7.2269E-003
  2.3500E+000, -4.0066E-003,  7.2269E-003
  2.3600E+000,  5.1413E-003,  7.2269E-003
  2.3700E+000,  5.1413E-003,  7.2269E-003
  2.3800E+000,  5.1413E-003,  7.2269E-003
  2.3900E+000,  5.1413E-003,  7.2269E-003
  2.4000E+000,  1.4290E-002,  7.2269E-003
  2.4100E+000,  5.1413E-003,  7.2269E-003
  2.4200E+000,  5.1413E-003,  7.2269E-003
  2.4300E+000,  5.1413E-003,  7.2269E-003
  2.4400E+000, -4.0066E-003,  7.2269E-003
  2.4500E+000, -4.0066E-003,  7.2269E-003
  2.4600E+000, -4.0066E-003, -1.9211E-003
  2.4700E+000,  1.4290E-002,  7.2269E-003
  2.4800E+000,  5.1413E-003,  7.2269E-003
  2.4900E+000,  5.1413E-003,  7.2269E-003
  2.5000E+000, -4.0066E-003, -1.9211E-003
  2.5100E+000,  5.1413E-003,  7.2269E-003
  2.5200E+000,  1.4290E-002,  7.2269E-003
  2.5300E+000,  1.4290E-002,  7.2269E-003
  2.5400E+000,  5.1413E-003,  7.2269E-003
  2.5500E+000,  5.1413E-003,  7.2269E-003
  2.5600E+000,  5.1413E-003,  7.2269E-003
  2.5700E+000,  5.1413E-003,  7.2269E-003
  2.5800E+000,  1.4290E-002,  7.2269E-003
  2.5900E+000, -4.0066E-003,  7.2269E-003
  2.6000E+000,  5.1413E-003,  7.2269E-003
  2.6100E+000,  5.1413E-003,  1.6376E-002
  2.6200E+000,  1.4290E-002,  7.2269E-003
  2.6300E+000,  1.4290E-002,  1.6376E-002
  2.6400E+000,  5.1413E-003,  7.2269E-003
  2.6500E+000,  5.1413E-003,  7.2269E-003
  2.6600E+000, -4.0066E-003,  7.2269E-003
  2.6700E+000,  1.4290E-002,  7.2269E-003
  2.6800E+000, -4.0066E-003,  7.2269E-003
  2.6900E+000, -4.0066E-003,  7.2269E-003
  2.7000E+000,  5.1413E-003,  7.2269E-003
  2.7100E+000,  5.1413E-003,  7.2269E-003
  2.7200E+000,  5.1413E-003,  7.2269E-003
  2.7300E+000,  5.1413E-003,  7.2269E-003
  2.7400E+000,  5.1413E-003, -1.9211E-003
  2.7500E+000,  5.1413E-003, -1.9211E-003
  2.7600E+000,  5.1413E-003,  7.2269E-003
  2.7700E+000,  1.4290E-002,  1.6376E-002
  2.7800E+000,  1.4290E-002,  7.2269E-003
  2.7900E+000,  5.1413E-003,  7.2269E-003
  2.8000E+000, -4.0066E-003, -1.9211E-003
  2.8100E+000, -4.0066E-003,  7.2269E-003
  2.8200E+000,  5.1413E-003,  7.2269E-003
  2.8300E+000,  5.1413E-003,  7.2269E-003
  2.8400E+000,  5.1413E-003,  7.2269E-003
  2.8500E+000, -4.0066E-003,  7.2269E-003
  2.8600E+000,  5.1413E-003,  7.2269E-003
  2.8700E+000,  1.4290E-002,  7.2269E-003
  2.8800E+000,  5.1413E-003,  7.2269E-003
  2.8900E+000, -4.0066E-003,  7.2269E-003
  2.9000E+000, -4.0066E-003, -1.9211E-003
  2.9100E+000, -4.0066E-003,  7.2269E-003
  2.9200E+000,  5.1413E-003,  7.2269E-003
  2.9300E+000,  5.1413E-003,  7.2269E-003
  2.9400E+000, -4.0066E-003,  7.2269E-003
  2.9500E+000,  5.1413E-003,  7.2269E-003
  2.9600E+000,  5.1413E-003,  7.2269E-003
  2.9700E+000,  5.1413E-003,  7.2269E-003
  2.9800E+000,  5.1413E-003,  1.6376E-002
  2.9900E+000,  5.1413E-003,  7.2269E-003
  3.0000E+000,  5.1413E-003, -1.9211E-003
  3.0100E+000,  5.1413E-003,  7.2269E-003
  3.0200E+000,  5.1413E-003, -1.9211E-003
  3.0300E+000, -4.0066E-003,  7.2269E-003
  3.0400E+000,  5.1413E-003,  7.2269E-003
  3.0500E+000, -4.0066E-003, -1.9211E-003
  3.0600E+000,  5.1413E-003,  7.2269E-003
  3.0700E+000,  1.4290E-002,  7.2269E-003
  3.0800E+000,  5.1413E-003,  1.6376E-002
  3.0900E+000,  5.1413E-003,  7.2269E-003
  3.1000E+000,  5.1413E-003,  7.2269E-003
  3.1100E+000,  5.8148E-001,  5.0123E-001
  3.1200E+000,  1.1487E+000,  1.0593E+000
  3.1300E+000,  1.1578E+000,  1.2605E+000
  3.1400E+000,  1.4140E+000,  1.8003E+000
  3.1500E+000,  1.0938E+000,  1.3795E+000
  3.1600E+000,  1.5421E+000,  1.8552E+000
  3.1700E+000,  1.1304E+000,  1.4161E+000
  3.1800E+000,  1.6884E+000,  1.9467E+000
  3.1900E+000,  1.1121E+000,  1.3520E+000
  3.2000E+000,  1.7342E+000,  2.0016E+000
  3.2100E+000,  1.1212E+000,  1.3795E+000
  3.2200E+000,  1.7708E+000,  1.9924E+000
  3.2300E+000,  1.0755E+000,  1.2880E+000
  3.2400E+000,  1.7799E+000,  1.9467E+000
  3.2500E+000,  1.0755E+000,  1.2422E+000
  3.2600E+000,  1.7525E+000,  1.9101E+000
  3.2700E+000,  1.0480E+000,  1.2239E+000
  3.2800E+000,  1.7250E+000,  1.9192E+000
  3.2900E+000,  1.0206E+000,  1.2239E+000
  3.3000E+000,  1.7159E+000,  1.8460E+000
  3.3100E+000,  1.3591E+000,  1.6539E+000
  3.3200E+000,  2.1824E+000,  2.3309E+000
  3.3300E+000,  2.5118E+000,  2.5413E+000
  3.3400E+000,  3.0607E+000,  3.1451E+000
  3.3500E+000,  3.5272E+000,  3.5659E+000
  3.3600E+000,  3.7651E+000,  3.8678E+000
  3.3700E+000,  4.0761E+000,  4.2246E+000
  3.3800E+000,  4.2957E+000,  4.4533E+000
  3.3900E+000,  4.3323E+000,  4.5082E+000
  3.4000E+000,  4.3231E+000,  4.4899E+000
  3.4100E+000,  4.3140E+000,  4.4533E+000
  3.4200E+000,  4.3048E+000,  4.4533E+000
  3.4300E+000,  4.3231E+000,  4.4533E+000
  3.4400E+000,  4.3231E+000,  4.4533E+000
  3.4500E+000,  4.3414E+000,  4.4533E+000
  3.4600E+000,  4.3780E+000,  4.4624E+000
  3.4700E+000,  4.3963E+000,  4.4807E+000
  3.4800E+000,  4.4146E+000,  4.4899E+000
  3.4900E+000,  4.4512E+000,  4.5082E+000
  3.5000E+000,  4.4695E+000,  4.5448E+000
  3.5100E+000,  4.5061E+000,  4.5722E+000
  3.5200E+000,  4.5518E+000,  4.5997E+000
  3.5300E+000,  4.5793E+000,  4.6363E+000
  3.5400E+000,  4.6159E+000,  4.6637E+000
  3.5500E+000,  4.6433E+000,  4.7003E+000
  3.5600E+000,  4.6891E+000,  4.7369E+000
  3.5700E+000,  4.7348E+000,  4.7826E+000
  3.5800E+000,  4.7714E+000,  4.8192E+000
  3.5900E+000,  4.8080E+000,  4.8558E+000
  3.6000E+000,  4.8629E+000,  4.9016E+000
  3.6100E+000,  4.9086E+000,  4.9564E+000
  3.6200E+000,  4.9452E+000,  4.9747E+000
  3.6300E+000,  5.0001E+000,  5.0296E+000
  3.6400E+000,  5.0367E+000,  5.0845E+000
  3.6500E+000,  5.1007E+000,  5.1303E+000
  3.6600E+000,  5.1465E+000,  5.1669E+000
  3.6700E+000,  5.1831E+000,  5.2126E+000
  3.6800E+000,  5.2380E+000,  5.2492E+000
  3.6900E+000,  5.2745E+000,  5.2949E+000
  3.7000E+000,  5.3203E+000,  5.3315E+000
  3.7100E+000,  5.3569E+000,  5.3681E+000
  3.7200E+000,  5.3935E+000,  5.4047E+000
  3.7300E+000,  5.4392E+000,  5.4596E+000
  3.7400E+000,  5.4758E+000,  5.4962E+000
  3.7500E+000,  5.5216E+000,  5.5419E+000
  3.7600E+000,  5.5581E+000,  5.5785E+000
  3.7700E+000,  5.5947E+000,  5.6151E+000
  3.7800E+000,  5.6222E+000,  5.6609E+000
  3.7900E+000,  5.6679E+000,  5.6792E+000
  3.8000E+000,  5.6954E+000,  5.7157E+000
  3.8100E+000,  5.7320E+000,  5.7432E+000
  3.8200E+000,  5.7686E+000,  5.7889E+000
  3.8300E+000,  5.7960E+000,  5.8255E+000
  3.8400E+000,  5.8234E+000,  5.8438E+000
  3.8500E+000,  5.8692E+000,  5.8713E+000
  3.8600E+000,  5.8875E+000,  5.8987E+000
  3.8700E+000,  5.9332E+000,  5.9536E+000
  3.8800E+000,  5.9698E+000,  5.9810E+000
  3.8900E+000,  5.9973E+000,  6.0176E+000
  3.9000E+000,  6.0339E+000,  6.0359E+000
  3.9100E+000,  6.0613E+000,  6.0634E+000
  3.9200E+000,  6.0979E+000,  6.1000E+000
  3.9300E+000,  6.1345E+000,  6.1274E+000
  3.9400E+000,  6.1802E+000,  6.1549E+000
  3.9500E+000,  6.2077E+000,  6.1823E+000
  3.9600E+000,  6.2260E+000,  6.2189E+000
  3.9700E+000,  6.2626E+000,  6.2372E+000
  3.9800E+000,  6.2900E+000,  6.2738E+000
  3.9900E+000,  6.3357E+000,  6.3104E+000
  4.0000E+000,  6.3632E+000,  6.3470E+000
  4.0100E+000,  6.3998E+000,  6.3927E+000
  4.0200E+000,  6.4364E+000,  6.4019E+000
  4.0300E+000,  6.4547E+000,  6.4476E+000
  4.0400E+000,  6.4821E+000,  6.4659E+000
  4.0500E+000,  6.5279E+000,  6.5116E+000
  4.0600E+000,  6.5553E+000,  6.5391E+000
  4.0700E+000,  6.6010E+000,  6.5940E+000
  4.0800E+000,  6.6193E+000,  6.6031E+000
  4.0900E+000,  6.6559E+000,  6.6489E+000
  4.1000E+000,  6.6834E+000,  6.6855E+000
  4.1100E+000,  6.7200E+000,  6.7129E+000
  4.1200E+000,  6.7566E+000,  6.7495E+000
  4.1300E+000,  6.7840E+000,  6.7861E+000
  4.1400E+000,  6.8206E+000,  6.8044E+000
  4.1500E+000,  6.8480E+000,  6.8410E+000
  4.1600E+000,  6.8663E+000,  6.8593E+000
  4.1700E+000,  6.8938E+000,  6.8867E+000
  4.1800E+000,  6.9212E+000,  6.9233E+000
  4.1900E+000,  6.9578E+000,  6.9599E+000
  4.2000E+000,  6.9853E+000,  6.9691E+000
  4.2100E+000,  7.0310E+000,  7.0148E+000
  4.2200E+000,  7.0493E+000,  7.0422E+000
  4.2300E+000,  7.0768E+000,  7.0605E+000
  4.2400E+000,  7.0951E+000,  7.0788E+000
  4.2500E+000,  7.1225E+000,  7.1154E+000
  4.2600E+000,  7.1591E+000,  7.1246E+000
  4.2700E+000,  7.1957E+000,  7.1703E+000
  4.2800E+000,  7.2231E+000,  7.2069E+000
  4.2900E+000,  7.2414E+000,  7.2069E+000
  4.3000E+000,  7.2689E+000,  7.2527E+000
  4.3100E+000,  7.2963E+000,  7.2801E+000
  4.3200E+000,  7.3146E+000,  7.2893E+000
  4.3300E+000,  7.3512E+000,  7.3258E+000
  4.3400E+000,  7.3786E+000,  7.3624E+000
  4.3500E+000,  7.3969E+000,  7.3899E+000
  4.3600E+000,  7.4335E+000,  7.4173E+000
  4.3700E+000,  7.4518E+000,  7.4448E+000
  4.3800E+000,  7.4884E+000,  7.4539E+000
  4.3900E+000,  7.4884E+000,  7.4997E+000
  4.4000E+000,  7.5342E+000,  7.5088E+000
  4.4100E+000,  7.5433E+000,  7.5546E+000
  4.4200E+000,  7.5799E+000,  7.5728E+000
  4.4300E+000,  7.5891E+000,  7.6094E+000
  4.4400E+000,  7.6165E+000,  7.6186E+000
  4.4500E+000,  7.6531E+000,  7.6460E+000
  4.4600E+000,  7.6805E+000,  7.6918E+000
  4.4700E+000,  7.6897E+000,  7.7009E+000
  4.4800E+000,  7.7263E+000,  7.7375E+000
  4.4900E+000,  7.7537E+000,  7.7558E+000
  4.5000E+000,  7.7903E+000,  7.7741E+000
  4.5100E+000,  7.8086E+000,  7.8199E+000
  4.5200E+000,  7.8269E+000,  7.8473E+000
  4.5300E+000,  7.8544E+000,  7.8564E+000
  4.5400E+000,  7.8910E+000,  7.8930E+000
  4.5500E+000,  7.9275E+000,  7.8839E+000
  4.5600E+000,  7.9458E+000,  7.9388E+000
  4.5700E+000,  7.9641E+000,  7.9571E+000
  4.5800E+000,  8.0007E+000,  8.0028E+000
  4.5900E+000,  8.0190E+000,  8.0394E+000
  4.6000E+000,  8.0373E+000,  8.0486E+000
  4.6100E+000,  8.0831E+000,  8.0669E+000
  4.6200E+000,  8.1014E+000,  8.0943E+000
  4.6300E+000,  8.1105E+000,  8.1217E+000
  4.6400E+000,  8.1380E+000,  8.1400E+000
  4.6500E+000,  8.1837E+000,  8.1858E+000
  4.6600E+000,  8.1928E+000,  8.1858E+000
  4.6700E+000,  8.2203E+000,  8.2132E+000
  4.6800E+000,  8.2477E+000,  8.2315E+000
  4.6900E+000,  8.2843E+000,  8.2773E+000
  4.7000E+000,  8.3026E+000,  8.3047E+000
  4.7100E+000,  8.3392E+000,  8.3230E+000
  4.7200E+000,  8.3301E+000,  8.3596E+000
  4.7300E+000,  8.3667E+000,  8.3962E+000
  4.7400E+000,  8.3758E+000,  8.4053E+000
  4.7500E+000,  8.4581E+000,  8.4785E+000
  4.7600E+000,  8.4216E+000,  8.4694E+000
  4.7700E+000,  8.4764E+000,  8.5060E+000
  4.7800E+000,  8.4947E+000,  8.5151E+000
  4.7900E+000,  8.5222E+000,  8.5700E+000
  4.8000E+000,  8.5496E+000,  8.5792E+000
  4.8100E+000,  8.6228E+000,  8.6706E+000
  4.8200E+000,  8.6320E+000,  8.6523E+000
  4.8300E+000,  8.6594E+000,  8.6523E+000
  4.8400E+000,  8.6686E+000,  8.7255E+000
  4.8500E+000,  8.7326E+000,  8.7530E+000
  4.8600E+000,  8.7509E+000,  8.7804E+000
  4.8700E+000,  8.7509E+000,  8.7896E+000
  4.8800E+000,  8.8332E+000,  8.8628E+000
  4.8900E+000,  8.8424E+000,  8.8902E+000
  4.9000E+000,  8.8881E+000,  8.8902E+000
  4.9100E+000,  8.9704E+000,  8.9634E+000
  4.9200E+000,  8.9704E+000,  9.0000E+000
  4.9300E+000,  9.0162E+000,  9.0549E+000
  4.9400E+000,  9.0711E+000,  9.1098E+000
  4.9500E+000,  9.1077E+000,  9.1646E+000
  4.9600E+000,  9.1534E+000,  9.2287E+000
  4.9700E+000,  9.1443E+000,  9.2561E+000
  4.9800E+000,  9.2175E+000,  9.2836E+000
  4.9900E+000,  9.2449E+000,  9.2836E+000
  5.0000E+000,  9.2906E+000,  9.3751E+000
  5.0100E+000,  9.3547E+000,  9.4757E+000
  5.0200E+000,  9.3821E+000,  9.5672E+000
  5.0300E+000,  9.4645E+000,  9.6587E+000
  5.0400E+000,  9.4919E+000,  9.6495E+000
  5.0500E+000,  9.5285E+000,  9.7501E+000
  5.0600E+000,  9.6474E+000,  9.7684E+000
  5.0700E+000,  9.6657E+000,  9.8691E+000
  5.0800E+000,  9.9493E+000,  1.0171E+001
  5.0900E+000,  9.8212E+000,  1.0089E+001
  5.1000E+000,  9.8853E+000,  1.0125E+001
  5.1100E+000,  9.9219E+000,  1.0272E+001
  5.1200E+000,  1.0059E+001,  1.0491E+001
  5.1300E+000,  1.0105E+001,  1.0509E+001
  5.1400E+000,  1.0324E+001,  1.0583E+001
  5.1500E+000,  1.0471E+001,  1.0665E+001
  5.1600E+000,  1.0507E+001,  1.0857E+001
  5.1700E+000,  1.0791E+001,  1.0921E+001
  5.1800E+000,  1.0855E+001,  1.1040E+001
  5.1900E+000,  1.0928E+001,  1.1031E+001
  5.2000E+000,  1.1065E+001,  1.1067E+001
  5.2100E+000,  1.0013E+001,  1.0290E+001
  5.2200E+000,  1.0205E+001,  1.0464E+001
  5.2300E+000,  1.0434E+001,  1.0601E+001
  5.2400E+000,  1.0434E+001,  1.0702E+001
  5.2500E+000,  1.0517E+001,  1.0656E+001
  5.2600E+000,  1.0571E+001,  1.0702E+001
  5.2700E+000,  1.0562E+001,  1.0747E+001
  5.2800E+000,  1.0617E+001,  1.0747E+001
  5.2900E+000,  1.0663E+001,  1.0820E+001
  5.3000E+000,  1.0699E+001,  1.0885E+001
  5.3100E+000,  1.0709E+001,  1.0939E+001
  5.3200E+000,  1.0800E+001,  1.0994E+001
  5.3300E+000,  1.0681E+001,  1.0949E+001
  5.3400E+000,  1.0828E+001,  1.1049E+001
  5.3500E+000,  1.0809E+001,  1.1141E+001
  5.3600E+000,  1.0846E+001,  1.1168E+001
  5.3700E+000,  1.1001E+001,  1.1122E+001
  5.3800E+000,  1.1038E+001,  1.1177E+001
  5.3900E+000,  1.1075E+001,  1.1214E+001
  5.4000E+000,  1.1020E+001,  1.1241E+001
  5.4100E+000,  1.0892E+001,  1.1214E+001
  5.4200E+000,  1.1120E+001,  1.1351E+001
  5.4300E+000,  1.1184E+001,  1.1433E+001
  5.4400E+000,  1.1221E+001,  1.1342E+001
  5.4500E+000,  1.1166E+001,  1.1452E+001
  5.4600E+000,  1.1294E+001,  1.1488E+001
  5.4700E+000,  1.1376E+001,  1.1644E+001
  5.4800E+000,  1.1358E+001,  1.1589E+001
  5.4900E+000,  1.1514E+001,  1.1653E+001
  5.5000E+000,  1.1541E+001,  1.1717E+001
  5.5100E+000,  1.1450E+001,  1.1690E+001
  5.5200E+000,  1.1596E+001,  1.1744E+001
  5.5300E+000,  1.1651E+001,  1.1882E+001
  5.5400E+000,  1.1532E+001,  1.1726E+001
  5.5500E+000,  1.1752E+001,  1.1891E+001
  5.5600E+000,  1.1889E+001,  1.1900E+001
  5.5700E+000,  1.1989E+001,  1.2138E+001
  5.5800E+000,  1.1816E+001,  1.2056E+001
  5.5900E+000,  1.2072E+001,  1.2312E+001
  5.6000E+000,  1.1953E+001,  1.2129E+001
  5.6100E+000,  1.2319E+001,  1.2458E+001
  5.6200E+000,  1.2172E+001,  1.2284E+001
  5.6300E+000,  1.2117E+001,  1.2540E+001
  5.6400E+000,  1.2410E+001,  1.2751E+001
  5.6500E+000,  1.2236E+001,  1.2458E+001
  5.6600E+000,  1.2127E+001,  1.2550E+001
  5.6700E+000,  1.2410E+001,  1.2787E+001
  5.6800E+000,  1.3389E+001,  1.2897E+001
  5.6900E+000,  1.2383E+001,  1.2778E+001
  5.7000E+000,  1.2511E+001,  1.2906E+001
  5.7100E+000,  1.2630E+001,  1.2915E+001
  5.7200E+000,  1.2611E+001,  1.3135E+001
  5.7300E+000,  1.2694E+001,  1.2842E+001
  5.7400E+000,  1.2666E+001,  1.2833E+001
  5.7500E+000,  1.2941E+001,  1.3098E+001
  5.7600E+000,  1.2996E+001,  1.3098E+001
  5.7700E+000,  1.3261E+001,  1.3172E+001
  5.7800E+000,  1.4496E+001,  1.3720E+001
  5.7900E+000,  1.6042E+001,  1.3181E+001
  5.8000E+000,  1.5887E+001,  1.3327E+001
  5.8100E+000,  1.6134E+001,  1.3437E+001
  5.8200E+000,  1.5777E+001,  1.3309E+001
  5.8300E+000,  1.5932E+001,  1.3419E+001
  5.8400E+000,  1.5832E+001,  1.3428E+001
  5.8500E+000,  1.5969E+001,  1.3382E+001
  5.8600E+000,  1.6344E+001,  1.3739E+001
  5.8700E+000,  1.6234E+001,  1.3501E+001
  5.8800E+000,  1.6152E+001,  1.3428E+001
  5.8900E+000,  1.6344E+001,  1.3684E+001
  5.9000E+000,  1.5923E+001,  1.3501E+001
  5.9100E+000,  1.6353E+001,  1.3730E+001
  5.9200E+000,  1.6298E+001,  1.3519E+001
  5.9300E+000,  1.6490E+001,  1.3757E+001
  5.9400E+000,  1.6207E+001,  1.3565E+001
  5.9500E+000,  1.6335E+001,  1.3775E+001
  5.9600E+000,  1.6618E+001,  1.3702E+001
  5.9700E+000,  1.6554E+001,  1.3794E+001
  5.9800E+000,  1.6124E+001,  1.3720E+001
  5.9900E+000,  1.6554E+001,  1.3812E+001
  6.0000E+000,  1.6820E+001,  1.3949E+001
  6.0100E+000,  1.6417E+001,  1.3775E+001
  6.0200E+000,  1.6975E+001,  1.4251E+001
  6.0300E+000,  1.6536E+001,  1.4013E+001
  6.0400E+000,  1.6435E+001,  1.3867E+001
  6.0500E+000,  1.6152E+001,  1.3785E+001
  6.0600E+000,  1.6060E+001,  1.3565E+001
  6.0700E+000,  1.5978E+001,  1.3473E+001
  6.0800E+000,  1.6243E+001,  1.3556E+001
  6.0900E+000,  1.5850E+001,  1.3519E+001
  6.1000E+000,  1.5328E+001,  1.3025E+001
  6.1100E+000,  1.5612E+001,  1.2906E+001
  6.1200E+000,  1.5100E+001,  1.2797E+001
  6.1300E+000,  1.5402E+001,  1.2824E+001
  6.1400E+000,  1.5182E+001,  1.2604E+001
  6.1500E+000,  1.5155E+001,  1.2586E+001
  6.1600E+000,  1.4816E+001,  1.2376E+001
  6.1700E+000,  1.4450E+001,  1.2184E+001
  6.1800E+000,  1.5127E+001,  1.2092E+001
  6.1900E+000,  1.4569E+001,  1.1973E+001
  6.2000E+000,  1.4377E+001,  1.1863E+001
  6.2100E+000,  1.4267E+001,  1.1717E+001
  6.2200E+000,  1.4176E+001,  1.1534E+001
  6.2300E+000,  1.4267E+001,  1.1507E+001
  6.2400E+000,  1.4048E+001,  1.1781E+001
  6.2500E+000,  1.4158E+001,  1.2110E+001
  6.2600E+000,  1.3956E+001,  1.1854E+001
  6.2700E+000,  1.3901E+001,  1.1754E+001
  6.2800E+000,  1.3911E+001,  1.1781E+001
  6.2900E+000,  1.3856E+001,  1.1662E+001
  6.3000E+000,  1.3490E+001,  1.1369E+001
  6.3100E+000,  1.3636E+001,  1.1333E+001
  6.3200E+000,  1.3362E+001,  1.1122E+001
  6.3300E+000,  1.3316E+001,  1.1287E+001
  6.3400E+000,  1.3234E+001,  1.0985E+001
  6.3500E+000,  1.3215E+001,  1.0894E+001
  6.3600E+000,  1.3087E+001,  1.0839E+001
  6.3700E+000,  1.2932E+001,  1.0747E+001
  6.3800E+000,  1.2868E+001,  1.0592E+001
  6.3900E+000,  1.2758E+001,  1.0573E+001
  6.4000E+000,  1.2657E+001,  1.0455E+001
  6.4100E+000,  1.2621E+001,  1.0308E+001
  6.4200E+000,  1.2520E+001,  1.0299E+001
  6.4300E+000,  1.2374E+001,  1.0015E+001
  6.4400E+000,  1.2227E+001,  9.8965E+000
  6.4500E+000,  1.2108E+001,  9.7593E+000
  6.4600E+000,  1.1999E+001,  9.6221E+000
  6.4700E+000,  1.1898E+001,  9.5123E+000
  6.4800E+000,  1.1788E+001,  9.3842E+000
  6.4900E+000,  1.1687E+001,  9.2195E+000
  6.5000E+000,  1.1559E+001,  9.1372E+000
  6.5100E+000,  1.1495E+001,  8.9817E+000
  6.5200E+000,  1.1413E+001,  8.9359E+000
  6.5300E+000,  1.1340E+001,  8.7987E+000
  6.5400E+000,  1.1285E+001,  8.6981E+000
  6.5500E+000,  1.1193E+001,  8.6066E+000
  6.5600E+000,  1.1120E+001,  8.5151E+000
  6.5700E+000,  1.1084E+001,  8.4419E+000
  6.5800E+000,  1.1020E+001,  8.3779E+000
  6.5900E+000,  1.0965E+001,  8.3139E+000
  6.6000E+000,  1.0919E+001,  8.2590E+000
  6.6100E+000,  1.0864E+001,  8.1858E+000
  6.6200E+000,  1.0818E+001,  8.1400E+000
  6.6300E+000,  1.0764E+001,  8.0852E+000
  6.6400E+000,  1.0727E+001,  8.0211E+000
  6.6500E+000,  1.0672E+001,  7.9662E+000
  6.6600E+000,  1.0635E+001,  7.9296E+000
  6.6700E+000,  1.0581E+001,  7.8839E+000
  6.6800E+000,  1.0535E+001,  7.8199E+000
  6.6900E+000,  1.0489E+001,  7.7741E+000
  6.7000E+000,  1.0443E+001,  7.7284E+000
  6.7100E+000,  1.0407E+001,  7.6826E+000
  6.7200E+000,  1.0370E+001,  7.6369E+000
  6.7300E+000,  1.0334E+001,  7.6277E+000
  6.7400E+000,  1.0297E+001,  7.5363E+000
  6.7500E+000,  1.0242E+001,  7.4814E+000
  6.7600E+000,  1.0205E+001,  7.4539E+000
  6.7700E+000,  1.0178E+001,  7.4265E+000
  6.7800E+000,  1.0132E+001,  7.3899E+000
  6.7900E+000,  1.0096E+001,  7.3441E+000
  6.8000E+000,  1.0077E+001,  7.3075E+000
  6.8100E+000,  1.0023E+001,  7.2710E+000
  6.8200E+000,  9.9951E+000,  7.2344E+000
  6.8300E+000,  9.9768E+000,  7.2161E+000
  6.8400E+000,  9.9402E+000,  7.1795E+000
  6.8500E+000,  9.9219E+000,  7.1520E+000
  6.8600E+000,  9.8853E+000,  7.1063E+000
  6.8700E+000,  9.8670E+000,  7.0880E+000
  6.8800E+000,  9.8212E+000,  7.0514E+000
  6.8900E+000,  9.8029E+000,  7.0240E+000
  6.9000E+000,  9.7846E+000,  7.0057E+000
  6.9100E+000,  9.7481E+000,  6.9782E+000
  6.9200E+000,  9.7206E+000,  6.9508E+000
  6.9300E+000,  9.7023E+000,  6.9325E+000
  6.9400E+000,  9.6840E+000,  6.8959E+000
  6.9500E+000,  9.6383E+000,  6.8684E+000
  6.9600E+000,  9.6200E+000,  6.8410E+000
  6.9700E+000,  9.5925E+000,  6.8227E+000
  6.9800E+000,  9.5742E+000,  6.7861E+000
  6.9900E+000,  9.5468E+000,  6.7769E+000
  7.0000E+000,  9.5285E+000,  6.7587E+000
  7.0100E+000,  9.5010E+000,  6.7221E+000
  7.0200E+000,  9.4736E+000,  6.6946E+000
  7.0300E+000,  9.4553E+000,  6.6763E+000
  7.0400E+000,  9.4279E+000,  6.6489E+000
  7.0500E+000,  9.4096E+000,  6.6397E+000
  7.0600E+000,  9.4004E+000,  6.6214E+000
  7.0700E+000,  9.3638E+000,  6.5757E+000
  7.0800E+000,  9.3547E+000,  6.5757E+000
  7.0900E+000,  9.3272E+000,  6.5391E+000
  7.1000E+000,  9.3089E+000,  6.5208E+000
  7.1100E+000,  9.2906E+000,  6.5116E+000
  7.1200E+000,  9.2723E+000,  6.4751E+000
  7.1300E+000,  9.2357E+000,  6.4476E+000
  7.1400E+000,  9.1900E+000,  6.4019E+000
  7.1500E+000,  9.1809E+000,  6.3744E+000
  7.1600E+000,  9.1443E+000,  6.3653E+000
  7.1700E+000,  9.1351E+000,  6.3195E+000
  7.1800E+000,  9.1168E+000,  6.3012E+000
  7.1900E+000,  9.0711E+000,  6.2738E+000
  7.2000E+000,  9.0619E+000,  6.2463E+000
  7.2100E+000,  9.0345E+000,  6.2281E+000
  7.2200E+000,  8.9979E+000,  6.2006E+000
  7.2300E+000,  8.9704E+000,  6.1732E+000
  7.2400E+000,  8.9522E+000,  6.1549E+000
  7.2500E+000,  8.9156E+000,  6.1274E+000
  7.2600E+000,  8.8973E+000,  6.1091E+000
  7.2700E+000,  8.8790E+000,  6.0817E+000
  7.2800E+000,  8.8607E+000,  6.0634E+000
  7.2900E+000,  8.8332E+000,  6.0451E+000
  7.3000E+000,  8.8058E+000,  6.0176E+000
  7.3100E+000,  8.7875E+000,  5.9902E+000
  7.3200E+000,  8.8149E+000,  6.0542E+000
  7.3300E+000,  8.8698E+000,  6.1640E+000
  7.3400E+000,  8.9704E+000,  6.2738E+000
  7.3500E+000,  9.1351E+000,  6.4934E+000
  7.3600E+000,  9.4096E+000,  6.6946E+000
  7.3700E+000,  8.8332E+000,  6.0542E+000
  7.3800E+000,  9.2449E+000,  6.3378E+000
  7.3900E+000,  9.8029E+000,  6.8867E+000
  7.4000E+000,  1.0187E+001,  7.3350E+000
  7.4100E+000,  1.0297E+001,  7.4997E+000
  7.4200E+000,  1.1011E+001,  7.9388E+000
  7.4300E+000,  1.1660E+001,  8.2407E+000
  7.4400E+000,  1.2694E+001,  8.9451E+000
  7.4500E+000,  3.6192E-001,  9.2561E+000
  7.4600E+000, -1.7422E+000,  5.7981E+000
  7.4700E+000,  2.4129E+001,  9.9524E-001
  7.4800E+000,  2.3379E+001,  1.0786E-001
  7.4900E+000,  2.3306E+001,  2.5524E-002
  7.5000E+000,  2.3297E+001,  1.6376E-002
  7.5100E+000,  2.3287E+001,  7.2269E-003
  7.5200E+000,  2.3278E+001, -1.9211E-003
  7.5300E+000,  2.3287E+001, -1.9211E-003
  7.5400E+000,  2.3287E+001,  7.2269E-003
  7.5500E+000,  2.3287E+001,  7.2269E-003
  7.5600E+000,  2.3287E+001,  7.2269E-003
  7.5700E+000,  2.3287E+001, -1.9211E-003
  7.5800E+000,  2.3278E+001, -1.9211E-003
  7.5900E+000,  2.3278E+001, -1.1069E-002
  7.6000E+000,  2.3287E+001, -1.9211E-003
  7.6100E+000,  2.3278E+001, -1.9211E-003
  7.6200E+000,  2.3278E+001, -1.1069E-002
  7.6300E+000,  2.3269E+001, -1.1069E-002
  7.6400E+000,  2.3278E+001, -1.1069E-002
  7.6500E+000,  2.3278E+001, -1.1069E-002
  7.6600E+000,  2.3287E+001, -1.9211E-003
  7.6700E+000,  2.3297E+001, -1.9211E-003
  7.6800E+000,  2.3287E+001,  7.2269E-003
  7.6900E+000,  2.3287E+001, -1.9211E-003
  7.7000E+000,  2.3278E+001, -1.9211E-003
  7.7100E+000,  2.3278E+001, -1.1069E-002
  7.7200E+000,  2.3287E+001,  7.2269E-003
  7.7300E+000,  2.3297E+001,  7.2269E-003
  7.7400E+000,  2.3278E+001, -1.9211E-003
  7.7500E+000,  2.3278E+001, -1.9211E-003
  7.7600E+000,  2.3287E+001, -1.9211E-003
  7.7700E+000,  2.3287E+001, -1.9211E-003
  7.7800E+000,  2.3287E+001,  7.2269E-003
  7.7900E+000,  2.3278E+001, -1.9211E-003
  7.8000E+000,  2.3287E+001, -1.9211E-003
  7.8100E+000,  2.3278E+001, -1.1069E-002
  7.8200E+000,  2.3287E+001, -1.9211E-003
  7.8300E+000,  2.3278E+001, -1.9211E-003
  7.8400E+000,  2.3278E+001,  7.2269E-003
  7.8500E+000,  2.3287E+001, -1.9211E-003
  7.8600E+000,  2.3269E+001, -1.1069E-002
  7.8700E+000,  2.3287E+001, -1.1069E-002
  7.8800E+000,  2.3278E+001, -1.9211E-003
  7.8900E+000,  2.3287E+001, -1.9211E-003
  7.9000E+000,  2.3287E+001, -1.1069E-002
  7.9100E+000,  2.3287E+001, -1.1069E-002
  7.9200E+000,  2.3278E+001, -1.9211E-003
  7.9300E+000,  2.3287E+001,  7.2269E-003
  7.9400E+000,  2.3287E+001,  7.2269E-003
  7.9500E+000,  2.3297E+001,  7.2269E-003
  7.9600E+000,  2.3278E+001, -1.9211E-003
  7.9700E+000,  2.3287E+001,  7.2269E-003
  7.9800E+000,  2.3287E+001,  7.2269E-003
  7.9900E+000,  2.3287E+001, -1.9211E-003
  8.0000E+000,  2.3278E+001, -1.9211E-003
  8.0100E+000,  2.3278E+001, -1.1069E-002
  8.0200E+000,  2.3278E+001, -1.9211E-003
  8.0300E+000,  2.3287E+001, -1.9211E-003
  8.0400E+000,  2.3287E+001, -1.9211E-003
  8.0500E+000,  2.3287E+001, -1.9211E-003
  8.0600E+000,  2.3278E+001, -1.9211E-003
  8.0700E+000,  2.3287E+001,  7.2269E-003
  8.0800E+000,  2.3278E+001,  7.2269E-003
  8.0900E+000,  2.3278E+001, -1.1069E-002
  8.1000E+000,  2.3278E+001, -1.1069E-002
  8.1100E+000,  2.3278E+001, -1.9211E-003
  8.1200E+000,  2.3269E+001, -1.9211E-003
  8.1300E+000,  2.3278E+001, -1.9211E-003
  8.1400E+000,  2.3287E+001, -1.9211E-003
  8.1500E+000,  2.3287E+001, -1.9211E-003
  8.1600E+000,  2.3287E+001, -1.9211E-003
  8.1700E+000,  2.3278E+001, -1.9211E-003
  8.1800E+000,  2.3287E+001, -1.9211E-003
  8.1900E+000,  2.3278E+001, -1.9211E-003
  8.2000E+000,  2.3278E+001, -1.9211E-003
  8.2100E+000,  2.3278E+001,  7.2269E-003
  8.2200E+000,  2.3287E+001,  7.2269E-003
  8.2300E+000,  2.3278E+001,  7.2269E-003
  8.2400E+000,  2.3287E+001,  7.2269E-003
  8.2500E+000,  2.3287E+001,  7.2269E-003
  8.2600E+000,  2.3278E+001, -1.9211E-003
  8.2700E+000,  2.3287E+001,  7.2269E-003
  8.2800E+000,  2.3287E+001,  7.2269E-003
  8.2900E+000,  2.3287E+001,  7.2269E-003
  8.3000E+000,  2.3278E+001, -1.9211E-003
  8.3100E+000,  2.3287E+001, -1.1069E-002
  8.3200E+000,  2.3278E+001,  7.2269E-003
  8.3300E+000,  2.3278E+001,  7.2269E-003
  8.3400E+000,  2.3278E+001, -1.9211E-003
  8.3500E+000,  2.3287E+001,  7.2269E-003
  8.3600E+000,  2.3297E+001,  7.2269E-003
  8.3700E+000,  2.3297E+001,  1.6376E-002
  8.3800E+000,  2.3287E+001,  7.2269E-003
  8.3900E+000,  2.3297E+001,  1.6376E-002
  8.4000E+000,  2.3297E+001,  2.5524E-002
  8.4100E+000,  2.3306E+001,  2.5524E-002
  8.4200E+000,  2.3306E+001,  2.5524E-002
  8.4300E+000,  2.3306E+001,  3.4672E-002
  8.4400E+000,  2.3306E+001,  2.5524E-002
  8.4500E+000,  2.3306E+001,  3.4672E-002
  8.4600E+000,  2.3306E+001,  3.4672E-002
  8.4700E+000,  2.3306E+001,  3.4672E-002
  8.4800E+000,  2.3315E+001,  3.4672E-002
  8.4900E+000,  2.3306E+001,  3.4672E-002
  8.5000E+000,  2.3306E+001,  3.4672E-002
  8.5100E+000,  2.3306E+001,  3.4672E-002
  8.5200E+000,  2.3315E+001,  3.4672E-002
  8.5300E+000,  2.3306E+001,  4.3820E-002
  8.5400E+000,  2.3315E+001,  3.4672E-002
  8.5500E+000,  2.3315E+001,  3.4672E-002
  8.5600E+000,  2.3306E+001,  3.4672E-002
  8.5700E+000,  2.3315E+001,  3.4672E-002
  8.5800E+000,  2.3306E+001,  3.4672E-002
  8.5900E+000,  2.3297E+001,  2.5524E-002
  8.6000E+000,  2.3287E+001,  7.2269E-003
  8.6100E+000,  2.3297E+001,  2.5524E-002
  8.6200E+000,  2.3306E+001,  2.5524E-002
  8.6300E+000,  2.3306E+001,  3.4672E-002
  8.6400E+000,  2.3315E+001,  3.4672E-002
  8.6500E+000,  2.3315E+001,  3.4672E-002
  8.6600E+000,  2.3306E+001,  3.4672E-002
  8.6700E+000,  2.3306E+001,  3.4672E-002
  8.6800E+000,  2.3297E+001,  2.5524E-002
  8.6900E+000,  2.3297E+001,  1.6376E-002
  8.7000E+000,  2.3297E+001,  2.5524E-002
  8.7100E+000,  2.3297E+001,  1.6376E-002
  8.7200E+000,  2.3297E+001,  1.6376E-002
  8.7300E+000,  2.3297E+001,  1.6376E-002
  8.7400E+000,  2.3297E+001,  2.5524E-002
  8.7500E+000,  2.3297E+001,  2.5524E-002
  8.7600E+000,  2.3297E+001,  1.6376E-002
  8.7700E+000,  2.3287E+001,  1.6376E-002
  8.7800E+000,  2.3297E+001,  2.5524E-002
  8.7900E+000,  2.3287E+001,  1.6376E-002
  8.8000E+000,  2.3287E+001,  1.6376E-002
  8.8100E+000,  2.3287E+001,  1.6376E-002
  8.8200E+000,  2.3287E+001,  1.6376E-002
  8.8300E+000,  2.3297E+001,  2.5524E-002
  8.8400E+000,  2.3287E+001,  1.6376E-002
  8.8500E+000,  2.3297E+001,  1.6376E-002
  8.8600E+000,  2.3287E+001,  1.6376E-002
  8.8700E+000,  2.3287E+001,  1.6376E-002
  8.8800E+000,  2.3287E+001,  1.6376E-002
  8.8900E+000,  2.3287E+001,  7.2269E-003
  8.9000E+000,  2.3287E+001,  7.2269E-003
  8.9100E+000,  2.3287E+001,  7.2269E-003
  8.9200E+000,  2.3297E+001,  1.6376E-002
  8.9300E+000,  2.3297E+001,  2.5524E-002
  8.9400E+000,  2.3287E+001,  1.6376E-002
  8.9500E+000,  2.3297E+001,  1.6376E-002
  8.9600E+000,  2.3297E+001,  1.6376E-002
  8.9700E+000,  2.3297E+001,  1.6376E-002
  8.9800E+000,  2.3287E+001,  1.6376E-002
  8.9900E+000,  2.3297E+001,  1.6376E-002
  9.0000E+000,  2.3287E+001,  1.6376E-002
  9.0100E+000,  2.3297E+001,  1.6376E-002
  9.0200E+000,  2.3297E+001,  1.6376E-002
  9.0300E+000,  2.3297E+001,  2.5524E-002
  9.0400E+000,  2.3297E+001,  1.6376E-002
  9.0500E+000,  2.3297E+001,  1.6376E-002
  9.0600E+000,  2.3287E+001,  1.6376E-002
  9.0700E+000,  2.3287E+001,  1.6376E-002
  9.0800E+000,  2.3297E+001,  1.6376E-002
  9.0900E+000,  2.3297E+001,  1.6376E-002
  9.1000E+000,  2.3287E+001,  1.6376E-002
  9.1100E+000,  2.3287E+001,  1.6376E-002
  9.1200E+000,  2.3287E+001,  1.6376E-002
  9.1300E+000,  2.3297E+001,  2.5524E-002
  9.1400E+000,  2.3287E+001,  1.6376E-002
  9.1500E+000,  2.3297E+001,  1.6376E-002
  9.1600E+000,  2.3297E+001,  1.6376E-002
  9.1700E+000,  2.3297E+001,  1.6376E-002
  9.1800E+000,  2.3297E+001,  1.6376E-002
  9.1900E+000,  2.3278E+001,  7.2269E-003
  9.2000E+000,  2.3287E+001,  7.2269E-003
  9.2100E+000,  2.3287E+001,  7.2269E-003
  9.2200E+000,  2.3287E+001,  7.2269E-003
  9.2300E+000,  2.3297E+001,  1.6376E-002
  9.2400E+000,  2.3297E+001,  1.6376E-002
  9.2500E+000,  2.3287E+001,  1.6376E-002
  9.2600E+000,  2.3306E+001,  1.6376E-002
  9.2700E+000,  2.3306E+001,  1.6376E-002
  9.2800E+000,  2.3297E+001,  1.6376E-002
  9.2900E+000,  2.3297E+001,  1.6376E-002
  9.3000E+000,  2.3297E+001,  1.6376E-002
  9.3100E+000,  2.3287E+001,  7.2269E-003
  9.3200E+000,  2.3297E+001,  1.6376E-002
  9.3300E+000,  2.3297E+001,  7.2269E-003
  9.3400E+000,  2.3297E+001,  7.2269E-003
  9.3500E+000,  2.3287E+001,  1.6376E-002
  9.3600E+000,  2.3297E+001,  1.6376E-002
  9.3700E+000,  2.3297E+001,  1.6376E-002
  9.3800E+000,  2.3297E+001,  7.2269E-003
  9.3900E+000,  2.3297E+001,  1.6376E-002
  9.4000E+000,  2.3297E+001,  1.6376E-002
  9.4100E+000,  2.3287E+001,  7.2269E-003
  9.4200E+000,  2.3297E+001,  7.2269E-003
  9.4300E+000,  2.3287E+001,  1.6376E-002
  9.4400E+000,  2.3287E+001,  1.6376E-002
  9.4500E+000,  2.3287E+001,  7.2269E-003
  9.4600E+000,  2.3287E+001,  7.2269E-003
  9.4700E+000,  2.3297E+001,  1.6376E-002
  9.4800E+000,  2.3297E+001,  1.6376E-002
  9.4900E+000,  2.3287E+001,  7.2269E-003
  9.5000E+000,  2.3287E+001,  7.2269E-003
  9.5100E+000,  2.3278E+001, -1.9211E-003
  9.5200E+000,  2.3287E+001,  7.2269E-003
  9.5300E+000,  2.3278E+001, -1.9211E-003
  9.5400E+000,  2.3287E+001, -1.9211E-003
  9.5500E+000,  2.3278E+001, -1.9211E-003
  9.5600E+000,  2.3278E+001, -1.9211E-003
  9.5700E+000,  2.3278E+001,  7.2269E-003
  9.5800E+000,  2.3287E+001, -1.9211E-003
  9.5900E+000,  2.3278E+001, -1.9211E-003
  9.6000E+000,  2.3278E+001, -1.9211E-003
  9.6100E+000,  2.3278E+001, -1.9211E-003
  9.6200E+000,  2.3269E+001, -1.9211E-003
  9.6300E+000,  2.3278E+001, -1.9211E-003
  9.6400E+000,  2.3278E+001, -1.9211E-003
  9.6500E+000,  2.3269E+001, -1.9211E-003
  9.6600E+000,  2.3278E+001, -1.9211E-003
  9.6700E+000,  2.3278E+001, -1.1069E-002
  9.6800E+000,  2.3278E+001, -1.9211E-003
  9.6900E+000,  2.3278E+001, -1.9211E-003
  9.7000E+000,  2.3278E+001, -1.9211E-003
  9.7100E+000,  2.3278E+001, -1.9211E-003
  9.7200E+000,  2.3278E+001, -1.9211E-003
  9.7300E+000,  2.3278E+001, -1.9211E-003
  9.7400E+000,  2.3278E+001, -1.9211E-003
  9.7500E+000,  2.3287E+001, -1.9211E-003
  9.7600E+000,  2.3278E+001,  7.2269E-003
  9.7700E+000,  2.3287E+001, -1.9211E-003
  9.7800E+000,  2.3278E+001, -1.9211E-003
  9.7900E+000,  2.3278E+001, -1.9211E-003
  9.8000E+000,  2.3278E+001, -1.9211E-003
  9.8100E+000,  2.3278E+001, -1.9211E-003
  9.8200E+000,  2.3278E+001, -1.9211E-003
  9.8300E+000,  2.3278E+001, -1.9211E-003
  9.8400E+000,  2.3269E+001, -1.9211E-003
  9.8500E+000,  2.3278E+001, -1.9211E-003
  9.8600E+000,  2.3278E+001, -1.1069E-002
  9.8700E+000,  2.3278E+001, -1.9211E-003
  9.8800E+000,  2.3287E+001,  7.2269E-003
  9.8900E+000,  2.3278E+001, -1.9211E-003
  9.9000E+000,  2.3278E+001, -1.9211E-003
  9.9100E+000,  2.3269E+001, -1.1069E-002
  9.9200E+000,  2.3269E+001, -1.9211E-003
  9.9300E+000,  2.3278E+001, -1.9211E-003
  9.9400E+000,  2.3278E+001, -1.9211E-003
  9.9500E+000,  2.3269E+001, -1.9211E-003
  9.9600E+000,  2.3269E+001, -1.1069E-002
  9.9700E+000,  2.3278E+001, -1.9211E-003
  9.9800E+000,  2.3278E+001, -1.1069E-002
  9.9900E+000,  2.3278E+001, -1.9211E-003
  1.0000E+001,  2.3278E+001, -1.9211E-003
  1.0010E+001,  2.3278E+001,  7.2269E-003
  1.0020E+001,  2.3278E+001, -1.9211E-003
  1.0030E+001,  2.3278E+001, -1.9211E-003
  1.0040E+001,  2.3278E+001, -1.9211E-003
  1.0050E+001,  2.3278E+001, -1.9211E-003
  1.0060E+001,  2.3278E+001, -1.1069E-002
  1.0070E+001,  2.3287E+001, -1.9211E-003
  1.0080E+001,  2.3278E+001, -1.9211E-003
  1.0090E+001,  2.3269E+001, -1.1069E-002
  1.0100E+001,  2.3278E+001, -1.9211E-003
  1.0110E+001,  2.3269E+001, -1.9211E-003
  1.0120E+001,  2.3278E+001, -1.9211E-003
  1.0130E+001,  2.3278E+001, -1.9211E-003
  1.0140E+001,  2.3278E+001, -1.1069E-002
  1.0150E+001,  2.3278E+001, -1.9211E-003
  1.0160E+001,  2.3278E+001, -1.1069E-002
  1.0170E+001,  2.3269E+001, -1.1069E-002
  1.0180E+001,  2.3278E+001, -1.9211E-003
  1.0190E+001,  2.3269E+001, -1.1069E-002
  1.0200E+001,  2.3278E+001, -1.9211E-003
  1.0210E+001,  2.3278E+001, -1.9211E-003
  1.0220E+001,  2.3278E+001, -1.1069E-002
  1.0230E+001,  2.3278E+001, -1.1069E-002
  1.0240E+001,  2.3278E+001, -1.9211E-003
  1.0250E+001,  2.3269E+001, -1.1069E-002
  1.0260E+001,  2.3278E+001, -1.1069E-002
  1.0270E+001,  2.3278E+001, -1.9211E-003
  1.0280E+001,  2.3269E+001, -1.9211E-003
  1.0290E+001,  2.3278E+001, -1.9211E-003
  1.0300E+001,  2.3278E+001, -1.9211E-003
  1.0310E+001,  2.3278E+001, -1.9211E-003
  1.0320E+001,  2.3269E+001, -1.9211E-003
  1.0330E+001,  2.3278E+001, -1.1069E-002
  1.0340E+001,  2.3269E+001, -1.1069E-002
  1.0350E+001,  2.3278E+001, -1.1069E-002
  1.0360E+001,  2.3278E+001, -1.9211E-003
  1.0370E+001,  2.3278E+001, -1.1069E-002
  1.0380E+001,  2.3278E+001, -1.1069E-002
  1.0390E+001,  2.3278E+001, -1.9211E-003
  1.0400E+001,  2.3269E+001, -1.1069E-002
  1.0410E+001,  2.3269E+001, -1.1069E-002
  1.0420E+001,  2.3278E+001, -1.1069E-002
  1.0430E+001,  2.3278E+001, -1.1069E-002
  1.0440E+001,  2.3278E+001, -1.1069E-002
  1.0450E+001,  2.3269E+001, -1.1069E-002
  1.0460E+001,  2.3269E+001, -1.1069E-002
  1.0470E+001,  2.3269E+001, -1.1069E-002
  1.0480E+001,  2.3278E+001, -1.9211E-003
  1.0490E+001,  2.3287E+001, -1.9211E-003
  1.0500E+001,  2.3287E+001, -1.9211E-003
  1.0510E+001,  2.3278E+001, -1.9211E-003
  1.0520E+001,  2.3278E+001, -1.1069E-002
  1.0530E+001,  2.3278E+001, -1.9211E-003
  1.0540E+001,  2.3278E+001, -1.1069E-002
  1.0550E+001,  2.3278E+001, -1.9211E-003
  1.0560E+001,  2.3278E+001, -1.9211E-003
  1.0570E+001,  2.3278E+001, -1.9211E-003
  1.0580E+001,  2.3278E+001, -1.9211E-003
  1.0590E+001,  2.3278E+001, -1.1069E-002
  1.0600E+001,  2.3269E+001, -1.9211E-003
  1.0610E+001,  2.3269E+001, -1.1069E-002
  1.0620E+001,  2.3278E+001, -1.9211E-003
  1.0630E+001,  2.3278E+001, -1.1069E-002
  1.0640E+001,  2.3287E+001, -1.9211E-003
  1.0650E+001,  2.3278E+001, -1.9211E-003
  1.0660E+001,  2.3269E+001, -1.9211E-003
  1.0670E+001,  2.3278E+001, -1.1069E-002
  1.0680E+001,  2.3269E+001, -1.1069E-002
  1.0690E+001,  2.3260E+001, -1.1069E-002
  1.0700E+001,  2.3269E+001, -1.1069E-002
  1.0710E+001,  2.3278E+001, -1.1069E-002
  1.0720E+001,  2.3278E+001, -1.9211E-003
  1.0730E+001,  2.3278E+001, -1.9211E-003
  1.0740E+001,  2.3269E+001, -1.9211E-003
  1.0750E+001,  2.3269E+001, -1.9211E-003
  1.0760E+001,  2.3269E+001, -1.9211E-003
  1.0770E+001,  2.3287E+001, -1.9211E-003
  1.0780E+001,  2.3287E+001, -1.9211E-003
  1.0790E+001,  2.3278E+001, -1.9211E-003
  1.0800E+001,  2.3278E+001, -1.9211E-003
  1.0810E+001,  2.3278E+001, -1.1069E-002
  1.0820E+001,  2.3278E+001, -1.9211E-003
  1.0830E+001,  2.3278E+001, -1.9211E-003
  1.0840E+001,  2.3278E+001, -1.9211E-003
  1.0850E+001,  2.3287E+001, -1.9211E-003
  1.0860E+001,  2.3278E+001, -1.9211E-003
  1.0870E+001,  2.3287E+001,  7.2269E-003
  1.0880E+001,  2.3278E+001, -1.9211E-003
  1.0890E+001,  2.3278E+001, -1.9211E-003
  1.0900E+001,  2.3278E+001, -1.1069E-002
  1.0910E+001,  2.3269E+001, -1.1069E-002
  1.0920E+001,  2.3278E+001, -1.1069E-002
  1.0930E+001,  2.3278E+001, -1.1069E-002
  1.0940E+001,  2.3278E+001, -1.9211E-003
  1.0950E+001,  2.3269E+001, -1.1069E-002
  1.0960E+001,  2.3269E+001, -1.1069E-002
  1.0970E+001,  2.3278E+001, -1.1069E-002
  1.0980E+001,  2.3287E+001, -1.9211E-003
  1.0990E+001,  2.3278E+001, -1.1069E-002
  1.1000E+001,  2.3287E+001, -1.9211E-003
  1.1010E+001,  2.3278E+001, -1.9211E-003
  1.1020E+001,  2.3278E+001, -1.1069E-002
  1.1030E+001,  2.3287E+001, -1.1069E-002
  1.1040E+001,  2.3278E+001, -1.9211E-003
  1.1050E+001,  2.3278E+001, -1.1069E-002
  1.1060E+001,  2.3278E+001, -1.9211E-003
  1.1070E+001,  2.3278E+001, -1.9211E-003
  1.1080E+001,  2.3287E+001, -1.9211E-003
  1.1090E+001,  2.3278E+001, -1.9211E-003
  1.1100E+001,  2.3278E+001, -1.9211E-003
  1.1110E+001,  2.3278E+001, -1.9211E-003
  1.1120E+001,  2.3278E+001, -1.1069E-002
  1.1130E+001,  2.3278E+001, -1.9211E-003
  1.1140E+001,  2.3287E+001,  7.2269E-003
  1.1150E+001,  2.3269E+001, -1.1069E-002
  1.1160E+001,  2.3278E+001, -1.9211E-003
  1.1170E+001,  2.3278E+001, -1.1069E-002
  1.1180E+001,  2.3278E+001, -1.9211E-003
  1.1190E+001,  2.3278E+001, -1.1069E-002
  1.1200E+001,  2.3278E+001, -1.1069E-002
  1.1210E+001,  2.3278E+001, -1.9211E-003
  1.1220E+001,  2.3278E+001, -1.1069E-002
  1.1230E+001,  2.3278E+001, -1.9211E-003
  1.1240E+001,  2.3287E+001, -1.9211E-003
  1.1250E+001,  2.3278E+001, -1.9211E-003
  1.1260E+001,  2.3278E+001, -1.9211E-003
  1.1270E+001,  2.3287E+001, -1.1069E-002
  1.1280E+001,  2.3278E+001, -1.9211E-003
  1.1290E+001,  2.3278E+001, -1.1069E-002
  1.1300E+001,  2.3278E+001, -1.1069E-002
  1.1310E+001,  2.3278E+001, -1.1069E-002
  1.1320E+001,  2.3278E+001, -1.1069E-002
  1.1330E+001,  2.3278E+001, -1.9211E-003
  1.1340E+001,  2.3278E+001, -1.9211E-003
  1.1350E+001,  2.3278E+001, -1.9211E-003
  1.1360E+001,  2.3278E+001,  7.2269E-003
  1.1370E+001,  2.3278E+001, -1.9211E-003
  1.1380E+001,  2.3278E+001, -1.9211E-003
  1.1390E+001,  2.3278E+001, -1.1069E-002
  1.1400E+001,  2.3278E+001, -1.9211E-003
  1.1410E+001,  2.3278E+001, -1.9211E-003
  1.1420E+001,  2.3287E+001, -1.1069E-002
  1.1430E+001,  2.3278E+001, -1.9211E-003
  1.1440E+001,  2.3278E+001, -1.1069E-002
  1.1450E+001,  2.3269E+001, -1.1069E-002
  1.1460E+001,  2.3278E+001, -1.1069E-002
  1.1470E+001,  2.3278E+001, -1.9211E-003
  1.1480E+001,  2.3278E+001, -1.9211E-003
  1.1490E+001,  2.3278E+001, -1.1069E-002
  1.1500E+001,  2.3278E+001, -1.9211E-003
  1.1510E+001,  2.3287E+001, -1.9211E-003
  1.1520E+001,  2.3287E+001, -1.9211E-003
  1.1530E+001,  2.3278E+001, -1.9211E-003
  1.1540E+001,  2.3269E+001, -1.9211E-003
  1.1550E+001,  2.3278E+001, -1.1069E-002
  1.1560E+001,  2.3269E+001, -1.1069E-002
  1.1570E+001,  2.3278E+001, -1.1069E-002
  1.1580E+001,  2.3278E+001, -1.9211E-003
  1.1590E+001,  2.3287E+001, -1.9211E-003
  1.1600E+001,  2.3278E+001, -1.9211E-003
  1.1610E+001,  2.3278E+001, -1.9211E-003
  1.1620E+001,  2.3278E+001, -1.9211E-003
  1.1630E+001,  2.3278E+001, -1.9211E-003
  1.1640E+001,  2.3278E+001, -1.9211E-003
  1.1650E+001,  2.3278E+001, -1.9211E-003
  1.1660E+001,  2.3278E+001, -1.1069E-002
  1.1670E+001,  2.3278E+001, -1.9211E-003
  1.1680E+001,  2.3278E+001, -1.1069E-002
  1.1690E+001,  2.3278E+001, -1.9211E-003
  1.1700E+001,  2.3269E+001, -1.9211E-003
  1.1710E+001,  2.3278E+001, -1.9211E-003
  1.1720E+001,  2.3287E+001, -1.9211E-003
  1.1730E+001,  2.3287E+001, -1.9211E-003
  1.1740E+001,  2.3287E+001, -1.9211E-003
  1.1750E+001,  2.3287E+001, -1.9211E-003
  1.1760E+001,  2.3278E+001, -1.9211E-003
  1.1770E+001,  2.3269E+001, -1.9211E-003
  1.1780E+001,  2.3287E+001, -1.9211E-003
  1.1790E+001,  2.3278E+001, -1.9211E-003
  1.1800E+001,  2.3278E+001, -1.9211E-003
  1.1810E+001,  2.3278E+001, -1.1069E-002
  1.1820E+001,  2.3278E+001, -1.9211E-003
  1.1830E+001,  2.3278E+001, -1.9211E-003
  1.1840E+001,  2.3278E+001, -1.9211E-003
  1.1850E+001,  2.3287E+001,  7.2269E-003
  1.1860E+001,  2.3278E+001, -1.9211E-003
  1.1870E+001,  2.3287E+001, -1.9211E-003
  1.1880E+001,  2.3278E+001, -1.9211E-003
  1.1890E+001,  2.3278E+001, -1.9211E-003
  1.1900E+001,  2.3278E+001, -1.9211E-003
  1.1910E+001,  2.3278E+001, -1.1069E-002
  1.1920E+001,  2.3278E+001, -1.9211E-003
  1.1930E+001,  2.3278E+001,  7.2269E-003
  1.1940E+001,  2.3278E+001, -1.9211E-003
  1.1950E+001,  2.3278E+001, -1.9211E-003
  1.1960E+001,  2.3278E+001, -1.9211E-003
  1.1970E+001,  2.3269E+001, -1.9211E-003
  1.1980E+001,  2.3287E+001, -1.9211E-003
  1.1990E+001,  2.3278E+001,  7.2269E-003
  1.2000E+001,  2.3278E+001, -1.9211E-003
  1.2010E+001,  2.3278E+001, -1.9211E-003
  1.2020E+001,  2.3269E+001,  7.2269E-003
  1.2030E+001,  2.3269E+001,  7.2269E-003
  1.2040E+001,  2.3287E+001, -1.9211E-003
  1.2050E+001,  2.3278E+001, -1.9211E-003
  1.2060E+001,  2.3269E+001, -1.9211E-003
  1.2070E+001,  2.3287E+001, -1.9211E-003
  1.2080E+001,  2.3287E+001,  7.2269E-003
  1.2090E+001,  2.3269E+001, -1.9211E-003
  1.2100E+001,  2.3269E+001, -1.9211E-003
  1.2110E+001,  2.3269E+001, -1.9211E-003
  1.2120E+001,  2.3287E+001,  7.2269E-003
  1.2130E+001,  2.3287E+001,  7.2269E-003
  1.2140E+001,  2.3287E+001, -1.9211E-003
  1.2150E+001,  2.3278E+001, -1.9211E-003
  1.2160E+001,  2.3269E+001, -1.9211E-003
  1.2170E+001,  2.3269E+001, -1.9211E-003
  1.2180E+001,  2.3278E+001, -1.9211E-003
  1.2190E+001,  2.3269E+001, -1.1069E-002
  1.2200E+001,  2.3278E+001, -1.9211E-003
  1.2210E+001,  2.3278E+001, -1.9211E-003
  1.2220E+001,  2.3287E+001,  7.2269E-003
  1.2230E+001,  2.3278E+001,  7.2269E-003
  1.2240E+001,  2.3278E+001, -1.9211E-003
  1.2250E+001,  2.3278E+001, -1.9211E-003
  1.2260E+001,  2.3278E+001, -1.1069E-002
  1.2270E+001,  2.3278E+001, -1.9211E-003
  1.2280E+001,  2.3278E+001, -1.9211E-003
  1.2290E+001,  2.3269E+001, -1.1069E-002
  1.2300E+001,  2.3269E+001, -1.1069E-002
  1.2310E+001,  2.3269E+001, -1.1069E-002
  1.2320E+001,  2.3278E+001, -1.1069E-002
  1.2330E+001,  2.3278E+001, -1.9211E-003
  1.2340E+001,  2.3278E+001,  7.2269E-003
  1.2350E+001,  2.3278E+001,  7.2269E-003
  1.2360E+001,  2.3278E+001, -1.9211E-003
  1.2370E+001,  2.3278E+001, -1.9211E-003
  1.2380E+001,  2.3278E+001, -1.9211E-003
  1.2390E+001,  2.3269E+001, -1.9211E-003
  1.2400E+001,  2.3278E+001, -1.9211E-003
  1.2410E+001,  2.3278E+001, -1.9211E-003
  1.2420E+001,  2.3278E+001, -1.9211E-003
  1.2430E+001,  2.3278E+001, -1.9211E-003
  1.2440E+001,  2.3278E+001, -1.9211E-003
  1.2450E+001,  2.3278E+001, -1.9211E-003
  1.2460E+001,  2.3278E+001, -1.9211E-003
  1.2470E+001,  2.3278E+001,  7.2269E-003
  1.2480E+001,  2.3278E+001, -1.9211E-003
  1.2490E+001,  2.3269E+001, -1.1069E-002
  1.2500E+001,  2.3278E+001,  7.2269E-003
  1.2510E+001,  2.3269E+001, -1.1069E-002
  1.2520E+001,  2.3278E+001, -1.9211E-003
  1.2530E+001,  2.3269E+001, -1.9211E-003
  1.2540E+001,  2.3269E+001, -1.1069E-002
  1.2550E+001,  2.3278E+001, -1.9211E-003
  1.2560E+001,  2.3269E+001, -1.1069E-002
  1.2570E+001,  2.3269E+001, -1.1069E-002
  1.2580E+001,  2.3269E+001, -1.1069E-002
  1.2590E+001,  2.3278E+001, -1.9211E-003
  1.2600E+001,  2.3278E+001, -1.9211E-003
  1.2610E+001,  2.3278E+001, -1.9211E-003
  1.2620E+001,  2.3278E+001, -1.9211E-003
  1.2630E+001,  2.3278E+001, -1.9211E-003
  1.2640E+001,  2.3278E+001, -1.9211E-003
  1.2650E+001,  2.3269E+001, -1.9211E-003
  1.2660E+001,  2.3269E+001, -1.1069E-002
  1.2670E+001,  2.3269E+001, -1.1069E-002
  1.2680E+001,  2.3269E+001, -1.1069E-002
  1.2690E+001,  2.3278E+001, -1.9211E-003
  1.2700E+001,  2.3278E+001, -1.9211E-003
  1.2710E+001,  2.3278E+001, -1.9211E-003
  1.2720E+001,  2.3278E+001, -1.9211E-003
  1.2730E+001,  2.3287E+001,  7.2269E-003
  1.2740E+001,  2.3278E+001, -1.9211E-003
  1.2750E+001,  2.3278E+001, -1.9211E-003
  1.2760E+001,  2.3269E+001, -1.1069E-002
  1.2770E+001,  2.3269E+001, -1.1069E-002
  1.2780E+001,  2.3269E+001, -1.9211E-003
  1.2790E+001,  2.3278E+001, -1.1069E-002
  1.2800E+001,  2.3269E+001, -1.1069E-002
  1.2810E+001,  2.3269E+001, -1.1069E-002
  1.2820E+001,  2.3269E+001, -1.9211E-003
  1.2830E+001,  2.3269E+001, -1.9211E-003
  1.2840E+001,  2.3278E+001, -1.1069E-002
  1.2850E+001,  2.3278E+001, -1.9211E-003
  1.2860E+001,  2.3269E+001, -1.1069E-002
  1.2870E+001,  2.3278E+001, -1.1069E-002
  1.2880E+001,  2.3269E+001, -1.1069E-002
  1.2890E+001,  2.3269E+001, -1.1069E-002
  1.2900E+001,  2.3269E+001, -1.1069E-002
  1.2910E+001,  2.3269E+001, -1.1069E-002
  1.2920E+001,  2.3278E+001, -1.9211E-003
  1.2930E+001,  2.3269E+001, -1.1069E-002
  1.2940E+001,  2.3278E+001, -1.9211E-003
  1.2950E+001,  2.3278E+001, -1.9211E-003
  1.2960E+001,  2.3269E+001, -1.9211E-003
  1.2970E+001,  2.3278E+001, -1.1069E-002
  1.2980E+001,  2.3278E+001, -1.9211E-003
  1.2990E+001,  2.3269E+001, -1.9211E-003
  1.3000E+001,  2.3269E+001, -1.1069E-002
  1.3010E+001,  2.3269E+001, -1.1069E-002
  1.3020E+001,  2.3269E+001, -1.9211E-003
  1.3030E+001,  2.3287E+001, -1.9211E-003
  1.3040E+001,  2.3269E+001, -1.1069E-002
  1.3050E+001,  2.3269E+001, -1.1069E-002
  1.3060E+001,  2.3269E+001, -1.1069E-002
  1.3070E+001,  2.3260E+001, -1.1069E-002
  1.3080E+001,  2.3269E+001, -1.1069E-002
  1.3090E+001,  2.3278E+001, -1.1069E-002
  1.3100E+001,  2.3278E+001, -1.1069E-002
  1.3110E+001,  2.3278E+001, -1.1069E-002
  1.3120E+001,  2.3269E+001, -1.1069E-002
  1.3130E+001,  2.3269E+001, -1.9211E-003
  1.3140E+001,  2.3269E+001, -1.9211E-003
  1.3150E+001,  2.3269E+001, -1.1069E-002
  1.3160E+001,  2.3269E+001, -1.1069E-002
  1.3170E+001,  2.3269E+001, -1.9211E-003
  1.3180E+001,  2.3278E+001, -1.9211E-003
  1.3190E+001,  2.3278E+001, -1.9211E-003
  1.3200E+001,  2.3269E+001, -1.1069E-002
