# [Parameters]
# Name = 'firc'
# ShotNo = 176731
# Date = '01/22/2022 01:26'
# 
# DimNo = 1
# DimName = 'Time'
# DimSize = 1311
# DimUnit = 's'
# 
# ValNo = 2
# ValName = 'nL(3669)', 'nL(3759)'
# ValUnit = 'e19m-2', 'e19m-2'
# [Comments]
#  
# [data]
  1.00000E-001,  2.3779E-003,  6.1415E-003
  1.10000E-001,  2.3779E-003,  6.1415E-003
  1.20000E-001,  2.3779E-003, -2.9709E-003
  1.30000E-001,  2.3779E-003, -2.9709E-003
  1.40000E-001, -6.6974E-003, -2.9709E-003
  1.50000E-001,  2.3779E-003, -2.9709E-003
  1.60000E-001, -6.6974E-003, -2.9709E-003
  1.70000E-001, -6.6974E-003, -2.9709E-003
  1.80000E-001,  1.1453E-002,  6.1415E-003
  1.90000E-001,  2.3779E-003,  6.1415E-003
  2.00000E-001,  2.3779E-003,  6.1415E-003
  2.10000E-001,  2.3779E-003, -2.9709E-003
  2.20000E-001,  2.3779E-003,  6.1415E-003
  2.30000E-001,  2.3779E-003,  6.1415E-003
  2.40000E-001,  2.3779E-003, -2.9709E-003
  2.50000E-001,  2.3779E-003, -2.9709E-003
  2.60000E-001, -6.6974E-003, -2.9709E-003
  2.70000E-001, -6.6974E-003, -2.9709E-003
  2.80000E-001, -6.6974E-003, -2.9709E-003
  2.90000E-001, -6.6974E-003, -2.9709E-003
  3.00000E-001, -6.6974E-003, -2.9709E-003
  3.10000E-001,  2.3779E-003, -2.9709E-003
  3.20000E-001,  1.1453E-002,  6.1415E-003
  3.30000E-001,  2.3779E-003,  6.1415E-003
  3.40000E-001, -6.6974E-003, -2.9709E-003
  3.50000E-001, -6.6974E-003, -2.9709E-003
  3.60000E-001, -6.6974E-003, -2.9709E-003
  3.70000E-001, -6.6974E-003, -2.9709E-003
  3.80000E-001,  2.3779E-003, -2.9709E-003
  3.90000E-001, -6.6974E-003, -2.9709E-003
  4.00000E-001, -6.6974E-003, -1.2082E-002
  4.10000E-001, -6.6974E-003, -2.9709E-003
  4.20000E-001,  2.3779E-003, -2.9709E-003
  4.30000E-001,  2.3779E-003,  1.5253E-002
  4.40000E-001, -6.6974E-003,  6.1415E-003
  4.50000E-001,  2.3779E-003,  6.1415E-003
  4.60000E-001,  1.1453E-002,  6.1415E-003
  4.70000E-001,  2.3779E-003,  6.1415E-003
  4.80000E-001,  1.1453E-002,  6.1415E-003
  4.90000E-001, -6.6974E-003, -2.9709E-003
  5.00000E-001, -1.5774E-002, -2.9709E-003
  5.10000E-001, -6.6974E-003, -2.9709E-003
  5.20000E-001,  2.3779E-003, -2.9709E-003
  5.30000E-001,  2.3779E-003, -2.9709E-003
  5.40000E-001, -6.6974E-003,  6.1415E-003
  5.50000E-001,  2.3779E-003, -2.9709E-003
  5.60000E-001, -6.6974E-003,  6.1415E-003
  5.70000E-001,  1.1453E-002, -2.9709E-003
  5.80000E-001,  2.3779E-003, -2.9709E-003
  5.90000E-001,  2.3779E-003, -2.9709E-003
  6.00000E-001, -6.6974E-003, -2.9709E-003
  6.10000E-001, -1.5774E-002, -1.2082E-002
  6.20000E-001, -6.6974E-003, -2.9709E-003
  6.30000E-001, -6.6974E-003, -2.9709E-003
  6.40000E-001, -6.6974E-003, -2.9709E-003
  6.50000E-001,  2.3779E-003,  6.1415E-003
  6.60000E-001,  2.3779E-003,  6.1415E-003
  6.70000E-001,  2.3779E-003,  6.1415E-003
  6.80000E-001,  1.1453E-002,  6.1415E-003
  6.90000E-001,  1.1453E-002, -2.9709E-003
  7.00000E-001, -6.6974E-003, -2.9709E-003
  7.10000E-001, -6.6974E-003, -1.2082E-002
  7.20000E-001,  2.3779E-003, -2.9709E-003
  7.30000E-001,  1.1453E-002, -2.9709E-003
  7.40000E-001,  2.3779E-003,  6.1415E-003
  7.50000E-001,  2.3779E-003, -2.9709E-003
  7.60000E-001,  2.3779E-003, -2.9709E-003
  7.70000E-001,  2.3779E-003,  6.1415E-003
  7.80000E-001,  2.3779E-003,  6.1415E-003
  7.90000E-001,  2.3779E-003, -2.9709E-003
  8.00000E-001,  1.1453E-002,  6.1415E-003
  8.10000E-001,  2.3779E-003, -2.9709E-003
  8.20000E-001, -6.6974E-003, -2.9709E-003
  8.30000E-001, -6.6974E-003, -2.9709E-003
  8.40000E-001, -6.6974E-003, -2.9709E-003
  8.50000E-001,  2.3779E-003, -2.9709E-003
  8.60000E-001, -6.6974E-003, -2.9709E-003
  8.70000E-001,  2.3779E-003,  6.1415E-003
  8.80000E-001,  2.3779E-003,  6.1415E-003
  8.90000E-001,  2.3779E-003, -2.9709E-003
  9.00000E-001,  2.3779E-003,  6.1415E-003
  9.10000E-001, -6.6974E-003, -2.9709E-003
  9.20000E-001,  2.3779E-003, -2.9709E-003
  9.30000E-001, -6.6974E-003, -2.9709E-003
  9.40000E-001, -6.6974E-003, -2.9709E-003
  9.50000E-001,  2.3779E-003, -2.9709E-003
  9.60000E-001,  2.3779E-003, -2.9709E-003
  9.70000E-001,  2.3779E-003, -2.9709E-003
  9.80000E-001, -6.6974E-003, -2.9709E-003
  9.90000E-001, -6.6974E-003, -2.9709E-003
  1.00000E+000,  2.3779E-003,  6.1415E-003
  1.01000E+000,  1.1453E-002,  6.1415E-003
  1.02000E+000,  1.1453E-002,  6.1415E-003
  1.03000E+000,  2.3779E-003, -2.9709E-003
  1.04000E+000,  2.3779E-003, -2.9709E-003
  1.05000E+000, -6.6974E-003, -2.9709E-003
  1.06000E+000, -6.6974E-003, -2.9709E-003
  1.07000E+000,  2.3779E-003, -2.9709E-003
  1.08000E+000,  2.3779E-003, -2.9709E-003
  1.09000E+000,  2.3779E-003, -2.9709E-003
  1.10000E+000,  2.3779E-003,  6.1415E-003
  1.11000E+000, -1.5774E-002, -2.9709E-003
  1.12000E+000,  2.3779E-003, -2.9709E-003
  1.13000E+000,  2.3779E-003,  6.1415E-003
  1.14000E+000,  2.3779E-003, -2.9709E-003
  1.15000E+000, -6.6974E-003, -2.9709E-003
  1.16000E+000,  2.3779E-003, -2.9709E-003
  1.17000E+000, -6.6974E-003, -2.9709E-003
  1.18000E+000, -6.6974E-003, -2.9709E-003
  1.19000E+000, -1.5774E-002, -1.2082E-002
  1.20000E+000, -6.6974E-003, -2.9709E-003
  1.21000E+000,  2.3779E-003, -2.9709E-003
  1.22000E+000,  2.3779E-003, -2.9709E-003
  1.23000E+000,  2.3779E-003,  6.1415E-003
  1.24000E+000,  2.3779E-003, -2.9709E-003
  1.25000E+000, -6.6974E-003, -2.9709E-003
  1.26000E+000,  2.3779E-003, -2.9709E-003
  1.27000E+000, -6.6974E-003, -2.9709E-003
  1.28000E+000, -6.6974E-003, -2.9709E-003
  1.29000E+000, -6.6974E-003, -2.9709E-003
  1.30000E+000, -6.6974E-003, -2.9709E-003
  1.31000E+000, -6.6974E-003, -2.9709E-003
  1.32000E+000, -6.6974E-003, -2.9709E-003
  1.33000E+000, -6.6974E-003, -2.9709E-003
  1.34000E+000,  2.3779E-003,  6.1415E-003
  1.35000E+000,  1.1453E-002,  6.1415E-003
  1.36000E+000,  1.1453E-002,  6.1415E-003
  1.37000E+000, -6.6974E-003,  6.1415E-003
  1.38000E+000, -6.6974E-003, -2.9709E-003
  1.39000E+000, -6.6974E-003, -2.9709E-003
  1.40000E+000, -6.6974E-003, -2.9709E-003
  1.41000E+000, -1.5774E-002, -2.9709E-003
  1.42000E+000, -6.6974E-003, -2.9709E-003
  1.43000E+000,  2.3779E-003, -2.9709E-003
  1.44000E+000, -6.6974E-003, -2.9709E-003
  1.45000E+000,  2.3779E-003, -2.9709E-003
  1.46000E+000,  2.3779E-003, -2.9709E-003
  1.47000E+000, -6.6974E-003,  6.1415E-003
  1.48000E+000,  2.3779E-003, -2.9709E-003
  1.49000E+000,  2.3779E-003, -2.9709E-003
  1.50000E+000,  2.3779E-003,  6.1415E-003
  1.51000E+000,  2.3779E-003, -1.2082E-002
  1.52000E+000, -1.5774E-002, -1.2082E-002
  1.53000E+000, -6.6974E-003, -2.9709E-003
  1.54000E+000, -1.5774E-002, -2.9709E-003
  1.55000E+000,  2.3779E-003, -2.9709E-003
  1.56000E+000,  2.3779E-003, -2.9709E-003
  1.57000E+000,  2.3779E-003,  6.1415E-003
  1.58000E+000, -6.6974E-003, -2.9709E-003
  1.59000E+000,  2.3779E-003, -2.9709E-003
  1.60000E+000, -6.6974E-003, -2.9709E-003
  1.61000E+000, -6.6974E-003, -2.9709E-003
  1.62000E+000, -1.5774E-002, -2.9709E-003
  1.63000E+000, -6.6974E-003, -2.9709E-003
  1.64000E+000, -6.6974E-003, -2.9709E-003
  1.65000E+000,  2.3779E-003, -2.9709E-003
  1.66000E+000,  2.3779E-003, -2.9709E-003
  1.67000E+000, -6.6974E-003, -2.9709E-003
  1.68000E+000,  2.3779E-003, -2.9709E-003
  1.69000E+000,  1.1453E-002,  6.1415E-003
  1.70000E+000,  2.3779E-003, -2.9709E-003
  1.71000E+000,  2.3779E-003, -2.9709E-003
  1.72000E+000, -6.6974E-003, -2.9709E-003
  1.73000E+000, -6.6974E-003, -2.9709E-003
  1.74000E+000,  2.3779E-003, -2.9709E-003
  1.75000E+000, -6.6974E-003, -2.9709E-003
  1.76000E+000, -6.6974E-003, -2.9709E-003
  1.77000E+000, -6.6974E-003, -1.2082E-002
  1.78000E+000, -6.6974E-003, -2.9709E-003
  1.79000E+000, -6.6974E-003, -2.9709E-003
  1.80000E+000, -6.6974E-003, -2.9709E-003
  1.81000E+000,  2.3779E-003, -2.9709E-003
  1.82000E+000, -6.6974E-003, -2.9709E-003
  1.83000E+000,  2.3779E-003, -2.9709E-003
  1.84000E+000,  2.3779E-003, -2.9709E-003
  1.85000E+000, -6.6974E-003, -2.9709E-003
  1.86000E+000, -6.6974E-003, -2.9709E-003
  1.87000E+000, -6.6974E-003, -1.2082E-002
  1.88000E+000,  2.3779E-003, -2.9709E-003
  1.89000E+000, -1.5774E-002, -2.9709E-003
  1.90000E+000, -6.6974E-003, -2.9709E-003
  1.91000E+000,  2.3779E-003, -2.9709E-003
  1.92000E+000,  2.3779E-003,  6.1415E-003
  1.93000E+000, -6.6974E-003,  6.1415E-003
  1.94000E+000,  2.3779E-003, -2.9709E-003
  1.95000E+000,  2.3779E-003, -2.9709E-003
  1.96000E+000, -6.6974E-003, -2.9709E-003
  1.97000E+000, -6.6974E-003, -2.9709E-003
  1.98000E+000, -6.6974E-003, -2.9709E-003
  1.99000E+000, -1.5774E-002, -2.9709E-003
  2.00000E+000,  2.3779E-003, -2.9709E-003
  2.01000E+000,  2.3779E-003, -2.9709E-003
  2.02000E+000,  1.1453E-002,  6.1415E-003
  2.03000E+000,  2.3779E-003,  6.1415E-003
  2.04000E+000,  2.3779E-003, -2.9709E-003
  2.05000E+000, -6.6974E-003, -2.9709E-003
  2.06000E+000,  2.3779E-003,  6.1415E-003
  2.07000E+000, -1.5774E-002, -2.9709E-003
  2.08000E+000,  1.1453E-002, -2.9709E-003
  2.09000E+000, -1.5774E-002, -2.9709E-003
  2.10000E+000, -1.5774E-002, -1.2082E-002
  2.11000E+000, -6.6974E-003, -2.9709E-003
  2.12000E+000, -6.6974E-003, -2.9709E-003
  2.13000E+000,  2.3779E-003,  6.1415E-003
  2.14000E+000,  2.3779E-003,  6.1415E-003
  2.15000E+000, -6.6974E-003, -2.9709E-003
  2.16000E+000, -6.6974E-003, -2.9709E-003
  2.17000E+000, -6.6974E-003, -2.9709E-003
  2.18000E+000, -6.6974E-003, -1.2082E-002
  2.19000E+000, -6.6974E-003, -2.9709E-003
  2.20000E+000,  2.3779E-003, -2.9709E-003
  2.21000E+000,  2.3779E-003, -2.9709E-003
  2.22000E+000, -6.6974E-003, -2.9709E-003
  2.23000E+000,  2.3779E-003, -2.9709E-003
  2.24000E+000,  2.3779E-003, -2.9709E-003
  2.25000E+000,  2.3779E-003, -2.9709E-003
  2.26000E+000,  1.1453E-002, -2.9709E-003
  2.27000E+000,  2.3779E-003,  6.1415E-003
  2.28000E+000,  2.3779E-003,  6.1415E-003
  2.29000E+000,  2.3779E-003, -2.9709E-003
  2.30000E+000,  2.3779E-003, -2.9709E-003
  2.31000E+000, -6.6974E-003, -2.9709E-003
  2.32000E+000, -1.5774E-002, -1.2082E-002
  2.33000E+000, -6.6974E-003, -2.9709E-003
  2.34000E+000, -6.6974E-003, -2.9709E-003
  2.35000E+000, -6.6974E-003, -2.9709E-003
  2.36000E+000,  2.3779E-003, -2.9709E-003
  2.37000E+000, -6.6974E-003, -2.9709E-003
  2.38000E+000,  2.3779E-003, -2.9709E-003
  2.39000E+000, -6.6974E-003, -2.9709E-003
  2.40000E+000, -6.6974E-003,  6.1415E-003
  2.41000E+000, -6.6974E-003, -2.9709E-003
  2.42000E+000, -1.5774E-002, -1.2082E-002
  2.43000E+000, -1.5774E-002, -2.9709E-003
  2.44000E+000, -6.6974E-003, -2.9709E-003
  2.45000E+000, -1.5774E-002, -2.9709E-003
  2.46000E+000, -1.5774E-002, -2.9709E-003
  2.47000E+000, -6.6974E-003, -2.9709E-003
  2.48000E+000,  2.3779E-003,  6.1415E-003
  2.49000E+000,  2.3779E-003, -2.9709E-003
  2.50000E+000,  2.3779E-003, -2.9709E-003
  2.51000E+000, -6.6974E-003, -2.9709E-003
  2.52000E+000,  2.3779E-003, -2.9709E-003
  2.53000E+000,  2.3779E-003,  6.1415E-003
  2.54000E+000, -6.6974E-003,  6.1415E-003
  2.55000E+000,  2.3779E-003, -2.9709E-003
  2.56000E+000,  2.3779E-003, -2.9709E-003
  2.57000E+000, -6.6974E-003, -2.9709E-003
  2.58000E+000, -6.6974E-003, -2.9709E-003
  2.59000E+000, -6.6974E-003, -2.9709E-003
  2.60000E+000,  2.3779E-003,  6.1415E-003
  2.61000E+000, -6.6974E-003, -2.9709E-003
  2.62000E+000,  2.3779E-003, -2.9709E-003
  2.63000E+000,  2.3779E-003, -2.9709E-003
  2.64000E+000, -1.5774E-002, -1.2082E-002
  2.65000E+000, -6.6974E-003, -2.9709E-003
  2.66000E+000, -6.6974E-003, -2.9709E-003
  2.67000E+000, -1.5774E-002, -1.2082E-002
  2.68000E+000,  2.3779E-003, -2.9709E-003
  2.69000E+000, -6.6974E-003, -1.2082E-002
  2.70000E+000,  2.3779E-003, -2.9709E-003
  2.71000E+000,  2.3779E-003, -2.9709E-003
  2.72000E+000, -6.6974E-003, -2.9709E-003
  2.73000E+000,  2.3779E-003, -2.9709E-003
  2.74000E+000, -6.6974E-003, -2.9709E-003
  2.75000E+000,  2.3779E-003, -2.9709E-003
  2.76000E+000,  2.3779E-003, -2.9709E-003
  2.77000E+000, -6.6974E-003, -1.2082E-002
  2.78000E+000, -6.6974E-003, -2.9709E-003
  2.79000E+000, -1.5774E-002, -1.2082E-002
  2.80000E+000, -6.6974E-003, -2.9709E-003
  2.81000E+000,  2.3779E-003, -2.9709E-003
  2.82000E+000,  1.1453E-002,  6.1415E-003
  2.83000E+000,  1.1453E-002,  6.1415E-003
  2.84000E+000,  2.3779E-003,  6.1415E-003
  2.85000E+000,  2.3779E-003,  6.1415E-003
  2.86000E+000,  2.3779E-003, -2.9709E-003
  2.87000E+000, -6.6974E-003, -2.9709E-003
  2.88000E+000, -6.6974E-003, -2.9709E-003
  2.89000E+000,  2.3779E-003, -2.9709E-003
  2.90000E+000, -6.6974E-003, -2.9709E-003
  2.91000E+000, -6.6974E-003, -2.9709E-003
  2.92000E+000, -1.5774E-002, -1.2082E-002
  2.93000E+000, -6.6974E-003, -2.9709E-003
  2.94000E+000,  2.3779E-003, -2.9709E-003
  2.95000E+000,  2.3779E-003,  6.1415E-003
  2.96000E+000,  2.3779E-003, -2.9709E-003
  2.97000E+000,  2.3779E-003, -1.2082E-002
  2.98000E+000,  2.3779E-003, -2.9709E-003
  2.99000E+000, -6.6974E-003, -2.9709E-003
  3.00000E+000, -6.6974E-003, -2.9709E-003
  3.01000E+000,  3.2003E-001,  3.1594E-001
  3.02000E+000,  4.7431E-001,  4.7084E-001
  3.03000E+000,  6.1045E-001,  6.1663E-001
  3.04000E+000,  7.2843E-001,  7.2598E-001
  3.05000E+000,  8.1919E-001,  8.2621E-001
  3.06000E+000,  8.8272E-001,  8.8999E-001
  3.07000E+000,  9.3717E-001,  9.4466E-001
  3.08000E+000,  9.7347E-001,  9.9022E-001
  3.09000E+000,  1.0098E+000,  1.0176E+000
  3.10000E+000,  1.0370E+000,  1.0449E+000
  3.11000E+000,  1.0461E+000,  1.0631E+000
  3.12000E+000,  1.0461E+000,  1.0631E+000
  3.13000E+000,  1.0461E+000,  1.0813E+000
  3.14000E+000,  1.0552E+000,  1.0904E+000
  3.15000E+000,  1.0733E+000,  1.0904E+000
  3.16000E+000,  1.0642E+000,  1.0996E+000
  3.17000E+000,  1.0733E+000,  1.0996E+000
  3.18000E+000,  1.0642E+000,  1.0904E+000
  3.19000E+000,  1.0552E+000,  1.0904E+000
  3.20000E+000,  1.0461E+000,  1.0813E+000
  3.21000E+000,  1.0461E+000,  1.0813E+000
  3.22000E+000,  1.0370E+000,  1.0722E+000
  3.23000E+000,  1.0279E+000,  1.0631E+000
  3.24000E+000,  1.0279E+000,  1.0631E+000
  3.25000E+000,  1.0279E+000,  1.0540E+000
  3.26000E+000,  1.0279E+000,  1.0631E+000
  3.27000E+000,  1.0279E+000,  1.0631E+000
  3.28000E+000,  1.0279E+000,  1.0540E+000
  3.29000E+000,  1.0279E+000,  1.0540E+000
  3.30000E+000,  1.0279E+000,  1.0631E+000
  3.31000E+000,  1.0642E+000,  1.1087E+000
  3.32000E+000,  1.3183E+000,  1.3638E+000
  3.33000E+000,  1.8447E+000,  1.8558E+000
  3.34000E+000,  2.4074E+000,  2.4481E+000
  3.35000E+000,  3.3513E+000,  3.3228E+000
  3.36000E+000,  3.2515E+000,  3.0404E+000
  3.37000E+000,  3.6780E+000,  3.4595E+000
  3.38000E+000,  3.8232E+000,  3.7875E+000
  3.39000E+000,  4.1137E+000,  4.1611E+000
  3.40000E+000,  4.0683E+000,  4.1520E+000
  3.41000E+000,  3.9231E+000,  4.0153E+000
  3.42000E+000,  3.7688E+000,  3.8696E+000
  3.43000E+000,  3.6326E+000,  3.7329E+000
  3.44000E+000,  3.5419E+000,  3.6418E+000
  3.45000E+000,  3.5237E+000,  3.6144E+000
  3.46000E+000,  3.5419E+000,  3.6418E+000
  3.47000E+000,  3.6145E+000,  3.7055E+000
  3.48000E+000,  3.7234E+000,  3.7967E+000
  3.49000E+000,  3.8505E+000,  3.8969E+000
  3.50000E+000,  3.9866E+000,  4.0153E+000
  3.51000E+000,  4.1409E+000,  4.1429E+000
  3.52000E+000,  4.2770E+000,  4.2705E+000
  3.53000E+000,  4.4313E+000,  4.3980E+000
  3.54000E+000,  4.5674E+000,  4.5256E+000
  3.55000E+000,  4.6945E+000,  4.6623E+000
  3.56000E+000,  4.8306E+000,  4.7898E+000
  3.57000E+000,  4.9668E+000,  4.9265E+000
  3.58000E+000,  5.1120E+000,  5.0632E+000
  3.59000E+000,  5.2572E+000,  5.1999E+000
  3.60000E+000,  5.4115E+000,  5.3457E+000
  3.61000E+000,  5.5476E+000,  5.4915E+000
  3.62000E+000,  5.6837E+000,  5.6281E+000
  3.63000E+000,  5.8380E+000,  5.7739E+000
  3.64000E+000,  5.9742E+000,  5.9288E+000
  3.65000E+000,  6.1194E+000,  6.0655E+000
  3.66000E+000,  6.2827E+000,  6.2022E+000
  3.67000E+000,  6.4007E+000,  6.3480E+000
  3.68000E+000,  6.5369E+000,  6.4755E+000
  3.69000E+000,  6.6639E+000,  6.6122E+000
  3.70000E+000,  6.7819E+000,  6.7398E+000
  3.71000E+000,  6.9271E+000,  6.8765E+000
  3.72000E+000,  7.0905E+000,  7.0131E+000
  3.73000E+000,  7.2085E+000,  7.1589E+000
  3.74000E+000,  7.3174E+000,  7.2774E+000
  3.75000E+000,  7.4263E+000,  7.3867E+000
  3.76000E+000,  7.5624E+000,  7.5234E+000
  3.77000E+000,  7.6804E+000,  7.6419E+000
  3.78000E+000,  7.7530E+000,  7.7330E+000
  3.79000E+000,  7.8801E+000,  7.8605E+000
  3.80000E+000,  7.9890E+000,  7.9608E+000
  3.81000E+000,  8.1160E+000,  8.1066E+000
  3.82000E+000,  8.2431E+000,  8.2250E+000
  3.83000E+000,  8.3701E+000,  8.3799E+000
  3.84000E+000,  8.4609E+000,  8.4710E+000
  3.85000E+000,  8.5789E+000,  8.5804E+000
  3.86000E+000,  8.6969E+000,  8.6897E+000
  3.87000E+000,  8.7967E+000,  8.8082E+000
  3.88000E+000,  8.9147E+000,  8.9266E+000
  3.89000E+000,  9.0327E+000,  9.0542E+000
  3.90000E+000,  9.1416E+000,  9.1180E+000
  3.91000E+000,  9.2323E+000,  9.2546E+000
  3.92000E+000,  9.3866E+000,  9.3913E+000
  3.93000E+000,  9.4683E+000,  9.5098E+000
  3.94000E+000,  9.6498E+000,  9.7102E+000
  3.95000E+000,  9.8132E+000,  9.8105E+000
  3.96000E+000,  9.9312E+000,  9.9471E+000
  3.97000E+000,  1.0095E+001,  1.0175E+001
  3.98000E+000,  1.0267E+001,  1.0330E+001
  3.99000E+000,  1.0421E+001,  1.0512E+001
  4.00000E+000,  1.0621E+001,  1.0913E+001
  4.01000E+000,  1.1211E+001,  1.1305E+001
  4.02000E+000,  1.1311E+001,  1.1514E+001
  4.03000E+000,  1.1538E+001,  1.1824E+001
  4.04000E+000,  1.1583E+001,  1.1997E+001
  4.05000E+000,  1.1892E+001,  1.1797E+001
  4.06000E+000,  1.2481E+001,  1.2280E+001
  4.07000E+000,  1.3062E+001,  1.2735E+001
  4.08000E+000,  1.3425E+001,  1.3145E+001
  4.09000E+000,  1.4024E+001,  1.3829E+001
  4.10000E+000,  1.4115E+001,  1.3729E+001
  4.11000E+000,  1.4478E+001,  1.4129E+001
  4.12000E+000,  1.4351E+001,  1.4175E+001
  4.13000E+000,  1.4578E+001,  1.4366E+001
  4.14000E+000,  1.4778E+001,  1.4685E+001
  4.15000E+000,  1.4714E+001,  1.4840E+001
  4.16000E+000,  1.5004E+001,  1.5104E+001
  4.17000E+000,  1.4714E+001,  1.4913E+001
  4.18000E+000,  1.4868E+001,  1.4813E+001
  4.19000E+000,  1.4750E+001,  1.4731E+001
  4.20000E+000,  1.4478E+001,  1.4685E+001
  4.21000E+000,  1.4024E+001,  1.4321E+001
  4.22000E+000,  1.3561E+001,  1.4111E+001
  4.23000E+000,  1.3153E+001,  1.3847E+001
  4.24000E+000,  1.2944E+001,  1.3610E+001
  4.25000E+000,  1.2899E+001,  1.3619E+001
  4.26000E+000,  1.2972E+001,  1.3546E+001
  4.27000E+000,  1.2953E+001,  1.3565E+001
  4.28000E+000,  1.2935E+001,  1.3528E+001
  4.29000E+000,  1.2690E+001,  1.3483E+001
  4.30000E+000,  1.2890E+001,  1.3692E+001
  4.31000E+000,  1.2899E+001,  1.3674E+001
  4.32000E+000,  1.2962E+001,  1.3729E+001
  4.33000E+000,  1.2890E+001,  1.3410E+001
  4.34000E+000,  1.2745E+001,  1.3528E+001
  4.35000E+000,  1.2926E+001,  1.3838E+001
  4.36000E+000,  1.2745E+001,  1.3473E+001
  4.37000E+000,  1.2990E+001,  1.3610E+001
  4.38000E+000,  1.2899E+001,  1.3637E+001
  4.39000E+000,  1.2835E+001,  1.3610E+001
  4.40000E+000,  1.3017E+001,  1.3683E+001
  4.41000E+000,  1.2872E+001,  1.3665E+001
  4.42000E+000,  1.2935E+001,  1.3546E+001
  4.43000E+000,  1.2990E+001,  1.3656E+001
  4.44000E+000,  1.3453E+001,  1.3856E+001
  4.45000E+000,  1.3471E+001,  1.3874E+001
  4.46000E+000,  1.3362E+001,  1.3847E+001
  4.47000E+000,  1.3571E+001,  1.4102E+001
  4.48000E+000,  1.3906E+001,  1.4239E+001
  4.49000E+000,  1.3843E+001,  1.4157E+001
  4.50000E+000,  1.4042E+001,  1.4321E+001
  4.51000E+000,  1.3752E+001,  1.4084E+001
  4.52000E+000,  1.3698E+001,  1.3975E+001
  4.53000E+000,  1.3480E+001,  1.3874E+001
  4.54000E+000,  1.3471E+001,  1.3765E+001
  4.55000E+000,  1.3162E+001,  1.3674E+001
  4.56000E+000,  1.2990E+001,  1.3473E+001
  4.57000E+000,  1.3026E+001,  1.3519E+001
  4.58000E+000,  1.2817E+001,  1.3455E+001
  4.59000E+000,  1.2745E+001,  1.3437E+001
  4.60000E+000,  1.2872E+001,  1.3473E+001
  4.61000E+000,  1.2854E+001,  1.3446E+001
  4.62000E+000,  1.2854E+001,  1.3455E+001
  4.63000E+000,  1.2817E+001,  1.3483E+001
  4.64000E+000,  1.2817E+001,  1.3428E+001
  4.65000E+000,  1.2926E+001,  1.3455E+001
  4.66000E+000,  1.3080E+001,  1.3537E+001
  4.67000E+000,  1.3062E+001,  1.3610E+001
  4.68000E+000,  1.3316E+001,  1.3756E+001
  4.69000E+000,  1.3126E+001,  1.3601E+001
  4.70000E+000,  1.3226E+001,  1.3610E+001
  4.71000E+000,  1.3235E+001,  1.3701E+001
  4.72000E+000,  1.3253E+001,  1.3665E+001
  4.73000E+000,  1.3561E+001,  1.3856E+001
  4.74000E+000,  1.3217E+001,  1.3683E+001
  4.75000E+000,  1.3498E+001,  1.3938E+001
  4.76000E+000,  1.3416E+001,  1.3820E+001
  4.77000E+000,  1.3271E+001,  1.3774E+001
  4.78000E+000,  1.3198E+001,  1.3747E+001
  4.79000E+000,  1.3589E+001,  1.4066E+001
  4.80000E+000,  1.3099E+001,  1.3619E+001
  4.81000E+000,  1.3443E+001,  1.3747E+001
  4.82000E+000,  1.3507E+001,  1.3674E+001
  4.83000E+000,  1.2935E+001,  1.3510E+001
  4.84000E+000,  1.2953E+001,  1.3574E+001
  4.85000E+000,  1.2881E+001,  1.3446E+001
  4.86000E+000,  1.3117E+001,  1.3464E+001
  4.87000E+000,  1.2908E+001,  1.3455E+001
  4.88000E+000,  1.3144E+001,  1.3528E+001
  4.89000E+000,  1.2881E+001,  1.3437E+001
  4.90000E+000,  1.3180E+001,  1.3592E+001
  4.91000E+000,  1.2944E+001,  1.3483E+001
  4.92000E+000,  1.3008E+001,  1.3528E+001
  4.93000E+000,  1.3108E+001,  1.3619E+001
  4.94000E+000,  1.3026E+001,  1.3574E+001
  4.95000E+000,  1.3017E+001,  1.3583E+001
  4.96000E+000,  1.3153E+001,  1.3656E+001
  4.97000E+000,  1.3162E+001,  1.3519E+001
  4.98000E+000,  1.3026E+001,  1.3692E+001
  4.99000E+000,  1.3207E+001,  1.3656E+001
  5.00000E+000,  1.3207E+001,  1.3610E+001
  5.01000E+000,  1.3652E+001,  1.3856E+001
  5.02000E+000,  1.3235E+001,  1.3628E+001
  5.03000E+000,  1.3307E+001,  1.3747E+001
  5.04000E+000,  1.3135E+001,  1.3492E+001
  5.05000E+000,  1.3026E+001,  1.3574E+001
  5.06000E+000,  1.3126E+001,  1.3583E+001
  5.07000E+000,  1.3017E+001,  1.3583E+001
  5.08000E+000,  1.2917E+001,  1.3510E+001
  5.09000E+000,  1.2981E+001,  1.3492E+001
  5.10000E+000,  1.2935E+001,  1.3492E+001
  5.11000E+000,  1.2899E+001,  1.3492E+001
  5.12000E+000,  1.3044E+001,  1.3519E+001
  5.13000E+000,  1.2990E+001,  1.3601E+001
  5.14000E+000,  1.2917E+001,  1.3492E+001
  5.15000E+000,  1.3008E+001,  1.3528E+001
  5.16000E+000,  1.3017E+001,  1.3483E+001
  5.17000E+000,  1.2999E+001,  1.3519E+001
  5.18000E+000,  1.2990E+001,  1.3565E+001
  5.19000E+000,  1.3008E+001,  1.3483E+001
  5.20000E+000,  1.2917E+001,  1.3574E+001
  5.21000E+000,  1.3026E+001,  1.3528E+001
  5.22000E+000,  1.3198E+001,  1.3656E+001
  5.23000E+000,  1.3035E+001,  1.3592E+001
  5.24000E+000,  1.3171E+001,  1.3519E+001
  5.25000E+000,  1.3171E+001,  1.3574E+001
  5.26000E+000,  1.3035E+001,  1.3647E+001
  5.27000E+000,  1.3017E+001,  1.3565E+001
  5.28000E+000,  1.2917E+001,  1.3519E+001
  5.29000E+000,  1.2790E+001,  1.3501E+001
  5.30000E+000,  1.2881E+001,  1.3346E+001
  5.31000E+000,  1.2890E+001,  1.3601E+001
  5.32000E+000,  1.2391E+001,  1.3036E+001
  5.33000E+000,  1.2373E+001,  1.3000E+001
  5.34000E+000,  1.2309E+001,  1.3027E+001
  5.35000E+000,  1.2255E+001,  1.2990E+001
  5.36000E+000,  1.2563E+001,  1.3082E+001
  5.37000E+000,  1.2509E+001,  1.2972E+001
  5.38000E+000,  1.2618E+001,  1.3109E+001
  5.39000E+000,  1.2536E+001,  1.3036E+001
  5.40000E+000,  1.2681E+001,  1.3009E+001
  5.41000E+000,  1.2781E+001,  1.3100E+001
  5.42000E+000,  1.2917E+001,  1.3164E+001
  5.43000E+000,  1.3135E+001,  1.3300E+001
  5.44000E+000,  1.3099E+001,  1.3337E+001
  5.45000E+000,  1.3171E+001,  1.3273E+001
  5.46000E+000,  1.3099E+001,  1.3328E+001
  5.47000E+000,  1.3099E+001,  1.3437E+001
  5.48000E+000,  1.3280E+001,  1.3437E+001
  5.49000E+000,  1.3144E+001,  1.3437E+001
  5.50000E+000,  1.3153E+001,  1.3446E+001
  5.51000E+000,  1.2781E+001,  1.3237E+001
  5.52000E+000,  1.2926E+001,  1.3328E+001
  5.53000E+000,  1.2672E+001,  1.3127E+001
  5.54000E+000,  1.2763E+001,  1.3182E+001
  5.55000E+000,  1.2500E+001,  1.3100E+001
  5.56000E+000,  1.2427E+001,  1.3027E+001
  5.57000E+000,  1.2218E+001,  1.2890E+001
  5.58000E+000,  1.2037E+001,  1.2799E+001
  5.59000E+000,  1.1919E+001,  1.2653E+001
  5.60000E+000,  1.1764E+001,  1.2517E+001
  5.61000E+000,  1.1692E+001,  1.2517E+001
  5.62000E+000,  1.1592E+001,  1.2462E+001
  5.63000E+000,  1.1492E+001,  1.2334E+001
  5.64000E+000,  1.1320E+001,  1.2180E+001
  5.65000E+000,  1.1338E+001,  1.2280E+001
  5.66000E+000,  1.2046E+001,  1.2243E+001
  5.67000E+000,  1.1365E+001,  1.2025E+001
  5.68000E+000,  1.1165E+001,  1.1888E+001
  5.69000E+000,  1.1057E+001,  1.1924E+001
  5.70000E+000,  1.0966E+001,  1.1779E+001
  5.71000E+000,  1.1020E+001,  1.2043E+001
  5.72000E+000,  1.0703E+001,  1.1678E+001
  5.73000E+000,  1.0966E+001,  1.1742E+001
  5.74000E+000,  1.0929E+001,  1.1651E+001
  5.75000E+000,  1.0739E+001,  1.1742E+001
  5.76000E+000,  1.0612E+001,  1.1624E+001
  5.77000E+000,  1.0548E+001,  1.1551E+001
  5.78000E+000,  1.0421E+001,  1.1414E+001
  5.79000E+000,  1.0358E+001,  1.1332E+001
  5.80000E+000,  1.0349E+001,  1.1332E+001
  5.81000E+000,  1.0222E+001,  1.1195E+001
  5.82000E+000,  1.0131E+001,  1.1123E+001
  5.83000E+000,  1.0049E+001,  1.1031E+001
  5.84000E+000,  9.9856E+000,  1.0949E+001
  5.85000E+000,  9.9039E+000,  1.0822E+001
  5.86000E+000,  9.8041E+000,  1.0776E+001
  5.87000E+000,  9.7678E+000,  1.0713E+001
  5.88000E+000,  9.6589E+000,  1.0585E+001
  5.89000E+000,  9.5954E+000,  1.0539E+001
  5.90000E+000,  9.5137E+000,  1.0457E+001
  5.91000E+000,  9.4229E+000,  1.0357E+001
  5.92000E+000,  9.3775E+000,  1.0293E+001
  5.93000E+000,  9.2868E+000,  1.0184E+001
  5.94000E+000,  9.2414E+000,  1.0157E+001
  5.95000E+000,  9.1507E+000,  1.0029E+001
  5.96000E+000,  9.0780E+000,  9.9654E+000
  5.97000E+000,  8.9964E+000,  9.8742E+000
  5.98000E+000,  8.9238E+000,  9.8014E+000
  5.99000E+000,  8.8602E+000,  9.7193E+000
  6.00000E+000,  8.7785E+000,  9.6373E+000
  6.01000E+000,  8.7059E+000,  9.5644E+000
  6.02000E+000,  8.6424E+000,  9.4916E+000
  6.03000E+000,  8.5698E+000,  9.4369E+000
  6.04000E+000,  8.5063E+000,  9.3458E+000
  6.05000E+000,  8.4337E+000,  9.2729E+000
  6.06000E+000,  8.3883E+000,  9.2091E+000
  6.07000E+000,  8.3429E+000,  9.1362E+000
  6.08000E+000,  8.2612E+000,  9.0542E+000
  6.09000E+000,  8.1886E+000,  8.9813E+000
  6.10000E+000,  8.1342E+000,  8.8993E+000
  6.11000E+000,  8.0706E+000,  8.8264E+000
  6.12000E+000,  8.0162E+000,  8.7626E+000
  6.13000E+000,  7.9617E+000,  8.6806E+000
  6.14000E+000,  7.8982E+000,  8.6259E+000
  6.15000E+000,  7.8528E+000,  8.5530E+000
  6.16000E+000,  7.8075E+000,  8.4984E+000
  6.17000E+000,  7.7439E+000,  8.4164E+000
  6.18000E+000,  7.6895E+000,  8.3617E+000
  6.19000E+000,  7.6259E+000,  8.2797E+000
  6.20000E+000,  7.5806E+000,  8.2068E+000
  6.21000E+000,  7.5170E+000,  8.1430E+000
  6.22000E+000,  7.4898E+000,  8.0883E+000
  6.23000E+000,  7.4263E+000,  8.0063E+000
  6.24000E+000,  7.3809E+000,  7.9608E+000
  6.25000E+000,  7.3174E+000,  7.8696E+000
  6.26000E+000,  7.2811E+000,  7.8332E+000
  6.27000E+000,  7.2266E+000,  7.7512E+000
  6.28000E+000,  7.1722E+000,  7.6783E+000
  6.29000E+000,  7.1268E+000,  7.6236E+000
  6.30000E+000,  7.0723E+000,  7.5872E+000
  6.31000E+000,  7.0360E+000,  7.5234E+000
  6.32000E+000,  6.9725E+000,  7.4596E+000
  6.33000E+000,  6.9271E+000,  7.4049E+000
  6.34000E+000,  6.8817E+000,  7.3412E+000
  6.35000E+000,  6.8364E+000,  7.2865E+000
  6.36000E+000,  6.7910E+000,  7.2318E+000
  6.37000E+000,  6.7456E+000,  7.1680E+000
  6.38000E+000,  6.7002E+000,  7.1225E+000
  6.39000E+000,  6.6730E+000,  7.0769E+000
  6.40000E+000,  6.6276E+000,  7.0131E+000
  6.41000E+000,  6.5822E+000,  6.9676E+000
  6.42000E+000,  6.5369E+000,  6.9129E+000
  6.43000E+000,  6.5006E+000,  6.8673E+000
  6.44000E+000,  6.4643E+000,  6.8127E+000
  6.45000E+000,  6.4189E+000,  6.7671E+000
  6.46000E+000,  6.3735E+000,  6.7216E+000
  6.47000E+000,  6.3463E+000,  6.6851E+000
  6.48000E+000,  6.3190E+000,  6.6304E+000
  6.49000E+000,  6.2737E+000,  6.5849E+000
  6.50000E+000,  6.2192E+000,  6.5393E+000
  6.51000E+000,  6.1829E+000,  6.5120E+000
  6.52000E+000,  6.1375E+000,  6.4482E+000
  6.53000E+000,  6.1194E+000,  6.4300E+000
  6.54000E+000,  6.0831E+000,  6.3753E+000
  6.55000E+000,  6.0377E+000,  6.3297E+000
  6.56000E+000,  5.9923E+000,  6.2842E+000
  6.57000E+000,  5.9560E+000,  6.2477E+000
  6.58000E+000,  5.9197E+000,  6.2022E+000
  6.59000E+000,  5.8743E+000,  6.1657E+000
  6.60000E+000,  5.8380E+000,  6.1202E+000
  6.61000E+000,  5.8108E+000,  6.0746E+000
  6.62000E+000,  5.7745E+000,  6.0473E+000
  6.63000E+000,  5.7564E+000,  6.0017E+000
  6.64000E+000,  5.7110E+000,  5.9653E+000
  6.65000E+000,  5.6747E+000,  5.9379E+000
  6.66000E+000,  5.6474E+000,  5.8924E+000
  6.67000E+000,  5.6202E+000,  5.8650E+000
  6.68000E+000,  5.6021E+000,  5.8286E+000
  6.69000E+000,  5.5567E+000,  5.7830E+000
  6.70000E+000,  5.5204E+000,  5.7466E+000
  6.71000E+000,  5.4932E+000,  5.7101E+000
  6.72000E+000,  5.4659E+000,  5.6828E+000
  6.73000E+000,  5.4478E+000,  5.6555E+000
  6.74000E+000,  5.4115E+000,  5.6281E+000
  6.75000E+000,  5.3933E+000,  5.5826E+000
  6.76000E+000,  5.3570E+000,  5.5644E+000
  6.77000E+000,  5.3207E+000,  5.5188E+000
  6.78000E+000,  5.3026E+000,  5.4915E+000
  6.79000E+000,  5.2844E+000,  5.4641E+000
  6.80000E+000,  5.2390E+000,  5.4277E+000
  6.81000E+000,  5.2118E+000,  5.4003E+000
  6.82000E+000,  5.1755E+000,  5.3548E+000
  6.83000E+000,  5.1664E+000,  5.3457E+000
  6.84000E+000,  5.1392E+000,  5.3092E+000
  6.85000E+000,  5.1120E+000,  5.3001E+000
  6.86000E+000,  5.0666E+000,  5.2637E+000
  6.87000E+000,  5.0484E+000,  5.2272E+000
  6.88000E+000,  5.0212E+000,  5.1999E+000
  6.89000E+000,  5.0031E+000,  5.1725E+000
  6.90000E+000,  4.9849E+000,  5.1543E+000
  6.91000E+000,  4.9577E+000,  5.1179E+000
  6.92000E+000,  4.9214E+000,  5.0997E+000
  6.93000E+000,  4.9032E+000,  5.0632E+000
  6.94000E+000,  4.8942E+000,  5.0541E+000
  6.95000E+000,  4.8760E+000,  5.0268E+000
  6.96000E+000,  4.8306E+000,  5.0085E+000
  6.97000E+000,  4.7943E+000,  4.9903E+000
  6.98000E+000,  4.7671E+000,  4.9721E+000
  6.99000E+000,  4.7490E+000,  4.9356E+000
  7.00000E+000,  4.7217E+000,  4.9174E+000
  7.01000E+000,  4.7126E+000,  4.8992E+000
  7.02000E+000,  4.6945E+000,  4.8627E+000
  7.03000E+000,  4.6673E+000,  4.8536E+000
  7.04000E+000,  4.6400E+000,  4.8354E+000
  7.05000E+000,  4.6219E+000,  4.8081E+000
  7.06000E+000,  4.6128E+000,  4.7807E+000
  7.07000E+000,  4.5856E+000,  4.7807E+000
  7.08000E+000,  4.5765E+000,  4.7534E+000
  7.09000E+000,  4.5584E+000,  4.7261E+000
  7.10000E+000,  4.5311E+000,  4.7170E+000
  7.11000E+000,  4.5402E+000,  4.6896E+000
  7.12000E+000,  4.5039E+000,  4.6805E+000
  7.13000E+000,  4.4948E+000,  4.6623E+000
  7.14000E+000,  4.4767E+000,  4.6441E+000
  7.15000E+000,  4.4585E+000,  4.6076E+000
  7.16000E+000,  4.4313E+000,  4.6076E+000
  7.17000E+000,  4.4313E+000,  4.5803E+000
  7.18000E+000,  4.4041E+000,  4.5621E+000
  7.19000E+000,  4.3768E+000,  4.5529E+000
  7.20000E+000,  4.3678E+000,  4.5347E+000
  7.21000E+000,  4.3587E+000,  4.5074E+000
  7.22000E+000,  4.3405E+000,  4.4983E+000
  7.23000E+000,  4.3224E+000,  4.4892E+000
  7.24000E+000,  4.3042E+000,  4.4709E+000
  7.25000E+000,  4.2861E+000,  4.4436E+000
  7.26000E+000,  4.2770E+000,  4.4345E+000
  7.27000E+000,  4.3042E+000,  4.4436E+000
  7.28000E+000,  4.3405E+000,  4.4709E+000
  7.29000E+000,  4.3950E+000,  4.5165E+000
  7.30000E+000,  4.4585E+000,  4.5894E+000
  7.31000E+000,  4.5130E+000,  4.6532E+000
  7.32000E+000,  4.5765E+000,  4.7352E+000
  7.33000E+000,  4.6582E+000,  4.8172E+000
  7.34000E+000,  4.7217E+000,  4.9083E+000
  7.35000E+000,  4.6582E+000,  4.7716E+000
  7.36000E+000,  4.6128E+000,  4.6805E+000
  7.37000E+000,  4.8306E+000,  4.8627E+000
  7.38000E+000,  4.9940E+000,  5.0723E+000
  7.39000E+000,  5.1574E+000,  5.2090E+000
  7.40000E+000,  5.3479E+000,  5.3548E+000
  7.41000E+000,  5.3479E+000,  5.3548E+000
  7.42000E+000,  5.7564E+000,  5.6008E+000
  7.43000E+000,  6.0468E+000,  5.7922E+000
  7.44000E+000,  6.2374E+000,  6.0746E+000
  7.45000E+000,  6.7274E+000,  6.4209E+000
  7.46000E+000,  5.1937E+000,  6.3024E+000
  7.47000E+000,  4.2044E+000,  5.2272E+000
  7.48000E+000,  1.5089E+000,  1.8285E+000
  7.49000E+000,  3.6540E-001,  4.4351E-001
  7.50000E+000,  6.5908E-002,  6.9924E-002
  7.51000E+000,  2.9605E-002,  1.5253E-002
  7.52000E+000,  1.1453E-002,  6.1415E-003
  7.53000E+000,  1.1453E-002,  6.1415E-003
  7.54000E+000,  1.1453E-002,  6.1415E-003
  7.55000E+000,  2.3779E-003,  6.1415E-003
  7.56000E+000,  2.3779E-003,  6.1415E-003
  7.57000E+000,  1.1453E-002,  6.1415E-003
  7.58000E+000,  1.1453E-002,  6.1415E-003
  7.59000E+000,  2.3779E-003, -2.9709E-003
  7.60000E+000, -6.6974E-003, -2.9709E-003
  7.61000E+000, -6.6974E-003, -2.9709E-003
  7.62000E+000, -6.6974E-003, -2.9709E-003
  7.63000E+000,  2.3779E-003, -2.9709E-003
  7.64000E+000,  2.3779E-003, -2.9709E-003
  7.65000E+000, -6.6974E-003, -1.2082E-002
  7.66000E+000, -1.5774E-002, -1.2082E-002
  7.67000E+000, -6.6974E-003, -2.9709E-003
  7.68000E+000, -6.6974E-003, -2.9709E-003
  7.69000E+000,  2.3779E-003, -2.9709E-003
  7.70000E+000,  2.3779E-003, -2.9709E-003
  7.71000E+000, -6.6974E-003, -2.9709E-003
  7.72000E+000, -6.6974E-003, -2.9709E-003
  7.73000E+000, -6.6974E-003,  6.1415E-003
  7.74000E+000,  2.3779E-003, -2.9709E-003
  7.75000E+000, -6.6974E-003, -2.9709E-003
  7.76000E+000, -6.6974E-003, -2.9709E-003
  7.77000E+000,  2.3779E-003, -2.9709E-003
  7.78000E+000,  2.3779E-003, -2.9709E-003
  7.79000E+000,  2.3779E-003, -2.9709E-003
  7.80000E+000, -6.6974E-003, -2.9709E-003
  7.81000E+000,  2.3779E-003,  6.1415E-003
  7.82000E+000,  2.3779E-003,  1.5253E-002
  7.83000E+000,  1.1453E-002, -2.9709E-003
  7.84000E+000,  1.1453E-002,  6.1415E-003
  7.85000E+000,  2.3779E-003, -2.9709E-003
  7.86000E+000, -6.6974E-003, -2.9709E-003
  7.87000E+000, -6.6974E-003, -2.9709E-003
  7.88000E+000, -6.6974E-003, -2.9709E-003
  7.89000E+000, -6.6974E-003, -2.9709E-003
  7.90000E+000,  2.3779E-003, -2.9709E-003
  7.91000E+000,  2.3779E-003, -2.9709E-003
  7.92000E+000,  2.3779E-003, -2.9709E-003
  7.93000E+000,  2.3779E-003, -2.9709E-003
  7.94000E+000,  2.3779E-003,  6.1415E-003
  7.95000E+000, -6.6974E-003, -2.9709E-003
  7.96000E+000, -6.6974E-003, -2.9709E-003
  7.97000E+000,  2.3779E-003, -2.9709E-003
  7.98000E+000,  2.3779E-003, -2.9709E-003
  7.99000E+000, -6.6974E-003, -2.9709E-003
  8.00000E+000, -6.6974E-003, -2.9709E-003
  8.01000E+000, -6.6974E-003, -2.9709E-003
  8.02000E+000, -6.6974E-003, -2.9709E-003
  8.03000E+000, -6.6974E-003, -2.9709E-003
  8.04000E+000,  2.3779E-003,  6.1415E-003
  8.05000E+000, -6.6974E-003, -2.9709E-003
  8.06000E+000, -6.6974E-003, -2.9709E-003
  8.07000E+000, -6.6974E-003, -2.9709E-003
  8.08000E+000,  2.3779E-003,  6.1415E-003
  8.09000E+000,  2.3779E-003, -2.9709E-003
  8.10000E+000,  2.3779E-003, -2.9709E-003
  8.11000E+000,  2.3779E-003, -2.9709E-003
  8.12000E+000,  2.3779E-003, -2.9709E-003
  8.13000E+000, -6.6974E-003, -2.9709E-003
  8.14000E+000, -6.6974E-003, -2.9709E-003
  8.15000E+000,  2.3779E-003, -2.9709E-003
  8.16000E+000,  2.3779E-003, -2.9709E-003
  8.17000E+000,  2.3779E-003, -2.9709E-003
  8.18000E+000,  1.1453E-002,  6.1415E-003
  8.19000E+000,  2.3779E-003, -2.9709E-003
  8.20000E+000,  2.3779E-003,  6.1415E-003
  8.21000E+000,  2.3779E-003, -2.9709E-003
  8.22000E+000, -6.6974E-003, -2.9709E-003
  8.23000E+000, -6.6974E-003, -2.9709E-003
  8.24000E+000,  2.3779E-003, -2.9709E-003
  8.25000E+000, -6.6974E-003, -2.9709E-003
  8.26000E+000, -6.6974E-003, -2.9709E-003
  8.27000E+000,  2.3779E-003, -2.9709E-003
  8.28000E+000,  2.3779E-003, -2.9709E-003
  8.29000E+000,  2.3779E-003, -2.9709E-003
  8.30000E+000, -6.6974E-003, -2.9709E-003
  8.31000E+000, -6.6974E-003, -2.9709E-003
  8.32000E+000,  2.3779E-003, -2.9709E-003
  8.33000E+000, -6.6974E-003, -1.2082E-002
  8.34000E+000, -1.5774E-002, -1.2082E-002
  8.35000E+000, -1.5774E-002, -1.2082E-002
  8.36000E+000, -6.6974E-003, -2.9709E-003
  8.37000E+000,  2.3779E-003, -2.9709E-003
  8.38000E+000,  2.3779E-003, -2.9709E-003
  8.39000E+000,  2.3779E-003, -2.9709E-003
  8.40000E+000, -6.6974E-003,  6.1415E-003
  8.41000E+000,  2.3779E-003, -2.9709E-003
  8.42000E+000,  2.3779E-003,  6.1415E-003
  8.43000E+000,  2.3779E-003, -2.9709E-003
  8.44000E+000,  2.3779E-003,  6.1415E-003
  8.45000E+000, -6.6974E-003, -2.9709E-003
  8.46000E+000,  2.3779E-003,  6.1415E-003
  8.47000E+000,  2.3779E-003,  6.1415E-003
  8.48000E+000,  2.3779E-003,  6.1415E-003
  8.49000E+000,  2.3779E-003, -2.9709E-003
  8.50000E+000, -6.6974E-003, -2.9709E-003
  8.51000E+000,  2.3779E-003, -2.9709E-003
  8.52000E+000,  2.3779E-003,  6.1415E-003
  8.53000E+000,  2.3779E-003, -2.9709E-003
  8.54000E+000,  2.3779E-003, -2.9709E-003
  8.55000E+000,  2.3779E-003, -2.9709E-003
  8.56000E+000, -6.6974E-003, -2.9709E-003
  8.57000E+000,  2.3779E-003, -2.9709E-003
  8.58000E+000, -6.6974E-003, -1.2082E-002
  8.59000E+000,  2.3779E-003, -1.2082E-002
  8.60000E+000, -1.5774E-002, -1.2082E-002
  8.61000E+000, -6.6974E-003, -1.2082E-002
  8.62000E+000, -1.5774E-002, -2.9709E-003
  8.63000E+000,  2.3779E-003, -2.9709E-003
  8.64000E+000,  2.3779E-003, -2.9709E-003
  8.65000E+000,  2.3779E-003, -2.9709E-003
  8.66000E+000, -6.6974E-003, -2.9709E-003
  8.67000E+000, -6.6974E-003, -2.9709E-003
  8.68000E+000, -6.6974E-003, -1.2082E-002
  8.69000E+000,  2.3779E-003, -2.9709E-003
  8.70000E+000, -6.6974E-003, -2.9709E-003
  8.71000E+000,  2.3779E-003,  6.1415E-003
  8.72000E+000,  2.3779E-003, -2.9709E-003
  8.73000E+000,  2.3779E-003, -2.9709E-003
  8.74000E+000, -6.6974E-003,  6.1415E-003
  8.75000E+000,  1.1453E-002, -2.9709E-003
  8.76000E+000,  2.3779E-003,  6.1415E-003
  8.77000E+000,  2.3779E-003, -2.9709E-003
  8.78000E+000,  2.3779E-003, -2.9709E-003
  8.79000E+000,  2.3779E-003, -2.9709E-003
  8.80000E+000,  2.3779E-003, -2.9709E-003
  8.81000E+000, -6.6974E-003, -2.9709E-003
  8.82000E+000, -1.5774E-002, -2.9709E-003
  8.83000E+000, -6.6974E-003, -2.9709E-003
  8.84000E+000, -6.6974E-003, -1.2082E-002
  8.85000E+000, -6.6974E-003, -1.2082E-002
  8.86000E+000, -6.6974E-003, -2.9709E-003
  8.87000E+000, -1.5774E-002, -1.2082E-002
  8.88000E+000, -6.6974E-003, -1.2082E-002
  8.89000E+000,  2.3779E-003, -2.9709E-003
  8.90000E+000,  2.3779E-003, -2.9709E-003
  8.91000E+000, -6.6974E-003,  6.1415E-003
  8.92000E+000, -1.5774E-002, -2.9709E-003
  8.93000E+000, -6.6974E-003, -2.9709E-003
  8.94000E+000, -6.6974E-003, -2.9709E-003
  8.95000E+000, -6.6974E-003, -1.2082E-002
  8.96000E+000, -6.6974E-003, -2.9709E-003
  8.97000E+000,  2.3779E-003, -2.9709E-003
  8.98000E+000,  2.3779E-003,  6.1415E-003
  8.99000E+000,  1.1453E-002, -2.9709E-003
  9.00000E+000,  1.1453E-002,  6.1415E-003
  9.01000E+000,  2.3779E-003, -2.9709E-003
  9.02000E+000, -6.6974E-003, -2.9709E-003
  9.03000E+000,  2.3779E-003, -2.9709E-003
  9.04000E+000,  1.1453E-002,  6.1415E-003
  9.05000E+000,  1.1453E-002, -2.9709E-003
  9.06000E+000,  2.3779E-003, -2.9709E-003
  9.07000E+000, -1.5774E-002, -1.2082E-002
  9.08000E+000, -6.6974E-003, -1.2082E-002
  9.09000E+000,  2.3779E-003, -2.9709E-003
  9.10000E+000, -6.6974E-003, -2.9709E-003
  9.11000E+000, -6.6974E-003, -2.9709E-003
  9.12000E+000, -6.6974E-003, -2.9709E-003
  9.13000E+000, -6.6974E-003, -2.9709E-003
  9.14000E+000, -6.6974E-003, -2.9709E-003
  9.15000E+000, -6.6974E-003, -2.9709E-003
  9.16000E+000,  2.3779E-003, -2.9709E-003
  9.17000E+000, -1.5774E-002, -2.9709E-003
  9.18000E+000,  2.3779E-003, -2.9709E-003
  9.19000E+000,  2.3779E-003, -2.9709E-003
  9.20000E+000, -6.6974E-003, -2.9709E-003
  9.21000E+000,  2.3779E-003, -2.9709E-003
  9.22000E+000, -6.6974E-003, -2.9709E-003
  9.23000E+000, -6.6974E-003,  6.1415E-003
  9.24000E+000,  1.1453E-002, -2.9709E-003
  9.25000E+000,  2.3779E-003, -2.9709E-003
  9.26000E+000,  1.1453E-002,  6.1415E-003
  9.27000E+000,  2.3779E-003, -2.9709E-003
  9.28000E+000,  2.3779E-003, -2.9709E-003
  9.29000E+000, -6.6974E-003, -2.9709E-003
  9.30000E+000,  2.3779E-003, -2.9709E-003
  9.31000E+000,  2.3779E-003, -2.9709E-003
  9.32000E+000,  2.3779E-003, -2.9709E-003
  9.33000E+000, -6.6974E-003, -2.9709E-003
  9.34000E+000,  2.3779E-003, -2.9709E-003
  9.35000E+000,  2.3779E-003, -2.9709E-003
  9.36000E+000,  2.3779E-003, -2.9709E-003
  9.37000E+000,  2.3779E-003, -2.9709E-003
  9.38000E+000,  2.3779E-003, -2.9709E-003
  9.39000E+000,  2.3779E-003, -2.9709E-003
  9.40000E+000, -6.6974E-003, -2.9709E-003
  9.41000E+000,  2.3779E-003, -2.1194E-002
  9.42000E+000, -6.6974E-003, -2.9709E-003
  9.43000E+000,  2.3779E-003, -1.2082E-002
  9.44000E+000,  2.3779E-003, -2.9709E-003
  9.45000E+000, -6.6974E-003, -2.9709E-003
  9.46000E+000,  2.3779E-003, -1.2082E-002
  9.47000E+000, -6.6974E-003, -2.9709E-003
  9.48000E+000,  2.3779E-003, -2.9709E-003
  9.49000E+000,  2.3779E-003, -2.9709E-003
  9.50000E+000,  2.3779E-003, -2.9709E-003
  9.51000E+000, -6.6974E-003, -2.9709E-003
  9.52000E+000,  2.3779E-003, -2.9709E-003
  9.53000E+000,  2.3779E-003, -2.9709E-003
  9.54000E+000,  2.3779E-003, -2.9709E-003
  9.55000E+000, -6.6974E-003, -2.9709E-003
  9.56000E+000, -6.6974E-003, -2.9709E-003
  9.57000E+000,  2.3779E-003, -2.9709E-003
  9.58000E+000,  2.3779E-003, -2.9709E-003
  9.59000E+000,  1.1453E-002,  6.1415E-003
  9.60000E+000,  1.1453E-002,  6.1415E-003
  9.61000E+000,  1.1453E-002,  6.1415E-003
  9.62000E+000,  2.3779E-003, -2.9709E-003
  9.63000E+000,  2.3779E-003, -2.9709E-003
  9.64000E+000,  2.3779E-003, -2.9709E-003
  9.65000E+000,  2.3779E-003, -2.9709E-003
  9.66000E+000,  2.3779E-003, -2.9709E-003
  9.67000E+000,  2.3779E-003, -2.9709E-003
  9.68000E+000,  2.3779E-003, -2.9709E-003
  9.69000E+000, -6.6974E-003, -2.9709E-003
  9.70000E+000, -6.6974E-003, -2.9709E-003
  9.71000E+000, -6.6974E-003, -2.9709E-003
  9.72000E+000,  2.3779E-003, -2.9709E-003
  9.73000E+000,  2.3779E-003, -2.9709E-003
  9.74000E+000,  1.1453E-002, -2.9709E-003
  9.75000E+000, -6.6974E-003, -2.9709E-003
  9.76000E+000, -1.5774E-002, -2.9709E-003
  9.77000E+000, -6.6974E-003, -1.2082E-002
  9.78000E+000,  2.3779E-003, -1.2082E-002
  9.79000E+000,  2.3779E-003, -2.9709E-003
  9.80000E+000,  2.3779E-003, -2.9709E-003
  9.81000E+000,  2.3779E-003, -2.9709E-003
  9.82000E+000,  2.3779E-003, -2.9709E-003
  9.83000E+000,  2.3779E-003, -2.9709E-003
  9.84000E+000,  2.3779E-003, -2.9709E-003
  9.85000E+000,  2.3779E-003, -2.9709E-003
  9.86000E+000,  2.3779E-003, -2.9709E-003
  9.87000E+000,  1.1453E-002, -2.9709E-003
  9.88000E+000,  2.3779E-003, -2.9709E-003
  9.89000E+000,  2.3779E-003, -2.9709E-003
  9.90000E+000, -1.5774E-002, -2.9709E-003
  9.91000E+000,  2.3779E-003, -2.9709E-003
  9.92000E+000,  2.3779E-003, -2.9709E-003
  9.93000E+000,  2.3779E-003, -2.9709E-003
  9.94000E+000,  2.3779E-003, -2.9709E-003
  9.95000E+000, -6.6974E-003, -2.9709E-003
  9.96000E+000, -6.6974E-003, -2.9709E-003
  9.97000E+000,  1.1453E-002, -2.9709E-003
  9.98000E+000,  2.3779E-003, -2.9709E-003
  9.99000E+000,  1.1453E-002,  6.1415E-003
  1.00000E+001, -6.6974E-003, -2.9709E-003
  1.00100E+001, -6.6974E-003, -1.2082E-002
  1.00200E+001, -6.6974E-003, -2.9709E-003
  1.00300E+001, -6.6974E-003, -2.9709E-003
  1.00400E+001,  2.3779E-003, -2.9709E-003
  1.00500E+001,  2.3779E-003, -1.2082E-002
  1.00600E+001,  2.3779E-003, -2.9709E-003
  1.00700E+001,  2.3779E-003, -2.9709E-003
  1.00800E+001,  2.3779E-003,  6.1415E-003
  1.00900E+001,  2.3779E-003, -2.9709E-003
  1.01000E+001, -6.6974E-003, -2.9709E-003
  1.01100E+001,  2.3779E-003, -2.9709E-003
  1.01200E+001,  2.3779E-003, -2.9709E-003
  1.01300E+001, -6.6974E-003, -2.9709E-003
  1.01400E+001,  1.1453E-002, -2.9709E-003
  1.01500E+001, -6.6974E-003, -2.9709E-003
  1.01600E+001,  2.3779E-003, -2.9709E-003
  1.01700E+001, -6.6974E-003, -2.9709E-003
  1.01800E+001,  2.3779E-003,  6.1415E-003
  1.01900E+001,  2.3779E-003, -2.9709E-003
  1.02000E+001,  2.3779E-003,  6.1415E-003
  1.02100E+001,  2.3779E-003, -2.9709E-003
  1.02200E+001,  2.3779E-003, -2.9709E-003
  1.02300E+001,  2.3779E-003, -2.9709E-003
  1.02400E+001, -6.6974E-003, -2.9709E-003
  1.02500E+001,  2.3779E-003, -2.9709E-003
  1.02600E+001,  2.3779E-003, -2.9709E-003
  1.02700E+001, -6.6974E-003, -2.9709E-003
  1.02800E+001, -6.6974E-003, -2.9709E-003
  1.02900E+001, -6.6974E-003, -2.9709E-003
  1.03000E+001,  2.3779E-003, -2.9709E-003
  1.03100E+001, -6.6974E-003, -2.9709E-003
  1.03200E+001,  2.3779E-003, -2.9709E-003
  1.03300E+001,  1.1453E-002,  6.1415E-003
  1.03400E+001,  1.1453E-002, -2.9709E-003
  1.03500E+001,  2.3779E-003, -2.9709E-003
  1.03600E+001,  1.1453E-002, -2.9709E-003
  1.03700E+001, -6.6974E-003, -2.9709E-003
  1.03800E+001, -6.6974E-003, -2.9709E-003
  1.03900E+001, -6.6974E-003, -2.9709E-003
  1.04000E+001,  2.3779E-003, -2.9709E-003
  1.04100E+001,  1.1453E-002, -2.9709E-003
  1.04200E+001,  2.3779E-003,  6.1415E-003
  1.04300E+001,  2.3779E-003, -2.9709E-003
  1.04400E+001,  2.3779E-003,  6.1415E-003
  1.04500E+001,  2.3779E-003, -2.9709E-003
  1.04600E+001,  2.3779E-003,  6.1415E-003
  1.04700E+001,  2.3779E-003, -2.9709E-003
  1.04800E+001,  2.3779E-003, -2.9709E-003
  1.04900E+001,  2.3779E-003, -2.9709E-003
  1.05000E+001, -6.6974E-003, -2.9709E-003
  1.05100E+001,  2.3779E-003, -1.2082E-002
  1.05200E+001,  2.3779E-003, -1.2082E-002
  1.05300E+001,  2.3779E-003, -2.9709E-003
  1.05400E+001,  1.1453E-002, -2.9709E-003
  1.05500E+001,  2.3779E-003, -2.9709E-003
  1.05600E+001, -6.6974E-003, -2.9709E-003
  1.05700E+001, -6.6974E-003, -2.9709E-003
  1.05800E+001,  2.3779E-003, -2.9709E-003
  1.05900E+001,  2.3779E-003,  6.1415E-003
  1.06000E+001,  2.3779E-003, -2.9709E-003
  1.06100E+001, -6.6974E-003, -2.9709E-003
  1.06200E+001,  2.3779E-003, -2.9709E-003
  1.06300E+001,  2.3779E-003, -2.9709E-003
  1.06400E+001,  2.3779E-003,  6.1415E-003
  1.06500E+001,  2.3779E-003, -2.9709E-003
  1.06600E+001,  2.3779E-003, -2.9709E-003
  1.06700E+001,  2.3779E-003,  6.1415E-003
  1.06800E+001,  1.1453E-002, -2.9709E-003
  1.06900E+001,  1.1453E-002,  6.1415E-003
  1.07000E+001,  2.3779E-003, -2.9709E-003
  1.07100E+001, -6.6974E-003, -2.9709E-003
  1.07200E+001, -6.6974E-003, -2.9709E-003
  1.07300E+001,  2.3779E-003, -2.9709E-003
  1.07400E+001,  2.3779E-003, -2.9709E-003
  1.07500E+001,  1.1453E-002, -2.9709E-003
  1.07600E+001,  2.3779E-003,  6.1415E-003
  1.07700E+001,  2.3779E-003, -2.9709E-003
  1.07800E+001,  2.3779E-003, -2.9709E-003
  1.07900E+001,  1.1453E-002, -2.9709E-003
  1.08000E+001,  1.1453E-002,  6.1415E-003
  1.08100E+001,  2.3779E-003,  6.1415E-003
  1.08200E+001,  2.3779E-003, -2.9709E-003
  1.08300E+001,  2.3779E-003, -2.9709E-003
  1.08400E+001,  2.3779E-003, -2.9709E-003
  1.08500E+001,  2.3779E-003, -2.9709E-003
  1.08600E+001,  1.1453E-002, -2.9709E-003
  1.08700E+001,  2.3779E-003, -2.9709E-003
  1.08800E+001,  1.1453E-002, -2.9709E-003
  1.08900E+001,  2.3779E-003, -2.9709E-003
  1.09000E+001, -6.6974E-003,  6.1415E-003
  1.09100E+001,  2.3779E-003, -2.9709E-003
  1.09200E+001,  2.3779E-003, -2.9709E-003
  1.09300E+001, -6.6974E-003, -2.9709E-003
  1.09400E+001,  1.1453E-002,  6.1415E-003
  1.09500E+001,  2.3779E-003,  6.1415E-003
  1.09600E+001,  1.1453E-002, -2.9709E-003
  1.09700E+001,  2.3779E-003, -2.9709E-003
  1.09800E+001,  1.1453E-002, -2.9709E-003
  1.09900E+001,  2.3779E-003,  6.1415E-003
  1.10000E+001,  2.3779E-003, -2.9709E-003
  1.10100E+001,  1.1453E-002,  6.1415E-003
  1.10200E+001,  2.3779E-003,  6.1415E-003
  1.10300E+001,  2.3779E-003, -2.9709E-003
  1.10400E+001,  2.3779E-003,  6.1415E-003
  1.10500E+001,  2.3779E-003, -2.9709E-003
  1.10600E+001,  1.1453E-002,  6.1415E-003
  1.10700E+001,  2.3779E-003, -2.9709E-003
  1.10800E+001,  1.1453E-002, -2.9709E-003
  1.10900E+001,  2.3779E-003, -2.9709E-003
  1.11000E+001,  2.3779E-003, -1.2082E-002
  1.11100E+001,  2.3779E-003, -2.9709E-003
  1.11200E+001,  2.3779E-003, -2.9709E-003
  1.11300E+001,  1.1453E-002, -2.9709E-003
  1.11400E+001,  1.1453E-002, -2.9709E-003
  1.11500E+001,  2.3779E-003,  6.1415E-003
  1.11600E+001,  1.1453E-002, -2.9709E-003
  1.11700E+001,  1.1453E-002, -2.9709E-003
  1.11800E+001,  2.3779E-003,  6.1415E-003
  1.11900E+001,  2.3779E-003, -2.9709E-003
  1.12000E+001,  2.3779E-003, -2.9709E-003
  1.12100E+001,  2.3779E-003, -2.9709E-003
  1.12200E+001,  2.3779E-003, -2.9709E-003
  1.12300E+001, -1.5774E-002, -2.9709E-003
  1.12400E+001,  2.3779E-003, -2.9709E-003
  1.12500E+001,  2.3779E-003, -2.9709E-003
  1.12600E+001,  2.3779E-003, -2.9709E-003
  1.12700E+001,  2.3779E-003,  6.1415E-003
  1.12800E+001,  1.1453E-002, -2.9709E-003
  1.12900E+001,  1.1453E-002,  6.1415E-003
  1.13000E+001,  2.3779E-003,  6.1415E-003
  1.13100E+001,  2.3779E-003, -2.9709E-003
  1.13200E+001, -6.6974E-003, -2.9709E-003
  1.13300E+001, -6.6974E-003, -2.9709E-003
  1.13400E+001,  1.1453E-002,  6.1415E-003
  1.13500E+001,  1.1453E-002,  6.1415E-003
  1.13600E+001,  2.3779E-003, -2.9709E-003
  1.13700E+001,  2.3779E-003, -2.9709E-003
  1.13800E+001,  2.3779E-003, -2.9709E-003
  1.13900E+001, -6.6974E-003,  6.1415E-003
  1.14000E+001,  2.3779E-003, -2.9709E-003
  1.14100E+001,  1.1453E-002,  6.1415E-003
  1.14200E+001,  2.3779E-003, -2.9709E-003
  1.14300E+001,  2.3779E-003, -1.2082E-002
  1.14400E+001,  2.3779E-003, -2.9709E-003
  1.14500E+001, -6.6974E-003, -2.9709E-003
  1.14600E+001, -6.6974E-003, -2.9709E-003
  1.14700E+001,  2.3779E-003, -2.9709E-003
  1.14800E+001,  2.3779E-003, -2.9709E-003
  1.14900E+001,  2.3779E-003,  6.1415E-003
  1.15000E+001,  2.3779E-003,  6.1415E-003
  1.15100E+001,  2.3779E-003,  6.1415E-003
  1.15200E+001,  1.1453E-002,  6.1415E-003
  1.15300E+001,  2.3779E-003, -2.9709E-003
  1.15400E+001, -6.6974E-003,  6.1415E-003
  1.15500E+001, -6.6974E-003, -2.9709E-003
  1.15600E+001, -6.6974E-003,  6.1415E-003
  1.15700E+001,  2.3779E-003, -2.9709E-003
  1.15800E+001,  2.3779E-003,  6.1415E-003
  1.15900E+001, -6.6974E-003,  6.1415E-003
  1.16000E+001,  1.1453E-002,  6.1415E-003
  1.16100E+001,  2.3779E-003,  6.1415E-003
  1.16200E+001,  2.3779E-003,  6.1415E-003
  1.16300E+001,  1.1453E-002,  6.1415E-003
  1.16400E+001,  2.3779E-003, -2.9709E-003
  1.16500E+001, -1.5774E-002,  6.1415E-003
  1.16600E+001, -6.6974E-003,  6.1415E-003
  1.16700E+001,  2.3779E-003, -2.9709E-003
  1.16800E+001,  2.3779E-003, -2.9709E-003
  1.16900E+001,  2.3779E-003, -2.9709E-003
  1.17000E+001, -6.6974E-003, -2.9709E-003
  1.17100E+001,  2.3779E-003, -2.9709E-003
  1.17200E+001, -6.6974E-003,  6.1415E-003
  1.17300E+001, -6.6974E-003,  6.1415E-003
  1.17400E+001, -6.6974E-003, -2.9709E-003
  1.17500E+001,  2.3779E-003, -2.9709E-003
  1.17600E+001, -6.6974E-003, -2.9709E-003
  1.17700E+001,  1.1453E-002, -2.9709E-003
  1.17800E+001,  2.3779E-003,  6.1415E-003
  1.17900E+001, -6.6974E-003, -2.9709E-003
  1.18000E+001, -6.6974E-003, -2.9709E-003
  1.18100E+001,  2.3779E-003,  6.1415E-003
  1.18200E+001,  1.1453E-002, -2.9709E-003
  1.18300E+001,  2.3779E-003,  6.1415E-003
  1.18400E+001,  2.3779E-003,  6.1415E-003
  1.18500E+001, -6.6974E-003, -2.9709E-003
  1.18600E+001,  2.3779E-003, -2.9709E-003
  1.18700E+001,  2.3779E-003, -2.9709E-003
  1.18800E+001,  2.3779E-003,  6.1415E-003
  1.18900E+001,  2.3779E-003,  6.1415E-003
  1.19000E+001, -6.6974E-003, -2.9709E-003
  1.19100E+001, -1.5774E-002, -2.9709E-003
  1.19200E+001, -6.6974E-003, -2.9709E-003
  1.19300E+001, -6.6974E-003, -2.9709E-003
  1.19400E+001,  2.3779E-003, -2.9709E-003
  1.19500E+001,  2.3779E-003, -2.9709E-003
  1.19600E+001,  2.3779E-003, -2.9709E-003
  1.19700E+001,  1.1453E-002, -2.9709E-003
  1.19800E+001,  2.3779E-003, -2.9709E-003
  1.19900E+001,  2.3779E-003, -2.9709E-003
  1.20000E+001, -6.6974E-003, -2.9709E-003
  1.20100E+001,  2.3779E-003, -2.9709E-003
  1.20200E+001,  2.3779E-003, -2.9709E-003
  1.20300E+001,  2.3779E-003, -2.9709E-003
  1.20400E+001,  2.3779E-003, -2.9709E-003
  1.20500E+001,  2.3779E-003, -2.9709E-003
  1.20600E+001,  1.1453E-002, -2.9709E-003
  1.20700E+001, -6.6974E-003, -2.9709E-003
  1.20800E+001,  2.3779E-003, -2.9709E-003
  1.20900E+001,  2.3779E-003, -2.9709E-003
  1.21000E+001,  2.3779E-003, -2.9709E-003
  1.21100E+001,  2.3779E-003, -2.9709E-003
  1.21200E+001,  2.3779E-003, -2.9709E-003
  1.21300E+001, -6.6974E-003, -2.9709E-003
  1.21400E+001,  2.3779E-003,  6.1415E-003
  1.21500E+001,  2.3779E-003, -2.9709E-003
  1.21600E+001,  1.1453E-002, -2.9709E-003
  1.21700E+001,  2.3779E-003, -2.9709E-003
  1.21800E+001,  2.3779E-003, -1.2082E-002
  1.21900E+001, -6.6974E-003, -2.9709E-003
  1.22000E+001,  1.1453E-002, -2.9709E-003
  1.22100E+001,  2.3779E-003, -2.9709E-003
  1.22200E+001,  2.3779E-003,  6.1415E-003
  1.22300E+001,  2.3779E-003, -2.9709E-003
  1.22400E+001,  2.3779E-003, -2.9709E-003
  1.22500E+001,  2.3779E-003, -2.9709E-003
  1.22600E+001,  2.3779E-003, -2.9709E-003
  1.22700E+001, -6.6974E-003, -2.9709E-003
  1.22800E+001,  2.3779E-003, -2.9709E-003
  1.22900E+001, -6.6974E-003, -2.9709E-003
  1.23000E+001,  1.1453E-002, -2.9709E-003
  1.23100E+001,  1.1453E-002,  6.1415E-003
  1.23200E+001,  2.3779E-003,  6.1415E-003
  1.23300E+001,  2.3779E-003, -2.9709E-003
  1.23400E+001, -6.6974E-003, -2.9709E-003
  1.23500E+001,  2.3779E-003, -2.9709E-003
  1.23600E+001,  1.1453E-002, -2.9709E-003
  1.23700E+001,  2.3779E-003, -2.9709E-003
  1.23800E+001,  2.3779E-003, -2.9709E-003
  1.23900E+001, -6.6974E-003, -2.9709E-003
  1.24000E+001, -6.6974E-003, -2.9709E-003
  1.24100E+001,  2.3779E-003, -2.9709E-003
  1.24200E+001,  2.3779E-003, -2.9709E-003
  1.24300E+001,  2.3779E-003, -2.9709E-003
  1.24400E+001,  1.1453E-002, -2.9709E-003
  1.24500E+001,  2.3779E-003, -2.9709E-003
  1.24600E+001,  1.1453E-002, -2.9709E-003
  1.24700E+001, -6.6974E-003, -2.9709E-003
  1.24800E+001,  2.3779E-003, -2.9709E-003
  1.24900E+001,  2.3779E-003, -2.9709E-003
  1.25000E+001,  2.3779E-003, -1.2082E-002
  1.25100E+001,  2.3779E-003, -2.9709E-003
  1.25200E+001,  2.3779E-003, -2.9709E-003
  1.25300E+001, -6.6974E-003, -2.9709E-003
  1.25400E+001,  2.3779E-003, -2.9709E-003
  1.25500E+001,  2.3779E-003, -2.9709E-003
  1.25600E+001,  1.1453E-002, -2.9709E-003
  1.25700E+001,  1.1453E-002,  6.1415E-003
  1.25800E+001,  1.1453E-002, -2.9709E-003
  1.25900E+001,  1.1453E-002,  6.1415E-003
  1.26000E+001,  1.1453E-002, -2.9709E-003
  1.26100E+001,  1.1453E-002, -2.9709E-003
  1.26200E+001, -6.6974E-003, -1.2082E-002
  1.26300E+001, -6.6974E-003, -2.9709E-003
  1.26400E+001,  1.1453E-002, -2.9709E-003
  1.26500E+001,  2.3779E-003, -2.9709E-003
  1.26600E+001,  1.1453E-002, -2.9709E-003
  1.26700E+001,  2.3779E-003, -2.9709E-003
  1.26800E+001,  1.1453E-002, -2.9709E-003
  1.26900E+001,  1.1453E-002,  6.1415E-003
  1.27000E+001,  2.3779E-003, -2.9709E-003
  1.27100E+001,  1.1453E-002, -2.9709E-003
  1.27200E+001,  2.3779E-003, -2.9709E-003
  1.27300E+001,  2.3779E-003, -2.9709E-003
  1.27400E+001, -6.6974E-003, -2.9709E-003
  1.27500E+001,  2.3779E-003, -2.9709E-003
  1.27600E+001,  2.3779E-003, -2.9709E-003
  1.27700E+001, -6.6974E-003, -1.2082E-002
  1.27800E+001,  2.3779E-003, -2.9709E-003
  1.27900E+001,  2.3779E-003, -2.9709E-003
  1.28000E+001,  1.1453E-002, -2.9709E-003
  1.28100E+001,  1.1453E-002, -2.9709E-003
  1.28200E+001,  1.1453E-002,  6.1415E-003
  1.28300E+001,  2.3779E-003, -2.9709E-003
  1.28400E+001,  2.3779E-003, -2.9709E-003
  1.28500E+001,  2.3779E-003,  6.1415E-003
  1.28600E+001,  1.1453E-002, -2.9709E-003
  1.28700E+001,  1.1453E-002,  6.1415E-003
  1.28800E+001,  1.1453E-002, -2.9709E-003
  1.28900E+001, -6.6974E-003, -2.9709E-003
  1.29000E+001, -6.6974E-003, -2.9709E-003
  1.29100E+001,  2.3779E-003, -2.9709E-003
  1.29200E+001,  2.3779E-003, -2.9709E-003
  1.29300E+001,  1.1453E-002,  6.1415E-003
  1.29400E+001,  1.1453E-002, -2.9709E-003
  1.29500E+001,  1.1453E-002, -2.9709E-003
  1.29600E+001,  2.3779E-003, -2.9709E-003
  1.29700E+001,  2.3779E-003, -2.9709E-003
  1.29800E+001, -6.6974E-003, -1.2082E-002
  1.29900E+001,  1.1453E-002, -2.9709E-003
  1.30000E+001, -6.6974E-003, -2.9709E-003
  1.30100E+001,  2.3779E-003, -2.9709E-003
  1.30200E+001,  2.3779E-003,  6.1415E-003
  1.30300E+001,  2.3779E-003, -2.9709E-003
  1.30400E+001,  2.3779E-003, -2.9709E-003
  1.30500E+001, -6.6974E-003, -2.9709E-003
  1.30600E+001,  2.3779E-003, -2.9709E-003
  1.30700E+001,  2.3779E-003, -2.9709E-003
  1.30800E+001, -6.6974E-003,  6.1415E-003
  1.30900E+001,  2.3779E-003, -2.9709E-003
  1.31000E+001,  2.3779E-003, -2.9709E-003
  1.31100E+001,  2.3779E-003, -2.9709E-003
  1.31200E+001, -6.6974E-003, -2.9709E-003
  1.31300E+001,  2.3779E-003, -1.2082E-002
  1.31400E+001,  2.3779E-003,  6.1415E-003
  1.31500E+001,  2.3779E-003, -2.9709E-003
  1.31600E+001,  1.1453E-002,  6.1415E-003
  1.31700E+001,  2.3779E-003, -2.9709E-003
  1.31800E+001,  1.1453E-002, -2.9709E-003
  1.31900E+001,  2.3779E-003, -2.9709E-003
  1.32000E+001,  2.3779E-003, -2.9709E-003
