# [Parameters]
# Name = 'firc'
# ShotNo = 115083
# Date = '11/14/2012 23:36'
# 
# DimNo = 1
# DimName = 'Time'
# DimSize = 1311
# DimUnit = 's'
# 
# ValNo = 2
# ValName = 'nL(3669)', 'nL(3759)'
# ValUnit = 'e19m-2', 'e19m-2'
# [Comments]
#  
# [data]
  1.0000E-001,  1.3658E-003, -4.1965E-004
  1.1000E-001,  1.3658E-003, -4.1965E-004
  1.2000E-001,  1.3658E-003, -4.1965E-004
  1.3000E-001, -7.7456E-003, -4.1965E-004
  1.4000E-001,  1.3658E-003,  8.6918E-003
  1.5000E-001,  1.3658E-003, -4.1965E-004
  1.6000E-001,  1.3658E-003, -4.1965E-004
  1.7000E-001,  1.3658E-003, -4.1965E-004
  1.8000E-001, -7.7456E-003, -4.1965E-004
  1.9000E-001,  1.3658E-003, -4.1965E-004
  2.0000E-001,  1.3658E-003, -4.1965E-004
  2.1000E-001,  1.3658E-003, -4.1965E-004
  2.2000E-001,  1.3658E-003, -4.1965E-004
  2.3000E-001,  1.3658E-003, -4.1965E-004
  2.4000E-001,  1.3658E-003, -4.1965E-004
  2.5000E-001,  1.3658E-003, -4.1965E-004
  2.6000E-001, -7.7456E-003, -4.1965E-004
  2.7000E-001, -7.7456E-003, -4.1965E-004
  2.8000E-001, -7.7456E-003, -4.1965E-004
  2.9000E-001,  1.3658E-003, -4.1965E-004
  3.0000E-001,  1.3658E-003, -9.5311E-003
  3.1000E-001,  1.3658E-003, -4.1965E-004
  3.2000E-001,  1.3658E-003,  8.6918E-003
  3.3000E-001,  1.3658E-003, -4.1965E-004
  3.4000E-001,  1.3658E-003, -4.1965E-004
  3.5000E-001,  1.3658E-003, -4.1965E-004
  3.6000E-001,  1.3658E-003, -4.1965E-004
  3.7000E-001, -7.7456E-003, -4.1965E-004
  3.8000E-001, -7.7456E-003, -9.5311E-003
  3.9000E-001,  1.3658E-003, -4.1965E-004
  4.0000E-001,  1.3658E-003, -4.1965E-004
  4.1000E-001,  1.3658E-003, -4.1965E-004
  4.2000E-001,  1.3658E-003, -4.1965E-004
  4.3000E-001,  1.3658E-003, -4.1965E-004
  4.4000E-001,  1.0478E-002, -4.1965E-004
  4.5000E-001,  1.3658E-003, -4.1965E-004
  4.6000E-001,  1.3658E-003, -4.1965E-004
  4.7000E-001,  1.3658E-003, -4.1965E-004
  4.8000E-001, -7.7456E-003, -4.1965E-004
  4.9000E-001,  1.3658E-003, -4.1965E-004
  5.0000E-001,  1.3658E-003, -4.1965E-004
  5.1000E-001,  1.3658E-003, -4.1965E-004
  5.2000E-001,  1.3658E-003, -9.5311E-003
  5.3000E-001,  1.3658E-003,  8.6918E-003
  5.4000E-001,  1.3658E-003, -4.1965E-004
  5.5000E-001,  1.3658E-003, -4.1965E-004
  5.6000E-001,  1.3658E-003, -4.1965E-004
  5.7000E-001,  1.3658E-003, -4.1965E-004
  5.8000E-001, -7.7456E-003, -4.1965E-004
  5.9000E-001,  1.0478E-002,  8.6918E-003
  6.0000E-001,  1.0478E-002, -4.1965E-004
  6.1000E-001,  1.3658E-003, -9.5311E-003
  6.2000E-001, -7.7456E-003, -4.1965E-004
  6.3000E-001, -7.7456E-003, -4.1965E-004
  6.4000E-001,  1.3658E-003, -4.1965E-004
  6.5000E-001,  1.3658E-003, -4.1965E-004
  6.6000E-001,  1.0478E-002, -4.1965E-004
  6.7000E-001,  1.0478E-002, -4.1965E-004
  6.8000E-001,  1.0478E-002, -4.1965E-004
  6.9000E-001,  1.3658E-003, -9.5311E-003
  7.0000E-001,  1.3658E-003, -4.1965E-004
  7.1000E-001,  1.3658E-003, -4.1965E-004
  7.2000E-001,  1.3658E-003, -4.1965E-004
  7.3000E-001,  1.3658E-003, -4.1965E-004
  7.4000E-001,  1.3658E-003, -4.1965E-004
  7.5000E-001,  1.3658E-003, -4.1965E-004
  7.6000E-001, -7.7456E-003,  8.6918E-003
  7.7000E-001,  1.3658E-003, -4.1965E-004
  7.8000E-001,  1.3658E-003, -4.1965E-004
  7.9000E-001,  1.3658E-003,  8.6918E-003
  8.0000E-001,  1.0478E-002, -4.1965E-004
  8.1000E-001,  1.3658E-003, -4.1965E-004
  8.2000E-001, -7.7456E-003, -4.1965E-004
  8.3000E-001,  1.3658E-003, -4.1965E-004
  8.4000E-001,  1.0478E-002, -4.1965E-004
  8.5000E-001,  1.3658E-003, -4.1965E-004
  8.6000E-001,  1.3658E-003, -9.5311E-003
  8.7000E-001,  1.3658E-003, -4.1965E-004
  8.8000E-001,  1.3658E-003, -4.1965E-004
  8.9000E-001,  1.0478E-002, -4.1965E-004
  9.0000E-001,  1.0478E-002, -4.1965E-004
  9.1000E-001,  1.0478E-002,  8.6918E-003
  9.2000E-001,  1.3658E-003, -4.1965E-004
  9.3000E-001, -7.7456E-003, -4.1965E-004
  9.4000E-001,  1.0478E-002, -4.1965E-004
  9.5000E-001,  1.0478E-002, -4.1965E-004
  9.6000E-001, -7.7456E-003, -4.1965E-004
  9.7000E-001,  1.0478E-002, -4.1965E-004
  9.8000E-001,  1.3658E-003, -4.1965E-004
  9.9000E-001,  1.0478E-002, -4.1965E-004
  1.0000E+000,  1.0478E-002, -4.1965E-004
  1.0100E+000,  1.3658E-003,  8.6918E-003
  1.0200E+000,  1.0478E-002,  8.6918E-003
  1.0300E+000,  1.3658E-003, -4.1965E-004
  1.0400E+000,  1.0478E-002,  8.6918E-003
  1.0500E+000,  1.0478E-002, -4.1965E-004
  1.0600E+000,  1.0478E-002, -4.1965E-004
  1.0700E+000,  1.3658E-003, -4.1965E-004
  1.0800E+000,  1.3658E-003, -4.1965E-004
  1.0900E+000,  1.0478E-002, -4.1965E-004
  1.1000E+000,  1.3658E-003, -4.1965E-004
  1.1100E+000,  1.0478E-002, -4.1965E-004
  1.1200E+000,  1.3658E-003,  8.6918E-003
  1.1300E+000,  1.3658E-003, -4.1965E-004
  1.1400E+000,  1.0478E-002,  8.6918E-003
  1.1500E+000,  1.0478E-002,  8.6918E-003
  1.1600E+000,  1.0478E-002, -4.1965E-004
  1.1700E+000,  1.3658E-003, -4.1965E-004
  1.1800E+000, -7.7456E-003, -4.1965E-004
  1.1900E+000,  1.3658E-003, -4.1965E-004
  1.2000E+000,  1.3658E-003, -4.1965E-004
  1.2100E+000,  1.3658E-003, -4.1965E-004
  1.2200E+000,  1.3658E-003, -4.1965E-004
  1.2300E+000,  1.0478E-002, -4.1965E-004
  1.2400E+000,  1.0478E-002,  8.6918E-003
  1.2500E+000,  1.0478E-002,  8.6918E-003
  1.2600E+000,  1.3658E-003, -4.1965E-004
  1.2700E+000, -7.7456E-003, -4.1965E-004
  1.2800E+000,  1.3658E-003, -4.1965E-004
  1.2900E+000,  1.0478E-002, -4.1965E-004
  1.3000E+000,  1.0478E-002, -4.1965E-004
  1.3100E+000,  1.0478E-002, -4.1965E-004
  1.3200E+000,  1.3658E-003, -4.1965E-004
  1.3300E+000,  1.0478E-002, -4.1965E-004
  1.3400E+000,  1.0478E-002,  8.6918E-003
  1.3500E+000,  1.0478E-002, -4.1965E-004
  1.3600E+000,  1.0478E-002, -4.1965E-004
  1.3700E+000,  1.0478E-002, -4.1965E-004
  1.3800E+000,  1.3658E-003, -4.1965E-004
  1.3900E+000,  1.0478E-002, -4.1965E-004
  1.4000E+000, -7.7456E-003, -4.1965E-004
  1.4100E+000,  1.3658E-003, -4.1965E-004
  1.4200E+000,  1.0478E-002, -4.1965E-004
  1.4300E+000,  1.0478E-002, -9.5311E-003
  1.4400E+000,  1.0478E-002, -4.1965E-004
  1.4500E+000,  1.0478E-002, -4.1965E-004
  1.4600E+000,  1.0478E-002, -4.1965E-004
  1.4700E+000,  1.3658E-003, -4.1965E-004
  1.4800E+000,  1.0478E-002, -4.1965E-004
  1.4900E+000,  1.0478E-002, -4.1965E-004
  1.5000E+000,  1.0478E-002, -4.1965E-004
  1.5100E+000,  1.0478E-002, -4.1965E-004
  1.5200E+000,  1.3658E-003, -4.1965E-004
  1.5300E+000,  1.3658E-003, -4.1965E-004
  1.5400E+000,  1.3658E-003,  8.6918E-003
  1.5500E+000,  1.0478E-002, -4.1965E-004
  1.5600E+000,  1.3658E-003, -4.1965E-004
  1.5700E+000,  1.0478E-002, -4.1965E-004
  1.5800E+000,  1.0478E-002, -9.5311E-003
  1.5900E+000,  1.0478E-002, -4.1965E-004
  1.6000E+000,  1.3658E-003, -4.1965E-004
  1.6100E+000,  1.3658E-003, -4.1965E-004
  1.6200E+000,  1.3658E-003, -4.1965E-004
  1.6300E+000,  1.0478E-002, -4.1965E-004
  1.6400E+000,  1.9590E-002, -4.1965E-004
  1.6500E+000,  1.0478E-002, -4.1965E-004
  1.6600E+000,  1.0478E-002, -4.1965E-004
  1.6700E+000,  1.3658E-003, -4.1965E-004
  1.6800E+000,  1.3658E-003, -4.1965E-004
  1.6900E+000,  1.0478E-002, -4.1965E-004
  1.7000E+000,  1.0478E-002, -4.1965E-004
  1.7100E+000,  1.3658E-003, -4.1965E-004
  1.7200E+000,  1.0478E-002, -4.1965E-004
  1.7300E+000,  1.3658E-003, -4.1965E-004
  1.7400E+000,  1.0478E-002, -4.1965E-004
  1.7500E+000,  1.0478E-002, -4.1965E-004
  1.7600E+000,  1.0478E-002, -4.1965E-004
  1.7700E+000,  1.0478E-002, -4.1965E-004
  1.7800E+000,  1.0478E-002, -4.1965E-004
  1.7900E+000,  1.0478E-002, -4.1965E-004
  1.8000E+000,  1.0478E-002, -4.1965E-004
  1.8100E+000,  1.0478E-002, -4.1965E-004
  1.8200E+000,  1.0478E-002, -4.1965E-004
  1.8300E+000,  1.0478E-002, -4.1965E-004
  1.8400E+000,  1.9590E-002, -4.1965E-004
  1.8500E+000,  1.0478E-002, -4.1965E-004
  1.8600E+000,  1.0478E-002, -4.1965E-004
  1.8700E+000,  1.3658E-003, -4.1965E-004
  1.8800E+000,  1.0478E-002, -4.1965E-004
  1.8900E+000,  1.0478E-002, -4.1965E-004
  1.9000E+000,  1.0478E-002, -4.1965E-004
  1.9100E+000,  1.3658E-003, -4.1965E-004
  1.9200E+000,  1.0478E-002, -4.1965E-004
  1.9300E+000,  1.3658E-003, -9.5311E-003
  1.9400E+000,  1.0478E-002,  8.6918E-003
  1.9500E+000,  1.3658E-003, -4.1965E-004
  1.9600E+000,  1.0478E-002, -4.1965E-004
  1.9700E+000,  1.0478E-002, -9.5311E-003
  1.9800E+000,  1.9590E-002, -4.1965E-004
  1.9900E+000,  1.0478E-002, -4.1965E-004
  2.0000E+000,  1.9590E-002, -4.1965E-004
  2.0100E+000,  1.0478E-002, -9.5311E-003
  2.0200E+000,  1.0478E-002, -4.1965E-004
  2.0300E+000,  1.3658E-003, -4.1965E-004
  2.0400E+000,  1.0478E-002, -4.1965E-004
  2.0500E+000,  1.9590E-002, -4.1965E-004
  2.0600E+000,  1.0478E-002, -4.1965E-004
  2.0700E+000,  1.3658E-003, -4.1965E-004
  2.0800E+000,  1.0478E-002, -4.1965E-004
  2.0900E+000,  1.3658E-003, -4.1965E-004
  2.1000E+000,  1.0478E-002, -4.1965E-004
  2.1100E+000,  1.0478E-002, -4.1965E-004
  2.1200E+000,  1.0478E-002, -4.1965E-004
  2.1300E+000,  1.0478E-002, -9.5311E-003
  2.1400E+000,  1.0478E-002, -4.1965E-004
  2.1500E+000,  1.0478E-002, -4.1965E-004
  2.1600E+000,  1.3658E-003, -4.1965E-004
  2.1700E+000,  1.0478E-002, -4.1965E-004
  2.1800E+000,  1.0478E-002, -4.1965E-004
  2.1900E+000,  1.9590E-002, -4.1965E-004
  2.2000E+000,  1.9590E-002, -4.1965E-004
  2.2100E+000,  1.0478E-002, -4.1965E-004
  2.2200E+000,  1.3658E-003, -4.1965E-004
  2.2300E+000,  1.0478E-002, -4.1965E-004
  2.2400E+000,  1.0478E-002, -4.1965E-004
  2.2500E+000,  1.0478E-002,  8.6918E-003
  2.2600E+000,  1.0478E-002, -4.1965E-004
  2.2700E+000,  1.0478E-002, -4.1965E-004
  2.2800E+000,  1.0478E-002, -4.1965E-004
  2.2900E+000,  1.0478E-002, -4.1965E-004
  2.3000E+000,  1.0478E-002, -4.1965E-004
  2.3100E+000,  1.0478E-002, -4.1965E-004
  2.3200E+000,  1.0478E-002, -4.1965E-004
  2.3300E+000,  1.0478E-002, -4.1965E-004
  2.3400E+000,  1.0478E-002,  8.6918E-003
  2.3500E+000,  1.0478E-002, -4.1965E-004
  2.3600E+000,  1.0478E-002, -4.1965E-004
  2.3700E+000,  1.0478E-002, -4.1965E-004
  2.3800E+000,  1.0478E-002,  8.6918E-003
  2.3900E+000,  1.0478E-002, -4.1965E-004
  2.4000E+000,  1.0478E-002, -4.1965E-004
  2.4100E+000,  1.0478E-002, -4.1965E-004
  2.4200E+000,  1.3658E-003, -4.1965E-004
  2.4300E+000,  1.3658E-003, -9.5311E-003
  2.4400E+000,  1.3658E-003, -4.1965E-004
  2.4500E+000,  1.0478E-002, -4.1965E-004
  2.4600E+000,  1.0478E-002, -4.1965E-004
  2.4700E+000,  1.9590E-002, -4.1965E-004
  2.4800E+000,  1.0478E-002, -4.1965E-004
  2.4900E+000,  1.0478E-002, -4.1965E-004
  2.5000E+000,  1.0478E-002, -4.1965E-004
  2.5100E+000,  1.0478E-002, -4.1965E-004
  2.5200E+000,  1.0478E-002, -4.1965E-004
  2.5300E+000,  1.0478E-002, -4.1965E-004
  2.5400E+000,  1.0478E-002, -4.1965E-004
  2.5500E+000,  1.0478E-002, -4.1965E-004
  2.5600E+000,  1.3658E-003, -4.1965E-004
  2.5700E+000,  1.3658E-003, -4.1965E-004
  2.5800E+000,  1.0478E-002, -4.1965E-004
  2.5900E+000,  1.0478E-002, -4.1965E-004
  2.6000E+000,  1.9590E-002, -4.1965E-004
  2.6100E+000,  1.0478E-002, -4.1965E-004
  2.6200E+000,  1.0478E-002, -4.1965E-004
  2.6300E+000,  1.0478E-002, -4.1965E-004
  2.6400E+000,  1.9590E-002, -4.1965E-004
  2.6500E+000,  1.0478E-002, -4.1965E-004
  2.6600E+000,  1.0478E-002, -4.1965E-004
  2.6700E+000,  1.0478E-002, -4.1965E-004
  2.6800E+000,  1.0478E-002, -9.5311E-003
  2.6900E+000,  1.0478E-002, -9.5311E-003
  2.7000E+000,  1.0478E-002, -4.1965E-004
  2.7100E+000,  1.0478E-002, -4.1965E-004
  2.7200E+000,  1.0478E-002,  8.6918E-003
  2.7300E+000,  1.9590E-002, -4.1965E-004
  2.7400E+000,  1.0478E-002, -4.1965E-004
  2.7500E+000,  1.0478E-002, -4.1965E-004
  2.7600E+000,  1.3658E-003, -4.1965E-004
  2.7700E+000,  1.3658E-003, -4.1965E-004
  2.7800E+000,  1.3658E-003, -4.1965E-004
  2.7900E+000,  1.0478E-002, -4.1965E-004
  2.8000E+000,  1.0478E-002, -4.1965E-004
  2.8100E+000,  1.0478E-002, -4.1965E-004
  2.8200E+000,  1.0478E-002, -4.1965E-004
  2.8300E+000,  1.0478E-002, -4.1965E-004
  2.8400E+000,  1.0478E-002, -4.1965E-004
  2.8500E+000,  1.0478E-002, -4.1965E-004
  2.8600E+000,  1.9590E-002, -4.1965E-004
  2.8700E+000,  1.9590E-002, -9.5311E-003
  2.8800E+000,  1.0478E-002, -4.1965E-004
  2.8900E+000,  1.3658E-003, -9.5311E-003
  2.9000E+000,  1.9590E-002, -9.5311E-003
  2.9100E+000,  1.0478E-002, -9.5311E-003
  2.9200E+000,  1.0478E-002, -9.5311E-003
  2.9300E+000,  1.0478E-002, -4.1965E-004
  2.9400E+000,  1.9590E-002, -4.1965E-004
  2.9500E+000,  1.0478E-002, -9.5311E-003
  2.9600E+000,  1.0478E-002, -9.5311E-003
  2.9700E+000,  1.0478E-002, -9.5311E-003
  2.9800E+000,  1.3658E-003, -9.5311E-003
  2.9900E+000,  1.0478E-002, -4.1965E-004
  3.0000E+000,  1.0478E-002, -4.1965E-004
  3.0100E+000,  1.0478E-002, -4.1965E-004
  3.0200E+000,  1.0478E-002, -9.5311E-003
  3.0300E+000,  1.9590E-002, -9.5311E-003
  3.0400E+000,  1.0478E-002, -4.1965E-004
  3.0500E+000,  1.9590E-002, -9.5311E-003
  3.0600E+000,  1.0478E-002, -4.1965E-004
  3.0700E+000,  1.0478E-002, -9.5311E-003
  3.0800E+000,  1.9590E-002, -4.1965E-004
  3.0900E+000,  1.9590E-002, -4.1965E-004
  3.1000E+000,  1.0478E-002, -4.1965E-004
  3.1100E+000,  1.0478E-002, -9.5311E-003
  3.1200E+000, -7.7456E-003, -9.5311E-003
  3.1300E+000,  1.3658E-003, -9.5311E-003
  3.1400E+000,  1.0478E-002, -9.5311E-003
  3.1500E+000,  1.0478E-002, -9.5311E-003
  3.1600E+000,  1.0478E-002, -9.5311E-003
  3.1700E+000,  1.0478E-002, -9.5311E-003
  3.1800E+000,  1.3658E-003, -4.1965E-004
  3.1900E+000,  1.0478E-002, -4.1965E-004
  3.2000E+000,  1.0478E-002, -4.1965E-004
  3.2100E+000,  1.9590E-002, -4.1965E-004
  3.2200E+000,  1.9590E-002, -4.1965E-004
  3.2300E+000,  1.9590E-002, -4.1965E-004
  3.2400E+000,  1.0478E-002, -9.5311E-003
  3.2500E+000,  1.9590E-002, -9.5311E-003
  3.2600E+000,  1.0478E-002, -4.1965E-004
  3.2700E+000,  1.0478E-002, -9.5311E-003
  3.2800E+000,  1.9590E-002, -9.5311E-003
  3.2900E+000,  1.0478E-002, -9.5311E-003
  3.3000E+000,  7.4260E-002,  4.5140E-002
  3.3100E+000,  4.3873E-001,  4.0050E-001
  3.3200E+000,  5.9363E-001,  5.9185E-001
  3.3300E+000,  8.0321E-001,  7.9231E-001
  3.3400E+000,  1.0128E+000,  1.0019E+000
  3.3500E+000,  1.2224E+000,  1.1841E+000
  3.3600E+000,  1.3681E+000,  1.3390E+000
  3.3700E+000,  1.5048E+000,  1.4757E+000
  3.3800E+000,  1.5959E+000,  1.5850E+000
  3.3900E+000,  1.6871E+000,  1.6762E+000
  3.4000E+000,  1.7691E+000,  1.7491E+000
  3.4100E+000,  1.8237E+000,  1.8037E+000
  3.4200E+000,  1.8784E+000,  1.8584E+000
  3.4300E+000,  1.9877E+000,  1.9495E+000
  3.4400E+000,  2.1153E+000,  2.0680E+000
  3.4500E+000,  2.2429E+000,  2.1955E+000
  3.4600E+000,  2.3704E+000,  2.3231E+000
  3.4700E+000,  2.4889E+000,  2.4415E+000
  3.4800E+000,  2.5982E+000,  2.5509E+000
  3.4900E+000,  2.7076E+000,  2.6511E+000
  3.5000E+000,  2.8260E+000,  2.7514E+000
  3.5100E+000,  2.9171E+000,  2.8516E+000
  3.5200E+000,  3.0083E+000,  2.9518E+000
  3.5300E+000,  3.0812E+000,  3.0338E+000
  3.5400E+000,  3.1632E+000,  3.1067E+000
  3.5500E+000,  3.2178E+000,  3.1978E+000
  3.5600E+000,  3.2725E+000,  3.2525E+000
  3.5700E+000,  3.3454E+000,  3.3254E+000
  3.5800E+000,  3.3910E+000,  3.3801E+000
  3.5900E+000,  3.4547E+000,  3.4439E+000
  3.6000E+000,  3.5094E+000,  3.5167E+000
  3.6100E+000,  3.6005E+000,  3.5988E+000
  3.6200E+000,  3.7281E+000,  3.7172E+000
  3.6300E+000,  3.8374E+000,  3.8265E+000
  3.6400E+000,  3.9286E+000,  3.9177E+000
  3.6500E+000,  4.0106E+000,  4.0179E+000
  3.6600E+000,  4.0835E+000,  4.0999E+000
  3.6700E+000,  4.1746E+000,  4.1910E+000
  3.6800E+000,  4.2475E+000,  4.2548E+000
  3.6900E+000,  4.3113E+000,  4.3186E+000
  3.7000E+000,  4.3750E+000,  4.4006E+000
  3.7100E+000,  4.4297E+000,  4.4553E+000
  3.7200E+000,  4.5026E+000,  4.5282E+000
  3.7300E+000,  4.5664E+000,  4.5828E+000
  3.7400E+000,  4.6211E+000,  4.6557E+000
  3.7500E+000,  4.6848E+000,  4.7104E+000
  3.7600E+000,  4.7395E+000,  4.7651E+000
  3.7700E+000,  4.8033E+000,  4.8197E+000
  3.7800E+000,  4.8580E+000,  4.8653E+000
  3.7900E+000,  4.9126E+000,  4.9200E+000
  3.8000E+000,  4.9400E+000,  4.9473E+000
  3.8100E+000,  5.0038E+000,  5.0111E+000
  3.8200E+000,  5.0402E+000,  5.0475E+000
  3.8300E+000,  5.0858E+000,  5.1113E+000
  3.8400E+000,  5.1404E+000,  5.1569E+000
  3.8500E+000,  5.1860E+000,  5.1933E+000
  3.8600E+000,  5.2224E+000,  5.2389E+000
  3.8700E+000,  5.2680E+000,  5.2844E+000
  3.8800E+000,  5.3044E+000,  5.3209E+000
  3.8900E+000,  5.3500E+000,  5.3664E+000
  3.9000E+000,  5.3865E+000,  5.4029E+000
  3.9100E+000,  5.4320E+000,  5.4393E+000
  3.9200E+000,  5.4593E+000,  5.4758E+000
  3.9300E+000,  5.5049E+000,  5.5213E+000
  3.9400E+000,  5.5505E+000,  5.5578E+000
  3.9500E+000,  5.5960E+000,  5.5851E+000
  3.9600E+000,  5.6325E+000,  5.6307E+000
  3.9700E+000,  5.6689E+000,  5.6580E+000
  3.9800E+000,  5.7054E+000,  5.7127E+000
  3.9900E+000,  5.7600E+000,  5.7400E+000
  4.0000E+000,  5.7965E+000,  5.7765E+000
  4.0100E+000,  5.8329E+000,  5.8038E+000
  4.0200E+000,  5.8694E+000,  5.8585E+000
  4.0300E+000,  5.9058E+000,  5.8767E+000
  4.0400E+000,  5.9423E+000,  5.9040E+000
  4.0500E+000,  5.9878E+000,  5.9496E+000
  4.0600E+000,  5.9969E+000,  5.9860E+000
  4.0700E+000,  6.0425E+000,  6.0225E+000
  4.0800E+000,  6.0790E+000,  6.0498E+000
  4.0900E+000,  6.1154E+000,  6.0863E+000
  4.1000E+000,  6.1518E+000,  6.1227E+000
  4.1100E+000,  6.1883E+000,  6.1592E+000
  4.1200E+000,  6.2247E+000,  6.2047E+000
  4.1300E+000,  6.2430E+000,  6.2230E+000
  4.1400E+000,  6.2794E+000,  6.2594E+000
  4.1500E+000,  6.3159E+000,  6.2867E+000
  4.1600E+000,  6.3432E+000,  6.3141E+000
  4.1700E+000,  6.3705E+000,  6.3687E+000
  4.1800E+000,  6.4070E+000,  6.3779E+000
  4.1900E+000,  6.4434E+000,  6.4234E+000
  4.2000E+000,  6.4981E+000,  6.4508E+000
  4.2100E+000,  6.5163E+000,  6.4781E+000
  4.2200E+000,  6.5528E+000,  6.5054E+000
  4.2300E+000,  6.5801E+000,  6.5419E+000
  4.2400E+000,  6.6074E+000,  6.5692E+000
  4.2500E+000,  6.6530E+000,  6.6057E+000
  4.2600E+000,  6.6894E+000,  6.6512E+000
  4.2700E+000,  6.7168E+000,  6.6694E+000
  4.2800E+000,  6.7441E+000,  6.6968E+000
  4.2900E+000,  6.7897E+000,  6.7241E+000
  4.3000E+000,  6.8079E+000,  6.7606E+000
  4.3100E+000,  6.8535E+000,  6.7879E+000
  4.3200E+000,  6.8899E+000,  6.8243E+000
  4.3300E+000,  6.9264E+000,  6.8608E+000
  4.3400E+000,  6.9537E+000,  6.9155E+000
  4.3500E+000,  6.9901E+000,  6.9155E+000
  4.3600E+000,  7.0175E+000,  6.9792E+000
  4.3700E+000,  7.0357E+000,  7.0066E+000
  4.3800E+000,  7.0721E+000,  7.0339E+000
  4.3900E+000,  7.0995E+000,  7.0521E+000
  4.4000E+000,  7.1268E+000,  7.0886E+000
  4.4100E+000,  7.1724E+000,  7.1250E+000
  4.4200E+000,  7.1906E+000,  7.1524E+000
  4.4300E+000,  7.2179E+000,  7.1706E+000
  4.4400E+000,  7.2726E+000,  7.2253E+000
  4.4500E+000,  7.2908E+000,  7.2708E+000
  4.4600E+000,  7.3273E+000,  7.3073E+000
  4.4700E+000,  7.3637E+000,  7.3346E+000
  4.4800E+000,  7.4184E+000,  7.3710E+000
  4.4900E+000,  7.4457E+000,  7.4348E+000
  4.5000E+000,  7.4822E+000,  7.4713E+000
  4.5100E+000,  7.5277E+000,  7.5259E+000
  4.5200E+000,  7.5642E+000,  7.5259E+000
  4.5300E+000,  7.6097E+000,  7.5806E+000
  4.5400E+000,  7.6644E+000,  7.6353E+000
  4.5500E+000,  7.6826E+000,  7.7082E+000
  4.5600E+000,  7.7373E+000,  7.7446E+000
  4.5700E+000,  7.7829E+000,  7.7537E+000
  4.5800E+000,  7.8011E+000,  7.8175E+000
  4.5900E+000,  7.8466E+000,  7.8540E+000
  4.6000E+000,  7.9013E+000,  7.8813E+000
  4.6100E+000,  7.9651E+000,  8.0089E+000
  4.6200E+000,  7.9833E+000,  8.0089E+000
  4.6300E+000,  8.0289E+000,  8.0635E+000
  4.6400E+000,  8.0836E+000,  8.1091E+000
  4.6500E+000,  8.1109E+000,  8.2093E+000
  4.6600E+000,  8.1473E+000,  8.2276E+000
  4.6700E+000,  8.3022E+000,  8.3733E+000
  4.6800E+000,  8.3296E+000,  8.4462E+000
  4.6900E+000,  8.3569E+000,  8.4280E+000
  4.7000E+000,  8.3934E+000,  8.5282E+000
  4.7100E+000,  8.4389E+000,  8.5465E+000
  4.7200E+000,  8.5300E+000,  8.6194E+000
  4.7300E+000,  8.5847E+000,  8.6740E+000
  4.7400E+000,  8.6758E+000,  8.8289E+000
  4.7500E+000,  8.7032E+000,  8.9383E+000
  4.7600E+000,  8.8672E+000,  9.0476E+000
  4.7700E+000,  8.9310E+000,  9.1570E+000
  4.7800E+000,  8.9856E+000,  9.2299E+000
  4.7900E+000,  9.1952E+000,  9.5214E+000
  4.8000E+000,  9.3865E+000,  9.4577E+000
  4.8100E+000,  9.3592E+000,  9.5579E+000
  4.8200E+000,  9.4321E+000,  9.7219E+000
  4.8300E+000,  9.5961E+000,  9.8768E+000
  4.8400E+000,  9.7146E+000,  9.9406E+000
  4.8500E+000,  9.7419E+000,  9.8950E+000
  4.8600E+000,  9.8239E+000,  9.9861E+000
  4.8700E+000,  9.9606E+000,  9.7037E+000
  4.8800E+000,  9.3683E+000,  9.2845E+000
  4.8900E+000,  9.6052E+000,  9.4030E+000
  4.9000E+000,  9.9424E+000,  9.5670E+000
  4.9100E+000,  1.0207E+001,  9.7037E+000
  4.9200E+000,  9.6052E+000,  9.7583E+000
  4.9300E+000,  1.0152E+001,  9.8586E+000
  4.9400E+000,  9.7966E+000,  9.8677E+000
  4.9500E+000,  9.6963E+000,  9.9315E+000
  4.9600E+000,  9.6963E+000,  9.9224E+000
  4.9700E+000,  9.8421E+000,  9.9132E+000
  4.9800E+000,  9.8148E+000,  9.9770E+000
  4.9900E+000,  9.9697E+000,  1.0004E+001
  5.0000E+000,  9.9788E+000,  1.0077E+001
  5.0100E+000,  1.0006E+001,  1.0013E+001
  5.0200E+000,  1.0280E+001,  1.0095E+001
  5.0300E+000,  9.9970E+000,  1.0141E+001
  5.0400E+000,  1.0234E+001,  1.0287E+001
  5.0500E+000,  1.0617E+001,  1.0478E+001
  5.0600E+000,  1.1245E+001,  1.0588E+001
  5.0700E+000,  1.0398E+001,  1.0487E+001
  5.0800E+000,  1.0425E+001,  1.0487E+001
  5.0900E+000,  1.0434E+001,  1.0578E+001
  5.1000E+000,  1.0434E+001,  1.0642E+001
  5.1100E+000,  1.1236E+001,  1.0588E+001
  5.1200E+000,  1.0343E+001,  1.0396E+001
  5.1300E+000,  1.0635E+001,  1.0770E+001
  5.1400E+000,  1.0571E+001,  1.0742E+001
  5.1500E+000,  1.0753E+001,  1.0715E+001
  5.1600E+000,  1.0690E+001,  1.0697E+001
  5.1700E+000,  1.0799E+001,  1.0834E+001
  5.1800E+000,  1.0908E+001,  1.0943E+001
  5.1900E+000,  1.0753E+001,  1.1016E+001
  5.2000E+000,  1.1045E+001,  1.1061E+001
  5.2100E+000,  1.2375E+001,  1.1389E+001
  5.2200E+000,  1.1118E+001,  1.1335E+001
  5.2300E+000,  1.1045E+001,  1.1152E+001
  5.2400E+000,  1.1692E+001,  1.1353E+001
  5.2500E+000,  1.1218E+001,  1.1298E+001
  5.2600E+000,  1.1282E+001,  1.1353E+001
  5.2700E+000,  1.1336E+001,  1.1490E+001
  5.2800E+000,  1.1455E+001,  1.1444E+001
  5.2900E+000,  1.1254E+001,  1.1280E+001
  5.3000E+000,  1.1546E+001,  1.1544E+001
  5.3100E+000,  1.1382E+001,  1.1453E+001
  5.3200E+000,  1.2266E+001,  1.2118E+001
  5.3300E+000,  1.1555E+001,  1.1663E+001
  5.3400E+000,  1.1829E+001,  1.1927E+001
  5.3500E+000,  1.1728E+001,  1.1836E+001
  5.3600E+000,  1.2576E+001,  1.2000E+001
  5.3700E+000,  1.1619E+001,  1.1672E+001
  5.3800E+000,  1.1655E+001,  1.1781E+001
  5.3900E+000,  1.2512E+001,  1.2282E+001
  5.4000E+000,  1.2002E+001,  1.1945E+001
  5.4100E+000,  1.2448E+001,  1.2109E+001
  5.4200E+000,  1.2439E+001,  1.2118E+001
  5.4300E+000,  1.2084E+001,  1.2127E+001
  5.4400E+000,  1.2503E+001,  1.2328E+001
  5.4500E+000,  1.3742E+001,  1.2647E+001
  5.4600E+000,  1.2612E+001,  1.2556E+001
  5.4700E+000,  1.3059E+001,  1.2720E+001
  5.4800E+000,  1.2430E+001,  1.2537E+001
  5.4900E+000,  1.3496E+001,  1.2829E+001
  5.5000E+000,  1.2785E+001,  1.2647E+001
  5.5100E+000,  1.3797E+001,  1.2975E+001
  5.5200E+000,  1.3587E+001,  1.2938E+001
  5.5300E+000,  1.3177E+001,  1.2875E+001
  5.5400E+000,  1.3897E+001,  1.2865E+001
  5.5500E+000,  1.3587E+001,  1.3002E+001
  5.5600E+000,  1.3669E+001,  1.3075E+001
  5.5700E+000,  1.3888E+001,  1.3139E+001
  5.5800E+000,  1.3232E+001,  1.3020E+001
  5.5900E+000,  1.3760E+001,  1.3221E+001
  5.6000E+000,  1.4152E+001,  1.3859E+001
  5.6100E+000,  1.4106E+001,  1.3640E+001
  5.6200E+000,  1.3624E+001,  1.3239E+001
  5.6300E+000,  1.3669E+001,  1.3121E+001
  5.6400E+000,  1.3724E+001,  1.3248E+001
  5.6500E+000,  1.4735E+001,  1.3567E+001
  5.6600E+000,  1.4088E+001,  1.3695E+001
  5.6700E+000,  1.4380E+001,  1.3804E+001
  5.6800E+000,  1.3851E+001,  1.3576E+001
  5.6900E+000,  1.3806E+001,  1.3540E+001
  5.7000E+000,  1.3596E+001,  1.3367E+001
  5.7100E+000,  1.3997E+001,  1.3804E+001
  5.7200E+000,  1.4389E+001,  1.3777E+001
  5.7300E+000,  1.4234E+001,  1.3749E+001
  5.7400E+000,  1.4170E+001,  1.4123E+001
  5.7500E+000,  1.6011E+001,  1.3768E+001
  5.7600E+000,  1.6066E+001,  1.3749E+001
  5.7700E+000,  1.6384E+001,  1.4014E+001
  5.7800E+000,  1.6020E+001,  1.3886E+001
  5.7900E+000,  1.6384E+001,  1.3950E+001
  5.8000E+000,  1.6148E+001,  1.3977E+001
  5.8100E+000,  1.6375E+001,  1.4141E+001
  5.8200E+000,  1.6193E+001,  1.4141E+001
  5.8300E+000, -7.4580E-001,  1.4323E+001
  5.8400E+000, -1.3016E+000,  1.4178E+001
  5.8500E+000, -1.1285E+000,  1.4332E+001
  5.8600E+000,  1.2224E+000,  1.3932E+001
  5.8700E+000, -1.1649E+000,  1.4424E+001
  5.8800E+000, -1.0283E+000,  1.4077E+001
  5.8900E+000, -8.4603E-001,  1.4378E+001
  5.9000E+000, -1.3290E+000,  1.4196E+001
  5.9100E+000, -1.1012E+000,  1.4168E+001
  5.9200E+000, -7.0936E-001,  1.4661E+001
  5.9300E+000, -9.4626E-001,  1.4487E+001
  5.9400E+000, -1.1285E+000,  1.4260E+001
  5.9500E+000, -6.3646E-001,  1.4670E+001
  5.9600E+000, -1.3472E+000,  1.4414E+001
  5.9700E+000, -8.1870E-001,  1.4442E+001
  5.9800E+000, -9.4626E-001,  1.4515E+001
  5.9900E+000, -8.2781E-001,  1.4524E+001
  6.0000E+000, -8.2781E-001,  1.4624E+001
  6.0100E+000, -4.5423E-001,  1.4797E+001
  6.0200E+000, -1.1923E+000,  1.4433E+001
  6.0300E+000, -1.0556E+000,  1.4569E+001
  6.0400E+000, -9.0982E-001,  1.4642E+001
  6.0500E+000,  2.0424E+000,  1.5717E+001
  6.0600E+000,  5.6037E-002,  1.4743E+001
  6.0700E+000, -9.8864E-002,  1.4688E+001
  6.0800E+000,  6.0275E-001,  1.5007E+001
  6.0900E+000,  2.7472E-001,  1.4743E+001
  6.1000E+000,  2.0183E-001,  1.4706E+001
  6.1100E+000,  2.5650E-001,  1.4642E+001
  6.1200E+000,  1.5048E+000,  1.5071E+001
  6.1300E+000,  9.2484E-002,  1.4633E+001
  6.1400E+000,  2.9294E-001,  1.4852E+001
  6.1500E+000,  2.0183E-001,  1.4779E+001
  6.1600E+000,  2.3827E-001,  1.4788E+001
  6.1700E+000,  2.2916E-001,  1.5052E+001
  6.1800E+000,  2.3827E-001,  1.4442E+001
  6.1900E+000, -2.8110E-001,  1.4405E+001
  6.2000E+000,  6.8475E-001,  1.4752E+001
  6.2100E+000,  5.3896E-001,  1.4934E+001
  6.2200E+000,  1.3804E-001,  1.4752E+001
  6.2300E+000,  9.2484E-002,  1.4651E+001
  6.2400E+000,  2.8701E-002,  1.4551E+001
  6.2500E+000, -1.2620E-001,  1.4378E+001
  6.2600E+000,  5.5719E-001,  1.5435E+001
  6.2700E+000,  1.3590E+000,  1.4843E+001
  6.2800E+000,  1.3590E+000,  1.4788E+001
  6.2900E+000,  9.3988E-001,  1.4661E+001
  6.3000E+000,  1.0857E+000,  1.4706E+001
  6.3100E+000,  1.2041E+000,  1.4615E+001
  6.3200E+000,  1.1403E+000,  1.4624E+001
  6.3300E+000,  2.0767E+001,  1.4515E+001
  6.3400E+000,  2.0066E+001,  1.4296E+001
  6.3500E+000,  2.0603E+001,  1.4624E+001
  6.3600E+000,  2.0804E+001,  1.4569E+001
  6.3700E+000,  1.3359E+001,  1.4451E+001
  6.3800E+000,  2.4822E+001,  1.4351E+001
  6.3900E+000,  1.9965E+001,  1.4323E+001
  6.4000E+000,  2.1779E+001,  1.4314E+001
  6.4100E+000,  6.0425E+000,  1.4342E+001
  6.4200E+000,  9.2954E+000,  1.4670E+001
  6.4300E+000, -7.9136E-001,  1.5517E+001
  6.4400E+000,  1.6913E+001,  1.4214E+001
  6.4500E+000,  1.9355E+001,  1.4606E+001
  6.4600E+000, -9.0071E-001,  1.5526E+001
  6.4700E+000,  1.4052E+001,  1.4533E+001
  6.4800E+000,  1.1537E+001,  1.4524E+001
  6.4900E+000,  1.1382E+001,  1.4524E+001
  6.5000E+000, -8.5515E-001,  1.4897E+001
  6.5100E+000,  1.1072E+001,  1.4305E+001
  6.5200E+000,  1.0015E+001,  1.4569E+001
  6.5300E+000,  1.2703E+001,  1.4314E+001
  6.5400E+000,  1.1586E+000,  1.4670E+001
  6.5500E+000,  1.9136E+001,  1.4314E+001
  6.5600E+000,  2.0703E+001,  1.4250E+001
  6.5700E+000,  1.6339E+001,  1.4533E+001
  6.5800E+000,  1.7715E+001,  1.4187E+001
  6.5900E+000,  1.3378E+001,  1.4369E+001
  6.6000E+000,  2.0020E+001,  1.4296E+001
  6.6100E+000,  1.5036E+001,  1.4241E+001
  6.6200E+000,  1.8580E+001,  1.4260E+001
  6.6300E+000,  1.7441E+001,  1.4241E+001
  6.6400E+000,  2.7036E+001,  1.3995E+001
  6.6500E+000,  2.6016E+001,  1.4123E+001
  6.6600E+000,  7.4640E+000,  1.4433E+001
  6.6700E+000,  2.5952E+001,  1.4296E+001
  6.6800E+000,  3.5459E+000,  1.4132E+001
  6.6900E+000,  3.5732E+000,  1.4314E+001
  6.7000E+000,  3.3272E+000,  1.4032E+001
  6.7100E+000,  3.5550E+000,  1.4250E+001
  6.7200E+000,  3.5094E+000,  1.3968E+001
  6.7300E+000,  3.2998E+000,  1.4105E+001
  6.7400E+000,  3.9012E+000,  1.4214E+001
  6.7500E+000,  3.4183E+000,  1.4205E+001
  6.7600E+000,  3.5641E+000,  1.4323E+001
  6.7700E+000,  3.8374E+000,  1.4323E+001
  6.7800E+000,  3.2361E+000,  1.4041E+001
  6.7900E+000,  3.8921E+000,  1.4278E+001
  6.8000E+000,  3.1085E+000,  1.4287E+001
  6.8100E+000,  3.1358E+000,  1.3995E+001
  6.8200E+000,  3.1905E+000,  1.4205E+001
  6.8300E+000,  3.4547E+000,  1.4332E+001
  6.8400E+000,  7.8284E+000,  1.4096E+001
  6.8500E+000,  8.2020E+000,  1.4378E+001
  6.8600E+000,  8.0289E+000,  1.4378E+001
  6.8700E+000,  7.6097E+000,  1.3959E+001
  6.8800E+000,  7.9651E+000,  1.4214E+001
  6.8900E+000,  8.7487E+000,  1.4305E+001
  6.9000E+000,  1.6466E+001,  1.4250E+001
  6.9100E+000,  1.6594E+001,  1.4196E+001
  6.9200E+000,  1.6384E+001,  1.4342E+001
  6.9300E+000,  1.6275E+001,  1.4132E+001
  6.9400E+000,  1.7204E+001,  1.4305E+001
  6.9500E+000,  1.9300E+001,  1.4105E+001
  6.9600E+000,  1.9036E+001,  1.3995E+001
  6.9700E+000,  1.8754E+001,  1.4114E+001
  6.9800E+000,  1.9510E+001,  1.4205E+001
  6.9900E+000,  1.9036E+001,  1.4096E+001
  7.0000E+000,  1.9300E+001,  1.4342E+001
  7.0100E+000,  1.9328E+001,  1.4278E+001
  7.0200E+000,  1.9419E+001,  1.4342E+001
  7.0300E+000,  1.9619E+001,  1.4506E+001
  7.0400E+000,  1.8990E+001,  1.4178E+001
  7.0500E+000,  2.1505E+001,  1.3968E+001
  7.0600E+000,  2.1460E+001,  1.3704E+001
  7.0700E+000,  2.1596E+001,  1.4269E+001
  7.0800E+000,  2.1615E+001,  1.4305E+001
  7.0900E+000,  2.1651E+001,  1.3813E+001
  7.1000E+000,  2.1214E+001,  1.3467E+001
  7.1100E+000,  2.1478E+001,  1.3540E+001
  7.1200E+000,  2.1113E+001,  1.3458E+001
  7.1300E+000,  2.0858E+001,  1.3339E+001
  7.1400E+000,  2.0922E+001,  1.3111E+001
  7.1500E+000,  2.1241E+001,  1.3385E+001
  7.1600E+000,  2.0713E+001,  1.3604E+001
  7.1700E+000,  2.0394E+001,  1.3048E+001
  7.1800E+000,  2.0640E+001,  1.2929E+001
  7.1900E+000,  1.9756E+001,  1.2373E+001
  7.2000E+000,  1.9856E+001,  1.2501E+001
  7.2100E+000,  1.9765E+001,  1.2410E+001
  7.2200E+000,  1.8890E+001,  1.2009E+001
  7.2300E+000,  1.9874E+001,  1.2446E+001
  7.2400E+000,  1.9300E+001,  1.2155E+001
  7.2500E+000,  1.8945E+001,  1.1881E+001
  7.2600E+000,  1.9510E+001,  1.1954E+001
  7.2700E+000,  1.9337E+001,  1.1945E+001
  7.2800E+000,  1.9136E+001,  1.1809E+001
  7.2900E+000,  1.8617E+001,  1.1635E+001
  7.3000E+000,  1.8726E+001,  1.1790E+001
  7.3100E+000,  1.8717E+001,  1.1535E+001
  7.3200E+000,  1.8808E+001,  1.1389E+001
  7.3300E+000,  1.8772E+001,  1.1289E+001
  7.3400E+000,  1.8353E+001,  1.1134E+001
  7.3500E+000,  1.8353E+001,  1.1098E+001
  7.3600E+000,  1.8562E+001,  1.1043E+001
  7.3700E+000,  1.8507E+001,  1.1052E+001
  7.3800E+000,  1.8161E+001,  1.0961E+001
  7.3900E+000,  1.8444E+001,  1.0961E+001
  7.4000E+000,  1.8353E+001,  1.1025E+001
  7.4100E+000,  1.7742E+001,  1.0651E+001
  7.4200E+000,  1.7988E+001,  1.0916E+001
  7.4300E+000,  1.7988E+001,  1.0852E+001
  7.4400E+000,  1.8034E+001,  1.1016E+001
  7.4500E+000,  1.8034E+001,  1.0970E+001
  7.4600E+000,  1.7897E+001,  1.0843E+001
  7.4700E+000,  1.7851E+001,  1.0870E+001
  7.4800E+000,  1.7824E+001,  1.0733E+001
  7.4900E+000,  1.7760E+001,  1.0770E+001
  7.5000E+000,  1.7760E+001,  1.0806E+001
  7.5100E+000,  1.7678E+001,  1.0733E+001
  7.5200E+000,  1.7706E+001,  1.0761E+001
  7.5300E+000,  1.7596E+001,  1.0560E+001
  7.5400E+000,  1.7505E+001,  1.0487E+001
  7.5500E+000,  1.7533E+001,  1.0487E+001
  7.5600E+000,  1.7496E+001,  1.0442E+001
  7.5700E+000,  1.7305E+001,  1.0323E+001
  7.5800E+000,  1.7359E+001,  1.0314E+001
  7.5900E+000,  1.7414E+001,  1.0351E+001
  7.6000E+000,  1.7287E+001,  1.0360E+001
  7.6100E+000,  1.7277E+001,  1.0351E+001
  7.6200E+000,  1.7378E+001,  1.0314E+001
  7.6300E+000,  1.7350E+001,  1.0451E+001
  7.6400E+000,  1.7350E+001,  1.0414E+001
  7.6500E+000,  1.7314E+001,  1.0342E+001
  7.6600E+000,  1.7186E+001,  1.0259E+001
  7.6700E+000,  1.7204E+001,  1.0287E+001
  7.6800E+000,  1.7168E+001,  1.0214E+001
  7.6900E+000,  1.7122E+001,  1.0187E+001
  7.7000E+000,  1.7104E+001,  1.0159E+001
  7.7100E+000,  1.7068E+001,  1.0214E+001
  7.7200E+000,  1.6986E+001,  9.9497E+000
  7.7300E+000,  1.7004E+001,  9.8859E+000
  7.7400E+000,  1.6904E+001,  9.8495E+000
  7.7500E+000,  1.6858E+001,  9.7948E+000
  7.7600E+000,  1.6913E+001,  9.7675E+000
  7.7700E+000,  1.6858E+001,  9.7766E+000
  7.7800E+000,  1.6840E+001,  9.7948E+000
  7.7900E+000,  1.6767E+001,  9.6308E+000
  7.8000E+000,  1.6649E+001,  9.5488E+000
  7.8100E+000,  1.6649E+001,  9.5579E+000
  7.8200E+000,  1.6494E+001,  9.4668E+000
  7.8300E+000,  1.6521E+001,  9.4030E+000
  7.8400E+000,  1.6457E+001,  9.3665E+000
  7.8500E+000,  1.6375E+001,  9.2845E+000
  7.8600E+000,  1.6394E+001,  9.3028E+000
  7.8700E+000,  1.6284E+001,  9.1934E+000
  7.8800E+000,  1.6284E+001,  9.1843E+000
  7.8900E+000,  1.6202E+001,  9.0932E+000
  7.9000E+000,  1.6157E+001,  9.0021E+000
  7.9100E+000,  1.6193E+001,  9.0294E+000
  7.9200E+000,  1.6093E+001,  8.9201E+000
  7.9300E+000,  1.6020E+001,  8.8563E+000
  7.9400E+000,  1.5974E+001,  8.9018E+000
  7.9500E+000,  1.5929E+001,  8.7105E+000
  7.9600E+000,  1.5874E+001,  8.7014E+000
  7.9700E+000,  1.5801E+001,  8.6194E+000
  7.9800E+000,  1.5756E+001,  8.5738E+000
  7.9900E+000,  1.5765E+001,  8.6194E+000
  8.0000E+000,  1.5655E+001,  8.4554E+000
  8.0100E+000,  1.5592E+001,  8.4007E+000
  8.0200E+000,  1.5592E+001,  8.3733E+000
  8.0300E+000,  1.5537E+001,  8.4462E+000
  8.0400E+000,  1.5491E+001,  8.2549E+000
  8.0500E+000,  1.5437E+001,  8.1456E+000
  8.0600E+000,  1.5437E+001,  8.2731E+000
  8.0700E+000,  1.5364E+001,  8.0818E+000
  8.0800E+000,  1.5309E+001,  8.0544E+000
  8.0900E+000,  1.5282E+001,  8.0180E+000
  8.1000E+000,  1.5227E+001,  7.9542E+000
  8.1100E+000,  1.5209E+001,  7.8813E+000
  8.1200E+000,  1.5163E+001,  7.8722E+000
  8.1300E+000,  1.5136E+001,  7.8175E+000
  8.1400E+000,  1.5127E+001,  7.8084E+000
  8.1500E+000,  1.5081E+001,  7.7264E+000
  8.1600E+000,  1.5045E+001,  7.7537E+000
  8.1700E+000,  1.4999E+001,  7.6717E+000
  8.1800E+000,  1.4972E+001,  7.6444E+000
  8.1900E+000,  1.4917E+001,  7.6080E+000
  8.2000E+000,  1.4899E+001,  7.5351E+000
  8.2100E+000,  1.4863E+001,  7.5442E+000
  8.2200E+000,  1.4845E+001,  7.5077E+000
  8.2300E+000,  1.4808E+001,  7.4804E+000
  8.2400E+000,  1.4763E+001,  7.4166E+000
  8.2500E+000,  1.4735E+001,  7.3893E+000
  8.2600E+000,  1.4699E+001,  7.3802E+000
  8.2700E+000,  1.4699E+001,  7.3346E+000
  8.2800E+000,  1.4653E+001,  7.2890E+000
  8.2900E+000,  1.4635E+001,  7.2617E+000
  8.3000E+000,  1.4608E+001,  7.2526E+000
  8.3100E+000,  1.4599E+001,  7.2435E+000
  8.3200E+000,  1.4608E+001,  7.3073E+000
  8.3300E+000,  1.4781E+001,  7.5897E+000
  8.3400E+000,  1.4963E+001,  7.8358E+000
  8.3500E+000,  1.5291E+001,  7.8631E+000
  8.3600E+000,  1.5318E+001,  7.6626E+000
  8.3700E+000,  1.5400E+001,  7.7446E+000
  8.3800E+000,  1.5774E+001,  8.1911E+000
  8.3900E+000,  1.6111E+001,  8.5465E+000
  8.4000E+000,  1.6494E+001,  9.0476E+000
  8.4100E+000,  1.7195E+001,  9.4485E+000
  8.4200E+000,  1.7915E+001,  9.8312E+000
  8.4300E+000,  1.9291E+001,  1.0679E+001
  8.4400E+000,  2.5259E+001,  1.1344E+001
  8.4500E+000,  8.7214E+000,  1.5991E+001
  8.4600E+000,  4.4662E+000,  1.0232E+001
  8.4700E+000,  3.7919E+000,  9.4030E+000
  8.4800E+000,  3.7281E+000,  9.3392E+000
  8.4900E+000,  3.7190E+000,  9.3301E+000
  8.5000E+000,  3.7190E+000,  9.3210E+000
  8.5100E+000,  3.7099E+000,  9.3210E+000
  8.5200E+000,  3.7099E+000,  9.3210E+000
  8.5300E+000,  3.7099E+000,  9.3119E+000
  8.5400E+000,  3.7099E+000,  9.3119E+000
  8.5500E+000,  3.7190E+000,  9.3301E+000
  8.5600E+000,  3.7190E+000,  9.3210E+000
  8.5700E+000,  3.7099E+000,  9.3119E+000
  8.5800E+000,  3.7099E+000,  9.3119E+000
  8.5900E+000,  3.7099E+000,  9.3119E+000
  8.6000E+000,  3.7099E+000,  9.3210E+000
  8.6100E+000,  3.7099E+000,  9.3210E+000
  8.6200E+000,  3.7099E+000,  9.3119E+000
  8.6300E+000,  3.7099E+000,  9.3210E+000
  8.6400E+000,  3.7099E+000,  9.3210E+000
  8.6500E+000,  3.7099E+000,  9.3210E+000
  8.6600E+000,  3.7190E+000,  9.3210E+000
  8.6700E+000,  3.7190E+000,  9.3210E+000
  8.6800E+000,  3.7190E+000,  9.3301E+000
  8.6900E+000,  3.7099E+000,  9.3119E+000
  8.7000E+000,  3.7099E+000,  9.3210E+000
  8.7100E+000,  3.7099E+000,  9.3119E+000
  8.7200E+000,  3.7099E+000,  9.3119E+000
  8.7300E+000,  3.7099E+000,  9.3119E+000
  8.7400E+000,  3.7190E+000,  9.3210E+000
  8.7500E+000,  3.7190E+000,  9.3210E+000
  8.7600E+000,  3.7190E+000,  9.3119E+000
  8.7700E+000,  3.7190E+000,  9.3119E+000
  8.7800E+000,  3.7099E+000,  9.3210E+000
  8.7900E+000,  3.7099E+000,  9.3210E+000
  8.8000E+000,  3.7099E+000,  9.3210E+000
  8.8100E+000,  3.7190E+000,  9.3210E+000
  8.8200E+000,  3.7190E+000,  9.3210E+000
  8.8300E+000,  3.7099E+000,  9.3210E+000
  8.8400E+000,  3.7008E+000,  9.3210E+000
  8.8500E+000,  3.7099E+000,  9.3210E+000
  8.8600E+000,  3.7190E+000,  9.3210E+000
  8.8700E+000,  3.7281E+000,  9.3301E+000
  8.8800E+000,  3.7099E+000,  9.3210E+000
  8.8900E+000,  3.7190E+000,  9.3210E+000
  8.9000E+000,  3.7008E+000,  9.3210E+000
  8.9100E+000,  3.7099E+000,  9.3210E+000
  8.9200E+000,  3.7008E+000,  9.3210E+000
  8.9300E+000,  3.7099E+000,  9.3210E+000
  8.9400E+000,  3.7190E+000,  9.3210E+000
  8.9500E+000,  3.7190E+000,  9.3210E+000
  8.9600E+000,  3.7099E+000,  9.3210E+000
  8.9700E+000,  3.7190E+000,  9.3210E+000
  8.9800E+000,  3.7099E+000,  9.3301E+000
  8.9900E+000,  3.7099E+000,  9.3210E+000
  9.0000E+000,  3.7099E+000,  9.3210E+000
  9.0100E+000,  3.7099E+000,  9.3210E+000
  9.0200E+000,  3.7190E+000,  9.3210E+000
  9.0300E+000,  3.7190E+000,  9.3210E+000
  9.0400E+000,  3.7099E+000,  9.3119E+000
  9.0500E+000,  3.7008E+000,  9.3210E+000
  9.0600E+000,  3.7099E+000,  9.3210E+000
  9.0700E+000,  3.7099E+000,  9.3210E+000
  9.0800E+000,  3.7190E+000,  9.3210E+000
  9.0900E+000,  3.7099E+000,  9.3301E+000
  9.1000E+000,  3.7099E+000,  9.3301E+000
  9.1100E+000,  3.7099E+000,  9.3119E+000
  9.1200E+000,  3.7099E+000,  9.3210E+000
  9.1300E+000,  3.7008E+000,  9.3210E+000
  9.1400E+000,  3.7099E+000,  9.3210E+000
  9.1500E+000,  3.7190E+000,  9.3210E+000
  9.1600E+000,  3.7190E+000,  9.3210E+000
  9.1700E+000,  3.7190E+000,  9.3210E+000
  9.1800E+000,  3.7099E+000,  9.3119E+000
  9.1900E+000,  3.7099E+000,  9.3210E+000
  9.2000E+000,  3.7008E+000,  9.3210E+000
  9.2100E+000,  3.7190E+000,  9.3210E+000
  9.2200E+000,  3.7099E+000,  9.3210E+000
  9.2300E+000,  3.7099E+000,  9.3210E+000
  9.2400E+000,  3.7099E+000,  9.3210E+000
  9.2500E+000,  3.7099E+000,  9.3210E+000
  9.2600E+000,  3.7099E+000,  9.3210E+000
  9.2700E+000,  3.7099E+000,  9.3210E+000
  9.2800E+000,  3.7099E+000,  9.3119E+000
  9.2900E+000,  3.7190E+000,  9.3210E+000
  9.3000E+000,  3.7099E+000,  9.3210E+000
  9.3100E+000,  3.7099E+000,  9.3210E+000
  9.3200E+000,  3.7099E+000,  9.3210E+000
  9.3300E+000,  3.7099E+000,  9.3210E+000
  9.3400E+000,  3.7099E+000,  9.3210E+000
  9.3500E+000,  3.7099E+000,  9.3210E+000
  9.3600E+000,  3.7099E+000,  9.3210E+000
  9.3700E+000,  3.7099E+000,  9.3210E+000
  9.3800E+000,  3.7099E+000,  9.3210E+000
  9.3900E+000,  3.7099E+000,  9.3210E+000
  9.4000E+000,  3.7099E+000,  9.3210E+000
  9.4100E+000,  3.7099E+000,  9.3210E+000
  9.4200E+000,  3.7099E+000,  9.3119E+000
  9.4300E+000,  3.7099E+000,  9.3210E+000
  9.4400E+000,  3.7099E+000,  9.3210E+000
  9.4500E+000,  3.7008E+000,  9.3119E+000
  9.4600E+000,  3.7008E+000,  9.3210E+000
  9.4700E+000,  3.7008E+000,  9.3119E+000
  9.4800E+000,  3.7008E+000,  9.3210E+000
  9.4900E+000,  3.7099E+000,  9.3210E+000
  9.5000E+000,  3.7008E+000,  9.3210E+000
  9.5100E+000,  3.7099E+000,  9.3119E+000
  9.5200E+000,  3.7008E+000,  9.3119E+000
  9.5300E+000,  3.7008E+000,  9.3119E+000
  9.5400E+000,  3.7008E+000,  9.3210E+000
  9.5500E+000,  3.7008E+000,  9.3210E+000
  9.5600E+000,  3.7099E+000,  9.3210E+000
  9.5700E+000,  3.7099E+000,  9.3210E+000
  9.5800E+000,  3.7099E+000,  9.3119E+000
  9.5900E+000,  3.7099E+000,  9.3119E+000
  9.6000E+000,  3.7008E+000,  9.3119E+000
  9.6100E+000,  3.7008E+000,  9.3119E+000
  9.6200E+000,  3.7008E+000,  9.3210E+000
  9.6300E+000,  3.7008E+000,  9.3210E+000
  9.6400E+000,  3.7099E+000,  9.3119E+000
  9.6500E+000,  3.7099E+000,  9.3210E+000
  9.6600E+000,  3.7099E+000,  9.3210E+000
  9.6700E+000,  3.6917E+000,  9.3210E+000
  9.6800E+000,  3.7099E+000,  9.3119E+000
  9.6900E+000,  3.7008E+000,  9.3210E+000
  9.7000E+000,  3.7099E+000,  9.3210E+000
  9.7100E+000,  3.7099E+000,  9.3210E+000
  9.7200E+000,  3.7099E+000,  9.3210E+000
  9.7300E+000,  3.7008E+000,  9.3119E+000
  9.7400E+000,  3.7008E+000,  9.3119E+000
  9.7500E+000,  3.7008E+000,  9.3119E+000
  9.7600E+000,  3.7008E+000,  9.3210E+000
  9.7700E+000,  3.7099E+000,  9.3119E+000
  9.7800E+000,  3.7099E+000,  9.3119E+000
  9.7900E+000,  3.7099E+000,  9.3119E+000
  9.8000E+000,  3.6917E+000,  9.3119E+000
  9.8100E+000,  3.7008E+000,  9.3119E+000
  9.8200E+000,  3.7008E+000,  9.3119E+000
  9.8300E+000,  3.7099E+000,  9.3210E+000
  9.8400E+000,  3.7099E+000,  9.3210E+000
  9.8500E+000,  3.7008E+000,  9.3210E+000
  9.8600E+000,  3.7099E+000,  9.3119E+000
  9.8700E+000,  3.6917E+000,  9.3119E+000
  9.8800E+000,  3.7008E+000,  9.3119E+000
  9.8900E+000,  3.7099E+000,  9.3210E+000
  9.9000E+000,  3.7099E+000,  9.3119E+000
  9.9100E+000,  3.7008E+000,  9.3210E+000
  9.9200E+000,  3.7008E+000,  9.3119E+000
  9.9300E+000,  3.7008E+000,  9.3119E+000
  9.9400E+000,  3.7008E+000,  9.3119E+000
  9.9500E+000,  3.7008E+000,  9.3119E+000
  9.9600E+000,  3.7008E+000,  9.3119E+000
  9.9700E+000,  3.7008E+000,  9.3119E+000
  9.9800E+000,  3.7099E+000,  9.3119E+000
  9.9900E+000,  3.7008E+000,  9.3210E+000
  1.0000E+001,  3.7008E+000,  9.3119E+000
  1.0010E+001,  3.6917E+000,  9.3119E+000
  1.0020E+001,  3.7008E+000,  9.3119E+000
  1.0030E+001,  3.7008E+000,  9.3119E+000
  1.0040E+001,  3.7099E+000,  9.3119E+000
  1.0050E+001,  3.7008E+000,  9.3210E+000
  1.0060E+001,  3.7008E+000,  9.3119E+000
  1.0070E+001,  3.7008E+000,  9.3119E+000
  1.0080E+001,  3.7008E+000,  9.3119E+000
  1.0090E+001,  3.6917E+000,  9.3028E+000
  1.0100E+001,  3.7008E+000,  9.3119E+000
  1.0110E+001,  3.6917E+000,  9.3210E+000
  1.0120E+001,  3.7008E+000,  9.3119E+000
  1.0130E+001,  3.7099E+000,  9.3119E+000
  1.0140E+001,  3.7008E+000,  9.3119E+000
  1.0150E+001,  3.7008E+000,  9.3210E+000
  1.0160E+001,  3.6917E+000,  9.3119E+000
  1.0170E+001,  3.7008E+000,  9.3119E+000
  1.0180E+001,  3.7008E+000,  9.3210E+000
  1.0190E+001,  3.7008E+000,  9.3210E+000
  1.0200E+001,  3.7008E+000,  9.3210E+000
  1.0210E+001,  3.7008E+000,  9.3210E+000
  1.0220E+001,  3.6825E+000,  9.3119E+000
  1.0230E+001,  3.7008E+000,  9.3119E+000
  1.0240E+001,  3.6917E+000,  9.3119E+000
  1.0250E+001,  3.7008E+000,  9.3210E+000
  1.0260E+001,  3.7008E+000,  9.3210E+000
  1.0270E+001,  3.7008E+000,  9.3119E+000
  1.0280E+001,  3.7008E+000,  9.3210E+000
  1.0290E+001,  3.7008E+000,  9.3210E+000
  1.0300E+001,  3.6917E+000,  9.3210E+000
  1.0310E+001,  3.7008E+000,  9.3119E+000
  1.0320E+001,  3.7008E+000,  9.3119E+000
  1.0330E+001,  3.6917E+000,  9.3119E+000
  1.0340E+001,  3.7008E+000,  9.3210E+000
  1.0350E+001,  3.6917E+000,  9.3119E+000
  1.0360E+001,  3.6917E+000,  9.3119E+000
  1.0370E+001,  3.6917E+000,  9.3119E+000
  1.0380E+001,  3.6917E+000,  9.3210E+000
  1.0390E+001,  3.7008E+000,  9.3210E+000
  1.0400E+001,  3.7008E+000,  9.3210E+000
  1.0410E+001,  3.7008E+000,  9.3119E+000
  1.0420E+001,  3.6917E+000,  9.3119E+000
  1.0430E+001,  3.7008E+000,  9.3119E+000
  1.0440E+001,  3.6917E+000,  9.3210E+000
  1.0450E+001,  3.6917E+000,  9.3210E+000
  1.0460E+001,  3.6917E+000,  9.3119E+000
  1.0470E+001,  3.6917E+000,  9.3119E+000
  1.0480E+001,  3.6917E+000,  9.3119E+000
  1.0490E+001,  3.6917E+000,  9.3119E+000
  1.0500E+001,  3.6917E+000,  9.3119E+000
  1.0510E+001,  3.7008E+000,  9.3119E+000
  1.0520E+001,  3.7008E+000,  9.3119E+000
  1.0530E+001,  3.7008E+000,  9.3119E+000
  1.0540E+001,  3.7008E+000,  9.3119E+000
  1.0550E+001,  3.6917E+000,  9.3028E+000
  1.0560E+001,  3.6917E+000,  9.3119E+000
  1.0570E+001,  3.6917E+000,  9.3210E+000
  1.0580E+001,  3.6917E+000,  9.3119E+000
  1.0590E+001,  3.6917E+000,  9.3119E+000
  1.0600E+001,  3.6917E+000,  9.3210E+000
  1.0610E+001,  3.6917E+000,  9.3210E+000
  1.0620E+001,  3.6917E+000,  9.3028E+000
  1.0630E+001,  3.6917E+000,  9.3119E+000
  1.0640E+001,  3.6825E+000,  9.3119E+000
  1.0650E+001,  3.7008E+000,  9.3210E+000
  1.0660E+001,  3.6917E+000,  9.3119E+000
  1.0670E+001,  3.7008E+000,  9.3119E+000
  1.0680E+001,  3.7008E+000,  9.3119E+000
  1.0690E+001,  3.7008E+000,  9.3119E+000
  1.0700E+001,  3.6917E+000,  9.3119E+000
  1.0710E+001,  3.6917E+000,  9.3119E+000
  1.0720E+001,  3.6917E+000,  9.3119E+000
  1.0730E+001,  3.6917E+000,  9.3028E+000
  1.0740E+001,  3.7008E+000,  9.3119E+000
  1.0750E+001,  3.7008E+000,  9.3210E+000
  1.0760E+001,  3.7008E+000,  9.3210E+000
  1.0770E+001,  3.6917E+000,  9.3119E+000
  1.0780E+001,  3.6917E+000,  9.3119E+000
  1.0790E+001,  3.7008E+000,  9.3119E+000
  1.0800E+001,  3.7008E+000,  9.3119E+000
  1.0810E+001,  3.7008E+000,  9.3119E+000
  1.0820E+001,  3.7008E+000,  9.3119E+000
  1.0830E+001,  3.6917E+000,  9.3119E+000
  1.0840E+001,  3.6917E+000,  9.3119E+000
  1.0850E+001,  3.7008E+000,  9.3119E+000
  1.0860E+001,  3.6917E+000,  9.3119E+000
  1.0870E+001,  3.7008E+000,  9.3119E+000
  1.0880E+001,  3.6917E+000,  9.3119E+000
  1.0890E+001,  3.7008E+000,  9.3119E+000
  1.0900E+001,  3.6917E+000,  9.3119E+000
  1.0910E+001,  3.6917E+000,  9.3119E+000
  1.0920E+001,  3.6917E+000,  9.3119E+000
  1.0930E+001,  3.7008E+000,  9.3119E+000
  1.0940E+001,  3.7099E+000,  9.3210E+000
  1.0950E+001,  3.6917E+000,  9.3119E+000
  1.0960E+001,  3.7008E+000,  9.3028E+000
  1.0970E+001,  3.6825E+000,  9.3028E+000
  1.0980E+001,  3.6917E+000,  9.3119E+000
  1.0990E+001,  3.7008E+000,  9.3119E+000
  1.1000E+001,  3.7008E+000,  9.3119E+000
  1.1010E+001,  3.6917E+000,  9.3119E+000
  1.1020E+001,  3.7008E+000,  9.3119E+000
  1.1030E+001,  3.6917E+000,  9.3119E+000
  1.1040E+001,  3.7008E+000,  9.3210E+000
  1.1050E+001,  3.7008E+000,  9.3210E+000
  1.1060E+001,  3.7008E+000,  9.3119E+000
  1.1070E+001,  3.7008E+000,  9.3210E+000
  1.1080E+001,  3.7008E+000,  9.3119E+000
  1.1090E+001,  3.7008E+000,  9.3119E+000
  1.1100E+001,  3.6917E+000,  9.3028E+000
  1.1110E+001,  3.6917E+000,  9.3119E+000
  1.1120E+001,  3.6917E+000,  9.3119E+000
  1.1130E+001,  3.6917E+000,  9.3119E+000
  1.1140E+001,  3.7008E+000,  9.3119E+000
  1.1150E+001,  3.7008E+000,  9.3119E+000
  1.1160E+001,  3.7008E+000,  9.3119E+000
  1.1170E+001,  3.6917E+000,  9.3119E+000
  1.1180E+001,  3.6917E+000,  9.3210E+000
  1.1190E+001,  3.6917E+000,  9.3210E+000
  1.1200E+001,  3.7008E+000,  9.3119E+000
  1.1210E+001,  3.6917E+000,  9.3119E+000
  1.1220E+001,  3.7008E+000,  9.3119E+000
  1.1230E+001,  3.7008E+000,  9.3028E+000
  1.1240E+001,  3.7008E+000,  9.3119E+000
  1.1250E+001,  3.6917E+000,  9.3119E+000
  1.1260E+001,  3.7008E+000,  9.3119E+000
  1.1270E+001,  3.7008E+000,  9.3119E+000
  1.1280E+001,  3.7008E+000,  9.3119E+000
  1.1290E+001,  3.7008E+000,  9.3210E+000
  1.1300E+001,  3.7008E+000,  9.3119E+000
  1.1310E+001,  3.7008E+000,  9.3119E+000
  1.1320E+001,  3.6917E+000,  9.3119E+000
  1.1330E+001,  3.6917E+000,  9.3119E+000
  1.1340E+001,  3.7008E+000,  9.3119E+000
  1.1350E+001,  3.6917E+000,  9.3119E+000
  1.1360E+001,  3.7008E+000,  9.3119E+000
  1.1370E+001,  3.6917E+000,  9.3028E+000
  1.1380E+001,  3.6917E+000,  9.3119E+000
  1.1390E+001,  3.6917E+000,  9.3119E+000
  1.1400E+001,  3.6917E+000,  9.3119E+000
  1.1410E+001,  3.7008E+000,  9.3119E+000
  1.1420E+001,  3.6917E+000,  9.3119E+000
  1.1430E+001,  3.7008E+000,  9.3119E+000
  1.1440E+001,  3.7008E+000,  9.3210E+000
  1.1450E+001,  3.6917E+000,  9.3119E+000
  1.1460E+001,  3.6917E+000,  9.3119E+000
  1.1470E+001,  3.6917E+000,  9.3119E+000
  1.1480E+001,  3.6917E+000,  9.3028E+000
  1.1490E+001,  3.6917E+000,  9.3210E+000
  1.1500E+001,  3.6917E+000,  9.3028E+000
  1.1510E+001,  3.7008E+000,  9.3119E+000
  1.1520E+001,  3.6825E+000,  9.3119E+000
  1.1530E+001,  3.6917E+000,  9.3210E+000
  1.1540E+001,  3.7008E+000,  9.3210E+000
  1.1550E+001,  3.6917E+000,  9.3119E+000
  1.1560E+001,  3.6917E+000,  9.3119E+000
  1.1570E+001,  3.7008E+000,  9.3119E+000
  1.1580E+001,  3.6825E+000,  9.3210E+000
  1.1590E+001,  3.6917E+000,  9.3119E+000
  1.1600E+001,  3.6917E+000,  9.3119E+000
  1.1610E+001,  3.6917E+000,  9.3119E+000
  1.1620E+001,  3.6917E+000,  9.3119E+000
  1.1630E+001,  3.6917E+000,  9.3119E+000
  1.1640E+001,  3.7008E+000,  9.3210E+000
  1.1650E+001,  3.6917E+000,  9.3119E+000
  1.1660E+001,  3.6917E+000,  9.3119E+000
  1.1670E+001,  3.6917E+000,  9.3119E+000
  1.1680E+001,  3.6917E+000,  9.3210E+000
  1.1690E+001,  3.6917E+000,  9.3210E+000
  1.1700E+001,  3.6917E+000,  9.3028E+000
  1.1710E+001,  3.6917E+000,  9.3119E+000
  1.1720E+001,  3.6825E+000,  9.3119E+000
  1.1730E+001,  3.6825E+000,  9.3119E+000
  1.1740E+001,  3.6917E+000,  9.3119E+000
  1.1750E+001,  3.6917E+000,  9.3119E+000
  1.1760E+001,  3.6917E+000,  9.3119E+000
  1.1770E+001,  3.6917E+000,  9.3119E+000
  1.1780E+001,  3.6917E+000,  9.3210E+000
  1.1790E+001,  3.7008E+000,  9.3119E+000
  1.1800E+001,  3.6917E+000,  9.3028E+000
  1.1810E+001,  3.6917E+000,  9.3119E+000
  1.1820E+001,  3.6825E+000,  9.3210E+000
  1.1830E+001,  3.6917E+000,  9.3119E+000
  1.1840E+001,  3.6917E+000,  9.3119E+000
  1.1850E+001,  3.6917E+000,  9.3119E+000
  1.1860E+001,  3.6917E+000,  9.3119E+000
  1.1870E+001,  3.6825E+000,  9.3119E+000
  1.1880E+001,  3.7008E+000,  9.3119E+000
  1.1890E+001,  3.7008E+000,  9.3119E+000
  1.1900E+001,  3.7008E+000,  9.3119E+000
  1.1910E+001,  3.6917E+000,  9.3119E+000
  1.1920E+001,  3.6917E+000,  9.3119E+000
  1.1930E+001,  3.6825E+000,  9.3119E+000
  1.1940E+001,  3.6917E+000,  9.3119E+000
  1.1950E+001,  3.6917E+000,  9.3028E+000
  1.1960E+001,  3.6825E+000,  9.3119E+000
  1.1970E+001,  3.6917E+000,  9.3028E+000
  1.1980E+001,  3.6917E+000,  9.3210E+000
  1.1990E+001,  3.6917E+000,  9.3028E+000
  1.2000E+001,  3.6825E+000,  9.3119E+000
  1.2010E+001,  3.6917E+000,  9.3028E+000
  1.2020E+001,  3.6917E+000,  9.3119E+000
  1.2030E+001,  3.7008E+000,  9.3119E+000
  1.2040E+001,  3.7008E+000,  9.3028E+000
  1.2050E+001,  3.6917E+000,  9.3119E+000
  1.2060E+001,  3.6825E+000,  9.3119E+000
  1.2070E+001,  3.6917E+000,  9.3028E+000
  1.2080E+001,  3.6825E+000,  9.3119E+000
  1.2090E+001,  3.7008E+000,  9.3028E+000
  1.2100E+001,  3.6825E+000,  9.3028E+000
  1.2110E+001,  3.6917E+000,  9.3028E+000
  1.2120E+001,  3.6917E+000,  9.3028E+000
  1.2130E+001,  3.6917E+000,  9.3210E+000
  1.2140E+001,  3.6917E+000,  9.3119E+000
  1.2150E+001,  3.6917E+000,  9.3119E+000
  1.2160E+001,  3.6825E+000,  9.3119E+000
  1.2170E+001,  3.6917E+000,  9.3119E+000
  1.2180E+001,  3.7008E+000,  9.3210E+000
  1.2190E+001,  3.6917E+000,  9.3028E+000
  1.2200E+001,  3.6917E+000,  9.3028E+000
  1.2210E+001,  3.6825E+000,  9.3028E+000
  1.2220E+001,  3.6917E+000,  9.3119E+000
  1.2230E+001,  3.6917E+000,  9.3119E+000
  1.2240E+001,  3.7008E+000,  9.3028E+000
  1.2250E+001,  3.6917E+000,  9.3119E+000
  1.2260E+001,  3.6825E+000,  9.3028E+000
  1.2270E+001,  3.6825E+000,  9.3119E+000
  1.2280E+001,  3.6917E+000,  9.3119E+000
  1.2290E+001,  3.6917E+000,  9.3028E+000
  1.2300E+001,  3.6917E+000,  9.3028E+000
  1.2310E+001,  3.6917E+000,  9.3119E+000
  1.2320E+001,  3.6917E+000,  9.3028E+000
  1.2330E+001,  3.6917E+000,  9.3028E+000
  1.2340E+001,  3.7008E+000,  9.3119E+000
  1.2350E+001,  3.6917E+000,  9.3028E+000
  1.2360E+001,  3.6917E+000,  9.3028E+000
  1.2370E+001,  3.6917E+000,  9.3028E+000
  1.2380E+001,  3.6917E+000,  9.3028E+000
  1.2390E+001,  3.6917E+000,  9.3028E+000
  1.2400E+001,  3.6917E+000,  9.3119E+000
  1.2410E+001,  3.7008E+000,  9.3119E+000
  1.2420E+001,  3.6917E+000,  9.3028E+000
  1.2430E+001,  3.6917E+000,  9.3119E+000
  1.2440E+001,  3.7008E+000,  9.3028E+000
  1.2450E+001,  3.6917E+000,  9.3028E+000
  1.2460E+001,  3.6917E+000,  9.3028E+000
  1.2470E+001,  3.6825E+000,  9.3028E+000
  1.2480E+001,  3.6917E+000,  9.3028E+000
  1.2490E+001,  3.7008E+000,  9.3119E+000
  1.2500E+001,  3.6917E+000,  9.3028E+000
  1.2510E+001,  3.7008E+000,  9.3210E+000
  1.2520E+001,  3.6917E+000,  9.3028E+000
  1.2530E+001,  3.6917E+000,  9.3028E+000
  1.2540E+001,  3.6917E+000,  9.3119E+000
  1.2550E+001,  3.6825E+000,  9.3028E+000
  1.2560E+001,  3.6917E+000,  9.3028E+000
  1.2570E+001,  3.6917E+000,  9.3119E+000
  1.2580E+001,  3.6917E+000,  9.3028E+000
  1.2590E+001,  3.7008E+000,  9.3028E+000
  1.2600E+001,  3.6917E+000,  9.3119E+000
  1.2610E+001,  3.6825E+000,  9.3028E+000
  1.2620E+001,  3.6917E+000,  9.3119E+000
  1.2630E+001,  3.6917E+000,  9.3119E+000
  1.2640E+001,  3.6917E+000,  9.3119E+000
  1.2650E+001,  3.6917E+000,  9.3210E+000
  1.2660E+001,  3.6917E+000,  9.3119E+000
  1.2670E+001,  3.6825E+000,  9.3028E+000
  1.2680E+001,  3.6917E+000,  9.3119E+000
  1.2690E+001,  3.6825E+000,  9.3028E+000
  1.2700E+001,  3.7008E+000,  9.3119E+000
  1.2710E+001,  3.6917E+000,  9.3119E+000
  1.2720E+001,  3.6917E+000,  9.3119E+000
  1.2730E+001,  3.6917E+000,  9.3119E+000
  1.2740E+001,  3.7008E+000,  9.3119E+000
  1.2750E+001,  3.6917E+000,  9.3028E+000
  1.2760E+001,  3.7008E+000,  9.3119E+000
  1.2770E+001,  3.6917E+000,  9.3028E+000
  1.2780E+001,  3.7008E+000,  9.3119E+000
  1.2790E+001,  3.7008E+000,  9.3119E+000
  1.2800E+001,  3.6917E+000,  9.3119E+000
  1.2810E+001,  3.6917E+000,  9.3028E+000
  1.2820E+001,  3.7008E+000,  9.3028E+000
  1.2830E+001,  3.6917E+000,  9.3119E+000
  1.2840E+001,  3.7008E+000,  9.3119E+000
  1.2850E+001,  3.7008E+000,  9.3028E+000
  1.2860E+001,  3.7008E+000,  9.3028E+000
  1.2870E+001,  3.6825E+000,  9.3028E+000
  1.2880E+001,  3.6917E+000,  9.3028E+000
  1.2890E+001,  3.7008E+000,  9.3028E+000
  1.2900E+001,  3.6917E+000,  9.3028E+000
  1.2910E+001,  3.7008E+000,  9.3028E+000
  1.2920E+001,  3.7008E+000,  9.3028E+000
  1.2930E+001,  3.7008E+000,  9.3028E+000
  1.2940E+001,  3.6917E+000,  9.3119E+000
  1.2950E+001,  3.7008E+000,  9.3028E+000
  1.2960E+001,  3.6917E+000,  9.3119E+000
  1.2970E+001,  3.7008E+000,  9.3119E+000
  1.2980E+001,  3.7008E+000,  9.3028E+000
  1.2990E+001,  3.7008E+000,  9.3119E+000
  1.3000E+001,  3.7008E+000,  9.3028E+000
  1.3010E+001,  3.7008E+000,  9.3028E+000
  1.3020E+001,  3.6917E+000,  9.3028E+000
  1.3030E+001,  3.7008E+000,  9.3119E+000
  1.3040E+001,  3.6917E+000,  9.3028E+000
  1.3050E+001,  3.7099E+000,  9.3028E+000
  1.3060E+001,  3.6917E+000,  9.3028E+000
  1.3070E+001,  3.6917E+000,  9.3028E+000
  1.3080E+001,  3.6917E+000,  9.3028E+000
  1.3090E+001,  3.6917E+000,  9.3119E+000
  1.3100E+001,  3.6917E+000,  9.3028E+000
  1.3110E+001,  3.7008E+000,  9.3028E+000
  1.3120E+001,  3.6917E+000,  9.3119E+000
  1.3130E+001,  3.7008E+000,  9.3028E+000
  1.3140E+001,  3.6917E+000,  9.3028E+000
  1.3150E+001,  3.6917E+000,  9.3028E+000
  1.3160E+001,  3.7008E+000,  9.3028E+000
  1.3170E+001,  3.7008E+000,  9.3028E+000
  1.3180E+001,  3.7099E+000,  9.3119E+000
  1.3190E+001,  3.7008E+000,  9.2936E+000
  1.3200E+001,  3.6917E+000,  9.3028E+000
