# [Parameters]
# Name = 'firc'
# ShotNo = 101381
# Date = '12/01/2010 21:45'
# 
# DimNo = 1
# DimName = 'Time'
# DimSize = 1311
# DimUnit = 's'
# 
# ValNo = 2
# ValName = 'nL(3669)', 'nL(3759)'
# ValUnit = 'e19m-2', 'e19m-2'
# [Comments]
#  
# [data]
  1.0000E-001, -9.2359E-005, -1.1523E-003
  1.1000E-001, -9.2359E-005, -1.1523E-003
  1.2000E-001, -9.2359E-005, -1.1523E-003
  1.3000E-001, -9.2403E-003, -1.1523E-003
  1.4000E-001, -9.2359E-005, -1.1523E-003
  1.5000E-001, -9.2359E-005, -1.1523E-003
  1.6000E-001, -9.2359E-005, -1.1523E-003
  1.7000E-001,  9.0565E-003,  7.9956E-003
  1.8000E-001,  9.0565E-003, -1.1523E-003
  1.9000E-001, -9.2359E-005,  7.9956E-003
  2.0000E-001, -9.2359E-005,  7.9956E-003
  2.1000E-001, -9.2359E-005, -1.1523E-003
  2.2000E-001, -9.2359E-005, -1.1523E-003
  2.3000E-001, -9.2359E-005, -1.1523E-003
  2.4000E-001, -9.2359E-005, -1.1523E-003
  2.5000E-001, -9.2359E-005, -1.1523E-003
  2.6000E-001, -9.2359E-005,  7.9956E-003
  2.7000E-001, -9.2359E-005, -1.1523E-003
  2.8000E-001, -9.2359E-005, -1.1523E-003
  2.9000E-001, -9.2359E-005, -1.1523E-003
  3.0000E-001,  9.0565E-003,  7.9956E-003
  3.1000E-001,  9.0565E-003, -1.1523E-003
  3.2000E-001, -9.2359E-005,  7.9956E-003
  3.3000E-001, -9.2359E-005, -1.1523E-003
  3.4000E-001, -9.2403E-003, -1.1523E-003
  3.5000E-001, -9.2403E-003,  7.9956E-003
  3.6000E-001, -9.2359E-005, -1.1523E-003
  3.7000E-001, -9.2359E-005, -1.1523E-003
  3.8000E-001, -9.2403E-003, -1.0300E-002
  3.9000E-001, -9.2359E-005, -1.1523E-003
  4.0000E-001, -9.2359E-005,  7.9956E-003
  4.1000E-001, -9.2359E-005,  7.9956E-003
  4.2000E-001, -9.2359E-005, -1.1523E-003
  4.3000E-001, -9.2359E-005,  7.9956E-003
  4.4000E-001, -9.2359E-005, -1.1523E-003
  4.5000E-001, -9.2359E-005, -1.1523E-003
  4.6000E-001, -9.2359E-005, -1.1523E-003
  4.7000E-001, -9.2359E-005, -1.1523E-003
  4.8000E-001, -9.2403E-003, -1.1523E-003
  4.9000E-001, -9.2359E-005, -1.1523E-003
  5.0000E-001, -9.2359E-005, -1.1523E-003
  5.1000E-001,  9.0565E-003, -1.1523E-003
  5.2000E-001,  9.0565E-003,  7.9956E-003
  5.3000E-001, -9.2359E-005, -1.1523E-003
  5.4000E-001, -9.2359E-005, -1.1523E-003
  5.5000E-001, -9.2359E-005, -1.1523E-003
  5.6000E-001, -9.2359E-005, -1.1523E-003
  5.7000E-001, -9.2359E-005, -1.1523E-003
  5.8000E-001,  9.0565E-003, -1.1523E-003
  5.9000E-001, -9.2359E-005, -1.1523E-003
  6.0000E-001, -9.2359E-005, -1.1523E-003
  6.1000E-001, -9.2403E-003, -1.1523E-003
  6.2000E-001, -9.2359E-005, -1.1523E-003
  6.3000E-001,  9.0565E-003, -1.1523E-003
  6.4000E-001, -9.2359E-005, -1.1523E-003
  6.5000E-001,  9.0565E-003, -1.1523E-003
  6.6000E-001,  9.0565E-003,  7.9956E-003
  6.7000E-001, -9.2359E-005, -1.1523E-003
  6.8000E-001, -9.2403E-003, -1.1523E-003
  6.9000E-001, -9.2403E-003, -1.1523E-003
  7.0000E-001, -9.2359E-005, -1.1523E-003
  7.1000E-001, -9.2359E-005, -1.1523E-003
  7.2000E-001,  9.0565E-003, -1.1523E-003
  7.3000E-001, -9.2359E-005, -1.0300E-002
  7.4000E-001, -9.2359E-005,  7.9956E-003
  7.5000E-001, -9.2359E-005, -1.1523E-003
  7.6000E-001,  9.0565E-003,  7.9956E-003
  7.7000E-001,  9.0565E-003,  7.9956E-003
  7.8000E-001, -9.2359E-005,  7.9956E-003
  7.9000E-001,  9.0565E-003,  7.9956E-003
  8.0000E-001, -9.2403E-003, -1.1523E-003
  8.1000E-001, -9.2403E-003, -1.1523E-003
  8.2000E-001, -9.2359E-005, -1.1523E-003
  8.3000E-001, -9.2403E-003, -1.1523E-003
  8.4000E-001, -9.2403E-003, -1.0300E-002
  8.5000E-001, -9.2359E-005, -1.1523E-003
  8.6000E-001,  9.0565E-003, -1.1523E-003
  8.7000E-001,  9.0565E-003,  7.9956E-003
  8.8000E-001, -9.2359E-005,  7.9956E-003
  8.9000E-001, -9.2359E-005, -1.1523E-003
  9.0000E-001, -9.2403E-003, -1.0300E-002
  9.1000E-001, -9.2359E-005, -1.1523E-003
  9.2000E-001,  9.0565E-003, -1.1523E-003
  9.3000E-001, -9.2359E-005, -1.1523E-003
  9.4000E-001, -9.2403E-003, -1.1523E-003
  9.5000E-001, -9.2403E-003, -1.0300E-002
  9.6000E-001, -9.2359E-005, -1.1523E-003
  9.7000E-001, -9.2359E-005, -1.1523E-003
  9.8000E-001, -9.2359E-005, -1.1523E-003
  9.9000E-001,  9.0565E-003, -1.1523E-003
  1.0000E+000,  9.0565E-003, -1.1523E-003
  1.0100E+000,  9.0565E-003, -1.1523E-003
  1.0200E+000,  9.0565E-003,  7.9956E-003
  1.0300E+000, -9.2359E-005, -1.1523E-003
  1.0400E+000, -9.2359E-005, -1.1523E-003
  1.0500E+000, -9.2359E-005, -1.1523E-003
  1.0600E+000, -9.2359E-005, -1.1523E-003
  1.0700E+000,  9.0565E-003,  7.9956E-003
  1.0800E+000, -9.2359E-005, -1.1523E-003
  1.0900E+000, -9.2359E-005, -1.1523E-003
  1.1000E+000, -9.2359E-005, -1.1523E-003
  1.1100E+000, -9.2359E-005, -1.1523E-003
  1.1200E+000,  9.0565E-003, -1.1523E-003
  1.1300E+000, -9.2359E-005, -1.1523E-003
  1.1400E+000,  9.0565E-003, -1.1523E-003
  1.1500E+000, -9.2403E-003, -1.1523E-003
  1.1600E+000, -9.2359E-005, -1.1523E-003
  1.1700E+000, -9.2359E-005, -1.1523E-003
  1.1800E+000, -9.2403E-003, -1.0300E-002
  1.1900E+000, -9.2359E-005, -1.1523E-003
  1.2000E+000, -9.2359E-005, -1.1523E-003
  1.2100E+000,  9.0565E-003, -1.1523E-003
  1.2200E+000,  9.0565E-003,  7.9956E-003
  1.2300E+000, -9.2359E-005, -1.1523E-003
  1.2400E+000, -9.2359E-005, -1.1523E-003
  1.2500E+000, -9.2359E-005, -1.1523E-003
  1.2600E+000,  9.0565E-003,  7.9956E-003
  1.2700E+000,  9.0565E-003,  7.9956E-003
  1.2800E+000, -9.2359E-005, -1.1523E-003
  1.2900E+000,  9.0565E-003, -1.1523E-003
  1.3000E+000, -9.2359E-005, -1.0300E-002
  1.3100E+000, -9.2359E-005, -1.1523E-003
  1.3200E+000,  9.0565E-003,  7.9956E-003
  1.3300E+000,  9.0565E-003, -1.1523E-003
  1.3400E+000,  9.0565E-003, -1.1523E-003
  1.3500E+000, -9.2359E-005, -1.1523E-003
  1.3600E+000, -9.2359E-005,  7.9956E-003
  1.3700E+000, -9.2359E-005, -1.1523E-003
  1.3800E+000,  9.0565E-003, -1.1523E-003
  1.3900E+000, -9.2359E-005, -1.1523E-003
  1.4000E+000, -9.2359E-005, -1.1523E-003
  1.4100E+000,  9.0565E-003,  7.9956E-003
  1.4200E+000, -9.2359E-005, -1.1523E-003
  1.4300E+000, -9.2359E-005, -1.1523E-003
  1.4400E+000, -9.2359E-005, -1.1523E-003
  1.4500E+000, -9.2359E-005, -1.1523E-003
  1.4600E+000,  9.0565E-003, -1.1523E-003
  1.4700E+000,  9.0565E-003,  7.9956E-003
  1.4800E+000, -9.2359E-005,  7.9956E-003
  1.4900E+000, -9.2359E-005, -1.1523E-003
  1.5000E+000, -9.2359E-005, -1.0300E-002
  1.5100E+000, -9.2359E-005, -1.1523E-003
  1.5200E+000, -9.2359E-005,  7.9956E-003
  1.5300E+000, -9.2359E-005,  7.9956E-003
  1.5400E+000, -9.2359E-005, -1.1523E-003
  1.5500E+000,  9.0565E-003, -1.1523E-003
  1.5600E+000,  9.0565E-003,  7.9956E-003
  1.5700E+000,  9.0565E-003,  7.9956E-003
  1.5800E+000, -9.2359E-005, -1.1523E-003
  1.5900E+000, -9.2359E-005, -1.1523E-003
  1.6000E+000,  9.0565E-003,  7.9956E-003
  1.6100E+000, -9.2359E-005,  7.9956E-003
  1.6200E+000, -9.2359E-005, -1.1523E-003
  1.6300E+000, -9.2359E-005, -1.1523E-003
  1.6400E+000, -9.2359E-005, -1.1523E-003
  1.6500E+000, -9.2359E-005, -1.1523E-003
  1.6600E+000, -9.2403E-003, -1.1523E-003
  1.6700E+000,  9.0565E-003,  7.9956E-003
  1.6800E+000, -9.2359E-005,  7.9956E-003
  1.6900E+000,  9.0565E-003, -1.1523E-003
  1.7000E+000, -9.2359E-005, -1.1523E-003
  1.7100E+000, -9.2359E-005, -1.1523E-003
  1.7200E+000, -9.2359E-005, -1.1523E-003
  1.7300E+000, -9.2403E-003, -1.1523E-003
  1.7400E+000, -9.2359E-005, -1.1523E-003
  1.7500E+000,  9.0565E-003, -1.1523E-003
  1.7600E+000, -9.2359E-005, -1.1523E-003
  1.7700E+000,  9.0565E-003, -1.1523E-003
  1.7800E+000, -9.2359E-005, -1.1523E-003
  1.7900E+000, -9.2359E-005,  7.9956E-003
  1.8000E+000,  9.0565E-003,  7.9956E-003
  1.8100E+000,  9.0565E-003, -1.1523E-003
  1.8200E+000, -9.2359E-005, -1.1523E-003
  1.8300E+000,  9.0565E-003,  7.9956E-003
  1.8400E+000,  9.0565E-003,  7.9956E-003
  1.8500E+000, -9.2403E-003, -1.1523E-003
  1.8600E+000, -9.2359E-005, -1.1523E-003
  1.8700E+000, -9.2359E-005, -1.1523E-003
  1.8800E+000, -9.2359E-005, -1.1523E-003
  1.8900E+000, -9.2359E-005, -1.1523E-003
  1.9000E+000,  9.0565E-003,  7.9956E-003
  1.9100E+000,  9.0565E-003,  7.9956E-003
  1.9200E+000, -9.2359E-005, -1.1523E-003
  1.9300E+000, -9.2359E-005,  7.9956E-003
  1.9400E+000, -9.2359E-005, -1.1523E-003
  1.9500E+000, -9.2359E-005, -1.1523E-003
  1.9600E+000, -9.2359E-005, -1.1523E-003
  1.9700E+000, -9.2359E-005, -1.1523E-003
  1.9800E+000, -9.2359E-005, -1.1523E-003
  1.9900E+000, -9.2403E-003, -1.1523E-003
  2.0000E+000, -9.2359E-005, -1.1523E-003
  2.0100E+000, -9.2359E-005,  7.9956E-003
  2.0200E+000,  9.0565E-003,  7.9956E-003
  2.0300E+000,  9.0565E-003,  7.9956E-003
  2.0400E+000,  9.0565E-003,  7.9956E-003
  2.0500E+000,  9.0565E-003, -1.1523E-003
  2.0600E+000,  9.0565E-003,  7.9956E-003
  2.0700E+000,  9.0565E-003,  7.9956E-003
  2.0800E+000, -9.2359E-005,  7.9956E-003
  2.0900E+000, -9.2359E-005,  7.9956E-003
  2.1000E+000,  9.0565E-003,  7.9956E-003
  2.1100E+000,  9.0565E-003,  7.9956E-003
  2.1200E+000,  9.0565E-003,  7.9956E-003
  2.1300E+000, -9.2359E-005,  7.9956E-003
  2.1400E+000, -9.2359E-005,  7.9956E-003
  2.1500E+000, -9.2359E-005, -1.1523E-003
  2.1600E+000, -9.2359E-005,  7.9956E-003
  2.1700E+000, -9.2359E-005,  7.9956E-003
  2.1800E+000,  9.0565E-003, -1.1523E-003
  2.1900E+000, -9.2359E-005, -1.1523E-003
  2.2000E+000, -9.2359E-005,  7.9956E-003
  2.2100E+000, -9.2403E-003,  7.9956E-003
  2.2200E+000, -9.2359E-005,  7.9956E-003
  2.2300E+000, -9.2359E-005, -1.1523E-003
  2.2400E+000, -9.2359E-005,  7.9956E-003
  2.2500E+000,  9.0565E-003,  7.9956E-003
  2.2600E+000, -9.2359E-005,  7.9956E-003
  2.2700E+000, -9.2359E-005,  7.9956E-003
  2.2800E+000,  9.0565E-003,  7.9956E-003
  2.2900E+000, -9.2359E-005, -1.1523E-003
  2.3000E+000, -9.2359E-005,  7.9956E-003
  2.3100E+000,  1.8204E-002,  7.9956E-003
  2.3200E+000,  9.0565E-003,  7.9956E-003
  2.3300E+000,  9.0565E-003, -1.1523E-003
  2.3400E+000, -9.2359E-005,  7.9956E-003
  2.3500E+000, -9.2359E-005,  7.9956E-003
  2.3600E+000,  9.0565E-003,  7.9956E-003
  2.3700E+000,  9.0565E-003,  7.9956E-003
  2.3800E+000,  9.0565E-003,  7.9956E-003
  2.3900E+000,  9.0565E-003,  7.9956E-003
  2.4000E+000,  9.0565E-003,  7.9956E-003
  2.4100E+000, -9.2359E-005,  7.9956E-003
  2.4200E+000, -9.2359E-005,  7.9956E-003
  2.4300E+000, -9.2359E-005, -1.1523E-003
  2.4400E+000,  9.0565E-003, -1.1523E-003
  2.4500E+000,  9.0565E-003,  7.9956E-003
  2.4600E+000,  9.0565E-003, -1.1523E-003
  2.4700E+000, -9.2359E-005, -1.1523E-003
  2.4800E+000, -9.2359E-005,  7.9956E-003
  2.4900E+000, -9.2359E-005,  7.9956E-003
  2.5000E+000,  9.0565E-003,  7.9956E-003
  2.5100E+000,  9.0565E-003,  7.9956E-003
  2.5200E+000,  9.0565E-003,  7.9956E-003
  2.5300E+000, -9.2359E-005,  7.9956E-003
  2.5400E+000, -9.2359E-005,  7.9956E-003
  2.5500E+000, -9.2359E-005, -1.1523E-003
  2.5600E+000, -9.2359E-005,  7.9956E-003
  2.5700E+000, -9.2359E-005,  7.9956E-003
  2.5800E+000,  9.0565E-003,  7.9956E-003
  2.5900E+000,  9.0565E-003,  7.9956E-003
  2.6000E+000,  9.0565E-003,  7.9956E-003
  2.6100E+000,  9.0565E-003,  7.9956E-003
  2.6200E+000, -9.2359E-005,  7.9956E-003
  2.6300E+000,  9.0565E-003,  7.9956E-003
  2.6400E+000,  9.0565E-003,  7.9956E-003
  2.6500E+000, -9.2359E-005,  7.9956E-003
  2.6600E+000, -9.2359E-005, -1.1523E-003
  2.6700E+000, -9.2359E-005, -1.1523E-003
  2.6800E+000, -9.2359E-005, -1.1523E-003
  2.6900E+000,  9.0565E-003,  7.9956E-003
  2.7000E+000,  9.0565E-003,  7.9956E-003
  2.7100E+000,  9.0565E-003,  7.9956E-003
  2.7200E+000,  9.0565E-003,  7.9956E-003
  2.7300E+000,  9.0565E-003,  7.9956E-003
  2.7400E+000, -9.2359E-005,  7.9956E-003
  2.7500E+000, -9.2403E-003, -1.1523E-003
  2.7600E+000, -9.2403E-003,  7.9956E-003
  2.7700E+000, -9.2403E-003, -1.1523E-003
  2.7800E+000,  9.0565E-003,  7.9956E-003
  2.7900E+000,  9.0565E-003,  7.9956E-003
  2.8000E+000,  9.0565E-003,  7.9956E-003
  2.8100E+000,  9.0565E-003,  7.9956E-003
  2.8200E+000, -9.2359E-005,  7.9956E-003
  2.8300E+000, -9.2359E-005,  7.9956E-003
  2.8400E+000,  9.0565E-003,  7.9956E-003
  2.8500E+000,  1.8204E-002,  7.9956E-003
  2.8600E+000,  9.0565E-003,  7.9956E-003
  2.8700E+000,  9.0565E-003,  7.9956E-003
  2.8800E+000, -9.2359E-005,  7.9956E-003
  2.8900E+000, -9.2359E-005,  7.9956E-003
  2.9000E+000, -9.2359E-005,  7.9956E-003
  2.9100E+000, -9.2359E-005,  7.9956E-003
  2.9200E+000,  9.0565E-003,  7.9956E-003
  2.9300E+000,  9.0565E-003,  7.9956E-003
  2.9400E+000,  9.0565E-003,  7.9956E-003
  2.9500E+000, -9.2359E-005,  7.9956E-003
  2.9600E+000, -9.2359E-005,  7.9956E-003
  2.9700E+000, -9.2359E-005, -1.1523E-003
  2.9800E+000, -9.2359E-005, -1.1523E-003
  2.9900E+000, -9.2359E-005, -1.1523E-003
  3.0000E+000, -9.2359E-005,  7.9956E-003
  3.0100E+000,  9.0565E-003,  7.9956E-003
  3.0200E+000, -9.2359E-005, -1.1523E-003
  3.0300E+000, -9.2403E-003,  7.9956E-003
  3.0400E+000, -9.2359E-005,  7.9956E-003
  3.0500E+000, -9.2359E-005,  7.9956E-003
  3.0600E+000,  9.0565E-003,  7.9956E-003
  3.0700E+000,  9.0565E-003,  7.9956E-003
  3.0800E+000,  9.0565E-003,  7.9956E-003
  3.0900E+000,  9.0565E-003,  7.9956E-003
  3.1000E+000, -9.2359E-005,  1.7144E-002
  3.1100E+000,  3.9328E-001,  3.7393E-001
  3.1200E+000,  6.6773E-001,  6.4837E-001
  3.1300E+000,  7.9581E-001,  7.4901E-001
  3.1400E+000,  9.6962E-001,  9.3197E-001
  3.1500E+000,  1.0062E+000,  9.8686E-001
  3.1600E+000,  1.1068E+000,  1.0966E+000
  3.1700E+000,  1.1617E+000,  1.1424E+000
  3.1800E+000,  1.2441E+000,  1.2156E+000
  3.1900E+000,  1.2807E+000,  1.2705E+000
  3.2000E+000,  1.3447E+000,  1.3436E+000
  3.2100E+000,  1.4087E+000,  1.4077E+000
  3.2200E+000,  1.4728E+000,  1.4809E+000
  3.2300E+000,  1.5277E+000,  1.5266E+000
  3.2400E+000,  1.5643E+000,  1.5815E+000
  3.2500E+000,  1.5826E+000,  1.5906E+000
  3.2600E+000,  1.6100E+000,  1.6272E+000
  3.2700E+000,  1.6466E+000,  1.6547E+000
  3.2800E+000,  1.7106E+000,  1.7279E+000
  3.2900E+000,  1.7564E+000,  1.7736E+000
  3.3000E+000,  1.8296E+000,  1.8742E+000
  3.3100E+000,  1.9119E+000,  1.9657E+000
  3.3200E+000,  2.0400E+000,  2.1030E+000
  3.3300E+000,  2.2046E+000,  2.2676E+000
  3.3400E+000,  2.3602E+000,  2.4140E+000
  3.3500E+000,  2.5248E+000,  2.5695E+000
  3.3600E+000,  2.6804E+000,  2.7067E+000
  3.3700E+000,  2.8267E+000,  2.8440E+000
  3.3800E+000,  2.9548E+000,  2.9812E+000
  3.3900E+000,  3.0737E+000,  3.1093E+000
  3.4000E+000,  3.1744E+000,  3.2099E+000
  3.4100E+000,  3.2750E+000,  3.3014E+000
  3.4200E+000,  3.3848E+000,  3.4112E+000
  3.4300E+000,  3.4945E+000,  3.5118E+000
  3.4400E+000,  3.5952E+000,  3.6216E+000
  3.4500E+000,  3.6684E+000,  3.7130E+000
  3.4600E+000,  3.7598E+000,  3.8045E+000
  3.4700E+000,  3.8330E+000,  3.8777E+000
  3.4800E+000,  3.8971E+000,  3.9600E+000
  3.4900E+000,  3.9794E+000,  4.0332E+000
  3.5000E+000,  4.0526E+000,  4.0973E+000
  3.5100E+000,  4.1258E+000,  4.1796E+000
  3.5200E+000,  4.1990E+000,  4.2436E+000
  3.5300E+000,  4.2630E+000,  4.3077E+000
  3.5400E+000,  4.3362E+000,  4.3809E+000
  3.5500E+000,  4.4002E+000,  4.4358E+000
  3.5600E+000,  4.4643E+000,  4.5089E+000
  3.5700E+000,  4.5100E+000,  4.5547E+000
  3.5800E+000,  4.5740E+000,  4.6187E+000
  3.5900E+000,  4.6381E+000,  4.6828E+000
  3.6000E+000,  4.6930E+000,  4.7377E+000
  3.6100E+000,  4.7570E+000,  4.7925E+000
  3.6200E+000,  4.8028E+000,  4.8566E+000
  3.6300E+000,  4.8576E+000,  4.9023E+000
  3.6400E+000,  4.9125E+000,  4.9664E+000
  3.6500E+000,  4.9949E+000,  5.0304E+000
  3.6600E+000,  5.0772E+000,  5.1310E+000
  3.6700E+000,  5.1504E+000,  5.1768E+000
  3.6800E+000,  5.2053E+000,  5.2408E+000
  3.6900E+000,  5.2693E+000,  5.2865E+000
  3.7000E+000,  5.3242E+000,  5.3323E+000
  3.7100E+000,  5.3516E+000,  5.3689E+000
  3.7200E+000,  5.3974E+000,  5.4238E+000
  3.7300E+000,  5.4340E+000,  5.4512E+000
  3.7400E+000,  5.4706E+000,  5.4970E+000
  3.7500E+000,  5.5072E+000,  5.5244E+000
  3.7600E+000,  5.5987E+000,  5.6342E+000
  3.7700E+000,  5.6352E+000,  5.6525E+000
  3.7800E+000,  5.6627E+000,  5.6891E+000
  3.7900E+000,  5.6810E+000,  5.7074E+000
  3.8000E+000,  5.7084E+000,  5.7348E+000
  3.8100E+000,  5.7450E+000,  5.7623E+000
  3.8200E+000,  5.7725E+000,  5.7897E+000
  3.8300E+000,  5.8182E+000,  5.8263E+000
  3.8400E+000,  5.8457E+000,  5.8720E+000
  3.8500E+000,  5.8731E+000,  5.8903E+000
  3.8600E+000,  5.9097E+000,  5.9178E+000
  3.8700E+000,  5.9371E+000,  5.9452E+000
  3.8800E+000,  5.9829E+000,  5.9910E+000
  3.8900E+000,  6.0012E+000,  6.0184E+000
  3.9000E+000,  6.0286E+000,  6.0459E+000
  3.9100E+000,  6.0744E+000,  6.0824E+000
  3.9200E+000,  6.1018E+000,  6.1099E+000
  3.9300E+000,  6.1293E+000,  6.1190E+000
  3.9400E+000,  6.1658E+000,  6.1648E+000
  3.9500E+000,  6.1933E+000,  6.1922E+000
  3.9600E+000,  6.2299E+000,  6.2197E+000
  3.9700E+000,  6.2665E+000,  6.2563E+000
  3.9800E+000,  6.3122E+000,  6.3020E+000
  3.9900E+000,  6.3397E+000,  6.3295E+000
  4.0000E+000,  6.3580E+000,  6.3569E+000
  4.0100E+000,  6.3946E+000,  6.3752E+000
  4.0200E+000,  6.4128E+000,  6.4118E+000
  4.0300E+000,  6.4586E+000,  6.4392E+000
  4.0400E+000,  6.4860E+000,  6.4667E+000
  4.0500E+000,  6.5226E+000,  6.5033E+000
  4.0600E+000,  6.5409E+000,  6.5399E+000
  4.0700E+000,  6.5775E+000,  6.5856E+000
  4.0800E+000,  6.6141E+000,  6.6222E+000
  4.0900E+000,  6.6507E+000,  6.6496E+000
  4.1000E+000,  6.6781E+000,  6.6679E+000
  4.1100E+000,  6.7147E+000,  6.7045E+000
  4.1200E+000,  6.7513E+000,  6.7411E+000
  4.1300E+000,  6.7696E+000,  6.7777E+000
  4.1400E+000,  6.8062E+000,  6.8052E+000
  4.1500E+000,  6.8337E+000,  6.8418E+000
  4.1600E+000,  6.8794E+000,  6.8692E+000
  4.1700E+000,  6.9252E+000,  6.9058E+000
  4.1800E+000,  6.9434E+000,  6.9241E+000
  4.1900E+000,  6.9709E+000,  6.9607E+000
  4.2000E+000,  6.9892E+000,  6.9881E+000
  4.2100E+000,  7.0349E+000,  7.0339E+000
  4.2200E+000,  7.0532E+000,  7.0613E+000
  4.2300E+000,  7.0898E+000,  7.0796E+000
  4.2400E+000,  7.1264E+000,  7.1071E+000
  4.2500E+000,  7.1539E+000,  7.1436E+000
  4.2600E+000,  7.1722E+000,  7.1619E+000
  4.2700E+000,  7.1905E+000,  7.1894E+000
  4.2800E+000,  7.2362E+000,  7.2168E+000
  4.2900E+000,  7.2453E+000,  7.2626E+000
  4.3000E+000,  7.2911E+000,  7.2717E+000
  4.3100E+000,  7.3185E+000,  7.2992E+000
  4.3200E+000,  7.3460E+000,  7.3449E+000
  4.3300E+000,  7.3734E+000,  7.3632E+000
  4.3400E+000,  7.3917E+000,  7.3998E+000
  4.3500E+000,  7.4100E+000,  7.4272E+000
  4.3600E+000,  7.4740E+000,  7.4455E+000
  4.3700E+000,  7.4832E+000,  7.4821E+000
  4.3800E+000,  7.4923E+000,  7.5096E+000
  4.3900E+000,  7.5381E+000,  7.5279E+000
  4.4000E+000,  7.5472E+000,  7.5645E+000
  4.4100E+000,  7.5838E+000,  7.5919E+000
  4.4200E+000,  7.6021E+000,  7.6194E+000
  4.4300E+000,  7.6387E+000,  7.6468E+000
  4.4400E+000,  7.6662E+000,  7.6834E+000
  4.4500E+000,  7.7028E+000,  7.7108E+000
  4.4600E+000,  7.7393E+000,  7.7383E+000
  4.4700E+000,  7.7576E+000,  7.7657E+000
  4.4800E+000,  7.7759E+000,  7.8023E+000
  4.4900E+000,  7.8034E+000,  7.8298E+000
  4.5000E+000,  7.8400E+000,  7.8572E+000
  4.5100E+000,  7.8766E+000,  7.8938E+000
  4.5200E+000,  7.9040E+000,  7.9121E+000
  4.5300E+000,  7.9223E+000,  7.9304E+000
  4.5400E+000,  7.9681E+000,  7.9670E+000
  4.5500E+000,  7.9772E+000,  7.9853E+000
  4.5600E+000,  8.0046E+000,  8.0219E+000
  4.5700E+000,  8.0412E+000,  8.0676E+000
  4.5800E+000,  8.0870E+000,  8.0859E+000
  4.5900E+000,  8.1053E+000,  8.1134E+000
  4.6000E+000,  8.1144E+000,  8.1225E+000
  4.6100E+000,  8.1327E+000,  8.1408E+000
  4.6200E+000,  8.1693E+000,  8.1957E+000
  4.6300E+000,  8.2059E+000,  8.2140E+000
  4.6400E+000,  8.2699E+000,  8.2780E+000
  4.6500E+000,  8.2425E+000,  8.2597E+000
  4.6600E+000,  8.2882E+000,  8.3055E+000
  4.6700E+000,  8.3157E+000,  8.3329E+000
  4.6800E+000,  8.3431E+000,  8.3512E+000
  4.6900E+000,  8.3706E+000,  8.4061E+000
  4.7000E+000,  8.4255E+000,  8.4793E+000
  4.7100E+000,  8.4438E+000,  8.4610E+000
  4.7200E+000,  8.4438E+000,  8.4884E+000
  4.7300E+000,  8.4804E+000,  8.5159E+000
  4.7400E+000,  8.5169E+000,  8.5433E+000
  4.7500E+000,  8.5444E+000,  8.5799E+000
  4.7600E+000,  8.5627E+000,  8.6165E+000
  4.7700E+000,  8.6267E+000,  8.6623E+000
  4.7800E+000,  8.6359E+000,  8.6714E+000
  4.7900E+000,  8.6633E+000,  8.7080E+000
  4.8000E+000,  8.6999E+000,  8.7354E+000
  4.8100E+000,  8.7365E+000,  8.7720E+000
  4.8200E+000,  8.7640E+000,  8.7903E+000
  4.8300E+000,  8.7822E+000,  8.8727E+000
  4.8400E+000,  8.8646E+000,  8.8818E+000
  4.8500E+000,  8.8646E+000,  8.9276E+000
  4.8600E+000,  8.9378E+000,  8.9916E+000
  4.8700E+000,  8.9835E+000,  9.0648E+000
  4.8800E+000,  8.9652E+000,  9.0282E+000
  4.8900E+000,  9.0475E+000,  9.1014E+000
  4.9000E+000,  9.0933E+000,  9.1746E+000
  4.9100E+000,  9.1299E+000,  9.2843E+000
  4.9200E+000,  9.2031E+000,  9.2843E+000
  4.9300E+000,  9.2488E+000,  9.3484E+000
  4.9400E+000,  9.2946E+000,  9.4307E+000
  4.9500E+000,  9.3403E+000,  9.4490E+000
  4.9600E+000,  9.3311E+000,  9.5954E+000
  4.9700E+000,  9.4043E+000,  9.6045E+000
  4.9800E+000,  9.5233E+000,  9.6320E+000
  4.9900E+000,  9.5233E+000,  9.7418E+000
  5.0000E+000,  9.5781E+000,  9.8241E+000
  5.0100E+000,  9.6513E+000,  1.0016E+001
  5.0200E+000,  9.6513E+000,  9.9613E+000
  5.0300E+000,  9.8617E+000,  1.0263E+001
  5.0400E+000,  9.8160E+000,  1.0336E+001
  5.0500E+000,  1.0026E+001,  1.0410E+001
  5.0600E+000,  1.0164E+001,  1.0428E+001
  5.0700E+000,  1.0365E+001,  1.0501E+001
  5.0800E+000,  1.0283E+001,  1.0721E+001
  5.0900E+000,  1.0475E+001,  1.0730E+001
  5.1000E+000,  1.0594E+001,  1.0968E+001
  5.1100E+000,  1.0703E+001,  1.0821E+001
  5.1200E+000,  1.0877E+001,  1.1050E+001
  5.1300E+000,  1.0831E+001,  1.0949E+001
  5.1400E+000,  1.0566E+001,  1.0446E+001
  5.1500E+000,  1.0228E+001,  1.0455E+001
  5.1600E+000,  1.0200E+001,  1.0428E+001
  5.1700E+000,  1.0283E+001,  1.0510E+001
  5.1800E+000,  1.0466E+001,  1.0739E+001
  5.1900E+000,  1.0475E+001,  1.0666E+001
  5.2000E+000,  1.0466E+001,  1.0785E+001
  5.2100E+000,  1.0575E+001,  1.0803E+001
  5.2200E+000,  1.0621E+001,  1.0739E+001
  5.2300E+000,  1.0703E+001,  1.0867E+001
  5.2400E+000,  1.0667E+001,  1.0894E+001
  5.2500E+000,  1.0758E+001,  1.0894E+001
  5.2600E+000,  1.0813E+001,  1.0958E+001
  5.2700E+000,  1.0877E+001,  1.0977E+001
  5.2800E+000,  1.0932E+001,  1.0949E+001
  5.2900E+000,  1.0960E+001,  1.1160E+001
  5.3000E+000,  1.1024E+001,  1.1251E+001
  5.3100E+000,  1.1078E+001,  1.1324E+001
  5.3200E+000,  1.1060E+001,  1.1233E+001
  5.3300E+000,  1.1124E+001,  1.1544E+001
  5.3400E+000,  1.1197E+001,  1.1352E+001
  5.3500E+000,  1.1161E+001,  1.1443E+001
  5.3600E+000,  1.1371E+001,  1.1480E+001
  5.3700E+000,  1.1234E+001,  1.1452E+001
  5.3800E+000,  1.1435E+001,  1.1416E+001
  5.3900E+000,  1.1417E+001,  1.1517E+001
  5.4000E+000,  1.1353E+001,  1.1608E+001
  5.4100E+000,  1.1563E+001,  1.1672E+001
  5.4200E+000,  1.1618E+001,  1.1745E+001
  5.4300E+000,  1.1701E+001,  1.1928E+001
  5.4400E+000,  1.1874E+001,  1.1882E+001
  5.4500E+000,  1.1902E+001,  1.2029E+001
  5.4600E+000,  1.2030E+001,  1.2065E+001
  5.4700E+000,  1.2158E+001,  1.2294E+001
  5.4800E+000,  1.2076E+001,  1.2340E+001
  5.4900E+000,  1.2030E+001,  1.2395E+001
  5.5000E+000,  1.2076E+001,  1.2322E+001
  5.5100E+000,  1.2140E+001,  1.2495E+001
  5.5200E+000,  1.2323E+001,  1.2752E+001
  5.5300E+000,  1.2396E+001,  1.2806E+001
  5.5400E+000,  1.2570E+001,  1.2962E+001
  5.5500E+000,  1.2579E+001,  1.2724E+001
  5.5600E+000,  1.2716E+001,  1.3026E+001
  5.5700E+000,  1.2771E+001,  1.3291E+001
  5.5800E+000,  1.2606E+001,  1.2916E+001
  5.5900E+000,  1.2807E+001,  1.2999E+001
  5.6000E+000,  1.2936E+001,  1.3044E+001
  5.6100E+000,  1.3109E+001,  1.3291E+001
  5.6200E+000,  1.3018E+001,  1.3529E+001
  5.6300E+000,  1.3265E+001,  1.3310E+001
  5.6400E+000,  1.3320E+001,  1.3355E+001
  5.6500E+000,  1.3301E+001,  1.3474E+001
  5.6600E+000,  1.3411E+001,  1.3355E+001
  5.6700E+000,  1.3448E+001,  1.3557E+001
  5.6800E+000,  1.3448E+001,  1.3502E+001
  5.6900E+000,  1.3503E+001,  1.3694E+001
  5.7000E+000,  1.3375E+001,  1.3639E+001
  5.7100E+000,  1.3823E+001,  1.3767E+001
  5.7200E+000,  1.3439E+001,  1.3749E+001
  5.7300E+000,  1.4317E+001,  1.4124E+001
  5.7400E+000,  1.3878E+001,  1.3767E+001
  5.7500E+000,  1.3951E+001,  1.3959E+001
  5.7600E+000,  1.4024E+001,  1.3941E+001
  5.7700E+000,  1.4271E+001,  1.3996E+001
  5.7800E+000,  1.4820E+001,  1.4105E+001
  5.7900E+000,  1.4299E+001,  1.4115E+001
  5.8000E+000,  1.5104E+001,  1.4627E+001
  5.8100E+000,  1.5003E+001,  1.4435E+001
  5.8200E+000,  1.4033E+001,  1.3941E+001
  5.8300E+000,  1.4527E+001,  1.4508E+001
  5.8400E+000,  1.4893E+001,  1.4352E+001
  5.8500E+000,  1.4939E+001,  1.4682E+001
  5.8600E+000,  1.4326E+001,  1.4444E+001
  5.8700E+000,  1.4280E+001,  1.4343E+001
  5.8800E+000,  1.4335E+001,  1.4234E+001
  5.8900E+000,  1.4601E+001,  1.4343E+001
  5.9000E+000,  1.4655E+001,  1.4407E+001
  5.9100E+000,  1.4875E+001,  1.4599E+001
  5.9200E+000,  1.4646E+001,  1.4691E+001
  5.9300E+000,  1.4957E+001,  1.4874E+001
  5.9400E+000,  1.4582E+001,  1.4746E+001
  5.9500E+000,  1.5067E+001,  1.4792E+001
  5.9600E+000,  1.5186E+001,  1.4801E+001
  5.9700E+000,  1.5159E+001,  1.4865E+001
  5.9800E+000,  1.5049E+001,  1.4874E+001
  5.9900E+000,  1.5168E+001,  1.4837E+001
  6.0000E+000,  1.5579E+001,  1.5231E+001
  6.0100E+000,  1.4683E+001,  1.4728E+001
  6.0200E+000,  1.4976E+001,  1.4956E+001
  6.0300E+000,  1.6009E+001,  1.5304E+001
  6.0400E+000,  1.6302E+001,  1.5359E+001
  6.0500E+000,  1.5131E+001,  1.4792E+001
  6.0600E+000,  1.5863E+001,  1.5231E+001
  6.0700E+000,  1.4628E+001,  1.4599E+001
  6.0800E+000,  2.0913E+001,  1.4545E+001
  6.0900E+000,  2.1462E+001,  1.4572E+001
  6.1000E+000,  2.0629E+001,  1.4298E+001
  6.1100E+000,  2.0638E+001,  1.4325E+001
  6.1200E+000,  2.0254E+001,  1.4078E+001
  6.1300E+000,  2.0364E+001,  1.4096E+001
  6.1400E+000,  1.9879E+001,  1.3895E+001
  6.1500E+000,  1.9788E+001,  1.3767E+001
  6.1600E+000,  1.9714E+001,  1.3566E+001
  6.1700E+000,  1.9623E+001,  1.3355E+001
  6.1800E+000,  1.9504E+001,  1.3429E+001
  6.1900E+000,  1.9156E+001,  1.2925E+001
  6.2000E+000,  1.9230E+001,  1.2916E+001
  6.2100E+000,  1.9074E+001,  1.2706E+001
  6.2200E+000,  1.8690E+001,  1.2825E+001
  6.2300E+000,  1.8809E+001,  1.2495E+001
  6.2400E+000,  1.8598E+001,  1.2248E+001
  6.2500E+000,  1.8132E+001,  1.2221E+001
  6.2600E+000,  1.8141E+001,  1.2212E+001
  6.2700E+000,  1.8287E+001,  1.1992E+001
  6.2800E+000,  1.8013E+001,  1.1919E+001
  6.2900E+000,  1.8086E+001,  1.1919E+001
  6.3000E+000,  1.7995E+001,  1.1773E+001
  6.3100E+000,  1.7857E+001,  1.1608E+001
  6.3200E+000,  1.7647E+001,  1.1471E+001
  6.3300E+000,  1.7940E+001,  1.1443E+001
  6.3400E+000,  1.7546E+001,  1.1388E+001
  6.3500E+000,  1.7647E+001,  1.1699E+001
  6.3600E+000,  1.7711E+001,  1.1873E+001
  6.3700E+000,  1.7546E+001,  1.1745E+001
  6.3800E+000,  1.7528E+001,  1.1635E+001
  6.3900E+000,  1.7427E+001,  1.1581E+001
  6.4000E+000,  1.7217E+001,  1.1526E+001
  6.4100E+000,  1.7144E+001,  1.1379E+001
  6.4200E+000,  1.7144E+001,  1.1398E+001
  6.4300E+000,  1.7089E+001,  1.1324E+001
  6.4400E+000,  1.7235E+001,  1.1169E+001
  6.4500E+000,  1.7208E+001,  1.1160E+001
  6.4600E+000,  1.6787E+001,  1.0958E+001
  6.4700E+000,  1.6814E+001,  1.0931E+001
  6.4800E+000,  1.6741E+001,  1.0629E+001
  6.4900E+000,  1.6641E+001,  1.0492E+001
  6.5000E+000,  1.6449E+001,  1.0583E+001
  6.5100E+000,  1.6293E+001,  1.0410E+001
  6.5200E+000,  1.6302E+001,  1.0190E+001
  6.5300E+000,  1.6192E+001,  1.0099E+001
  6.5400E+000,  1.6156E+001,  1.0035E+001
  6.5500E+000,  1.6019E+001,  9.9247E+000
  6.5600E+000,  1.5817E+001,  9.7692E+000
  6.5700E+000,  1.5744E+001,  9.6503E+000
  6.5800E+000,  1.5662E+001,  9.5313E+000
  6.5900E+000,  1.5525E+001,  9.3667E+000
  6.6000E+000,  1.5470E+001,  9.3209E+000
  6.6100E+000,  1.5442E+001,  9.3026E+000
  6.6200E+000,  1.5387E+001,  9.2569E+000
  6.6300E+000,  1.5268E+001,  9.1105E+000
  6.6400E+000,  1.5250E+001,  9.0190E+000
  6.6500E+000,  1.5140E+001,  8.8818E+000
  6.6600E+000,  1.5058E+001,  8.7812E+000
  6.6700E+000,  1.4985E+001,  8.6897E+000
  6.6800E+000,  1.4921E+001,  8.6074E+000
  6.6900E+000,  1.4857E+001,  8.5708E+000
  6.7000E+000,  1.4738E+001,  8.3878E+000
  6.7100E+000,  1.4701E+001,  8.3421E+000
  6.7200E+000,  1.4646E+001,  8.2597E+000
  6.7300E+000,  1.4601E+001,  8.2140E+000
  6.7400E+000,  1.4537E+001,  8.1500E+000
  6.7500E+000,  1.4509E+001,  8.1225E+000
  6.7600E+000,  1.4509E+001,  8.1134E+000
  6.7700E+000,  1.4491E+001,  8.1225E+000
  6.7800E+000,  1.4500E+001,  8.2048E+000
  6.7900E+000,  1.4509E+001,  8.2597E+000
  6.8000E+000,  1.4573E+001,  8.2872E+000
  6.8100E+000,  1.4591E+001,  8.3329E+000
  6.8200E+000,  1.4610E+001,  8.4244E+000
  6.8300E+000,  1.4637E+001,  8.4427E+000
  6.8400E+000,  1.4665E+001,  8.5433E+000
  6.8500E+000,  1.4665E+001,  8.5708E+000
  6.8600E+000,  1.4729E+001,  8.5616E+000
  6.8700E+000,  1.4765E+001,  8.5525E+000
  6.8800E+000,  1.5104E+001,  9.0648E+000
  6.8900E+000,  1.4500E+001,  7.8755E+000
  6.9000E+000,  1.4619E+001,  8.2231E+000
  6.9100E+000,  1.4335E+001,  7.9578E+000
  6.9200E+000,  1.4363E+001,  8.0402E+000
  6.9300E+000,  1.4765E+001,  8.2506E+000
  6.9400E+000,  1.4774E+001,  8.4793E+000
  6.9500E+000,  1.4884E+001,  8.6989E+000
  6.9600E+000,  1.4802E+001,  8.6531E+000
  6.9700E+000,  1.4756E+001,  8.6714E+000
  6.9800E+000,  1.4784E+001,  8.7080E+000
  6.9900E+000,  1.4747E+001,  8.5891E+000
  7.0000E+000,  1.4774E+001,  8.6074E+000
  7.0100E+000,  1.4674E+001,  8.6165E+000
  7.0200E+000,  1.4692E+001,  8.5891E+000
  7.0300E+000,  1.4646E+001,  8.4884E+000
  7.0400E+000,  1.4628E+001,  8.4976E+000
  7.0500E+000,  1.4564E+001,  8.4427E+000
  7.0600E+000,  1.4546E+001,  8.3787E+000
  7.0700E+000,  1.4518E+001,  8.4427E+000
  7.0800E+000,  1.4472E+001,  8.3055E+000
  7.0900E+000,  1.4491E+001,  8.3604E+000
  7.1000E+000,  1.4408E+001,  8.2140E+000
  7.1100E+000,  1.4390E+001,  8.2140E+000
  7.1200E+000,  1.4363E+001,  8.1957E+000
  7.1300E+000,  1.4299E+001,  8.0951E+000
  7.1400E+000,  1.4271E+001,  8.0219E+000
  7.1500E+000,  1.4216E+001,  8.0402E+000
  7.1600E+000,  1.4180E+001,  7.9670E+000
  7.1700E+000,  1.4116E+001,  7.9213E+000
  7.1800E+000,  1.4079E+001,  7.8389E+000
  7.1900E+000,  1.4015E+001,  7.7566E+000
  7.2000E+000,  1.4015E+001,  7.7657E+000
  7.2100E+000,  1.3978E+001,  7.7108E+000
  7.2200E+000,  1.3951E+001,  7.6742E+000
  7.2300E+000,  1.3914E+001,  7.6285E+000
  7.2400E+000,  1.3887E+001,  7.6011E+000
  7.2500E+000,  1.3841E+001,  7.5553E+000
  7.2600E+000,  1.3814E+001,  7.5279E+000
  7.2700E+000,  1.3786E+001,  7.4821E+000
  7.2800E+000,  1.3768E+001,  7.4730E+000
  7.2900E+000,  1.3750E+001,  7.4272E+000
  7.3000E+000,  1.3713E+001,  7.3815E+000
  7.3100E+000,  1.3686E+001,  7.4272E+000
  7.3200E+000,  1.3750E+001,  7.6102E+000
  7.3300E+000,  1.3869E+001,  7.6742E+000
  7.3400E+000,  1.4701E+001,  7.8023E+000
  7.3500E+000,  1.4033E+001,  7.4364E+000
  7.3600E+000,  1.4107E+001,  7.5919E+000
  7.3700E+000,  1.4344E+001,  7.7474E+000
  7.3800E+000,  1.4628E+001,  8.0036E+000
  7.3900E+000,  1.4738E+001,  8.3329E+000
  7.4000E+000,  1.5140E+001,  8.6440E+000
  7.4100E+000,  1.5607E+001,  8.8269E+000
  7.4200E+000,  1.5945E+001,  9.1197E+000
  7.4300E+000,  1.7135E+001,  9.8058E+000
  7.4400E+000,  7.0715E+000,  1.0419E+001
  7.4500E+000,  1.9166E+001,  6.5490E+000
  7.4600E+000,  1.4848E+001,  1.0509E+000
  7.4700E+000,  1.4043E+001,  9.9479E-002
  7.4800E+000,  1.3978E+001,  2.6292E-002
  7.4900E+000,  1.3978E+001,  1.7144E-002
  7.5000E+000,  1.3969E+001,  7.9956E-003
  7.5100E+000,  1.3960E+001, -1.1523E-003
  7.5200E+000,  1.3951E+001, -1.1523E-003
  7.5300E+000,  1.3960E+001,  7.9956E-003
  7.5400E+000,  1.3960E+001, -1.1523E-003
  7.5500E+000,  1.3969E+001,  7.9956E-003
  7.5600E+000,  1.3969E+001,  7.9956E-003
  7.5700E+000,  1.3969E+001, -1.1523E-003
  7.5800E+000,  1.3969E+001, -1.1523E-003
  7.5900E+000,  1.3951E+001, -1.0300E-002
  7.6000E+000,  1.3951E+001, -1.1523E-003
  7.6100E+000,  1.3951E+001, -1.1523E-003
  7.6200E+000,  1.3960E+001, -1.1523E-003
  7.6300E+000,  1.3969E+001, -1.1523E-003
  7.6400E+000,  1.3960E+001, -1.1523E-003
  7.6500E+000,  1.3960E+001, -1.1523E-003
  7.6600E+000,  1.3951E+001,  7.9956E-003
  7.6700E+000,  1.3960E+001, -1.1523E-003
  7.6800E+000,  1.3951E+001, -1.0300E-002
  7.6900E+000,  1.3951E+001, -1.1523E-003
  7.7000E+000,  1.3960E+001, -1.1523E-003
  7.7100E+000,  1.3960E+001, -1.1523E-003
  7.7200E+000,  1.3951E+001,  7.9956E-003
  7.7300E+000,  1.3960E+001,  7.9956E-003
  7.7400E+000,  1.3951E+001, -1.1523E-003
  7.7500E+000,  1.3960E+001, -1.1523E-003
  7.7600E+000,  1.3960E+001, -1.1523E-003
  7.7700E+000,  1.3960E+001, -1.1523E-003
  7.7800E+000,  1.3969E+001,  7.9956E-003
  7.7900E+000,  1.3960E+001,  7.9956E-003
  7.8000E+000,  1.3960E+001,  7.9956E-003
  7.8100E+000,  1.3960E+001,  7.9956E-003
  7.8200E+000,  1.3960E+001,  7.9956E-003
  7.8300E+000,  1.3960E+001,  7.9956E-003
  7.8400E+000,  1.3960E+001,  7.9956E-003
  7.8500E+000,  1.3960E+001,  7.9956E-003
  7.8600E+000,  1.3960E+001,  7.9956E-003
  7.8700E+000,  1.3951E+001, -1.1523E-003
  7.8800E+000,  1.3951E+001, -1.1523E-003
  7.8900E+000,  1.3951E+001, -1.1523E-003
  7.9000E+000,  1.3960E+001,  7.9956E-003
  7.9100E+000,  1.3960E+001, -1.1523E-003
  7.9200E+000,  1.3960E+001,  7.9956E-003
  7.9300E+000,  1.3951E+001, -1.1523E-003
  7.9400E+000,  1.3951E+001, -1.1523E-003
  7.9500E+000,  1.3951E+001, -1.1523E-003
  7.9600E+000,  1.3960E+001, -1.1523E-003
  7.9700E+000,  1.3951E+001, -1.1523E-003
  7.9800E+000,  1.3960E+001, -1.1523E-003
  7.9900E+000,  1.3951E+001, -1.1523E-003
  8.0000E+000,  1.3951E+001,  7.9956E-003
  8.0100E+000,  1.3951E+001, -1.1523E-003
  8.0200E+000,  1.3960E+001,  7.9956E-003
  8.0300E+000,  1.3960E+001, -1.1523E-003
  8.0400E+000,  1.3960E+001,  7.9956E-003
  8.0500E+000,  1.3960E+001,  7.9956E-003
  8.0600E+000,  1.3960E+001,  7.9956E-003
  8.0700E+000,  1.3960E+001,  1.7144E-002
  8.0800E+000,  1.3960E+001,  7.9956E-003
  8.0900E+000,  1.3960E+001,  7.9956E-003
  8.1000E+000,  1.3951E+001,  7.9956E-003
  8.1100E+000,  1.3960E+001, -1.1523E-003
  8.1200E+000,  1.3960E+001,  7.9956E-003
  8.1300E+000,  1.3960E+001,  7.9956E-003
  8.1400E+000,  1.3960E+001,  7.9956E-003
  8.1500E+000,  1.3951E+001,  7.9956E-003
  8.1600E+000,  1.3960E+001,  7.9956E-003
  8.1700E+000,  1.3960E+001,  7.9956E-003
  8.1800E+000,  1.3960E+001,  7.9956E-003
  8.1900E+000,  1.3960E+001, -1.1523E-003
  8.2000E+000,  1.3951E+001,  7.9956E-003
  8.2100E+000,  1.3951E+001, -1.1523E-003
  8.2200E+000,  1.3942E+001, -1.1523E-003
  8.2300E+000,  1.3942E+001, -1.1523E-003
  8.2400E+000,  1.3951E+001, -1.1523E-003
  8.2500E+000,  1.3960E+001, -1.1523E-003
  8.2600E+000,  1.3960E+001,  7.9956E-003
  8.2700E+000,  1.3951E+001,  7.9956E-003
  8.2800E+000,  1.3951E+001, -1.1523E-003
  8.2900E+000,  1.3951E+001,  7.9956E-003
  8.3000E+000,  1.3960E+001,  7.9956E-003
  8.3100E+000,  1.3969E+001,  7.9956E-003
  8.3200E+000,  1.3969E+001,  7.9956E-003
  8.3300E+000,  1.3960E+001,  7.9956E-003
  8.3400E+000,  1.3960E+001,  1.7144E-002
  8.3500E+000,  1.3960E+001,  7.9956E-003
  8.3600E+000,  1.3969E+001,  7.9956E-003
  8.3700E+000,  1.3960E+001,  7.9956E-003
  8.3800E+000,  1.3960E+001,  7.9956E-003
  8.3900E+000,  1.3960E+001,  7.9956E-003
  8.4000E+000,  1.3960E+001,  1.7144E-002
  8.4100E+000,  1.3969E+001,  1.7144E-002
  8.4200E+000,  1.3960E+001,  1.7144E-002
  8.4300E+000,  1.3951E+001,  7.9956E-003
  8.4400E+000,  1.3960E+001,  7.9956E-003
  8.4500E+000,  1.3951E+001,  7.9956E-003
  8.4600E+000,  1.3960E+001,  7.9956E-003
  8.4700E+000,  1.3960E+001, -1.1523E-003
  8.4800E+000,  1.3951E+001, -1.1523E-003
  8.4900E+000,  1.3951E+001,  7.9956E-003
  8.5000E+000,  1.3951E+001,  7.9956E-003
  8.5100E+000,  1.3969E+001,  7.9956E-003
  8.5200E+000,  1.3960E+001,  1.7144E-002
  8.5300E+000,  1.3969E+001,  1.7144E-002
  8.5400E+000,  1.3969E+001,  1.7144E-002
  8.5500E+000,  1.3969E+001,  1.7144E-002
  8.5600E+000,  1.3969E+001,  1.7144E-002
  8.5700E+000,  1.3969E+001,  1.7144E-002
  8.5800E+000,  1.3969E+001,  1.7144E-002
  8.5900E+000,  1.3969E+001,  1.7144E-002
  8.6000E+000,  1.3969E+001,  1.7144E-002
  8.6100E+000,  1.3978E+001,  1.7144E-002
  8.6200E+000,  1.3969E+001,  1.7144E-002
  8.6300E+000,  1.3960E+001,  1.7144E-002
  8.6400E+000,  1.3960E+001,  1.7144E-002
  8.6500E+000,  1.3969E+001,  1.7144E-002
  8.6600E+000,  1.3960E+001,  1.7144E-002
  8.6700E+000,  1.3960E+001,  7.9956E-003
  8.6800E+000,  1.3960E+001,  7.9956E-003
  8.6900E+000,  1.3960E+001,  7.9956E-003
  8.7000E+000,  1.3951E+001,  7.9956E-003
  8.7100E+000,  1.3951E+001,  7.9956E-003
  8.7200E+000,  1.3951E+001, -1.1523E-003
  8.7300E+000,  1.3960E+001,  7.9956E-003
  8.7400E+000,  1.3960E+001,  7.9956E-003
  8.7500E+000,  1.3960E+001,  7.9956E-003
  8.7600E+000,  1.3960E+001,  1.7144E-002
  8.7700E+000,  1.3960E+001,  1.7144E-002
  8.7800E+000,  1.3960E+001,  1.7144E-002
  8.7900E+000,  1.3960E+001,  7.9956E-003
  8.8000E+000,  1.3969E+001,  1.7144E-002
  8.8100E+000,  1.3969E+001,  1.7144E-002
  8.8200E+000,  1.3969E+001,  1.7144E-002
  8.8300E+000,  1.3969E+001,  7.9956E-003
  8.8400E+000,  1.3960E+001,  1.7144E-002
  8.8500E+000,  1.3969E+001,  7.9956E-003
  8.8600E+000,  1.3969E+001,  1.7144E-002
  8.8700E+000,  1.3969E+001,  1.7144E-002
  8.8800E+000,  1.3969E+001,  1.7144E-002
  8.8900E+000,  1.3969E+001,  1.7144E-002
  8.9000E+000,  1.3969E+001,  1.7144E-002
  8.9100E+000,  1.3960E+001,  1.7144E-002
  8.9200E+000,  1.3969E+001,  1.7144E-002
  8.9300E+000,  1.3960E+001,  7.9956E-003
  8.9400E+000,  1.3960E+001, -1.1523E-003
  8.9500E+000,  1.3960E+001,  7.9956E-003
  8.9600E+000,  1.3960E+001,  7.9956E-003
  8.9700E+000,  1.3951E+001,  7.9956E-003
  8.9800E+000,  1.3951E+001, -1.1523E-003
  8.9900E+000,  1.3960E+001, -1.1523E-003
  9.0000E+000,  1.3960E+001,  7.9956E-003
  9.0100E+000,  1.3969E+001,  1.7144E-002
  9.0200E+000,  1.3969E+001,  7.9956E-003
  9.0300E+000,  1.3969E+001,  1.7144E-002
  9.0400E+000,  1.3960E+001,  7.9956E-003
  9.0500E+000,  1.3969E+001,  1.7144E-002
  9.0600E+000,  1.3969E+001,  1.7144E-002
  9.0700E+000,  1.3969E+001,  7.9956E-003
  9.0800E+000,  1.3978E+001,  1.7144E-002
  9.0900E+000,  1.3969E+001,  1.7144E-002
  9.1000E+000,  1.3978E+001,  1.7144E-002
  9.1100E+000,  1.3969E+001,  1.7144E-002
  9.1200E+000,  1.3969E+001,  1.7144E-002
  9.1300E+000,  1.3969E+001,  1.7144E-002
  9.1400E+000,  1.3969E+001,  1.7144E-002
  9.1500E+000,  1.3978E+001,  1.7144E-002
  9.1600E+000,  1.3969E+001,  1.7144E-002
  9.1700E+000,  1.3960E+001,  7.9956E-003
  9.1800E+000,  1.3960E+001,  7.9956E-003
  9.1900E+000,  1.3951E+001,  7.9956E-003
  9.2000E+000,  1.3960E+001,  1.7144E-002
  9.2100E+000,  1.3969E+001,  7.9956E-003
  9.2200E+000,  1.3969E+001, -1.1523E-003
  9.2300E+000,  1.3969E+001,  7.9956E-003
  9.2400E+000,  1.3960E+001, -1.1523E-003
  9.2500E+000,  1.3960E+001,  7.9956E-003
  9.2600E+000,  1.3960E+001,  7.9956E-003
  9.2700E+000,  1.3960E+001,  7.9956E-003
  9.2800E+000,  1.3960E+001,  7.9956E-003
  9.2900E+000,  1.3969E+001,  7.9956E-003
  9.3000E+000,  1.3969E+001,  7.9956E-003
  9.3100E+000,  1.3960E+001,  7.9956E-003
  9.3200E+000,  1.3960E+001, -1.1523E-003
  9.3300E+000,  1.3960E+001, -1.1523E-003
  9.3400E+000,  1.3960E+001,  7.9956E-003
  9.3500E+000,  1.3978E+001,  7.9956E-003
  9.3600E+000,  1.3969E+001,  7.9956E-003
  9.3700E+000,  1.3969E+001,  7.9956E-003
  9.3800E+000,  1.3960E+001, -1.1523E-003
  9.3900E+000,  1.3951E+001, -1.1523E-003
  9.4000E+000,  1.3960E+001, -1.1523E-003
  9.4100E+000,  1.3960E+001,  7.9956E-003
  9.4200E+000,  1.3960E+001, -1.1523E-003
  9.4300E+000,  1.3969E+001, -1.1523E-003
  9.4400E+000,  1.3960E+001, -1.1523E-003
  9.4500E+000,  1.3951E+001, -1.1523E-003
  9.4600E+000,  1.3951E+001, -1.1523E-003
  9.4700E+000,  1.3951E+001, -1.0300E-002
  9.4800E+000,  1.3951E+001, -1.1523E-003
  9.4900E+000,  1.3960E+001, -1.1523E-003
  9.5000E+000,  1.3960E+001, -1.1523E-003
  9.5100E+000,  1.3969E+001, -1.1523E-003
  9.5200E+000,  1.3951E+001,  7.9956E-003
  9.5300E+000,  1.3951E+001, -1.1523E-003
  9.5400E+000,  1.3951E+001, -1.1523E-003
  9.5500E+000,  1.3960E+001, -1.1523E-003
  9.5600E+000,  1.3960E+001,  7.9956E-003
  9.5700E+000,  1.3960E+001, -1.1523E-003
  9.5800E+000,  1.3960E+001,  7.9956E-003
  9.5900E+000,  1.3960E+001,  7.9956E-003
  9.6000E+000,  1.3960E+001,  7.9956E-003
  9.6100E+000,  1.3969E+001,  7.9956E-003
  9.6200E+000,  1.3960E+001, -1.1523E-003
  9.6300E+000,  1.3969E+001,  7.9956E-003
  9.6400E+000,  1.3960E+001, -1.1523E-003
  9.6500E+000,  1.3969E+001, -1.1523E-003
  9.6600E+000,  1.3960E+001,  7.9956E-003
  9.6700E+000,  1.3951E+001, -1.1523E-003
  9.6800E+000,  1.3942E+001, -1.1523E-003
  9.6900E+000,  1.3960E+001, -1.1523E-003
  9.7000E+000,  1.3960E+001, -1.1523E-003
  9.7100E+000,  1.3969E+001, -1.1523E-003
  9.7200E+000,  1.3960E+001, -1.1523E-003
  9.7300E+000,  1.3951E+001, -1.1523E-003
  9.7400E+000,  1.3951E+001, -1.0300E-002
  9.7500E+000,  1.3951E+001, -1.1523E-003
  9.7600E+000,  1.3960E+001, -1.1523E-003
  9.7700E+000,  1.3951E+001, -1.1523E-003
  9.7800E+000,  1.3960E+001, -1.1523E-003
  9.7900E+000,  1.3960E+001, -1.0300E-002
  9.8000E+000,  1.3960E+001, -1.1523E-003
  9.8100E+000,  1.3960E+001,  7.9956E-003
  9.8200E+000,  1.3951E+001, -1.1523E-003
  9.8300E+000,  1.3960E+001,  7.9956E-003
  9.8400E+000,  1.3969E+001, -1.1523E-003
  9.8500E+000,  1.3969E+001,  7.9956E-003
  9.8600E+000,  1.3969E+001, -1.1523E-003
  9.8700E+000,  1.3960E+001, -1.1523E-003
  9.8800E+000,  1.3960E+001,  7.9956E-003
  9.8900E+000,  1.3969E+001,  7.9956E-003
  9.9000E+000,  1.3969E+001,  7.9956E-003
  9.9100E+000,  1.3960E+001,  7.9956E-003
  9.9200E+000,  1.3969E+001,  7.9956E-003
  9.9300E+000,  1.3960E+001, -1.1523E-003
  9.9400E+000,  1.3951E+001, -1.1523E-003
  9.9500E+000,  1.3960E+001, -1.1523E-003
  9.9600E+000,  1.3951E+001, -1.1523E-003
  9.9700E+000,  1.3951E+001, -1.1523E-003
  9.9800E+000,  1.3960E+001,  7.9956E-003
  9.9900E+000,  1.3960E+001, -1.1523E-003
  1.0000E+001,  1.3960E+001, -1.1523E-003
  1.0010E+001,  1.3951E+001, -1.0300E-002
  1.0020E+001,  1.3942E+001, -1.0300E-002
  1.0030E+001,  1.3951E+001,  7.9956E-003
  1.0040E+001,  1.3951E+001, -1.1523E-003
  1.0050E+001,  1.3960E+001,  7.9956E-003
  1.0060E+001,  1.3951E+001, -1.1523E-003
  1.0070E+001,  1.3951E+001, -1.1523E-003
  1.0080E+001,  1.3951E+001, -1.1523E-003
  1.0090E+001,  1.3951E+001,  7.9956E-003
  1.0100E+001,  1.3960E+001,  7.9956E-003
  1.0110E+001,  1.3969E+001,  7.9956E-003
  1.0120E+001,  1.3960E+001,  7.9956E-003
  1.0130E+001,  1.3960E+001,  7.9956E-003
  1.0140E+001,  1.3951E+001,  7.9956E-003
  1.0150E+001,  1.3960E+001,  7.9956E-003
  1.0160E+001,  1.3960E+001,  7.9956E-003
  1.0170E+001,  1.3960E+001, -1.1523E-003
  1.0180E+001,  1.3960E+001,  7.9956E-003
  1.0190E+001,  1.3960E+001,  7.9956E-003
  1.0200E+001,  1.3960E+001,  7.9956E-003
  1.0210E+001,  1.3960E+001, -1.1523E-003
  1.0220E+001,  1.3951E+001,  7.9956E-003
  1.0230E+001,  1.3951E+001, -1.1523E-003
  1.0240E+001,  1.3951E+001, -1.1523E-003
  1.0250E+001,  1.3951E+001,  7.9956E-003
  1.0260E+001,  1.3960E+001, -1.1523E-003
  1.0270E+001,  1.3960E+001, -1.1523E-003
  1.0280E+001,  1.3951E+001, -1.1523E-003
  1.0290E+001,  1.3951E+001, -1.1523E-003
  1.0300E+001,  1.3951E+001, -1.1523E-003
  1.0310E+001,  1.3960E+001,  7.9956E-003
  1.0320E+001,  1.3960E+001, -1.1523E-003
  1.0330E+001,  1.3960E+001, -1.1523E-003
  1.0340E+001,  1.3951E+001, -1.1523E-003
  1.0350E+001,  1.3960E+001, -1.1523E-003
  1.0360E+001,  1.3960E+001,  1.7144E-002
  1.0370E+001,  1.3969E+001,  7.9956E-003
  1.0380E+001,  1.3969E+001,  7.9956E-003
  1.0390E+001,  1.3969E+001,  1.7144E-002
  1.0400E+001,  1.3969E+001,  7.9956E-003
  1.0410E+001,  1.3960E+001,  7.9956E-003
  1.0420E+001,  1.3960E+001,  7.9956E-003
  1.0430E+001,  1.3960E+001,  7.9956E-003
  1.0440E+001,  1.3960E+001, -1.1523E-003
  1.0450E+001,  1.3960E+001,  7.9956E-003
  1.0460E+001,  1.3960E+001, -1.1523E-003
  1.0470E+001,  1.3960E+001, -1.1523E-003
  1.0480E+001,  1.3960E+001, -1.1523E-003
  1.0490E+001,  1.3951E+001, -1.1523E-003
  1.0500E+001,  1.3960E+001,  7.9956E-003
  1.0510E+001,  1.3951E+001,  7.9956E-003
  1.0520E+001,  1.3960E+001, -1.1523E-003
  1.0530E+001,  1.3960E+001, -1.1523E-003
  1.0540E+001,  1.3960E+001, -1.1523E-003
  1.0550E+001,  1.3960E+001, -1.1523E-003
  1.0560E+001,  1.3951E+001, -1.1523E-003
  1.0570E+001,  1.3951E+001, -1.1523E-003
  1.0580E+001,  1.3960E+001,  7.9956E-003
  1.0590E+001,  1.3960E+001,  7.9956E-003
  1.0600E+001,  1.3969E+001,  7.9956E-003
  1.0610E+001,  1.3969E+001,  7.9956E-003
  1.0620E+001,  1.3969E+001,  7.9956E-003
  1.0630E+001,  1.3960E+001,  7.9956E-003
  1.0640E+001,  1.3960E+001,  7.9956E-003
  1.0650E+001,  1.3960E+001,  7.9956E-003
  1.0660E+001,  1.3969E+001,  7.9956E-003
  1.0670E+001,  1.3960E+001,  7.9956E-003
  1.0680E+001,  1.3969E+001, -1.1523E-003
  1.0690E+001,  1.3960E+001, -1.1523E-003
  1.0700E+001,  1.3969E+001,  7.9956E-003
  1.0710E+001,  1.3951E+001,  7.9956E-003
  1.0720E+001,  1.3960E+001, -1.1523E-003
  1.0730E+001,  1.3969E+001, -1.1523E-003
  1.0740E+001,  1.3960E+001,  7.9956E-003
  1.0750E+001,  1.3960E+001, -1.1523E-003
  1.0760E+001,  1.3951E+001, -1.1523E-003
  1.0770E+001,  1.3951E+001, -1.1523E-003
  1.0780E+001,  1.3960E+001, -1.1523E-003
  1.0790E+001,  1.3960E+001,  7.9956E-003
  1.0800E+001,  1.3960E+001, -1.1523E-003
  1.0810E+001,  1.3951E+001, -1.1523E-003
  1.0820E+001,  1.3960E+001,  7.9956E-003
  1.0830E+001,  1.3960E+001, -1.1523E-003
  1.0840E+001,  1.3960E+001,  7.9956E-003
  1.0850E+001,  1.3960E+001,  7.9956E-003
  1.0860E+001,  1.3960E+001,  1.7144E-002
  1.0870E+001,  1.3969E+001,  7.9956E-003
  1.0880E+001,  1.3978E+001,  1.7144E-002
  1.0890E+001,  1.3969E+001,  1.7144E-002
  1.0900E+001,  1.3960E+001,  7.9956E-003
  1.0910E+001,  1.3960E+001,  7.9956E-003
  1.0920E+001,  1.3960E+001,  7.9956E-003
  1.0930E+001,  1.3969E+001,  1.7144E-002
  1.0940E+001,  1.3960E+001,  7.9956E-003
  1.0950E+001,  1.3960E+001,  7.9956E-003
  1.0960E+001,  1.3969E+001,  7.9956E-003
  1.0970E+001,  1.3960E+001,  7.9956E-003
  1.0980E+001,  1.3960E+001,  7.9956E-003
  1.0990E+001,  1.3960E+001,  7.9956E-003
  1.1000E+001,  1.3960E+001,  7.9956E-003
  1.1010E+001,  1.3960E+001,  7.9956E-003
  1.1020E+001,  1.3960E+001, -1.1523E-003
  1.1030E+001,  1.3960E+001, -1.1523E-003
  1.1040E+001,  1.3951E+001, -1.1523E-003
  1.1050E+001,  1.3951E+001, -1.1523E-003
  1.1060E+001,  1.3951E+001,  7.9956E-003
  1.1070E+001,  1.3969E+001,  7.9956E-003
  1.1080E+001,  1.3960E+001,  7.9956E-003
  1.1090E+001,  1.3978E+001,  1.7144E-002
  1.1100E+001,  1.3969E+001,  1.7144E-002
  1.1110E+001,  1.3960E+001,  7.9956E-003
  1.1120E+001,  1.3969E+001,  1.7144E-002
  1.1130E+001,  1.3969E+001,  7.9956E-003
  1.1140E+001,  1.3969E+001,  7.9956E-003
  1.1150E+001,  1.3978E+001,  1.7144E-002
  1.1160E+001,  1.3969E+001,  7.9956E-003
  1.1170E+001,  1.3960E+001,  7.9956E-003
  1.1180E+001,  1.3960E+001,  7.9956E-003
  1.1190E+001,  1.3960E+001,  7.9956E-003
  1.1200E+001,  1.3960E+001,  7.9956E-003
  1.1210E+001,  1.3960E+001,  7.9956E-003
  1.1220E+001,  1.3969E+001,  7.9956E-003
  1.1230E+001,  1.3969E+001,  7.9956E-003
  1.1240E+001,  1.3960E+001,  7.9956E-003
  1.1250E+001,  1.3960E+001, -1.1523E-003
  1.1260E+001,  1.3951E+001,  7.9956E-003
  1.1270E+001,  1.3960E+001, -1.1523E-003
  1.1280E+001,  1.3960E+001, -1.1523E-003
  1.1290E+001,  1.3960E+001,  7.9956E-003
  1.1300E+001,  1.3960E+001, -1.1523E-003
  1.1310E+001,  1.3960E+001, -1.1523E-003
  1.1320E+001,  1.3960E+001, -1.1523E-003
  1.1330E+001,  1.3960E+001,  7.9956E-003
  1.1340E+001,  1.3969E+001,  7.9956E-003
  1.1350E+001,  1.3969E+001,  7.9956E-003
  1.1360E+001,  1.3969E+001,  7.9956E-003
  1.1370E+001,  1.3969E+001,  7.9956E-003
  1.1380E+001,  1.3969E+001,  1.7144E-002
  1.1390E+001,  1.3969E+001,  1.7144E-002
  1.1400E+001,  1.3969E+001,  1.7144E-002
  1.1410E+001,  1.3969E+001,  7.9956E-003
  1.1420E+001,  1.3969E+001,  7.9956E-003
  1.1430E+001,  1.3969E+001,  7.9956E-003
  1.1440E+001,  1.3969E+001,  7.9956E-003
  1.1450E+001,  1.3969E+001,  7.9956E-003
  1.1460E+001,  1.3969E+001,  7.9956E-003
  1.1470E+001,  1.3969E+001,  1.7144E-002
  1.1480E+001,  1.3969E+001,  7.9956E-003
  1.1490E+001,  1.3969E+001,  7.9956E-003
  1.1500E+001,  1.3960E+001,  7.9956E-003
  1.1510E+001,  1.3960E+001,  7.9956E-003
  1.1520E+001,  1.3960E+001, -1.1523E-003
  1.1530E+001,  1.3960E+001,  7.9956E-003
  1.1540E+001,  1.3951E+001, -1.1523E-003
  1.1550E+001,  1.3960E+001,  7.9956E-003
  1.1560E+001,  1.3960E+001,  7.9956E-003
  1.1570E+001,  1.3969E+001,  1.7144E-002
  1.1580E+001,  1.3969E+001,  1.7144E-002
  1.1590E+001,  1.3969E+001,  1.7144E-002
  1.1600E+001,  1.3960E+001,  1.7144E-002
  1.1610E+001,  1.3960E+001,  7.9956E-003
  1.1620E+001,  1.3969E+001,  1.7144E-002
  1.1630E+001,  1.3969E+001,  7.9956E-003
  1.1640E+001,  1.3978E+001,  1.7144E-002
  1.1650E+001,  1.3969E+001,  7.9956E-003
  1.1660E+001,  1.3960E+001,  7.9956E-003
  1.1670E+001,  1.3969E+001,  7.9956E-003
  1.1680E+001,  1.3969E+001,  1.7144E-002
  1.1690E+001,  1.3978E+001,  1.7144E-002
  1.1700E+001,  1.3969E+001,  1.7144E-002
  1.1710E+001,  1.3978E+001,  7.9956E-003
  1.1720E+001,  1.3969E+001,  1.7144E-002
  1.1730E+001,  1.3960E+001,  7.9956E-003
  1.1740E+001,  1.3960E+001,  7.9956E-003
  1.1750E+001,  1.3960E+001,  7.9956E-003
  1.1760E+001,  1.3969E+001,  7.9956E-003
  1.1770E+001,  1.3969E+001,  7.9956E-003
  1.1780E+001,  1.3969E+001,  7.9956E-003
  1.1790E+001,  1.3960E+001,  7.9956E-003
  1.1800E+001,  1.3960E+001,  7.9956E-003
  1.1810E+001,  1.3951E+001,  7.9956E-003
  1.1820E+001,  1.3960E+001,  7.9956E-003
  1.1830E+001,  1.3960E+001,  7.9956E-003
  1.1840E+001,  1.3969E+001,  1.7144E-002
  1.1850E+001,  1.3960E+001,  7.9956E-003
  1.1860E+001,  1.3969E+001,  7.9956E-003
  1.1870E+001,  1.3960E+001,  7.9956E-003
  1.1880E+001,  1.3969E+001,  7.9956E-003
  1.1890E+001,  1.3960E+001,  7.9956E-003
  1.1900E+001,  1.3960E+001,  7.9956E-003
  1.1910E+001,  1.3960E+001,  7.9956E-003
  1.1920E+001,  1.3960E+001,  7.9956E-003
  1.1930E+001,  1.3969E+001,  7.9956E-003
  1.1940E+001,  1.3969E+001,  1.7144E-002
  1.1950E+001,  1.3969E+001,  7.9956E-003
  1.1960E+001,  1.3969E+001,  7.9956E-003
  1.1970E+001,  1.3960E+001,  1.7144E-002
  1.1980E+001,  1.3969E+001,  1.7144E-002
  1.1990E+001,  1.3969E+001,  7.9956E-003
  1.2000E+001,  1.3960E+001,  7.9956E-003
  1.2010E+001,  1.3960E+001,  7.9956E-003
  1.2020E+001,  1.3960E+001, -1.1523E-003
  1.2030E+001,  1.3960E+001,  7.9956E-003
  1.2040E+001,  1.3960E+001,  1.7144E-002
  1.2050E+001,  1.3960E+001,  7.9956E-003
  1.2060E+001,  1.3969E+001,  7.9956E-003
  1.2070E+001,  1.3960E+001,  1.7144E-002
  1.2080E+001,  1.3969E+001,  7.9956E-003
  1.2090E+001,  1.3960E+001,  7.9956E-003
  1.2100E+001,  1.3951E+001,  7.9956E-003
  1.2110E+001,  1.3960E+001,  7.9956E-003
  1.2120E+001,  1.3960E+001,  7.9956E-003
  1.2130E+001,  1.3969E+001,  7.9956E-003
  1.2140E+001,  1.3960E+001,  1.7144E-002
  1.2150E+001,  1.3960E+001,  7.9956E-003
  1.2160E+001,  1.3960E+001,  7.9956E-003
  1.2170E+001,  1.3960E+001,  7.9956E-003
  1.2180E+001,  1.3969E+001,  7.9956E-003
  1.2190E+001,  1.3969E+001,  1.7144E-002
  1.2200E+001,  1.3969E+001,  1.7144E-002
  1.2210E+001,  1.3969E+001,  1.7144E-002
  1.2220E+001,  1.3960E+001,  7.9956E-003
  1.2230E+001,  1.3969E+001,  1.7144E-002
  1.2240E+001,  1.3969E+001,  1.7144E-002
  1.2250E+001,  1.3969E+001,  7.9956E-003
  1.2260E+001,  1.3960E+001,  7.9956E-003
  1.2270E+001,  1.3960E+001,  7.9956E-003
  1.2280E+001,  1.3960E+001,  7.9956E-003
  1.2290E+001,  1.3960E+001,  7.9956E-003
  1.2300E+001,  1.3951E+001,  7.9956E-003
  1.2310E+001,  1.3960E+001, -1.1523E-003
  1.2320E+001,  1.3960E+001,  7.9956E-003
  1.2330E+001,  1.3960E+001,  1.7144E-002
  1.2340E+001,  1.3960E+001,  7.9956E-003
  1.2350E+001,  1.3960E+001,  7.9956E-003
  1.2360E+001,  1.3951E+001,  7.9956E-003
  1.2370E+001,  1.3960E+001,  7.9956E-003
  1.2380E+001,  1.3960E+001,  7.9956E-003
  1.2390E+001,  1.3969E+001,  7.9956E-003
  1.2400E+001,  1.3960E+001,  7.9956E-003
  1.2410E+001,  1.3960E+001,  7.9956E-003
  1.2420E+001,  1.3960E+001,  7.9956E-003
  1.2430E+001,  1.3969E+001,  7.9956E-003
  1.2440E+001,  1.3960E+001,  1.7144E-002
  1.2450E+001,  1.3969E+001,  1.7144E-002
  1.2460E+001,  1.3969E+001,  1.7144E-002
  1.2470E+001,  1.3969E+001,  1.7144E-002
  1.2480E+001,  1.3969E+001,  1.7144E-002
  1.2490E+001,  1.3960E+001,  1.7144E-002
  1.2500E+001,  1.3960E+001, -1.1523E-003
  1.2510E+001,  1.3960E+001,  7.9956E-003
  1.2520E+001,  1.3960E+001,  7.9956E-003
  1.2530E+001,  1.3969E+001,  7.9956E-003
  1.2540E+001,  1.3960E+001,  7.9956E-003
  1.2550E+001,  1.3960E+001,  7.9956E-003
  1.2560E+001,  1.3951E+001,  7.9956E-003
  1.2570E+001,  1.3960E+001,  7.9956E-003
  1.2580E+001,  1.3960E+001, -1.1523E-003
  1.2590E+001,  1.3960E+001, -1.1523E-003
  1.2600E+001,  1.3960E+001,  7.9956E-003
  1.2610E+001,  1.3960E+001,  7.9956E-003
  1.2620E+001,  1.3951E+001,  7.9956E-003
  1.2630E+001,  1.3969E+001,  7.9956E-003
  1.2640E+001,  1.3960E+001,  7.9956E-003
  1.2650E+001,  1.3960E+001,  7.9956E-003
  1.2660E+001,  1.3960E+001,  7.9956E-003
  1.2670E+001,  1.3969E+001,  7.9956E-003
  1.2680E+001,  1.3969E+001,  7.9956E-003
  1.2690E+001,  1.3960E+001,  7.9956E-003
  1.2700E+001,  1.3960E+001,  7.9956E-003
  1.2710E+001,  1.3960E+001,  7.9956E-003
  1.2720E+001,  1.3969E+001,  7.9956E-003
  1.2730E+001,  1.3960E+001,  1.7144E-002
  1.2740E+001,  1.3960E+001, -1.1523E-003
  1.2750E+001,  1.3969E+001,  7.9956E-003
  1.2760E+001,  1.3960E+001, -1.1523E-003
  1.2770E+001,  1.3960E+001,  7.9956E-003
  1.2780E+001,  1.3951E+001,  7.9956E-003
  1.2790E+001,  1.3960E+001,  7.9956E-003
  1.2800E+001,  1.3960E+001,  7.9956E-003
  1.2810E+001,  1.3951E+001, -1.1523E-003
  1.2820E+001,  1.3960E+001, -1.0300E-002
  1.2830E+001,  1.3960E+001,  7.9956E-003
  1.2840E+001,  1.3951E+001, -1.1523E-003
  1.2850E+001,  1.3951E+001,  7.9956E-003
  1.2860E+001,  1.3960E+001,  7.9956E-003
  1.2870E+001,  1.3960E+001,  7.9956E-003
  1.2880E+001,  1.3960E+001,  7.9956E-003
  1.2890E+001,  1.3960E+001, -1.1523E-003
  1.2900E+001,  1.3951E+001, -1.1523E-003
  1.2910E+001,  1.3960E+001,  7.9956E-003
  1.2920E+001,  1.3969E+001,  7.9956E-003
  1.2930E+001,  1.3969E+001,  7.9956E-003
  1.2940E+001,  1.3969E+001,  7.9956E-003
  1.2950E+001,  1.3960E+001,  1.7144E-002
  1.2960E+001,  1.3960E+001,  7.9956E-003
  1.2970E+001,  1.3960E+001,  7.9956E-003
  1.2980E+001,  1.3960E+001,  7.9956E-003
  1.2990E+001,  1.3960E+001,  7.9956E-003
  1.3000E+001,  1.3960E+001,  7.9956E-003
  1.3010E+001,  1.3960E+001,  7.9956E-003
  1.3020E+001,  1.3960E+001,  7.9956E-003
  1.3030E+001,  1.3960E+001,  7.9956E-003
  1.3040E+001,  1.3960E+001, -1.1523E-003
  1.3050E+001,  1.3960E+001, -1.1523E-003
  1.3060E+001,  1.3960E+001,  7.9956E-003
  1.3070E+001,  1.3960E+001, -1.1523E-003
  1.3080E+001,  1.3960E+001,  7.9956E-003
  1.3090E+001,  1.3960E+001, -1.1523E-003
  1.3100E+001,  1.3951E+001, -1.1523E-003
  1.3110E+001,  1.3951E+001, -1.1523E-003
  1.3120E+001,  1.3951E+001, -1.1523E-003
  1.3130E+001,  1.3960E+001,  7.9956E-003
  1.3140E+001,  1.3960E+001, -1.1523E-003
  1.3150E+001,  1.3969E+001,  7.9956E-003
  1.3160E+001,  1.3960E+001,  7.9956E-003
  1.3170E+001,  1.3960E+001,  7.9956E-003
  1.3180E+001,  1.3960E+001,  7.9956E-003
  1.3190E+001,  1.3960E+001,  7.9956E-003
  1.3200E+001,  1.3969E+001,  7.9956E-003
