# [Parameters]
# Name = 'firc'
# ShotNo = 176734
# Date = '01/22/2022 01:32'
# 
# DimNo = 1
# DimName = 'Time'
# DimSize = 1311
# DimUnit = 's'
# 
# ValNo = 2
# ValName = 'nL(3669)', 'nL(3759)'
# ValUnit = 'e19m-2', 'e19m-2'
# [Comments]
#  
# [data]
  1.00000E-001,  1.2887E-002,  1.9861E-003
  1.10000E-001,  3.8116E-003,  1.9861E-003
  1.20000E-001, -1.4340E-002, -7.1262E-003
  1.30000E-001, -5.2637E-003,  1.9861E-003
  1.40000E-001,  3.8116E-003,  1.9861E-003
  1.50000E-001, -5.2637E-003,  1.9861E-003
  1.60000E-001,  3.8116E-003,  1.9861E-003
  1.70000E-001, -1.4340E-002,  1.9861E-003
  1.80000E-001,  3.8116E-003,  1.1098E-002
  1.90000E-001, -5.2637E-003,  1.1098E-002
  2.00000E-001,  3.8116E-003,  1.1098E-002
  2.10000E-001,  1.2887E-002,  1.1098E-002
  2.20000E-001,  3.8116E-003,  1.9861E-003
  2.30000E-001,  1.2887E-002,  1.9861E-003
  2.40000E-001,  3.8116E-003,  1.9861E-003
  2.50000E-001,  3.8116E-003,  1.9861E-003
  2.60000E-001,  1.2887E-002,  1.9861E-003
  2.70000E-001,  1.2887E-002,  1.9861E-003
  2.80000E-001,  3.8116E-003,  1.9861E-003
  2.90000E-001,  3.8116E-003,  1.9861E-003
  3.00000E-001,  2.1963E-002,  1.1098E-002
  3.10000E-001,  1.2887E-002,  1.1098E-002
  3.20000E-001,  3.8116E-003,  1.9861E-003
  3.30000E-001, -5.2637E-003,  1.9861E-003
  3.40000E-001,  3.8116E-003, -7.1262E-003
  3.50000E-001, -5.2637E-003,  1.9861E-003
  3.60000E-001,  3.8116E-003,  1.9861E-003
  3.70000E-001,  3.8116E-003,  1.9861E-003
  3.80000E-001,  3.8116E-003,  1.9861E-003
  3.90000E-001,  3.8116E-003,  1.9861E-003
  4.00000E-001, -5.2637E-003,  1.9861E-003
  4.10000E-001, -5.2637E-003,  1.9861E-003
  4.20000E-001,  1.2887E-002,  1.1098E-002
  4.30000E-001,  3.8116E-003,  1.9861E-003
  4.40000E-001,  3.8116E-003,  1.1098E-002
  4.50000E-001,  3.8116E-003,  1.1098E-002
  4.60000E-001,  3.8116E-003,  1.9861E-003
  4.70000E-001,  3.8116E-003,  1.9861E-003
  4.80000E-001,  3.8116E-003,  1.9861E-003
  4.90000E-001,  1.2887E-002,  1.9861E-003
  5.00000E-001,  3.8116E-003,  1.9861E-003
  5.10000E-001,  3.8116E-003,  1.9861E-003
  5.20000E-001,  2.1963E-002,  1.1098E-002
  5.30000E-001,  1.2887E-002,  1.9861E-003
  5.40000E-001, -5.2637E-003,  1.1098E-002
  5.50000E-001, -5.2637E-003,  1.9861E-003
  5.60000E-001,  3.8116E-003, -7.1262E-003
  5.70000E-001,  3.8116E-003,  1.9861E-003
  5.80000E-001,  3.8116E-003, -7.1262E-003
  5.90000E-001, -1.4340E-002, -7.1262E-003
  6.00000E-001, -5.2637E-003, -7.1262E-003
  6.10000E-001,  1.2887E-002,  1.9861E-003
  6.20000E-001,  3.8116E-003,  1.1098E-002
  6.30000E-001,  1.2887E-002,  1.9861E-003
  6.40000E-001,  1.2887E-002,  1.9861E-003
  6.50000E-001,  3.8116E-003,  1.9861E-003
  6.60000E-001, -5.2637E-003,  1.1098E-002
  6.70000E-001, -5.2637E-003,  1.9861E-003
  6.80000E-001, -5.2637E-003, -7.1262E-003
  6.90000E-001,  3.8116E-003,  1.9861E-003
  7.00000E-001,  3.8116E-003,  1.9861E-003
  7.10000E-001,  1.2887E-002,  1.9861E-003
  7.20000E-001,  3.8116E-003,  1.9861E-003
  7.30000E-001,  3.8116E-003,  1.1098E-002
  7.40000E-001,  3.8116E-003,  1.1098E-002
  7.50000E-001,  3.8116E-003,  1.9861E-003
  7.60000E-001,  3.8116E-003,  1.9861E-003
  7.70000E-001,  1.2887E-002,  1.1098E-002
  7.80000E-001,  3.8116E-003,  1.1098E-002
  7.90000E-001,  3.8116E-003,  1.9861E-003
  8.00000E-001,  3.8116E-003,  1.9861E-003
  8.10000E-001,  3.8116E-003, -7.1262E-003
  8.20000E-001, -5.2637E-003,  1.9861E-003
  8.30000E-001,  3.8116E-003,  1.9861E-003
  8.40000E-001,  3.8116E-003,  1.9861E-003
  8.50000E-001, -5.2637E-003,  1.9861E-003
  8.60000E-001, -5.2637E-003,  1.9861E-003
  8.70000E-001,  3.8116E-003,  1.9861E-003
  8.80000E-001,  2.1963E-002,  1.9861E-003
  8.90000E-001,  2.1963E-002,  1.9861E-003
  9.00000E-001,  3.8116E-003,  1.9861E-003
  9.10000E-001, -5.2637E-003,  1.9861E-003
  9.20000E-001, -5.2637E-003,  1.9861E-003
  9.30000E-001,  3.8116E-003,  1.9861E-003
  9.40000E-001, -5.2637E-003,  1.9861E-003
  9.50000E-001,  3.8116E-003,  1.9861E-003
  9.60000E-001,  1.2887E-002,  1.9861E-003
  9.70000E-001, -5.2637E-003,  1.1098E-002
  9.80000E-001,  2.1963E-002,  1.9861E-003
  9.90000E-001,  2.1963E-002,  1.1098E-002
  1.00000E+000,  1.2887E-002,  1.1098E-002
  1.01000E+000,  1.2887E-002,  1.1098E-002
  1.02000E+000, -5.2637E-003,  1.1098E-002
  1.03000E+000,  3.8116E-003,  1.9861E-003
  1.04000E+000, -5.2637E-003,  1.9861E-003
  1.05000E+000,  3.8116E-003, -7.1262E-003
  1.06000E+000,  3.8116E-003,  1.9861E-003
  1.07000E+000,  3.8116E-003,  1.9861E-003
  1.08000E+000,  3.8116E-003,  1.9861E-003
  1.09000E+000,  3.8116E-003,  1.9861E-003
  1.10000E+000,  1.2887E-002,  1.9861E-003
  1.11000E+000,  1.2887E-002,  1.1098E-002
  1.12000E+000,  3.8116E-003,  1.9861E-003
  1.13000E+000,  1.2887E-002,  1.1098E-002
  1.14000E+000, -5.2637E-003,  1.9861E-003
  1.15000E+000, -5.2637E-003,  1.9861E-003
  1.16000E+000,  1.2887E-002,  1.9861E-003
  1.17000E+000,  3.8116E-003,  1.9861E-003
  1.18000E+000,  1.2887E-002,  1.9861E-003
  1.19000E+000,  3.8116E-003,  1.9861E-003
  1.20000E+000,  3.8116E-003,  1.1098E-002
  1.21000E+000,  1.2887E-002,  1.9861E-003
  1.22000E+000,  1.2887E-002,  1.1098E-002
  1.23000E+000,  3.8116E-003,  1.1098E-002
  1.24000E+000,  2.1963E-002,  1.1098E-002
  1.25000E+000,  3.8116E-003,  1.1098E-002
  1.26000E+000,  3.8116E-003,  1.9861E-003
  1.27000E+000,  3.8116E-003,  1.9861E-003
  1.28000E+000,  3.8116E-003,  1.9861E-003
  1.29000E+000,  1.2887E-002,  1.9861E-003
  1.30000E+000,  3.8116E-003,  1.9861E-003
  1.31000E+000, -5.2637E-003,  1.9861E-003
  1.32000E+000,  1.2887E-002,  1.1098E-002
  1.33000E+000,  3.8116E-003,  1.1098E-002
  1.34000E+000,  1.2887E-002,  1.1098E-002
  1.35000E+000,  3.8116E-003,  1.1098E-002
  1.36000E+000,  3.8116E-003,  1.9861E-003
  1.37000E+000,  3.8116E-003,  1.9861E-003
  1.38000E+000,  3.8116E-003,  1.9861E-003
  1.39000E+000, -5.2637E-003,  1.9861E-003
  1.40000E+000, -5.2637E-003,  1.9861E-003
  1.41000E+000,  3.8116E-003,  1.9861E-003
  1.42000E+000,  3.8116E-003,  1.9861E-003
  1.43000E+000,  3.8116E-003,  1.1098E-002
  1.44000E+000,  3.8116E-003,  1.1098E-002
  1.45000E+000,  1.2887E-002,  1.1098E-002
  1.46000E+000,  3.8116E-003,  1.1098E-002
  1.47000E+000,  1.2887E-002,  1.1098E-002
  1.48000E+000,  1.2887E-002,  1.9861E-003
  1.49000E+000,  3.8116E-003,  1.9861E-003
  1.50000E+000, -5.2637E-003,  1.9861E-003
  1.51000E+000,  1.2887E-002,  1.9861E-003
  1.52000E+000,  2.1963E-002,  1.1098E-002
  1.53000E+000,  3.8116E-003,  1.9861E-003
  1.54000E+000,  2.1963E-002,  1.1098E-002
  1.55000E+000, -5.2637E-003,  1.1098E-002
  1.56000E+000,  1.2887E-002,  1.9861E-003
  1.57000E+000,  1.2887E-002,  1.1098E-002
  1.58000E+000,  3.8116E-003,  1.1098E-002
  1.59000E+000,  3.8116E-003,  1.9861E-003
  1.60000E+000, -5.2637E-003,  1.9861E-003
  1.61000E+000,  3.8116E-003,  1.9861E-003
  1.62000E+000,  3.8116E-003,  1.9861E-003
  1.63000E+000,  3.8116E-003,  1.9861E-003
  1.64000E+000,  1.2887E-002,  1.9861E-003
  1.65000E+000,  1.2887E-002,  1.9861E-003
  1.66000E+000,  1.2887E-002,  1.1098E-002
  1.67000E+000,  1.2887E-002,  1.1098E-002
  1.68000E+000,  1.2887E-002,  1.1098E-002
  1.69000E+000,  1.2887E-002,  1.1098E-002
  1.70000E+000,  1.2887E-002,  1.1098E-002
  1.71000E+000,  1.2887E-002,  1.1098E-002
  1.72000E+000,  3.8116E-003,  1.1098E-002
  1.73000E+000,  3.8116E-003,  1.1098E-002
  1.74000E+000,  3.8116E-003,  1.1098E-002
  1.75000E+000, -5.2637E-003,  1.9861E-003
  1.76000E+000,  3.8116E-003,  1.9861E-003
  1.77000E+000,  1.2887E-002,  1.1098E-002
  1.78000E+000,  2.1963E-002,  1.1098E-002
  1.79000E+000,  1.2887E-002,  1.1098E-002
  1.80000E+000,  1.2887E-002,  1.1098E-002
  1.81000E+000,  3.8116E-003,  1.9861E-003
  1.82000E+000,  3.8116E-003,  1.9861E-003
  1.83000E+000,  3.8116E-003,  1.9861E-003
  1.84000E+000,  1.2887E-002,  1.9861E-003
  1.85000E+000, -5.2637E-003,  1.9861E-003
  1.86000E+000,  3.8116E-003,  1.9861E-003
  1.87000E+000,  3.8116E-003,  1.9861E-003
  1.88000E+000,  3.8116E-003,  1.9861E-003
  1.89000E+000,  3.8116E-003,  1.1098E-002
  1.90000E+000,  1.2887E-002,  1.1098E-002
  1.91000E+000, -5.2637E-003,  1.9861E-003
  1.92000E+000,  1.2887E-002,  1.1098E-002
  1.93000E+000,  1.2887E-002,  1.9861E-003
  1.94000E+000,  1.2887E-002,  1.1098E-002
  1.95000E+000, -5.2637E-003,  1.9861E-003
  1.96000E+000,  1.2887E-002,  1.9861E-003
  1.97000E+000,  1.2887E-002,  1.9861E-003
  1.98000E+000,  1.2887E-002,  1.9861E-003
  1.99000E+000,  2.1963E-002,  2.0210E-002
  2.00000E+000,  3.8116E-003,  1.1098E-002
  2.01000E+000,  1.2887E-002,  1.1098E-002
  2.02000E+000,  3.8116E-003,  1.1098E-002
  2.03000E+000, -5.2637E-003,  1.1098E-002
  2.04000E+000,  1.2887E-002,  1.1098E-002
  2.05000E+000,  2.1963E-002,  1.1098E-002
  2.06000E+000,  3.8116E-003,  1.9861E-003
  2.07000E+000,  1.2887E-002,  1.9861E-003
  2.08000E+000,  3.8116E-003,  1.9861E-003
  2.09000E+000, -5.2637E-003,  1.9861E-003
  2.10000E+000,  1.2887E-002,  1.9861E-003
  2.11000E+000,  3.8116E-003,  1.1098E-002
  2.12000E+000,  1.2887E-002,  1.1098E-002
  2.13000E+000,  1.2887E-002,  1.1098E-002
  2.14000E+000,  3.8116E-003,  1.1098E-002
  2.15000E+000,  1.2887E-002,  1.9861E-003
  2.16000E+000,  3.8116E-003,  1.9861E-003
  2.17000E+000,  1.2887E-002,  1.1098E-002
  2.18000E+000,  2.1963E-002,  1.9861E-003
  2.19000E+000,  3.8116E-003,  1.9861E-003
  2.20000E+000,  3.8116E-003,  1.9861E-003
  2.21000E+000,  3.8116E-003,  1.9861E-003
  2.22000E+000,  1.2887E-002,  1.1098E-002
  2.23000E+000,  2.1963E-002,  1.1098E-002
  2.24000E+000,  3.8116E-003,  2.0210E-002
  2.25000E+000,  1.2887E-002,  1.1098E-002
  2.26000E+000,  2.1963E-002,  1.1098E-002
  2.27000E+000,  1.2887E-002,  1.1098E-002
  2.28000E+000, -5.2637E-003,  1.1098E-002
  2.29000E+000, -5.2637E-003,  1.9861E-003
  2.30000E+000, -5.2637E-003,  1.9861E-003
  2.31000E+000,  3.8116E-003,  1.9861E-003
  2.32000E+000,  1.2887E-002,  1.1098E-002
  2.33000E+000,  1.2887E-002,  1.1098E-002
  2.34000E+000,  1.2887E-002,  1.1098E-002
  2.35000E+000, -5.2637E-003,  1.1098E-002
  2.36000E+000,  1.2887E-002,  1.9861E-003
  2.37000E+000,  3.8116E-003,  1.1098E-002
  2.38000E+000,  3.8116E-003,  1.9861E-003
  2.39000E+000,  3.8116E-003,  1.1098E-002
  2.40000E+000,  3.8116E-003,  1.9861E-003
  2.41000E+000,  3.8116E-003,  1.9861E-003
  2.42000E+000, -5.2637E-003,  1.9861E-003
  2.43000E+000,  1.2887E-002,  1.1098E-002
  2.44000E+000,  3.8116E-003,  1.1098E-002
  2.45000E+000,  1.2887E-002,  1.1098E-002
  2.46000E+000,  1.2887E-002,  1.9861E-003
  2.47000E+000,  2.1963E-002,  1.1098E-002
  2.48000E+000,  3.8116E-003,  1.1098E-002
  2.49000E+000,  1.2887E-002,  1.1098E-002
  2.50000E+000,  3.8116E-003,  1.1098E-002
  2.51000E+000,  3.8116E-003,  1.1098E-002
  2.52000E+000,  3.8116E-003,  1.9861E-003
  2.53000E+000, -5.2637E-003,  1.1098E-002
  2.54000E+000,  3.8116E-003,  1.9861E-003
  2.55000E+000, -5.2637E-003,  1.9861E-003
  2.56000E+000,  1.2887E-002,  1.1098E-002
  2.57000E+000,  3.8116E-003,  1.1098E-002
  2.58000E+000,  1.2887E-002,  1.1098E-002
  2.59000E+000,  3.8116E-003,  1.1098E-002
  2.60000E+000,  3.8116E-003,  1.1098E-002
  2.61000E+000,  3.8116E-003,  1.1098E-002
  2.62000E+000,  3.8116E-003,  1.1098E-002
  2.63000E+000,  3.8116E-003,  1.9861E-003
  2.64000E+000,  3.8116E-003, -7.1262E-003
  2.65000E+000, -1.4340E-002, -7.1262E-003
  2.66000E+000, -5.2637E-003,  1.9861E-003
  2.67000E+000,  1.2887E-002,  1.1098E-002
  2.68000E+000,  1.2887E-002,  1.9861E-003
  2.69000E+000,  3.8116E-003,  1.1098E-002
  2.70000E+000, -5.2637E-003,  1.1098E-002
  2.71000E+000,  3.8116E-003,  1.1098E-002
  2.72000E+000,  1.2887E-002,  1.1098E-002
  2.73000E+000,  2.1963E-002,  1.1098E-002
  2.74000E+000,  3.8116E-003,  1.1098E-002
  2.75000E+000,  3.8116E-003,  1.9861E-003
  2.76000E+000, -5.2637E-003,  1.9861E-003
  2.77000E+000,  3.8116E-003,  1.1098E-002
  2.78000E+000,  3.8116E-003,  1.9861E-003
  2.79000E+000, -5.2637E-003,  1.1098E-002
  2.80000E+000,  3.8116E-003,  1.9861E-003
  2.81000E+000, -5.2637E-003,  1.9861E-003
  2.82000E+000,  1.2887E-002,  1.1098E-002
  2.83000E+000, -5.2637E-003,  1.1098E-002
  2.84000E+000,  3.8116E-003,  1.1098E-002
  2.85000E+000,  3.8116E-003,  1.1098E-002
  2.86000E+000, -5.2637E-003,  1.9861E-003
  2.87000E+000,  1.2887E-002,  1.9861E-003
  2.88000E+000,  3.8116E-003,  1.9861E-003
  2.89000E+000, -5.2637E-003,  1.9861E-003
  2.90000E+000,  3.8116E-003,  1.9861E-003
  2.91000E+000, -5.2637E-003,  1.1098E-002
  2.92000E+000,  1.2887E-002,  1.1098E-002
  2.93000E+000,  1.2887E-002,  1.9861E-003
  2.94000E+000,  1.2887E-002,  1.1098E-002
  2.95000E+000, -5.2637E-003,  1.1098E-002
  2.96000E+000,  3.8116E-003,  1.9861E-003
  2.97000E+000,  3.8116E-003,  1.9861E-003
  2.98000E+000,  3.8116E-003,  1.9861E-003
  2.99000E+000,  3.8116E-003,  1.9861E-003
  3.00000E+000,  2.1963E-002,  1.1098E-002
  3.01000E+000,  2.9423E-001,  3.1179E-001
  3.02000E+000,  3.8499E-001,  3.9379E-001
  3.03000E+000,  4.4852E-001,  4.6669E-001
  3.04000E+000,  5.1205E-001,  5.2136E-001
  3.05000E+000,  5.6650E-001,  5.7603E-001
  3.06000E+000,  6.0281E-001,  6.2159E-001
  3.07000E+000,  6.3911E-001,  6.5804E-001
  3.08000E+000,  6.5726E-001,  6.8537E-001
  3.09000E+000,  6.8449E-001,  7.1271E-001
  3.10000E+000,  7.1171E-001,  7.4004E-001
  3.11000E+000,  7.4802E-001,  7.7649E-001
  3.12000E+000,  7.7524E-001,  8.0383E-001
  3.13000E+000,  7.9339E-001,  8.2205E-001
  3.14000E+000,  8.2970E-001,  8.4939E-001
  3.15000E+000,  8.5692E-001,  8.7672E-001
  3.16000E+000,  8.7508E-001,  9.1317E-001
  3.17000E+000,  9.0230E-001,  9.3139E-001
  3.18000E+000,  9.2045E-001,  9.4962E-001
  3.19000E+000,  9.2953E-001,  9.6784E-001
  3.20000E+000,  9.6583E-001,  9.7695E-001
  3.21000E+000,  9.6583E-001,  9.9517E-001
  3.22000E+000,  9.8398E-001,  1.0225E+000
  3.23000E+000,  1.0021E+000,  1.0316E+000
  3.24000E+000,  1.0021E+000,  1.0498E+000
  3.25000E+000,  1.0294E+000,  1.0590E+000
  3.26000E+000,  1.0384E+000,  1.0772E+000
  3.27000E+000,  1.0384E+000,  1.0863E+000
  3.28000E+000,  1.0475E+000,  1.0863E+000
  3.29000E+000,  1.0475E+000,  1.0954E+000
  3.30000E+000,  1.0657E+000,  1.1045E+000
  3.31000E+000,  1.1110E+000,  1.1501E+000
  3.32000E+000,  1.3470E+000,  1.3961E+000
  3.33000E+000,  1.8643E+000,  1.8699E+000
  3.34000E+000,  2.3907E+000,  2.4166E+000
  3.35000E+000,  2.8536E+000,  2.9724E+000
  3.36000E+000,  3.3618E+000,  3.7469E+000
  3.37000E+000,  3.6341E+000,  3.5738E+000
  3.38000E+000,  3.9427E+000,  3.9930E+000
  3.39000E+000,  4.1151E+000,  4.1752E+000
  3.40000E+000,  4.1151E+000,  4.1661E+000
  3.41000E+000,  3.9790E+000,  4.0385E+000
  3.42000E+000,  3.8337E+000,  3.9110E+000
  3.43000E+000,  3.6704E+000,  3.8016E+000
  3.44000E+000,  3.5705E+000,  3.7196E+000
  3.45000E+000,  3.5433E+000,  3.7014E+000
  3.46000E+000,  3.6432E+000,  3.7925E+000
  3.47000E+000,  3.7702E+000,  3.9110E+000
  3.48000E+000,  3.9063E+000,  4.0385E+000
  3.49000E+000,  4.0425E+000,  4.1570E+000
  3.50000E+000,  4.1968E+000,  4.2845E+000
  3.51000E+000,  4.3420E+000,  4.4121E+000
  3.52000E+000,  4.4963E+000,  4.5397E+000
  3.53000E+000,  4.6596E+000,  4.6855E+000
  3.54000E+000,  4.8048E+000,  4.8221E+000
  3.55000E+000,  4.9410E+000,  4.9406E+000
  3.56000E+000,  5.0862E+000,  5.0864E+000
  3.57000E+000,  5.2405E+000,  5.2231E+000
  3.58000E+000,  5.3857E+000,  5.3597E+000
  3.59000E+000,  5.5309E+000,  5.5146E+000
  3.60000E+000,  5.6489E+000,  5.6513E+000
  3.61000E+000,  5.8122E+000,  5.7789E+000
  3.62000E+000,  5.9484E+000,  5.9247E+000
  3.63000E+000,  6.0754E+000,  6.0614E+000
  3.64000E+000,  6.2297E+000,  6.1980E+000
  3.65000E+000,  6.3568E+000,  6.3347E+000
  3.66000E+000,  6.4748E+000,  6.4623E+000
  3.67000E+000,  6.6109E+000,  6.5898E+000
  3.68000E+000,  6.7198E+000,  6.7174E+000
  3.69000E+000,  6.8559E+000,  6.8450E+000
  3.70000E+000,  6.9739E+000,  6.9725E+000
  3.71000E+000,  7.1282E+000,  7.1092E+000
  3.72000E+000,  7.2553E+000,  7.2368E+000
  3.73000E+000,  7.3733E+000,  7.3552E+000
  3.74000E+000,  7.4912E+000,  7.4919E+000
  3.75000E+000,  7.6092E+000,  7.6012E+000
  3.76000E+000,  7.7544E+000,  7.7288E+000
  3.77000E+000,  7.8724E+000,  7.8473E+000
  3.78000E+000,  8.0086E+000,  7.9748E+000
  3.79000E+000,  8.1356E+000,  8.1115E+000
  3.80000E+000,  8.2445E+000,  8.2300E+000
  3.81000E+000,  8.3625E+000,  8.3484E+000
  3.82000E+000,  8.4805E+000,  8.4669E+000
  3.83000E+000,  8.6075E+000,  8.5853E+000
  3.84000E+000,  8.7255E+000,  8.7129E+000
  3.85000E+000,  8.8526E+000,  8.8313E+000
  3.86000E+000,  8.9524E+000,  8.9589E+000
  3.87000E+000,  9.0704E+000,  9.0774E+000
  3.88000E+000,  9.1975E+000,  9.1958E+000
  3.89000E+000,  9.3427E+000,  9.3234E+000
  3.90000E+000,  9.4334E+000,  9.4418E+000
  3.91000E+000,  9.5514E+000,  9.5785E+000
  3.92000E+000,  9.6694E+000,  9.6970E+000
  3.93000E+000,  9.7874E+000,  9.8336E+000
  3.94000E+000,  9.9054E+000,  9.9521E+000
  3.95000E+000,  1.0042E+001,  1.0071E+001
  3.96000E+000,  1.0159E+001,  1.0198E+001
  3.97000E+000,  1.0287E+001,  1.0326E+001
  3.98000E+000,  1.0405E+001,  1.0444E+001
  3.99000E+000,  1.0541E+001,  1.0599E+001
  4.00000E+000,  1.0668E+001,  1.0727E+001
  4.01000E+000,  1.0795E+001,  1.0872E+001
  4.02000E+000,  1.0940E+001,  1.1009E+001
  4.03000E+000,  1.1076E+001,  1.1146E+001
  4.04000E+000,  1.1185E+001,  1.1282E+001
  4.05000E+000,  1.1339E+001,  1.1456E+001
  4.06000E+000,  1.1512E+001,  1.1629E+001
  4.07000E+000,  1.1675E+001,  1.1802E+001
  4.08000E+000,  1.1848E+001,  1.1975E+001
  4.09000E+000,  1.2029E+001,  1.2175E+001
  4.10000E+000,  1.2229E+001,  1.2349E+001
  4.11000E+000,  1.2447E+001,  1.2640E+001
  4.12000E+000,  1.2646E+001,  1.2859E+001
  4.13000E+000,  1.2828E+001,  1.3068E+001
  4.14000E+000,  1.3173E+001,  1.3405E+001
  4.15000E+000,  1.3490E+001,  1.3679E+001
  4.16000E+000,  1.4062E+001,  1.4180E+001
  4.17000E+000,  1.4316E+001,  1.4535E+001
  4.18000E+000,  1.4480E+001,  1.4863E+001
  4.19000E+000,  1.4616E+001,  1.4790E+001
  4.20000E+000,  1.4607E+001,  1.4982E+001
  4.21000E+000,  1.4461E+001,  1.4708E+001
  4.22000E+000,  1.7148E+001,  1.4481E+001
  4.23000E+000,  1.7738E+001,  1.4900E+001
  4.24000E+000,  1.8319E+001,  1.5301E+001
  4.25000E+000,  1.8600E+001,  1.5866E+001
  4.26000E+000,  1.8754E+001,  1.6093E+001
  4.27000E+000,  1.8845E+001,  1.6148E+001
  4.28000E+000,  1.8818E+001,  1.5911E+001
  4.29000E+000,  1.8927E+001,  1.6175E+001
  4.30000E+000,  1.8809E+001,  1.6121E+001
  4.31000E+000,  1.8709E+001,  1.6339E+001
  4.32000E+000,  1.8300E+001,  1.5920E+001
  4.33000E+000,  1.8300E+001,  1.5875E+001
  4.34000E+000,  1.8246E+001,  1.5893E+001
  4.35000E+000,  1.7992E+001,  1.5529E+001
  4.36000E+000,  1.7602E+001,  1.5346E+001
  4.37000E+000,  1.7229E+001,  1.5082E+001
  4.38000E+000,  1.6975E+001,  1.4882E+001
  4.39000E+000,  1.6594E+001,  1.4699E+001
  4.40000E+000,  1.6367E+001,  1.4499E+001
  4.41000E+000,  1.6249E+001,  1.4298E+001
  4.42000E+000,  1.5968E+001,  1.4253E+001
  4.43000E+000,  1.5732E+001,  1.3961E+001
  4.44000E+000,  1.5451E+001,  1.3697E+001
  4.45000E+000,  1.5314E+001,  1.3497E+001
  4.46000E+000,  1.5178E+001,  1.3351E+001
  4.47000E+000,  1.5051E+001,  1.3232E+001
  4.48000E+000,  1.4924E+001,  1.3077E+001
  4.49000E+000,  1.4852E+001,  1.2968E+001
  4.50000E+000,  1.4706E+001,  1.2959E+001
  4.51000E+000,  1.4679E+001,  1.2886E+001
  4.52000E+000,  1.4597E+001,  1.2841E+001
  4.53000E+000,  1.4498E+001,  1.2731E+001
  4.54000E+000,  1.4416E+001,  1.2640E+001
  4.55000E+000,  1.4316E+001,  1.2540E+001
  4.56000E+000,  1.4225E+001,  1.2440E+001
  4.57000E+000,  1.4162E+001,  1.2376E+001
  4.58000E+000,  1.4098E+001,  1.2267E+001
  4.59000E+000,  1.4062E+001,  1.2239E+001
  4.60000E+000,  1.3971E+001,  1.2139E+001
  4.61000E+000,  1.3953E+001,  1.2075E+001
  4.62000E+000,  1.3926E+001,  1.2066E+001
  4.63000E+000,  1.3890E+001,  1.2002E+001
  4.64000E+000,  1.3853E+001,  1.1938E+001
  4.65000E+000,  1.3835E+001,  1.1929E+001
  4.66000E+000,  1.3817E+001,  1.1866E+001
  4.67000E+000,  1.3844E+001,  1.1875E+001
  4.68000E+000,  1.3790E+001,  1.1811E+001
  4.69000E+000,  1.3781E+001,  1.1765E+001
  4.70000E+000,  1.3735E+001,  1.1738E+001
  4.71000E+000,  1.3744E+001,  1.1702E+001
  4.72000E+000,  1.3763E+001,  1.1692E+001
  4.73000E+000,  1.3763E+001,  1.1665E+001
  4.74000E+000,  1.3753E+001,  1.1638E+001
  4.75000E+000,  1.3744E+001,  1.1629E+001
  4.76000E+000,  1.3753E+001,  1.1610E+001
  4.77000E+000,  1.3753E+001,  1.1592E+001
  4.78000E+000,  1.3763E+001,  1.1583E+001
  4.79000E+000,  1.3772E+001,  1.1574E+001
  4.80000E+000,  1.3772E+001,  1.1556E+001
  4.81000E+000,  1.3763E+001,  1.1556E+001
  4.82000E+000,  1.3781E+001,  1.1556E+001
  4.83000E+000,  1.3799E+001,  1.1556E+001
  4.84000E+000,  1.3817E+001,  1.1547E+001
  4.85000E+000,  1.3826E+001,  1.1538E+001
  4.86000E+000,  1.3862E+001,  1.1547E+001
  4.87000E+000,  1.3862E+001,  1.1556E+001
  4.88000E+000,  1.3881E+001,  1.1556E+001
  4.89000E+000,  1.3908E+001,  1.1574E+001
  4.90000E+000,  1.3908E+001,  1.1574E+001
  4.91000E+000,  1.3935E+001,  1.1583E+001
  4.92000E+000,  1.3953E+001,  1.1583E+001
  4.93000E+000,  1.3980E+001,  1.1583E+001
  4.94000E+000,  1.3980E+001,  1.1601E+001
  4.95000E+000,  1.3980E+001,  1.1620E+001
  4.96000E+000,  1.3998E+001,  1.1620E+001
  4.97000E+000,  1.4026E+001,  1.1620E+001
  4.98000E+000,  1.4044E+001,  1.1638E+001
  4.99000E+000,  1.4044E+001,  1.1647E+001
  5.00000E+000,  1.4080E+001,  1.1674E+001
  5.01000E+000,  1.4098E+001,  1.1683E+001
  5.02000E+000,  1.4107E+001,  1.1692E+001
  5.03000E+000,  1.4198E+001,  1.1793E+001
  5.04000E+000,  1.4253E+001,  1.1866E+001
  5.05000E+000,  1.4307E+001,  1.1884E+001
  5.06000E+000,  1.4316E+001,  1.1902E+001
  5.07000E+000,  1.4325E+001,  1.1902E+001
  5.08000E+000,  1.4325E+001,  1.1893E+001
  5.09000E+000,  1.4325E+001,  1.1893E+001
  5.10000E+000,  1.4298E+001,  1.1884E+001
  5.11000E+000,  1.4307E+001,  1.1856E+001
  5.12000E+000,  1.4307E+001,  1.1820E+001
  5.13000E+000,  1.4253E+001,  1.1820E+001
  5.14000E+000,  1.4244E+001,  1.1802E+001
  5.15000E+000,  1.4234E+001,  1.1793E+001
  5.16000E+000,  1.4234E+001,  1.1793E+001
  5.17000E+000,  1.4207E+001,  1.1774E+001
  5.18000E+000,  1.4189E+001,  1.1774E+001
  5.19000E+000,  1.4189E+001,  1.1756E+001
  5.20000E+000,  1.4189E+001,  1.1784E+001
  5.21000E+000,  1.4225E+001,  1.1820E+001
  5.22000E+000,  1.4262E+001,  1.1856E+001
  5.23000E+000,  1.4271E+001,  1.1957E+001
  5.24000E+000,  1.4343E+001,  1.2020E+001
  5.25000E+000,  1.4389E+001,  1.2075E+001
  5.26000E+000,  1.4443E+001,  1.2130E+001
  5.27000E+000,  1.4507E+001,  1.2203E+001
  5.28000E+000,  1.4552E+001,  1.2221E+001
  5.29000E+000,  1.4534E+001,  1.2194E+001
  5.30000E+000,  1.4525E+001,  1.2139E+001
  5.31000E+000,  1.4480E+001,  1.2102E+001
  5.32000E+000,  1.4443E+001,  1.2084E+001
  5.33000E+000,  1.4389E+001,  1.2075E+001
  5.34000E+000,  1.4334E+001,  1.2030E+001
  5.35000E+000,  1.4298E+001,  1.2030E+001
  5.36000E+000,  1.4271E+001,  1.1984E+001
  5.37000E+000,  1.4244E+001,  1.1966E+001
  5.38000E+000,  1.4216E+001,  1.1929E+001
  5.39000E+000,  1.4162E+001,  1.1920E+001
  5.40000E+000,  1.4126E+001,  1.1884E+001
  5.41000E+000,  1.4116E+001,  1.1847E+001
  5.42000E+000,  1.4071E+001,  1.1820E+001
  5.43000E+000,  1.4017E+001,  1.1793E+001
  5.44000E+000,  1.4026E+001,  1.1765E+001
  5.45000E+000,  1.4017E+001,  1.1756E+001
  5.46000E+000,  1.3953E+001,  1.1720E+001
  5.47000E+000,  1.3899E+001,  1.1674E+001
  5.48000E+000,  1.3871E+001,  1.1638E+001
  5.49000E+000,  1.3881E+001,  1.1601E+001
  5.50000E+000,  1.3808E+001,  1.1565E+001
  5.51000E+000,  1.3799E+001,  1.1538E+001
  5.52000E+000,  1.3790E+001,  1.1528E+001
  5.53000E+000,  1.3753E+001,  1.1483E+001
  5.54000E+000,  1.3708E+001,  1.1456E+001
  5.55000E+000,  1.3672E+001,  1.1419E+001
  5.56000E+000,  1.3654E+001,  1.1401E+001
  5.57000E+000,  1.3608E+001,  1.1364E+001
  5.58000E+000,  1.3590E+001,  1.1319E+001
  5.59000E+000,  1.3581E+001,  1.1292E+001
  5.60000E+000,  1.3517E+001,  1.1273E+001
  5.61000E+000,  1.3490E+001,  1.1237E+001
  5.62000E+000,  1.3472E+001,  1.1228E+001
  5.63000E+000,  1.3454E+001,  1.1200E+001
  5.64000E+000,  1.3436E+001,  1.1173E+001
  5.65000E+000,  1.3399E+001,  1.1155E+001
  5.66000E+000,  1.3381E+001,  1.1118E+001
  5.67000E+000,  1.3363E+001,  1.1118E+001
  5.68000E+000,  1.3336E+001,  1.1091E+001
  5.69000E+000,  1.3318E+001,  1.1055E+001
  5.70000E+000,  1.3300E+001,  1.1055E+001
  5.71000E+000,  1.3263E+001,  1.1036E+001
  5.72000E+000,  1.3236E+001,  1.0982E+001
  5.73000E+000,  1.3218E+001,  1.0973E+001
  5.74000E+000,  1.3200E+001,  1.0945E+001
  5.75000E+000,  1.3191E+001,  1.0936E+001
  5.76000E+000,  1.3127E+001,  1.0909E+001
  5.77000E+000,  1.3109E+001,  1.0872E+001
  5.78000E+000,  1.3109E+001,  1.0854E+001
  5.79000E+000,  1.3100E+001,  1.0845E+001
  5.80000E+000,  1.3091E+001,  1.0827E+001
  5.81000E+000,  1.3064E+001,  1.0827E+001
  5.82000E+000,  1.3000E+001,  1.0781E+001
  5.83000E+000,  1.2982E+001,  1.0727E+001
  5.84000E+000,  1.2955E+001,  1.0708E+001
  5.85000E+000,  1.2928E+001,  1.0690E+001
  5.86000E+000,  1.2937E+001,  1.0681E+001
  5.87000E+000,  1.2937E+001,  1.0672E+001
  5.88000E+000,  1.2928E+001,  1.0654E+001
  5.89000E+000,  1.2855E+001,  1.0635E+001
  5.90000E+000,  1.2837E+001,  1.0581E+001
  5.91000E+000,  1.2837E+001,  1.0572E+001
  5.92000E+000,  1.2801E+001,  1.0544E+001
  5.93000E+000,  1.2791E+001,  1.0535E+001
  5.94000E+000,  1.2791E+001,  1.0517E+001
  5.95000E+000,  1.2773E+001,  1.0481E+001
  5.96000E+000,  1.2701E+001,  1.0444E+001
  5.97000E+000,  1.2692E+001,  1.0417E+001
  5.98000E+000,  1.2664E+001,  1.0399E+001
  5.99000E+000,  1.2610E+001,  1.0362E+001
  6.00000E+000,  1.2592E+001,  1.0326E+001
  6.01000E+000,  1.2583E+001,  1.0326E+001
  6.02000E+000,  1.2592E+001,  1.0307E+001
  6.03000E+000,  1.2565E+001,  1.0298E+001
  6.04000E+000,  1.2555E+001,  1.0280E+001
  6.05000E+000,  1.2528E+001,  1.0271E+001
  6.06000E+000,  1.2519E+001,  1.0253E+001
  6.07000E+000,  1.2501E+001,  1.0235E+001
  6.08000E+000,  1.2447E+001,  1.0189E+001
  6.09000E+000,  1.2437E+001,  1.0162E+001
  6.10000E+000,  1.2410E+001,  1.0143E+001
  6.11000E+000,  1.2401E+001,  1.0134E+001
  6.12000E+000,  1.2383E+001,  1.0125E+001
  6.13000E+000,  1.2374E+001,  1.0107E+001
  6.14000E+000,  1.2374E+001,  1.0098E+001
  6.15000E+000,  1.2338E+001,  1.0080E+001
  6.16000E+000,  1.2338E+001,  1.0071E+001
  6.17000E+000,  1.2319E+001,  1.0052E+001
  6.18000E+000,  1.2319E+001,  1.0034E+001
  6.19000E+000,  1.2292E+001,  1.0016E+001
  6.20000E+000,  1.2274E+001,  9.9977E+000
  6.21000E+000,  1.2265E+001,  9.9794E+000
  6.22000E+000,  1.2247E+001,  9.9612E+000
  6.23000E+000,  1.2229E+001,  9.9521E+000
  6.24000E+000,  1.2202E+001,  9.9430E+000
  6.25000E+000,  1.2211E+001,  9.9157E+000
  6.26000E+000,  1.2183E+001,  9.9157E+000
  6.27000E+000,  1.2174E+001,  9.8883E+000
  6.28000E+000,  1.2147E+001,  9.8792E+000
  6.29000E+000,  1.2147E+001,  9.8701E+000
  6.30000E+000,  1.2120E+001,  9.8519E+000
  6.31000E+000,  1.2084E+001,  9.8063E+000
  6.32000E+000,  1.2047E+001,  9.7881E+000
  6.33000E+000,  1.2047E+001,  9.7699E+000
  6.34000E+000,  1.2038E+001,  9.7516E+000
  6.35000E+000,  1.2020E+001,  9.7425E+000
  6.36000E+000,  1.2011E+001,  9.7243E+000
  6.37000E+000,  1.2002E+001,  9.7152E+000
  6.38000E+000,  1.1984E+001,  9.6970E+000
  6.39000E+000,  1.1956E+001,  9.6787E+000
  6.40000E+000,  1.1947E+001,  9.6787E+000
  6.41000E+000,  1.1929E+001,  9.6514E+000
  6.42000E+000,  1.1920E+001,  9.6423E+000
  6.43000E+000,  1.1920E+001,  9.6241E+000
  6.44000E+000,  1.1893E+001,  9.5967E+000
  6.45000E+000,  1.1857E+001,  9.6059E+000
  6.46000E+000,  1.1802E+001,  9.5147E+000
  6.47000E+000,  1.1784E+001,  9.5056E+000
  6.48000E+000,  1.1775E+001,  9.4874E+000
  6.49000E+000,  1.1775E+001,  9.4783E+000
  6.50000E+000,  1.1748E+001,  9.4783E+000
  6.51000E+000,  1.1693E+001,  9.4145E+000
  6.52000E+000,  1.1693E+001,  9.4054E+000
  6.53000E+000,  1.1675E+001,  9.3781E+000
  6.54000E+000,  1.1630E+001,  9.3507E+000
  6.55000E+000,  1.1603E+001,  9.3234E+000
  6.56000E+000,  1.1593E+001,  9.3143E+000
  6.57000E+000,  1.1584E+001,  9.3234E+000
  6.58000E+000,  1.1512E+001,  9.2414E+000
  6.59000E+000,  1.1512E+001,  9.2323E+000
  6.60000E+000,  1.1494E+001,  9.2232E+000
  6.61000E+000,  1.1485E+001,  9.2140E+000
  6.62000E+000,  1.1412E+001,  9.1594E+000
  6.63000E+000,  1.1421E+001,  9.1320E+000
  6.64000E+000,  1.1403E+001,  9.1138E+000
  6.65000E+000,  1.1357E+001,  9.1047E+000
  6.66000E+000,  1.1321E+001,  9.0409E+000
  6.67000E+000,  1.1303E+001,  9.0318E+000
  6.68000E+000,  1.1294E+001,  9.0227E+000
  6.69000E+000,  1.1239E+001,  8.9680E+000
  6.70000E+000,  1.1221E+001,  8.9498E+000
  6.71000E+000,  1.1212E+001,  8.9316E+000
  6.72000E+000,  1.1176E+001,  8.9134E+000
  6.73000E+000,  1.1167E+001,  8.8951E+000
  6.74000E+000,  1.1140E+001,  8.8496E+000
  6.75000E+000,  1.1112E+001,  8.8405E+000
  6.76000E+000,  1.1076E+001,  8.7949E+000
  6.77000E+000,  1.1067E+001,  8.7767E+000
  6.78000E+000,  1.1040E+001,  8.7585E+000
  6.79000E+000,  1.1013E+001,  8.7220E+000
  6.80000E+000,  1.0994E+001,  8.7038E+000
  6.81000E+000,  1.0949E+001,  8.6582E+000
  6.82000E+000,  1.0931E+001,  8.6309E+000
  6.83000E+000,  1.0922E+001,  8.6218E+000
  6.84000E+000,  1.0886E+001,  8.6035E+000
  6.85000E+000,  1.0849E+001,  8.5580E+000
  6.86000E+000,  1.0831E+001,  8.5489E+000
  6.87000E+000,  1.0804E+001,  8.5124E+000
  6.88000E+000,  1.0795E+001,  8.4760E+000
  6.89000E+000,  1.0768E+001,  8.4669E+000
  6.90000E+000,  1.0704E+001,  8.4213E+000
  6.91000E+000,  1.0704E+001,  8.3940E+000
  6.92000E+000,  1.0686E+001,  8.3849E+000
  6.93000E+000,  1.0640E+001,  8.3393E+000
  6.94000E+000,  1.0622E+001,  8.3393E+000
  6.95000E+000,  1.0595E+001,  8.3029E+000
  6.96000E+000,  1.0577E+001,  8.2664E+000
  6.97000E+000,  1.0550E+001,  8.2664E+000
  6.98000E+000,  1.0513E+001,  8.2209E+000
  6.99000E+000,  1.0513E+001,  8.2117E+000
  7.00000E+000,  1.0468E+001,  8.1662E+000
  7.01000E+000,  1.0450E+001,  8.1388E+000
  7.02000E+000,  1.0432E+001,  8.1206E+000
  7.03000E+000,  1.0395E+001,  8.0933E+000
  7.04000E+000,  1.0368E+001,  8.0568E+000
  7.05000E+000,  1.0350E+001,  8.0477E+000
  7.06000E+000,  1.0341E+001,  8.0204E+000
  7.07000E+000,  1.0287E+001,  7.9839E+000
  7.08000E+000,  1.0268E+001,  7.9748E+000
  7.09000E+000,  1.0259E+001,  7.9384E+000
  7.10000E+000,  1.0241E+001,  7.9202E+000
  7.11000E+000,  1.0223E+001,  7.8928E+000
  7.12000E+000,  1.0196E+001,  7.8746E+000
  7.13000E+000,  1.0178E+001,  7.8382E+000
  7.14000E+000,  1.0150E+001,  7.8199E+000
  7.15000E+000,  1.0123E+001,  7.7835E+000
  7.16000E+000,  1.0114E+001,  7.7653E+000
  7.17000E+000,  1.0087E+001,  7.7379E+000
  7.18000E+000,  1.0060E+001,  7.7106E+000
  7.19000E+000,  1.0051E+001,  7.6924E+000
  7.20000E+000,  1.0014E+001,  7.6650E+000
  7.21000E+000,  1.0005E+001,  7.6468E+000
  7.22000E+000,  9.9870E+000,  7.6377E+000
  7.23000E+000,  9.9689E+000,  7.5921E+000
  7.24000E+000,  9.9417E+000,  7.5830E+000
  7.25000E+000,  9.9054E+000,  7.5466E+000
  7.26000E+000,  9.8872E+000,  7.5284E+000
  7.27000E+000,  9.9054E+000,  7.5375E+000
  7.28000E+000,  9.9417E+000,  7.5739E+000
  7.29000E+000,  1.0005E+001,  7.6195E+000
  7.30000E+000,  1.0051E+001,  7.6559E+000
  7.31000E+000,  1.0087E+001,  7.6924E+000
  7.32000E+000,  1.0087E+001,  7.6833E+000
  7.33000E+000,  1.0060E+001,  7.6559E+000
  7.34000E+000,  1.0060E+001,  7.6377E+000
  7.35000E+000,  1.0005E+001,  7.6650E+000
  7.36000E+000,  9.9870E+000,  7.6833E+000
  7.37000E+000,  9.9417E+000,  7.4919E+000
  7.38000E+000,  9.8963E+000,  7.5101E+000
  7.39000E+000,  1.0051E+001,  7.6377E+000
  7.40000E+000,  1.0159E+001,  7.7379E+000
  7.41000E+000,  1.0450E+001,  7.8199E+000
  7.42000E+000,  1.0686E+001,  7.7744E+000
  7.43000E+000,  2.4553E+001,  8.3029E+000
  7.44000E+000,  3.8610E+000,  1.3278E+001
  7.45000E+000,  8.1155E-001,  8.4578E+000
  7.46000E+000, -5.4073E-001,  6.8085E+000
  7.47000E+000, -8.4022E-001,  6.4440E+000
  7.48000E+000, -8.8560E-001,  6.3985E+000
  7.49000E+000, -8.8560E-001,  6.3894E+000
  7.50000E+000, -8.9468E-001,  6.3894E+000
  7.51000E+000, -9.1283E-001,  6.3894E+000
  7.52000E+000, -9.0375E-001,  6.3894E+000
  7.53000E+000, -9.0375E-001,  6.3803E+000
  7.54000E+000, -8.9468E-001,  6.3803E+000
  7.55000E+000, -8.9468E-001,  6.3894E+000
  7.56000E+000, -8.9468E-001,  6.3894E+000
  7.57000E+000, -8.9468E-001,  6.3894E+000
  7.58000E+000, -8.9468E-001,  6.3894E+000
  7.59000E+000, -8.9468E-001,  6.3803E+000
  7.60000E+000, -9.0375E-001,  6.3894E+000
  7.61000E+000, -9.0375E-001,  6.3803E+000
  7.62000E+000, -9.0375E-001,  6.3803E+000
  7.63000E+000, -9.0375E-001,  6.3803E+000
  7.64000E+000, -9.0375E-001,  6.3894E+000
  7.65000E+000, -9.0375E-001,  6.3894E+000
  7.66000E+000, -9.0375E-001,  6.3803E+000
  7.67000E+000, -9.0375E-001,  6.3803E+000
  7.68000E+000, -9.0375E-001,  6.3894E+000
  7.69000E+000, -9.0375E-001,  6.3894E+000
  7.70000E+000, -8.9468E-001,  6.3894E+000
  7.71000E+000, -9.0375E-001,  6.3803E+000
  7.72000E+000, -9.0375E-001,  6.3894E+000
  7.73000E+000, -9.0375E-001,  6.3803E+000
  7.74000E+000, -9.0375E-001,  6.3803E+000
  7.75000E+000, -9.0375E-001,  6.3803E+000
  7.76000E+000, -9.0375E-001,  6.3894E+000
  7.77000E+000, -8.9468E-001,  6.3803E+000
  7.78000E+000, -9.0375E-001,  6.3894E+000
  7.79000E+000, -9.0375E-001,  6.3894E+000
  7.80000E+000, -9.0375E-001,  6.3894E+000
  7.81000E+000, -8.8560E-001,  6.3894E+000
  7.82000E+000, -8.9468E-001,  6.3985E+000
  7.83000E+000, -9.0375E-001,  6.3894E+000
  7.84000E+000, -9.0375E-001,  6.3803E+000
  7.85000E+000, -9.0375E-001,  6.3803E+000
  7.86000E+000, -9.0375E-001,  6.3894E+000
  7.87000E+000, -9.0375E-001,  6.3803E+000
  7.88000E+000, -9.2191E-001,  6.3803E+000
  7.89000E+000, -9.1283E-001,  6.3803E+000
  7.90000E+000, -8.9468E-001,  6.3894E+000
  7.91000E+000, -9.0375E-001,  6.3803E+000
  7.92000E+000, -8.8560E-001,  6.3894E+000
  7.93000E+000, -8.8560E-001,  6.3894E+000
  7.94000E+000, -8.9468E-001,  6.3894E+000
  7.95000E+000, -9.0375E-001,  6.3894E+000
  7.96000E+000, -9.1283E-001,  6.3894E+000
  7.97000E+000, -8.9468E-001,  6.3803E+000
  7.98000E+000, -9.0375E-001,  6.3803E+000
  7.99000E+000, -9.0375E-001,  6.3803E+000
  8.00000E+000, -9.1283E-001,  6.3803E+000
  8.01000E+000, -9.0375E-001,  6.3894E+000
  8.02000E+000, -9.0375E-001,  6.3894E+000
  8.03000E+000, -8.9468E-001,  6.3985E+000
  8.04000E+000, -8.8560E-001,  6.3894E+000
  8.05000E+000, -9.0375E-001,  6.3803E+000
  8.06000E+000, -8.9468E-001,  6.3894E+000
  8.07000E+000, -9.0375E-001,  6.3894E+000
  8.08000E+000, -9.2191E-001,  6.3894E+000
  8.09000E+000, -9.0375E-001,  6.3803E+000
  8.10000E+000, -8.9468E-001,  6.3894E+000
  8.11000E+000, -8.9468E-001,  6.3803E+000
  8.12000E+000, -9.0375E-001,  6.3803E+000
  8.13000E+000, -9.0375E-001,  6.3894E+000
  8.14000E+000, -8.9468E-001,  6.3894E+000
  8.15000E+000, -8.8560E-001,  6.3894E+000
  8.16000E+000, -8.9468E-001,  6.3894E+000
  8.17000E+000, -8.9468E-001,  6.3803E+000
  8.18000E+000, -8.9468E-001,  6.3894E+000
  8.19000E+000, -9.0375E-001,  6.3803E+000
  8.20000E+000, -9.0375E-001,  6.3803E+000
  8.21000E+000, -9.0375E-001,  6.3894E+000
  8.22000E+000, -9.0375E-001,  6.3803E+000
  8.23000E+000, -9.0375E-001,  6.3803E+000
  8.24000E+000, -9.0375E-001,  6.3803E+000
  8.25000E+000, -8.9468E-001,  6.3803E+000
  8.26000E+000, -8.9468E-001,  6.3894E+000
  8.27000E+000, -8.9468E-001,  6.3803E+000
  8.28000E+000, -9.0375E-001,  6.3803E+000
  8.29000E+000, -9.1283E-001,  6.3803E+000
  8.30000E+000, -9.1283E-001,  6.3894E+000
  8.31000E+000, -8.9468E-001,  6.3803E+000
  8.32000E+000, -8.9468E-001,  6.3894E+000
  8.33000E+000, -8.9468E-001,  6.3803E+000
  8.34000E+000, -9.0375E-001,  6.3803E+000
  8.35000E+000, -9.0375E-001,  6.3894E+000
  8.36000E+000, -9.0375E-001,  6.3894E+000
  8.37000E+000, -9.1283E-001,  6.3894E+000
  8.38000E+000, -8.9468E-001,  6.3803E+000
  8.39000E+000, -9.0375E-001,  6.3803E+000
  8.40000E+000, -8.9468E-001,  6.3894E+000
  8.41000E+000, -9.0375E-001,  6.3894E+000
  8.42000E+000, -8.9468E-001,  6.3894E+000
  8.43000E+000, -9.0375E-001,  6.3803E+000
  8.44000E+000, -9.1283E-001,  6.3803E+000
  8.45000E+000, -9.1283E-001,  6.3803E+000
  8.46000E+000, -9.1283E-001,  6.3803E+000
  8.47000E+000, -9.0375E-001,  6.3894E+000
  8.48000E+000, -9.0375E-001,  6.3894E+000
  8.49000E+000, -8.8560E-001,  6.3894E+000
  8.50000E+000, -9.0375E-001,  6.3894E+000
  8.51000E+000, -9.0375E-001,  6.3803E+000
  8.52000E+000, -8.8560E-001,  6.3985E+000
  8.53000E+000, -8.9468E-001,  6.3894E+000
  8.54000E+000, -8.8560E-001,  6.3894E+000
  8.55000E+000, -8.9468E-001,  6.3803E+000
  8.56000E+000, -9.0375E-001,  6.3803E+000
  8.57000E+000, -9.1283E-001,  6.3803E+000
  8.58000E+000, -9.1283E-001,  6.3803E+000
  8.59000E+000, -9.0375E-001,  6.3894E+000
  8.60000E+000, -9.0375E-001,  6.3894E+000
  8.61000E+000, -8.9468E-001,  6.3894E+000
  8.62000E+000, -9.0375E-001,  6.3894E+000
  8.63000E+000, -9.0375E-001,  6.3803E+000
  8.64000E+000, -9.0375E-001,  6.3803E+000
  8.65000E+000, -9.0375E-001,  6.3803E+000
  8.66000E+000, -8.9468E-001,  6.3894E+000
  8.67000E+000, -9.1283E-001,  6.3894E+000
  8.68000E+000, -9.0375E-001,  6.3803E+000
  8.69000E+000, -9.0375E-001,  6.3803E+000
  8.70000E+000, -9.1283E-001,  6.3803E+000
  8.71000E+000, -9.1283E-001,  6.3894E+000
  8.72000E+000, -9.0375E-001,  6.3894E+000
  8.73000E+000, -8.9468E-001,  6.3803E+000
  8.74000E+000, -8.9468E-001,  6.3894E+000
  8.75000E+000, -8.9468E-001,  6.3894E+000
  8.76000E+000, -8.9468E-001,  6.3894E+000
  8.77000E+000, -9.0375E-001,  6.3894E+000
  8.78000E+000, -9.0375E-001,  6.3803E+000
  8.79000E+000, -9.0375E-001,  6.3803E+000
  8.80000E+000, -9.1283E-001,  6.3803E+000
  8.81000E+000, -9.0375E-001,  6.3894E+000
  8.82000E+000, -9.0375E-001,  6.3803E+000
  8.83000E+000, -9.0375E-001,  6.3803E+000
  8.84000E+000, -9.0375E-001,  6.3894E+000
  8.85000E+000, -8.9468E-001,  6.3803E+000
  8.86000E+000, -9.0375E-001,  6.3894E+000
  8.87000E+000, -9.0375E-001,  6.3894E+000
  8.88000E+000, -8.9468E-001,  6.3894E+000
  8.89000E+000, -8.9468E-001,  6.3894E+000
  8.90000E+000, -8.9468E-001,  6.3894E+000
  8.91000E+000, -8.9468E-001,  6.3803E+000
  8.92000E+000, -9.0375E-001,  6.3803E+000
  8.93000E+000, -9.0375E-001,  6.3803E+000
  8.94000E+000, -9.1283E-001,  6.3803E+000
  8.95000E+000, -9.0375E-001,  6.3803E+000
  8.96000E+000, -8.9468E-001,  6.3894E+000
  8.97000E+000, -9.0375E-001,  6.3894E+000
  8.98000E+000, -9.2191E-001,  6.3803E+000
  8.99000E+000, -9.0375E-001,  6.3894E+000
  9.00000E+000, -8.9468E-001,  6.3894E+000
  9.01000E+000, -9.0375E-001,  6.3985E+000
  9.02000E+000, -8.9468E-001,  6.3894E+000
  9.03000E+000, -9.0375E-001,  6.3894E+000
  9.04000E+000, -8.9468E-001,  6.3803E+000
  9.05000E+000, -9.0375E-001,  6.3803E+000
  9.06000E+000, -8.9468E-001,  6.3894E+000
  9.07000E+000, -8.9468E-001,  6.3894E+000
  9.08000E+000, -9.0375E-001,  6.3894E+000
  9.09000E+000, -9.0375E-001,  6.3803E+000
  9.10000E+000, -8.8560E-001,  6.3894E+000
  9.11000E+000, -9.0375E-001,  6.3894E+000
  9.12000E+000, -9.0375E-001,  6.3894E+000
  9.13000E+000, -8.9468E-001,  6.3803E+000
  9.14000E+000, -8.9468E-001,  6.3894E+000
  9.15000E+000, -8.9468E-001,  6.3894E+000
  9.16000E+000, -8.9468E-001,  6.3894E+000
  9.17000E+000, -9.0375E-001,  6.3803E+000
  9.18000E+000, -8.9468E-001,  6.3803E+000
  9.19000E+000, -9.1283E-001,  6.3894E+000
  9.20000E+000, -9.1283E-001,  6.3803E+000
  9.21000E+000, -8.8560E-001,  6.3894E+000
  9.22000E+000, -8.9468E-001,  6.3894E+000
  9.23000E+000, -8.9468E-001,  6.3894E+000
  9.24000E+000, -9.0375E-001,  6.3894E+000
  9.25000E+000, -9.0375E-001,  6.3894E+000
  9.26000E+000, -9.0375E-001,  6.3894E+000
  9.27000E+000, -9.0375E-001,  6.3894E+000
  9.28000E+000, -9.0375E-001,  6.3803E+000
  9.29000E+000, -9.1283E-001,  6.3803E+000
  9.30000E+000, -8.9468E-001,  6.3803E+000
  9.31000E+000, -9.0375E-001,  6.3894E+000
  9.32000E+000, -8.9468E-001,  6.3894E+000
  9.33000E+000, -8.9468E-001,  6.3894E+000
  9.34000E+000, -9.0375E-001,  6.3894E+000
  9.35000E+000, -8.9468E-001,  6.3894E+000
  9.36000E+000, -9.0375E-001,  6.3803E+000
  9.37000E+000, -8.9468E-001,  6.3894E+000
  9.38000E+000, -9.0375E-001,  6.3803E+000
  9.39000E+000, -9.0375E-001,  6.3803E+000
  9.40000E+000, -9.1283E-001,  6.3803E+000
  9.41000E+000, -9.0375E-001,  6.3894E+000
  9.42000E+000, -9.0375E-001,  6.3894E+000
  9.43000E+000, -9.0375E-001,  6.3894E+000
  9.44000E+000, -9.0375E-001,  6.3894E+000
  9.45000E+000, -9.0375E-001,  6.3894E+000
  9.46000E+000, -9.1283E-001,  6.3894E+000
  9.47000E+000, -9.0375E-001,  6.3894E+000
  9.48000E+000, -8.8560E-001,  6.3803E+000
  9.49000E+000, -8.9468E-001,  6.3894E+000
  9.50000E+000, -8.9468E-001,  6.3894E+000
  9.51000E+000, -9.1283E-001,  6.3894E+000
  9.52000E+000, -9.0375E-001,  6.3894E+000
  9.53000E+000, -8.9468E-001,  6.3894E+000
  9.54000E+000, -8.9468E-001,  6.3894E+000
  9.55000E+000, -9.1283E-001,  6.3803E+000
  9.56000E+000, -8.9468E-001,  6.3894E+000
  9.57000E+000, -9.1283E-001,  6.3803E+000
  9.58000E+000, -9.0375E-001,  6.3894E+000
  9.59000E+000, -8.9468E-001,  6.3894E+000
  9.60000E+000, -9.0375E-001,  6.3894E+000
  9.61000E+000, -9.0375E-001,  6.3894E+000
  9.62000E+000, -8.9468E-001,  6.3803E+000
  9.63000E+000, -8.9468E-001,  6.3894E+000
  9.64000E+000, -9.0375E-001,  6.3803E+000
  9.65000E+000, -9.0375E-001,  6.3894E+000
  9.66000E+000, -9.1283E-001,  6.3803E+000
  9.67000E+000, -9.0375E-001,  6.3803E+000
  9.68000E+000, -9.0375E-001,  6.3894E+000
  9.69000E+000, -8.9468E-001,  6.3894E+000
  9.70000E+000, -9.0375E-001,  6.3894E+000
  9.71000E+000, -8.9468E-001,  6.3894E+000
  9.72000E+000, -8.9468E-001,  6.3894E+000
  9.73000E+000, -9.0375E-001,  6.3894E+000
  9.74000E+000, -9.0375E-001,  6.3803E+000
  9.75000E+000, -8.8560E-001,  6.3894E+000
  9.76000E+000, -8.9468E-001,  6.3894E+000
  9.77000E+000, -9.1283E-001,  6.3803E+000
  9.78000E+000, -9.1283E-001,  6.3803E+000
  9.79000E+000, -9.0375E-001,  6.3894E+000
  9.80000E+000, -8.9468E-001,  6.3803E+000
  9.81000E+000, -8.9468E-001,  6.3894E+000
  9.82000E+000, -9.0375E-001,  6.3894E+000
  9.83000E+000, -8.9468E-001,  6.3894E+000
  9.84000E+000, -9.1283E-001,  6.3894E+000
  9.85000E+000, -8.9468E-001,  6.3894E+000
  9.86000E+000, -9.0375E-001,  6.3894E+000
  9.87000E+000, -9.0375E-001,  6.3894E+000
  9.88000E+000, -9.0375E-001,  6.3894E+000
  9.89000E+000, -8.9468E-001,  6.3803E+000
  9.90000E+000, -9.0375E-001,  6.3803E+000
  9.91000E+000, -9.0375E-001,  6.3894E+000
  9.92000E+000, -8.9468E-001,  6.3894E+000
  9.93000E+000, -9.0375E-001,  6.3894E+000
  9.94000E+000, -9.0375E-001,  6.3894E+000
  9.95000E+000, -8.9468E-001,  6.3894E+000
  9.96000E+000, -8.9468E-001,  6.3894E+000
  9.97000E+000, -8.9468E-001,  6.3894E+000
  9.98000E+000, -8.9468E-001,  6.3894E+000
  9.99000E+000, -9.0375E-001,  6.3894E+000
  1.00000E+001, -9.0375E-001,  6.3803E+000
  1.00100E+001, -9.0375E-001,  6.3803E+000
  1.00200E+001, -8.9468E-001,  6.3894E+000
  1.00300E+001, -9.0375E-001,  6.3894E+000
  1.00400E+001, -8.9468E-001,  6.3894E+000
  1.00500E+001, -9.0375E-001,  6.3894E+000
  1.00600E+001, -8.9468E-001,  6.3894E+000
  1.00700E+001, -8.9468E-001,  6.3894E+000
  1.00800E+001, -9.0375E-001,  6.3894E+000
  1.00900E+001, -8.9468E-001,  6.3894E+000
  1.01000E+001, -9.2191E-001,  6.3803E+000
  1.01100E+001, -9.0375E-001,  6.3894E+000
  1.01200E+001, -9.1283E-001,  6.3803E+000
  1.01300E+001, -9.0375E-001,  6.3803E+000
  1.01400E+001, -8.9468E-001,  6.3803E+000
  1.01500E+001, -8.9468E-001,  6.3894E+000
  1.01600E+001, -9.0375E-001,  6.3894E+000
  1.01700E+001, -8.9468E-001,  6.3894E+000
  1.01800E+001, -8.9468E-001,  6.3894E+000
  1.01900E+001, -8.9468E-001,  6.3894E+000
  1.02000E+001, -9.0375E-001,  6.3894E+000
  1.02100E+001, -9.0375E-001,  6.3894E+000
  1.02200E+001, -9.0375E-001,  6.3894E+000
  1.02300E+001, -9.0375E-001,  6.3803E+000
  1.02400E+001, -9.0375E-001,  6.3803E+000
  1.02500E+001, -8.9468E-001,  6.3894E+000
  1.02600E+001, -9.0375E-001,  6.3894E+000
  1.02700E+001, -9.0375E-001,  6.3894E+000
  1.02800E+001, -8.9468E-001,  6.3803E+000
  1.02900E+001, -9.0375E-001,  6.3894E+000
  1.03000E+001, -8.9468E-001,  6.3894E+000
  1.03100E+001, -9.1283E-001,  6.3894E+000
  1.03200E+001, -8.9468E-001,  6.3894E+000
  1.03300E+001, -8.9468E-001,  6.3803E+000
  1.03400E+001, -9.0375E-001,  6.3894E+000
  1.03500E+001, -9.0375E-001,  6.3803E+000
  1.03600E+001, -9.1283E-001,  6.3894E+000
  1.03700E+001, -9.0375E-001,  6.3803E+000
  1.03800E+001, -9.1283E-001,  6.3803E+000
  1.03900E+001, -8.9468E-001,  6.3894E+000
  1.04000E+001, -9.0375E-001,  6.3894E+000
  1.04100E+001, -8.8560E-001,  6.3894E+000
  1.04200E+001, -8.9468E-001,  6.3894E+000
  1.04300E+001, -9.0375E-001,  6.3894E+000
  1.04400E+001, -8.9468E-001,  6.3894E+000
  1.04500E+001, -9.0375E-001,  6.3803E+000
  1.04600E+001, -9.1283E-001,  6.3803E+000
  1.04700E+001, -8.9468E-001,  6.3894E+000
  1.04800E+001, -9.0375E-001,  6.3894E+000
  1.04900E+001, -9.0375E-001,  6.3894E+000
  1.05000E+001, -9.0375E-001,  6.3894E+000
  1.05100E+001, -8.8560E-001,  6.3894E+000
  1.05200E+001, -8.9468E-001,  6.3894E+000
  1.05300E+001, -8.9468E-001,  6.3894E+000
  1.05400E+001, -8.7653E-001,  6.3894E+000
  1.05500E+001, -8.9468E-001,  6.3894E+000
  1.05600E+001, -8.9468E-001,  6.3894E+000
  1.05700E+001, -8.9468E-001,  6.3894E+000
  1.05800E+001, -8.8560E-001,  6.3803E+000
  1.05900E+001, -8.9468E-001,  6.3894E+000
  1.06000E+001, -8.9468E-001,  6.3803E+000
  1.06100E+001, -9.0375E-001,  6.3803E+000
  1.06200E+001, -9.0375E-001,  6.3803E+000
  1.06300E+001, -9.0375E-001,  6.3803E+000
  1.06400E+001, -8.9468E-001,  6.3894E+000
  1.06500E+001, -9.0375E-001,  6.3803E+000
  1.06600E+001, -8.9468E-001,  6.3803E+000
  1.06700E+001, -9.0375E-001,  6.3803E+000
  1.06800E+001, -9.1283E-001,  6.3803E+000
  1.06900E+001, -9.0375E-001,  6.3894E+000
  1.07000E+001, -8.9468E-001,  6.3803E+000
  1.07100E+001, -9.0375E-001,  6.3803E+000
  1.07200E+001, -9.0375E-001,  6.3985E+000
  1.07300E+001, -9.0375E-001,  6.3803E+000
  1.07400E+001, -8.9468E-001,  6.3894E+000
  1.07500E+001, -9.0375E-001,  6.3985E+000
  1.07600E+001, -8.9468E-001,  6.3894E+000
  1.07700E+001, -8.9468E-001,  6.3894E+000
  1.07800E+001, -8.8560E-001,  6.3894E+000
  1.07900E+001, -8.9468E-001,  6.3985E+000
  1.08000E+001, -8.9468E-001,  6.3803E+000
  1.08100E+001, -8.9468E-001,  6.3803E+000
  1.08200E+001, -9.2191E-001,  6.3803E+000
  1.08300E+001, -9.0375E-001,  6.3894E+000
  1.08400E+001, -8.8560E-001,  6.3894E+000
  1.08500E+001, -9.0375E-001,  6.3894E+000
  1.08600E+001, -8.9468E-001,  6.3894E+000
  1.08700E+001, -9.1283E-001,  6.3894E+000
  1.08800E+001, -8.9468E-001,  6.3803E+000
  1.08900E+001, -9.1283E-001,  6.3894E+000
  1.09000E+001, -8.9468E-001,  6.3803E+000
  1.09100E+001, -8.9468E-001,  6.3894E+000
  1.09200E+001, -8.8560E-001,  6.3894E+000
  1.09300E+001, -9.1283E-001,  6.3803E+000
  1.09400E+001, -8.9468E-001,  6.3894E+000
  1.09500E+001, -9.0375E-001,  6.3803E+000
  1.09600E+001, -8.9468E-001,  6.3803E+000
  1.09700E+001, -9.0375E-001,  6.3894E+000
  1.09800E+001, -9.0375E-001,  6.3894E+000
  1.09900E+001, -8.9468E-001,  6.3894E+000
  1.10000E+001, -8.9468E-001,  6.3894E+000
  1.10100E+001, -8.8560E-001,  6.3894E+000
  1.10200E+001, -8.9468E-001,  6.3894E+000
  1.10300E+001, -8.9468E-001,  6.3894E+000
  1.10400E+001, -8.9468E-001,  6.3894E+000
  1.10500E+001, -8.9468E-001,  6.3803E+000
  1.10600E+001, -9.0375E-001,  6.3803E+000
  1.10700E+001, -9.0375E-001,  6.3803E+000
  1.10800E+001, -9.0375E-001,  6.3803E+000
  1.10900E+001, -9.0375E-001,  6.3803E+000
  1.11000E+001, -9.0375E-001,  6.3894E+000
  1.11100E+001, -8.9468E-001,  6.3894E+000
  1.11200E+001, -8.9468E-001,  6.3894E+000
  1.11300E+001, -9.0375E-001,  6.3894E+000
  1.11400E+001, -8.9468E-001,  6.3894E+000
  1.11500E+001, -9.0375E-001,  6.3803E+000
  1.11600E+001, -8.9468E-001,  6.3894E+000
  1.11700E+001, -9.0375E-001,  6.3803E+000
  1.11800E+001, -9.0375E-001,  6.3803E+000
  1.11900E+001, -8.9468E-001,  6.3894E+000
  1.12000E+001, -9.0375E-001,  6.3894E+000
  1.12100E+001, -8.9468E-001,  6.3894E+000
  1.12200E+001, -9.0375E-001,  6.3803E+000
  1.12300E+001, -9.0375E-001,  6.3894E+000
  1.12400E+001, -8.9468E-001,  6.3894E+000
  1.12500E+001, -8.9468E-001,  6.3894E+000
  1.12600E+001, -8.9468E-001,  6.3894E+000
  1.12700E+001, -8.9468E-001,  6.3894E+000
  1.12800E+001, -8.9468E-001,  6.3803E+000
  1.12900E+001, -9.0375E-001,  6.3803E+000
  1.13000E+001, -9.0375E-001,  6.3803E+000
  1.13100E+001, -9.0375E-001,  6.3894E+000
  1.13200E+001, -8.9468E-001,  6.3803E+000
  1.13300E+001, -8.9468E-001,  6.3803E+000
  1.13400E+001, -9.0375E-001,  6.3894E+000
  1.13500E+001, -9.0375E-001,  6.3803E+000
  1.13600E+001, -8.9468E-001,  6.3803E+000
  1.13700E+001, -9.0375E-001,  6.3894E+000
  1.13800E+001, -8.8560E-001,  6.3894E+000
  1.13900E+001, -9.0375E-001,  6.3894E+000
  1.14000E+001, -9.0375E-001,  6.3803E+000
  1.14100E+001, -8.9468E-001,  6.3803E+000
  1.14200E+001, -8.9468E-001,  6.3803E+000
  1.14300E+001, -9.0375E-001,  6.3894E+000
  1.14400E+001, -9.0375E-001,  6.3803E+000
  1.14500E+001, -9.0375E-001,  6.3894E+000
  1.14600E+001, -9.0375E-001,  6.3894E+000
  1.14700E+001, -8.9468E-001,  6.3894E+000
  1.14800E+001, -8.7653E-001,  6.3894E+000
  1.14900E+001, -8.9468E-001,  6.3803E+000
  1.15000E+001, -9.0375E-001,  6.3803E+000
  1.15100E+001, -8.9468E-001,  6.3803E+000
  1.15200E+001, -8.9468E-001,  6.3803E+000
  1.15300E+001, -8.8560E-001,  6.3894E+000
  1.15400E+001, -8.9468E-001,  6.3803E+000
  1.15500E+001, -9.0375E-001,  6.3803E+000
  1.15600E+001, -9.0375E-001,  6.3803E+000
  1.15700E+001, -9.0375E-001,  6.3803E+000
  1.15800E+001, -9.0375E-001,  6.3803E+000
  1.15900E+001, -8.8560E-001,  6.3803E+000
  1.16000E+001, -9.0375E-001,  6.3894E+000
  1.16100E+001, -8.9468E-001,  6.3803E+000
  1.16200E+001, -8.9468E-001,  6.3894E+000
  1.16300E+001, -9.0375E-001,  6.3894E+000
  1.16400E+001, -9.0375E-001,  6.3894E+000
  1.16500E+001, -9.0375E-001,  6.3803E+000
  1.16600E+001, -9.0375E-001,  6.3803E+000
  1.16700E+001, -8.9468E-001,  6.3803E+000
  1.16800E+001, -8.9468E-001,  6.3803E+000
  1.16900E+001, -8.9468E-001,  6.3803E+000
  1.17000E+001, -8.9468E-001,  6.3894E+000
  1.17100E+001, -8.9468E-001,  6.3894E+000
  1.17200E+001, -8.9468E-001,  6.3894E+000
  1.17300E+001, -8.9468E-001,  6.3894E+000
  1.17400E+001, -8.8560E-001,  6.3894E+000
  1.17500E+001, -8.8560E-001,  6.3894E+000
  1.17600E+001, -8.9468E-001,  6.3894E+000
  1.17700E+001, -8.9468E-001,  6.3803E+000
  1.17800E+001, -9.1283E-001,  6.3803E+000
  1.17900E+001, -9.0375E-001,  6.3803E+000
  1.18000E+001, -8.8560E-001,  6.3894E+000
  1.18100E+001, -8.8560E-001,  6.3894E+000
  1.18200E+001, -8.9468E-001,  6.3894E+000
  1.18300E+001, -9.0375E-001,  6.3803E+000
  1.18400E+001, -9.0375E-001,  6.3803E+000
  1.18500E+001, -8.9468E-001,  6.3894E+000
  1.18600E+001, -8.9468E-001,  6.3894E+000
  1.18700E+001, -8.9468E-001,  6.3803E+000
  1.18800E+001, -9.0375E-001,  6.3803E+000
  1.18900E+001, -9.0375E-001,  6.3803E+000
  1.19000E+001, -8.9468E-001,  6.3803E+000
  1.19100E+001, -8.9468E-001,  6.3894E+000
  1.19200E+001, -9.0375E-001,  6.3803E+000
  1.19300E+001, -8.8560E-001,  6.3803E+000
  1.19400E+001, -8.9468E-001,  6.3894E+000
  1.19500E+001, -8.7653E-001,  6.3894E+000
  1.19600E+001, -8.8560E-001,  6.3894E+000
  1.19700E+001, -8.9468E-001,  6.3894E+000
  1.19800E+001, -9.0375E-001,  6.3894E+000
  1.19900E+001, -8.9468E-001,  6.3985E+000
  1.20000E+001, -8.8560E-001,  6.3894E+000
  1.20100E+001, -8.9468E-001,  6.3894E+000
  1.20200E+001, -8.8560E-001,  6.3803E+000
  1.20300E+001, -8.9468E-001,  6.3803E+000
  1.20400E+001, -9.0375E-001,  6.3894E+000
  1.20500E+001, -8.9468E-001,  6.3894E+000
  1.20600E+001, -8.8560E-001,  6.3894E+000
  1.20700E+001, -8.8560E-001,  6.3894E+000
  1.20800E+001, -8.9468E-001,  6.3803E+000
  1.20900E+001, -8.8560E-001,  6.3894E+000
  1.21000E+001, -8.9468E-001,  6.3894E+000
  1.21100E+001, -9.1283E-001,  6.3803E+000
  1.21200E+001, -9.0375E-001,  6.3803E+000
  1.21300E+001, -9.0375E-001,  6.3712E+000
  1.21400E+001, -9.0375E-001,  6.3894E+000
  1.21500E+001, -8.9468E-001,  6.3894E+000
  1.21600E+001, -9.0375E-001,  6.3803E+000
  1.21700E+001, -9.0375E-001,  6.3894E+000
  1.21800E+001, -9.0375E-001,  6.3803E+000
  1.21900E+001, -8.9468E-001,  6.3894E+000
  1.22000E+001, -8.9468E-001,  6.3894E+000
  1.22100E+001, -8.8560E-001,  6.3894E+000
  1.22200E+001, -8.9468E-001,  6.3894E+000
  1.22300E+001, -9.0375E-001,  6.3894E+000
  1.22400E+001, -9.0375E-001,  6.3803E+000
  1.22500E+001, -8.9468E-001,  6.3803E+000
  1.22600E+001, -8.9468E-001,  6.3894E+000
  1.22700E+001, -8.9468E-001,  6.3894E+000
  1.22800E+001, -8.7653E-001,  6.3894E+000
  1.22900E+001, -9.0375E-001,  6.3894E+000
  1.23000E+001, -8.8560E-001,  6.3894E+000
  1.23100E+001, -8.9468E-001,  6.3894E+000
  1.23200E+001, -8.9468E-001,  6.3985E+000
  1.23300E+001, -8.9468E-001,  6.3894E+000
  1.23400E+001, -9.0375E-001,  6.3894E+000
  1.23500E+001, -8.9468E-001,  6.3803E+000
  1.23600E+001, -9.0375E-001,  6.3803E+000
  1.23700E+001, -9.0375E-001,  6.3803E+000
  1.23800E+001, -8.9468E-001,  6.3803E+000
  1.23900E+001, -9.1283E-001,  6.3803E+000
  1.24000E+001, -8.8560E-001,  6.3803E+000
  1.24100E+001, -8.9468E-001,  6.3894E+000
  1.24200E+001, -8.9468E-001,  6.3894E+000
  1.24300E+001, -8.9468E-001,  6.3803E+000
  1.24400E+001, -9.1283E-001,  6.3803E+000
  1.24500E+001, -8.9468E-001,  6.3803E+000
  1.24600E+001, -9.0375E-001,  6.3894E+000
  1.24700E+001, -9.0375E-001,  6.3894E+000
  1.24800E+001, -8.9468E-001,  6.3803E+000
  1.24900E+001, -8.9468E-001,  6.3894E+000
  1.25000E+001, -8.9468E-001,  6.3894E+000
  1.25100E+001, -8.9468E-001,  6.3894E+000
  1.25200E+001, -9.0375E-001,  6.3894E+000
  1.25300E+001, -8.9468E-001,  6.3894E+000
  1.25400E+001, -8.9468E-001,  6.3985E+000
  1.25500E+001, -8.9468E-001,  6.3894E+000
  1.25600E+001, -8.9468E-001,  6.3894E+000
  1.25700E+001, -8.8560E-001,  6.3894E+000
  1.25800E+001, -8.9468E-001,  6.3894E+000
  1.25900E+001, -8.9468E-001,  6.3894E+000
  1.26000E+001, -8.9468E-001,  6.3803E+000
  1.26100E+001, -9.0375E-001,  6.3803E+000
  1.26200E+001, -9.0375E-001,  6.3894E+000
  1.26300E+001, -8.9468E-001,  6.3803E+000
  1.26400E+001, -8.9468E-001,  6.3894E+000
  1.26500E+001, -9.0375E-001,  6.3894E+000
  1.26600E+001, -8.9468E-001,  6.3894E+000
  1.26700E+001, -9.0375E-001,  6.3894E+000
  1.26800E+001, -8.9468E-001,  6.3803E+000
  1.26900E+001, -8.8560E-001,  6.3894E+000
  1.27000E+001, -8.9468E-001,  6.3894E+000
  1.27100E+001, -9.0375E-001,  6.3894E+000
  1.27200E+001, -9.0375E-001,  6.3803E+000
  1.27300E+001, -9.0375E-001,  6.3803E+000
  1.27400E+001, -8.9468E-001,  6.3894E+000
  1.27500E+001, -8.8560E-001,  6.3803E+000
  1.27600E+001, -8.8560E-001,  6.3985E+000
  1.27700E+001, -8.9468E-001,  6.3803E+000
  1.27800E+001, -8.9468E-001,  6.3803E+000
  1.27900E+001, -8.8560E-001,  6.3894E+000
  1.28000E+001, -8.9468E-001,  6.3894E+000
  1.28100E+001, -8.9468E-001,  6.3894E+000
  1.28200E+001, -8.9468E-001,  6.3803E+000
  1.28300E+001, -9.0375E-001,  6.3894E+000
  1.28400E+001, -8.9468E-001,  6.3894E+000
  1.28500E+001, -9.0375E-001,  6.3894E+000
  1.28600E+001, -9.0375E-001,  6.3894E+000
  1.28700E+001, -8.9468E-001,  6.3894E+000
  1.28800E+001, -9.0375E-001,  6.3894E+000
  1.28900E+001, -8.8560E-001,  6.3894E+000
  1.29000E+001, -9.0375E-001,  6.3803E+000
  1.29100E+001, -8.9468E-001,  6.3803E+000
  1.29200E+001, -8.9468E-001,  6.3894E+000
  1.29300E+001, -8.9468E-001,  6.3894E+000
  1.29400E+001, -9.0375E-001,  6.3894E+000
  1.29500E+001, -8.9468E-001,  6.3803E+000
  1.29600E+001, -9.0375E-001,  6.3803E+000
  1.29700E+001, -9.0375E-001,  6.3894E+000
  1.29800E+001, -9.0375E-001,  6.3803E+000
  1.29900E+001, -9.0375E-001,  6.3894E+000
  1.30000E+001, -9.0375E-001,  6.3803E+000
  1.30100E+001, -9.1283E-001,  6.3894E+000
  1.30200E+001, -8.9468E-001,  6.3894E+000
  1.30300E+001, -9.0375E-001,  6.3894E+000
  1.30400E+001, -8.7653E-001,  6.3985E+000
  1.30500E+001, -8.9468E-001,  6.3803E+000
  1.30600E+001, -9.0375E-001,  6.3894E+000
  1.30700E+001, -9.0375E-001,  6.3894E+000
  1.30800E+001, -8.9468E-001,  6.3894E+000
  1.30900E+001, -8.9468E-001,  6.3803E+000
  1.31000E+001, -9.0375E-001,  6.3894E+000
  1.31100E+001, -8.8560E-001,  6.3894E+000
  1.31200E+001, -9.0375E-001,  6.3894E+000
  1.31300E+001, -9.0375E-001,  6.3894E+000
  1.31400E+001, -8.9468E-001,  6.3894E+000
  1.31500E+001, -9.0375E-001,  6.3894E+000
  1.31600E+001, -9.0375E-001,  6.3894E+000
  1.31700E+001, -9.0375E-001,  6.3803E+000
  1.31800E+001, -8.9468E-001,  6.3894E+000
  1.31900E+001, -9.0375E-001,  6.3894E+000
  1.32000E+001, -9.0375E-001,  6.3894E+000
