# [Parameters]
# Name = 'firc'
# ShotNo = 163379
# Date = '11/20/2020 20:10'
# 
# DimNo = 1
# DimName = 'Time'
# DimSize = 1311
# DimUnit = 's'
# 
# ValNo = 2
# ValName = 'nL(3669)', 'nL(3759)'
# ValUnit = 'e19m-2', 'e19m-2'
# [Comments]
#  
# [data]
  1.00000E-001,  6.9339E-003,  4.8291E-003
  1.10000E-001, -1.1218E-002,  4.8291E-003
  1.20000E-001, -2.1423E-003, -4.2824E-003
  1.30000E-001, -2.1423E-003, -4.2824E-003
  1.40000E-001, -2.1423E-003, -4.2824E-003
  1.50000E-001, -2.1423E-003,  4.8291E-003
  1.60000E-001,  6.9339E-003,  4.8291E-003
  1.70000E-001,  6.9339E-003,  4.8291E-003
  1.80000E-001,  6.9339E-003,  4.8291E-003
  1.90000E-001,  6.9339E-003,  1.3941E-002
  2.00000E-001,  6.9339E-003,  4.8291E-003
  2.10000E-001, -2.1423E-003,  4.8291E-003
  2.20000E-001, -2.1423E-003,  4.8291E-003
  2.30000E-001, -2.1423E-003, -4.2824E-003
  2.40000E-001, -2.1423E-003, -4.2824E-003
  2.50000E-001, -2.1423E-003, -4.2824E-003
  2.60000E-001, -1.1218E-002,  4.8291E-003
  2.70000E-001, -2.1423E-003,  4.8291E-003
  2.80000E-001, -2.1423E-003,  4.8291E-003
  2.90000E-001, -2.1423E-003, -4.2824E-003
  3.00000E-001,  6.9339E-003,  4.8291E-003
  3.10000E-001,  1.6009E-002,  4.8291E-003
  3.20000E-001,  6.9339E-003,  1.3941E-002
  3.30000E-001, -1.1218E-002, -4.2824E-003
  3.40000E-001, -1.1218E-002, -4.2824E-003
  3.50000E-001, -1.1218E-002, -4.2824E-003
  3.60000E-001, -2.1423E-003,  4.8291E-003
  3.70000E-001,  6.9339E-003,  4.8291E-003
  3.80000E-001,  6.9339E-003,  4.8291E-003
  3.90000E-001,  6.9339E-003,  4.8291E-003
  4.00000E-001,  6.9339E-003,  4.8291E-003
  4.10000E-001,  6.9339E-003,  4.8291E-003
  4.20000E-001,  6.9339E-003,  1.3941E-002
  4.30000E-001,  6.9339E-003,  1.3941E-002
  4.40000E-001, -2.1423E-003, -4.2824E-003
  4.50000E-001, -2.1423E-003,  4.8291E-003
  4.60000E-001, -2.1423E-003,  4.8291E-003
  4.70000E-001, -2.1423E-003, -4.2824E-003
  4.80000E-001, -2.1423E-003,  4.8291E-003
  4.90000E-001, -1.1218E-002,  4.8291E-003
  5.00000E-001, -2.1423E-003, -4.2824E-003
  5.10000E-001,  6.9339E-003,  1.3941E-002
  5.20000E-001,  6.9339E-003,  4.8291E-003
  5.30000E-001,  6.9339E-003,  4.8291E-003
  5.40000E-001, -2.1423E-003,  4.8291E-003
  5.50000E-001, -2.1423E-003,  4.8291E-003
  5.60000E-001, -2.1423E-003, -4.2824E-003
  5.70000E-001,  6.9339E-003, -4.2824E-003
  5.80000E-001, -2.1423E-003, -4.2824E-003
  5.90000E-001, -2.1423E-003, -4.2824E-003
  6.00000E-001, -1.1218E-002, -4.2824E-003
  6.10000E-001, -2.1423E-003,  4.8291E-003
  6.20000E-001,  6.9339E-003,  1.3941E-002
  6.30000E-001,  6.9339E-003,  1.3941E-002
  6.40000E-001,  6.9339E-003,  4.8291E-003
  6.50000E-001,  6.9339E-003,  4.8291E-003
  6.60000E-001, -2.1423E-003,  4.8291E-003
  6.70000E-001,  6.9339E-003,  4.8291E-003
  6.80000E-001, -2.1423E-003,  4.8291E-003
  6.90000E-001, -2.1423E-003,  4.8291E-003
  7.00000E-001, -2.1423E-003,  4.8291E-003
  7.10000E-001,  6.9339E-003,  4.8291E-003
  7.20000E-001,  1.6009E-002,  4.8291E-003
  7.30000E-001,  6.9339E-003,  4.8291E-003
  7.40000E-001, -2.1423E-003,  1.3941E-002
  7.50000E-001,  6.9339E-003,  4.8291E-003
  7.60000E-001,  6.9339E-003,  1.3941E-002
  7.70000E-001,  6.9339E-003,  1.3941E-002
  7.80000E-001,  6.9339E-003,  4.8291E-003
  7.90000E-001, -2.1423E-003,  4.8291E-003
  8.00000E-001, -2.1423E-003,  4.8291E-003
  8.10000E-001, -2.1423E-003,  4.8291E-003
  8.20000E-001, -2.1423E-003, -4.2824E-003
  8.30000E-001,  6.9339E-003, -4.2824E-003
  8.40000E-001, -2.1423E-003,  4.8291E-003
  8.50000E-001,  6.9339E-003,  4.8291E-003
  8.60000E-001,  6.9339E-003, -4.2824E-003
  8.70000E-001,  6.9339E-003,  1.3941E-002
  8.80000E-001,  6.9339E-003,  4.8291E-003
  8.90000E-001,  6.9339E-003,  4.8291E-003
  9.00000E-001, -1.1218E-002, -4.2824E-003
  9.10000E-001,  6.9339E-003,  4.8291E-003
  9.20000E-001,  6.9339E-003,  4.8291E-003
  9.30000E-001, -1.1218E-002, -4.2824E-003
  9.40000E-001, -2.1423E-003, -4.2824E-003
  9.50000E-001, -2.1423E-003, -4.2824E-003
  9.60000E-001, -2.1423E-003,  4.8291E-003
  9.70000E-001,  6.9339E-003,  2.3053E-002
  9.80000E-001,  1.6009E-002,  1.3941E-002
  9.90000E-001,  6.9339E-003,  1.3941E-002
  1.00000E+000, -2.1423E-003,  4.8291E-003
  1.01000E+000, -2.1423E-003,  4.8291E-003
  1.02000E+000,  6.9339E-003,  4.8291E-003
  1.03000E+000, -2.1423E-003,  4.8291E-003
  1.04000E+000, -2.1423E-003, -4.2824E-003
  1.05000E+000,  6.9339E-003, -4.2824E-003
  1.06000E+000, -2.1423E-003,  4.8291E-003
  1.07000E+000, -2.1423E-003,  4.8291E-003
  1.08000E+000,  6.9339E-003,  4.8291E-003
  1.09000E+000,  6.9339E-003,  1.3941E-002
  1.10000E+000, -2.1423E-003,  4.8291E-003
  1.11000E+000,  6.9339E-003,  4.8291E-003
  1.12000E+000, -2.1423E-003,  4.8291E-003
  1.13000E+000, -1.1218E-002, -4.2824E-003
  1.14000E+000, -2.1423E-003, -4.2824E-003
  1.15000E+000, -1.1218E-002, -4.2824E-003
  1.16000E+000, -1.1218E-002,  4.8291E-003
  1.17000E+000, -2.1423E-003,  4.8291E-003
  1.18000E+000,  6.9339E-003,  4.8291E-003
  1.19000E+000,  6.9339E-003,  4.8291E-003
  1.20000E+000,  6.9339E-003,  4.8291E-003
  1.21000E+000, -2.1423E-003,  4.8291E-003
  1.22000E+000, -2.1423E-003,  1.3941E-002
  1.23000E+000, -2.1423E-003,  4.8291E-003
  1.24000E+000, -2.1423E-003,  4.8291E-003
  1.25000E+000, -2.1423E-003, -4.2824E-003
  1.26000E+000, -2.1423E-003,  4.8291E-003
  1.27000E+000, -2.1423E-003, -4.2824E-003
  1.28000E+000, -2.1423E-003, -4.2824E-003
  1.29000E+000, -2.1423E-003,  4.8291E-003
  1.30000E+000,  6.9339E-003,  4.8291E-003
  1.31000E+000,  6.9339E-003,  4.8291E-003
  1.32000E+000,  6.9339E-003,  4.8291E-003
  1.33000E+000,  6.9339E-003,  1.3941E-002
  1.34000E+000,  6.9339E-003,  1.3941E-002
  1.35000E+000,  6.9339E-003,  4.8291E-003
  1.36000E+000, -2.1423E-003,  4.8291E-003
  1.37000E+000,  6.9339E-003,  4.8291E-003
  1.38000E+000, -2.1423E-003, -4.2824E-003
  1.39000E+000, -2.1423E-003, -4.2824E-003
  1.40000E+000, -2.1423E-003, -4.2824E-003
  1.41000E+000, -2.1423E-003, -4.2824E-003
  1.42000E+000, -2.1423E-003,  4.8291E-003
  1.43000E+000, -2.1423E-003,  1.3941E-002
  1.44000E+000,  6.9339E-003,  1.3941E-002
  1.45000E+000,  6.9339E-003,  4.8291E-003
  1.46000E+000,  6.9339E-003,  4.8291E-003
  1.47000E+000,  6.9339E-003,  4.8291E-003
  1.48000E+000, -2.1423E-003,  4.8291E-003
  1.49000E+000, -2.1423E-003, -4.2824E-003
  1.50000E+000, -2.1423E-003, -4.2824E-003
  1.51000E+000, -2.1423E-003,  4.8291E-003
  1.52000E+000,  6.9339E-003,  4.8291E-003
  1.53000E+000,  6.9339E-003,  4.8291E-003
  1.54000E+000,  6.9339E-003,  1.3941E-002
  1.55000E+000,  6.9339E-003,  1.3941E-002
  1.56000E+000,  6.9339E-003,  4.8291E-003
  1.57000E+000,  6.9339E-003,  4.8291E-003
  1.58000E+000,  6.9339E-003,  4.8291E-003
  1.59000E+000,  6.9339E-003,  4.8291E-003
  1.60000E+000,  6.9339E-003,  4.8291E-003
  1.61000E+000,  6.9339E-003, -4.2824E-003
  1.62000E+000, -2.1423E-003,  4.8291E-003
  1.63000E+000, -2.1423E-003, -4.2824E-003
  1.64000E+000,  6.9339E-003,  4.8291E-003
  1.65000E+000,  6.9339E-003, -4.2824E-003
  1.66000E+000,  1.6009E-002,  4.8291E-003
  1.67000E+000,  6.9339E-003,  4.8291E-003
  1.68000E+000, -2.1423E-003, -4.2824E-003
  1.69000E+000, -2.1423E-003,  4.8291E-003
  1.70000E+000, -2.1423E-003,  4.8291E-003
  1.71000E+000, -2.1423E-003,  4.8291E-003
  1.72000E+000, -2.1423E-003, -4.2824E-003
  1.73000E+000, -1.1218E-002, -1.3395E-002
  1.74000E+000, -2.1423E-003, -4.2824E-003
  1.75000E+000, -2.1423E-003,  4.8291E-003
  1.76000E+000,  6.9339E-003,  1.3941E-002
  1.77000E+000,  6.9339E-003,  1.3941E-002
  1.78000E+000,  6.9339E-003,  4.8291E-003
  1.79000E+000,  6.9339E-003,  4.8291E-003
  1.80000E+000, -2.1423E-003,  4.8291E-003
  1.81000E+000,  6.9339E-003,  4.8291E-003
  1.82000E+000,  6.9339E-003,  4.8291E-003
  1.83000E+000, -2.1423E-003,  4.8291E-003
  1.84000E+000, -2.1423E-003,  4.8291E-003
  1.85000E+000, -1.1218E-002,  4.8291E-003
  1.86000E+000,  6.9339E-003,  4.8291E-003
  1.87000E+000,  6.9339E-003,  4.8291E-003
  1.88000E+000,  6.9339E-003,  1.3941E-002
  1.89000E+000,  6.9339E-003,  1.3941E-002
  1.90000E+000,  6.9339E-003,  4.8291E-003
  1.91000E+000,  6.9339E-003,  1.3941E-002
  1.92000E+000,  6.9339E-003, -4.2824E-003
  1.93000E+000, -2.1423E-003,  4.8291E-003
  1.94000E+000, -2.1423E-003,  4.8291E-003
  1.95000E+000, -1.1218E-002, -4.2824E-003
  1.96000E+000, -1.1218E-002, -4.2824E-003
  1.97000E+000, -2.1423E-003, -4.2824E-003
  1.98000E+000, -2.1423E-003,  4.8291E-003
  1.99000E+000,  6.9339E-003,  4.8291E-003
  2.00000E+000,  6.9339E-003,  4.8291E-003
  2.01000E+000,  6.9339E-003,  4.8291E-003
  2.02000E+000, -2.1423E-003,  4.8291E-003
  2.03000E+000, -2.1423E-003,  4.8291E-003
  2.04000E+000, -2.1423E-003,  4.8291E-003
  2.05000E+000, -2.1423E-003,  4.8291E-003
  2.06000E+000, -2.1423E-003, -4.2824E-003
  2.07000E+000, -2.1423E-003, -4.2824E-003
  2.08000E+000, -2.1423E-003,  4.8291E-003
  2.09000E+000, -2.1423E-003,  4.8291E-003
  2.10000E+000, -2.1423E-003,  1.3941E-002
  2.11000E+000,  6.9339E-003,  1.3941E-002
  2.12000E+000,  6.9339E-003,  4.8291E-003
  2.13000E+000,  6.9339E-003,  4.8291E-003
  2.14000E+000,  6.9339E-003,  1.3941E-002
  2.15000E+000, -2.1423E-003,  4.8291E-003
  2.16000E+000, -2.1423E-003,  4.8291E-003
  2.17000E+000, -1.1218E-002, -4.2824E-003
  2.18000E+000, -2.1423E-003, -4.2824E-003
  2.19000E+000,  6.9339E-003,  1.3941E-002
  2.20000E+000, -2.1423E-003,  4.8291E-003
  2.21000E+000, -2.1423E-003,  4.8291E-003
  2.22000E+000, -2.1423E-003,  4.8291E-003
  2.23000E+000, -2.1423E-003,  4.8291E-003
  2.24000E+000, -2.1423E-003,  4.8291E-003
  2.25000E+000, -2.1423E-003,  4.8291E-003
  2.26000E+000, -2.1423E-003,  4.8291E-003
  2.27000E+000,  6.9339E-003, -4.2824E-003
  2.28000E+000, -2.1423E-003, -4.2824E-003
  2.29000E+000, -2.0293E-002, -4.2824E-003
  2.30000E+000, -1.1218E-002,  4.8291E-003
  2.31000E+000, -2.1423E-003,  4.8291E-003
  2.32000E+000,  6.9339E-003,  4.8291E-003
  2.33000E+000, -2.1423E-003,  4.8291E-003
  2.34000E+000,  6.9339E-003,  1.3941E-002
  2.35000E+000,  6.9339E-003,  1.3941E-002
  2.36000E+000,  6.9339E-003,  4.8291E-003
  2.37000E+000, -2.1423E-003,  4.8291E-003
  2.38000E+000, -2.1423E-003,  4.8291E-003
  2.39000E+000, -2.1423E-003, -4.2824E-003
  2.40000E+000, -1.1218E-002, -4.2824E-003
  2.41000E+000, -2.1423E-003,  4.8291E-003
  2.42000E+000, -1.1218E-002, -4.2824E-003
  2.43000E+000, -2.1423E-003, -4.2824E-003
  2.44000E+000,  6.9339E-003,  4.8291E-003
  2.45000E+000, -2.1423E-003,  4.8291E-003
  2.46000E+000, -2.1423E-003,  1.3941E-002
  2.47000E+000,  6.9339E-003,  1.3941E-002
  2.48000E+000, -2.1423E-003,  4.8291E-003
  2.49000E+000, -2.1423E-003, -4.2824E-003
  2.50000E+000, -2.1423E-003, -4.2824E-003
  2.51000E+000, -1.1218E-002, -4.2824E-003
  2.52000E+000, -1.1218E-002, -4.2824E-003
  2.53000E+000, -1.1218E-002, -4.2824E-003
  2.54000E+000, -2.1423E-003, -4.2824E-003
  2.55000E+000, -2.1423E-003,  4.8291E-003
  2.56000E+000, -2.1423E-003,  4.8291E-003
  2.57000E+000, -2.1423E-003,  4.8291E-003
  2.58000E+000, -2.1423E-003,  4.8291E-003
  2.59000E+000, -2.1423E-003,  4.8291E-003
  2.60000E+000, -2.1423E-003, -4.2824E-003
  2.61000E+000, -1.1218E-002, -4.2824E-003
  2.62000E+000, -1.1218E-002,  4.8291E-003
  2.63000E+000, -2.1423E-003,  4.8291E-003
  2.64000E+000, -2.1423E-003, -4.2824E-003
  2.65000E+000, -2.1423E-003, -4.2824E-003
  2.66000E+000, -1.1218E-002, -4.2824E-003
  2.67000E+000, -1.1218E-002,  4.8291E-003
  2.68000E+000,  6.9339E-003,  1.3941E-002
  2.69000E+000,  6.9339E-003,  4.8291E-003
  2.70000E+000, -2.1423E-003,  4.8291E-003
  2.71000E+000, -2.1423E-003,  4.8291E-003
  2.72000E+000, -2.1423E-003, -4.2824E-003
  2.73000E+000, -1.1218E-002, -4.2824E-003
  2.74000E+000, -2.1423E-003, -4.2824E-003
  2.75000E+000, -2.1423E-003, -4.2824E-003
  2.76000E+000, -2.1423E-003, -4.2824E-003
  2.77000E+000, -2.1423E-003, -4.2824E-003
  2.78000E+000, -2.1423E-003, -4.2824E-003
  2.79000E+000, -2.1423E-003,  4.8291E-003
  2.80000E+000, -2.1423E-003,  4.8291E-003
  2.81000E+000,  6.9339E-003,  4.8291E-003
  2.82000E+000, -2.1423E-003,  4.8291E-003
  2.83000E+000, -2.1423E-003,  4.8291E-003
  2.84000E+000, -2.1423E-003,  4.8291E-003
  2.85000E+000, -1.1218E-002, -4.2824E-003
  2.86000E+000, -2.1423E-003, -4.2824E-003
  2.87000E+000, -1.1218E-002, -4.2824E-003
  2.88000E+000, -1.1218E-002, -4.2824E-003
  2.89000E+000, -2.1423E-003,  4.8291E-003
  2.90000E+000, -2.1423E-003,  4.8291E-003
  2.91000E+000, -2.1423E-003,  4.8291E-003
  2.92000E+000,  6.9339E-003, -4.2824E-003
  2.93000E+000, -2.1423E-003, -4.2824E-003
  2.94000E+000, -2.1423E-003, -4.2824E-003
  2.95000E+000,  6.9339E-003, -4.2824E-003
  2.96000E+000, -2.1423E-003, -4.2824E-003
  2.97000E+000, -1.1218E-002, -4.2824E-003
  2.98000E+000, -1.1218E-002, -4.2824E-003
  2.99000E+000, -1.1218E-002, -4.2824E-003
  3.00000E+000, -2.1423E-003, -4.2824E-003
  3.01000E+000, -2.1423E-003, -4.2824E-003
  3.02000E+000,  6.9339E-003,  4.8291E-003
  3.03000E+000, -2.1423E-003, -4.2824E-003
  3.04000E+000, -2.1423E-003, -4.2824E-003
  3.05000E+000, -2.1423E-003,  4.8291E-003
  3.06000E+000,  6.9339E-003,  4.8291E-003
  3.07000E+000, -2.1423E-003, -4.2824E-003
  3.08000E+000, -1.1218E-002, -1.3395E-002
  3.09000E+000, -2.0293E-002, -1.3395E-002
  3.10000E+000, -1.1218E-002, -1.3395E-002
  3.11000E+000, -1.1218E-002, -4.2824E-003
  3.12000E+000, -2.1423E-003, -4.2824E-003
  3.13000E+000, -1.1218E-002, -4.2824E-003
  3.14000E+000, -2.1423E-003, -4.2824E-003
  3.15000E+000, -2.1423E-003, -4.2824E-003
  3.16000E+000,  6.9339E-003,  4.8291E-003
  3.17000E+000, -2.1423E-003,  4.8291E-003
  3.18000E+000, -1.1218E-002, -4.2824E-003
  3.19000E+000, -1.1218E-002, -1.3395E-002
  3.20000E+000, -1.1218E-002, -1.3395E-002
  3.21000E+000, -2.1423E-003, -4.2824E-003
  3.22000E+000, -2.1423E-003, -4.2824E-003
  3.23000E+000, -2.1423E-003, -4.2824E-003
  3.24000E+000, -2.1423E-003, -4.2824E-003
  3.25000E+000, -2.1423E-003,  4.8291E-003
  3.26000E+000,  6.9339E-003, -4.2824E-003
  3.27000E+000,  6.9339E-003,  4.8291E-003
  3.28000E+000,  6.9339E-003,  4.8291E-003
  3.29000E+000, -2.1423E-003, -4.2824E-003
  3.30000E+000,  1.6009E-002,  1.3941E-002
  3.31000E+000,  3.6996E-001,  3.6019E-001
  3.32000E+000,  4.7887E-001,  4.9687E-001
  3.33000E+000,  6.2408E-001,  6.2443E-001
  3.34000E+000,  7.3299E-001,  7.3378E-001
  3.35000E+000,  8.3282E-001,  8.2489E-001
  3.36000E+000,  9.1450E-001,  9.1601E-001
  3.37000E+000,  1.0053E+000,  1.0071E+000
  3.38000E+000,  1.0869E+000,  1.0891E+000
  3.39000E+000,  1.1686E+000,  1.1711E+000
  3.40000E+000,  1.2503E+000,  1.2440E+000
  3.41000E+000,  1.3229E+000,  1.3260E+000
  3.42000E+000,  1.4046E+000,  1.3989E+000
  3.43000E+000,  1.4681E+000,  1.4718E+000
  3.44000E+000,  1.5498E+000,  1.5538E+000
  3.45000E+000,  1.6224E+000,  1.6267E+000
  3.46000E+000,  1.6950E+000,  1.6996E+000
  3.47000E+000,  1.7676E+000,  1.7725E+000
  3.48000E+000,  1.8493E+000,  1.8272E+000
  3.49000E+000,  1.9128E+000,  1.9001E+000
  3.50000E+000,  1.9764E+000,  1.9639E+000
  3.51000E+000,  2.0671E+000,  2.0459E+000
  3.52000E+000,  2.2123E+000,  2.2372E+000
  3.53000E+000,  2.3394E+000,  2.4559E+000
  3.54000E+000,  2.4483E+000,  2.5561E+000
  3.55000E+000,  2.5663E+000,  2.6837E+000
  3.56000E+000,  2.6752E+000,  2.8113E+000
  3.57000E+000,  2.7841E+000,  2.9206E+000
  3.58000E+000,  2.8839E+000,  3.0300E+000
  3.59000E+000,  2.9838E+000,  3.1028E+000
  3.60000E+000,  3.0836E+000,  3.2304E+000
  3.61000E+000,  3.1653E+000,  3.3215E+000
  3.62000E+000,  3.2651E+000,  3.3944E+000
  3.63000E+000,  3.3559E+000,  3.4582E+000
  3.64000E+000,  3.4012E+000,  3.5493E+000
  3.65000E+000,  3.4920E+000,  3.6131E+000
  3.66000E+000,  3.5464E+000,  3.6951E+000
  3.67000E+000,  3.6281E+000,  3.7680E+000
  3.68000E+000,  3.6644E+000,  3.8136E+000
  3.69000E+000,  3.7189E+000,  3.8409E+000
  3.70000E+000,  3.7461E+000,  3.8682E+000
  3.71000E+000,  3.7733E+000,  3.8682E+000
  3.72000E+000,  3.7915E+000,  3.9138E+000
  3.73000E+000,  3.8096E+000,  3.9229E+000
  3.74000E+000,  3.8187E+000,  3.9229E+000
  3.75000E+000,  3.8278E+000,  3.9229E+000
  3.76000E+000,  3.8278E+000,  3.9229E+000
  3.77000E+000,  3.8550E+000,  3.9411E+000
  3.78000E+000,  3.8641E+000,  3.9503E+000
  3.79000E+000,  3.8822E+000,  3.9594E+000
  3.80000E+000,  3.8913E+000,  3.9776E+000
  3.81000E+000,  3.8913E+000,  3.9867E+000
  3.82000E+000,  3.9095E+000,  3.9958E+000
  3.83000E+000,  3.9185E+000,  4.0049E+000
  3.84000E+000,  3.9367E+000,  4.0231E+000
  3.85000E+000,  3.9548E+000,  4.0231E+000
  3.86000E+000,  3.9276E+000,  4.0323E+000
  3.87000E+000,  3.9548E+000,  4.0323E+000
  3.88000E+000,  3.9639E+000,  4.0414E+000
  3.89000E+000,  3.9639E+000,  4.0596E+000
  3.90000E+000,  3.9821E+000,  4.0778E+000
  3.91000E+000,  3.9912E+000,  4.0869E+000
  3.92000E+000,  4.0184E+000,  4.0960E+000
  3.93000E+000,  4.0365E+000,  4.1143E+000
  3.94000E+000,  4.0456E+000,  4.1234E+000
  3.95000E+000,  4.0547E+000,  4.1598E+000
  3.96000E+000,  4.0728E+000,  4.1689E+000
  3.97000E+000,  4.0819E+000,  4.1872E+000
  3.98000E+000,  4.1001E+000,  4.1963E+000
  3.99000E+000,  4.1182E+000,  4.2236E+000
  4.00000E+000,  4.1454E+000,  4.2601E+000
  4.01000E+000,  4.1636E+000,  4.2509E+000
  4.02000E+000,  4.1817E+000,  4.2965E+000
  4.03000E+000,  4.2090E+000,  4.3238E+000
  4.04000E+000,  4.2453E+000,  4.3603E+000
  4.05000E+000,  4.2543E+000,  4.3785E+000
  4.06000E+000,  4.3179E+000,  4.4605E+000
  4.07000E+000,  4.3542E+000,  4.4970E+000
  4.08000E+000,  4.3905E+000,  4.5425E+000
  4.09000E+000,  4.4268E+000,  4.5699E+000
  4.10000E+000,  4.4631E+000,  4.6336E+000
  4.11000E+000,  4.4994E+000,  4.6974E+000
  4.12000E+000,  4.5629E+000,  4.7430E+000
  4.13000E+000,  4.6174E+000,  4.8432E+000
  4.14000E+000,  4.6537E+000,  4.8523E+000
  4.15000E+000,  4.7172E+000,  5.0072E+000
  4.16000E+000,  4.7717E+000,  5.0437E+000
  4.17000E+000,  4.8443E+000,  5.1075E+000
  4.18000E+000,  4.8896E+000,  5.1166E+000
  4.19000E+000,  4.9350E+000,  5.1986E+000
  4.20000E+000,  4.9895E+000,  5.3079E+000
  4.21000E+000,  5.0530E+000,  5.2897E+000
  4.22000E+000,  5.1075E+000,  5.3899E+000
  4.23000E+000,  5.1619E+000,  5.4537E+000
  4.24000E+000,  5.1982E+000,  5.4901E+000
  4.25000E+000,  5.2436E+000,  5.5630E+000
  4.26000E+000,  5.3707E+000,  5.6450E+000
  4.27000E+000,  5.4523E+000,  5.6906E+000
  4.28000E+000,  5.5885E+000,  5.7817E+000
  4.29000E+000,  5.6520E+000,  5.8364E+000
  4.30000E+000,  5.7609E+000,  5.9822E+000
  4.31000E+000,  5.7791E+000,  6.0369E+000
  4.32000E+000,  5.8698E+000,  6.1371E+000
  4.33000E+000,  6.0059E+000,  6.4833E+000
  4.34000E+000,  5.9606E+000,  6.3831E+000
  4.35000E+000,  6.0150E+000,  6.3922E+000
  4.36000E+000,  6.0695E+000,  6.3102E+000
  4.37000E+000,  6.1421E+000,  6.4196E+000
  4.38000E+000,  6.2964E+000,  6.7294E+000
  4.39000E+000,  6.3690E+000,  6.6656E+000
  4.40000E+000,  6.3871E+000,  6.6565E+000
  4.41000E+000,  6.4416E+000,  6.7749E+000
  4.42000E+000,  6.4779E+000,  6.7385E+000
  4.43000E+000,  6.6231E+000,  7.0300E+000
  4.44000E+000,  6.7502E+000,  7.0938E+000
  4.45000E+000,  6.8137E+000,  7.0938E+000
  4.46000E+000,  6.9498E+000,  7.2943E+000
  4.47000E+000,  6.6957E+000,  6.8751E+000
  4.48000E+000,  7.0769E+000,  7.1758E+000
  4.49000E+000,  7.4762E+000,  7.6041E+000
  4.50000E+000,  7.9118E+000,  8.1052E+000
  4.51000E+000,  8.2113E+000,  8.4515E+000
  4.52000E+000,  8.3747E+000,  8.4879E+000
  4.53000E+000,  8.6742E+000,  8.9891E+000
  4.54000E+000,  9.0191E+000,  9.2533E+000
  4.55000E+000,  9.1461E+000,  9.4538E+000
  4.56000E+000,  9.2187E+000,  9.6087E+000
  4.57000E+000,  9.3912E+000,  9.7909E+000
  4.58000E+000,  9.6362E+000,  9.9914E+000
  4.59000E+000,  9.6453E+000,  1.0028E+001
  4.60000E+000,  9.7542E+000,  1.0219E+001
  4.61000E+000,  9.8450E+000,  1.0329E+001
  4.62000E+000,  1.0253E+001,  1.0666E+001
  4.63000E+000,  1.0553E+001,  1.0921E+001
  4.64000E+000,  1.0852E+001,  1.1203E+001
  4.65000E+000,  1.0453E+001,  1.0893E+001
  4.66000E+000,  1.0753E+001,  1.1258E+001
  4.67000E+000,  1.1016E+001,  1.1458E+001
  4.68000E+000,  1.0535E+001,  1.1076E+001
  4.69000E+000,  1.0861E+001,  1.1276E+001
  4.70000E+000,  1.0998E+001,  1.1468E+001
  4.71000E+000,  1.0653E+001,  1.1085E+001
  4.72000E+000,  1.0852E+001,  1.1340E+001
  4.73000E+000,  1.0635E+001,  1.1203E+001
  4.74000E+000,  1.0780E+001,  1.1349E+001
  4.75000E+000,  1.0725E+001,  1.1495E+001
  4.76000E+000,  1.0399E+001,  1.0957E+001
  4.77000E+000,  1.0389E+001,  1.1085E+001
  4.78000E+000,  1.0625E+001,  1.1376E+001
  4.79000E+000,  1.0380E+001,  1.1039E+001
  4.80000E+000,  1.0235E+001,  1.0975E+001
  4.81000E+000,  1.0444E+001,  1.1048E+001
  4.82000E+000,  1.0535E+001,  1.1422E+001
  4.83000E+000,  1.1034E+001,  1.1367E+001
  4.84000E+000,  9.8722E+000,  1.0575E+001
  4.85000E+000,  9.9357E+000,  1.0511E+001
  4.86000E+000,  9.9902E+000,  1.1085E+001
  4.87000E+000,  1.0090E+001,  1.0903E+001
  4.88000E+000,  9.4275E+000,  1.0119E+001
  4.89000E+000,  9.7724E+000,  1.0611E+001
  4.90000E+000,  9.6544E+000,  1.0465E+001
  4.91000E+000,  9.4366E+000,  1.0383E+001
  4.92000E+000,  9.2369E+000,  1.0247E+001
  4.93000E+000,  9.0554E+000,  9.8547E+000
  4.94000E+000,  8.9465E+000,  1.0037E+001
  4.95000E+000,  8.7650E+000,  9.8547E+000
  4.96000E+000,  8.5199E+000,  9.6634E+000
  4.97000E+000,  8.3202E+000,  9.4538E+000
  4.98000E+000,  8.1206E+000,  9.2624E+000
  4.99000E+000,  7.9118E+000,  9.0346E+000
  5.00000E+000,  7.7303E+000,  8.6975E+000
  5.01000E+000,  7.5216E+000,  8.5608E+000
  5.02000E+000,  7.3310E+000,  8.3513E+000
  5.03000E+000,  7.1223E+000,  8.1144E+000
  5.04000E+000,  6.9680E+000,  7.9959E+000
  5.05000E+000,  6.8500E+000,  7.8866E+000
  5.06000E+000,  6.7048E+000,  7.6770E+000
  5.07000E+000,  6.5959E+000,  7.5403E+000
  5.08000E+000,  6.4960E+000,  7.4219E+000
  5.09000E+000,  6.3508E+000,  7.2487E+000
  5.10000E+000,  6.2601E+000,  7.1121E+000
  5.11000E+000,  6.1330E+000,  6.9754E+000
  5.12000E+000,  6.0423E+000,  6.8478E+000
  5.13000E+000,  5.8970E+000,  6.6747E+000
  5.14000E+000,  5.8063E+000,  6.5745E+000
  5.15000E+000,  5.7337E+000,  6.4560E+000
  5.16000E+000,  5.6611E+000,  6.3649E+000
  5.17000E+000,  5.6066E+000,  6.2829E+000
  5.18000E+000,  5.4977E+000,  6.1462E+000
  5.19000E+000,  5.4251E+000,  6.0551E+000
  5.20000E+000,  5.3434E+000,  5.9549E+000
  5.21000E+000,  5.2527E+000,  5.8273E+000
  5.22000E+000,  5.1710E+000,  5.7088E+000
  5.23000E+000,  5.0893E+000,  5.6268E+000
  5.24000E+000,  5.0167E+000,  5.5448E+000
  5.25000E+000,  4.9532E+000,  5.4719E+000
  5.26000E+000,  4.9078E+000,  5.3990E+000
  5.27000E+000,  4.8624E+000,  5.3352E+000
  5.28000E+000,  4.8261E+000,  5.2715E+000
  5.29000E+000,  4.7807E+000,  5.2168E+000
  5.30000E+000,  4.7444E+000,  5.1621E+000
  5.31000E+000,  4.7263E+000,  5.1530E+000
  5.32000E+000,  4.7535E+000,  5.2077E+000
  5.33000E+000,  4.7535E+000,  5.2259E+000
  5.34000E+000,  4.8080E+000,  5.2168E+000
  5.35000E+000,  4.9259E+000,  5.2259E+000
  5.36000E+000,  4.6991E+000,  4.7885E+000
  5.37000E+000,  4.8170E+000,  4.9981E+000
  5.38000E+000,  5.1165E+000,  5.2259E+000
  5.39000E+000,  5.3525E+000,  5.4993E+000
  5.40000E+000,  5.4796E+000,  5.6906E+000
  5.41000E+000,  5.6338E+000,  5.8637E+000
  5.42000E+000,  5.9333E+000,  6.0824E+000
  5.43000E+000,  5.7428E+000,  5.9184E+000
  5.44000E+000,  5.8244E+000,  6.0095E+000
  5.45000E+000,  6.3054E+000,  6.3467E+000
  5.46000E+000,  8.9555E+000,  6.6473E+000
  5.47000E+000,  6.7774E+000,  6.4287E+000
  5.48000E+000,  1.3021E+001,  3.8409E+000
  5.49000E+000,  1.1052E+001,  1.3352E+000
  5.50000E+000,  1.0344E+001,  4.6042E-001
  5.51000E+000,  1.1097E+001,  1.1347E+000
  5.52000E+000,  1.2323E+001,  2.7110E+000
  5.53000E+000,  1.3512E+001,  4.4970E+000
  5.54000E+000,  1.4846E+001,  5.4719E+000
  5.55000E+000,  1.4873E+001,  6.8296E+000
  5.56000E+000,  1.4655E+001,  7.0392E+000
  5.57000E+000,  1.4346E+001,  6.6109E+000
  5.58000E+000,  1.4038E+001,  6.0551E+000
  5.59000E+000,  1.3684E+001,  5.6177E+000
  5.60000E+000,  1.3330E+001,  5.1439E+000
  5.61000E+000,  1.2976E+001,  4.6701E+000
  5.62000E+000,  1.2586E+001,  4.1963E+000
  5.63000E+000,  1.2332E+001,  3.8227E+000
  5.64000E+000,  1.2159E+001,  3.5767E+000
  5.65000E+000,  1.2041E+001,  3.3853E+000
  5.66000E+000,  1.1969E+001,  3.2031E+000
  5.67000E+000,  1.1951E+001,  3.0664E+000
  5.68000E+000,  1.1941E+001,  2.9753E+000
  5.69000E+000,  1.1960E+001,  2.9115E+000
  5.70000E+000,  1.1987E+001,  2.8751E+000
  5.71000E+000,  1.1787E+001,  2.5561E+000
  5.72000E+000,  1.1406E+001,  2.1643E+000
  5.73000E+000,  1.1088E+001,  1.8181E+000
  5.74000E+000,  1.0816E+001,  1.5083E+000
  5.75000E+000,  1.0598E+001,  1.2440E+000
  5.76000E+000,  1.0417E+001,  9.7979E-001
  5.77000E+000,  1.0272E+001,  7.2466E-001
  5.78000E+000,  1.0144E+001,  4.7864E-001
  5.79000E+000,  1.0036E+001,  2.0529E-001
  5.80000E+000,  9.9902E+000,  6.8612E-002
  5.81000E+000,  9.9629E+000,  3.2164E-002
  5.82000E+000,  9.9539E+000,  1.3941E-002
  5.83000E+000,  9.9448E+000,  4.8291E-003
  5.84000E+000,  9.9357E+000,  4.8291E-003
  5.85000E+000,  9.9357E+000,  4.8291E-003
  5.86000E+000,  9.9357E+000,  4.8291E-003
  5.87000E+000,  9.9357E+000, -4.2824E-003
  5.88000E+000,  9.9357E+000, -4.2824E-003
  5.89000E+000,  9.9448E+000,  4.8291E-003
  5.90000E+000,  9.9357E+000,  4.8291E-003
  5.91000E+000,  9.9357E+000,  4.8291E-003
  5.92000E+000,  9.9357E+000,  4.8291E-003
  5.93000E+000,  9.9357E+000,  4.8291E-003
  5.94000E+000,  9.9357E+000, -4.2824E-003
  5.95000E+000,  9.9357E+000,  4.8291E-003
  5.96000E+000,  9.9357E+000, -4.2824E-003
  5.97000E+000,  9.9357E+000, -4.2824E-003
  5.98000E+000,  9.9357E+000, -4.2824E-003
  5.99000E+000,  9.9357E+000,  4.8291E-003
  6.00000E+000,  9.9357E+000,  4.8291E-003
  6.01000E+000,  9.9357E+000,  4.8291E-003
  6.02000E+000,  9.9448E+000,  4.8291E-003
  6.03000E+000,  9.9448E+000,  4.8291E-003
  6.04000E+000,  9.9448E+000,  1.3941E-002
  6.05000E+000,  9.9357E+000,  4.8291E-003
  6.06000E+000,  9.9448E+000,  4.8291E-003
  6.07000E+000,  9.9357E+000, -4.2824E-003
  6.08000E+000,  9.9266E+000,  4.8291E-003
  6.09000E+000,  9.9357E+000,  4.8291E-003
  6.10000E+000,  9.9357E+000, -4.2824E-003
  6.11000E+000,  9.9357E+000, -4.2824E-003
  6.12000E+000,  9.9448E+000,  4.8291E-003
  6.13000E+000,  9.9357E+000, -4.2824E-003
  6.14000E+000,  9.9357E+000,  4.8291E-003
  6.15000E+000,  9.9448E+000,  4.8291E-003
  6.16000E+000,  9.9448E+000,  4.8291E-003
  6.17000E+000,  9.9357E+000, -4.2824E-003
  6.18000E+000,  9.9357E+000, -4.2824E-003
  6.19000E+000,  9.9357E+000, -4.2824E-003
  6.20000E+000,  9.9357E+000,  4.8291E-003
  6.21000E+000,  9.9266E+000, -4.2824E-003
  6.22000E+000,  9.9357E+000, -4.2824E-003
  6.23000E+000,  9.9448E+000,  4.8291E-003
  6.24000E+000,  9.9448E+000,  4.8291E-003
  6.25000E+000,  9.9448E+000,  4.8291E-003
  6.26000E+000,  9.9357E+000,  1.3941E-002
  6.27000E+000,  9.9357E+000,  1.3941E-002
  6.28000E+000,  9.9448E+000, -4.2824E-003
  6.29000E+000,  9.9357E+000, -4.2824E-003
  6.30000E+000,  9.9357E+000,  4.8291E-003
  6.31000E+000,  9.9448E+000,  1.3941E-002
  6.32000E+000,  9.9357E+000,  4.8291E-003
  6.33000E+000,  9.9357E+000, -4.2824E-003
  6.34000E+000,  9.9357E+000, -4.2824E-003
  6.35000E+000,  9.9357E+000,  4.8291E-003
  6.36000E+000,  9.9357E+000,  1.3941E-002
  6.37000E+000,  9.9448E+000,  1.3941E-002
  6.38000E+000,  9.9448E+000,  1.3941E-002
  6.39000E+000,  9.9357E+000,  4.8291E-003
  6.40000E+000,  9.9357E+000, -4.2824E-003
  6.41000E+000,  9.9357E+000,  4.8291E-003
  6.42000E+000,  9.9357E+000,  4.8291E-003
  6.43000E+000,  9.9357E+000, -4.2824E-003
  6.44000E+000,  9.9357E+000,  4.8291E-003
  6.45000E+000,  9.9357E+000, -4.2824E-003
  6.46000E+000,  9.9357E+000,  4.8291E-003
  6.47000E+000,  9.9357E+000,  4.8291E-003
  6.48000E+000,  9.9357E+000,  4.8291E-003
  6.49000E+000,  9.9357E+000,  4.8291E-003
  6.50000E+000,  9.9357E+000,  4.8291E-003
  6.51000E+000,  9.9539E+000,  1.3941E-002
  6.52000E+000,  9.9448E+000,  4.8291E-003
  6.53000E+000,  9.9448E+000,  1.3941E-002
  6.54000E+000,  9.9357E+000, -4.2824E-003
  6.55000E+000,  9.9357E+000,  4.8291E-003
  6.56000E+000,  9.9448E+000,  4.8291E-003
  6.57000E+000,  9.9448E+000,  4.8291E-003
  6.58000E+000,  9.9448E+000,  1.3941E-002
  6.59000E+000,  9.9448E+000,  4.8291E-003
  6.60000E+000,  9.9448E+000,  1.3941E-002
  6.61000E+000,  9.9448E+000,  1.3941E-002
  6.62000E+000,  9.9448E+000,  4.8291E-003
  6.63000E+000,  9.9357E+000,  4.8291E-003
  6.64000E+000,  9.9448E+000,  4.8291E-003
  6.65000E+000,  9.9539E+000,  4.8291E-003
  6.66000E+000,  9.9448E+000,  4.8291E-003
  6.67000E+000,  9.9357E+000,  4.8291E-003
  6.68000E+000,  9.9357E+000, -4.2824E-003
  6.69000E+000,  9.9357E+000, -4.2824E-003
  6.70000E+000,  9.9357E+000,  4.8291E-003
  6.71000E+000,  9.9448E+000,  4.8291E-003
  6.72000E+000,  9.9448E+000,  4.8291E-003
  6.73000E+000,  9.9448E+000,  4.8291E-003
  6.74000E+000,  9.9448E+000,  4.8291E-003
  6.75000E+000,  9.9448E+000,  4.8291E-003
  6.76000E+000,  9.9357E+000,  4.8291E-003
  6.77000E+000,  9.9448E+000,  4.8291E-003
  6.78000E+000,  9.9357E+000, -4.2824E-003
  6.79000E+000,  9.9448E+000, -4.2824E-003
  6.80000E+000,  9.9357E+000, -4.2824E-003
  6.81000E+000,  9.9539E+000,  4.8291E-003
  6.82000E+000,  9.9448E+000,  4.8291E-003
  6.83000E+000,  9.9448E+000,  1.3941E-002
  6.84000E+000,  9.9448E+000,  4.8291E-003
  6.85000E+000,  9.9448E+000,  4.8291E-003
  6.86000E+000,  9.9539E+000,  1.3941E-002
  6.87000E+000,  9.9448E+000,  4.8291E-003
  6.88000E+000,  9.9448E+000,  4.8291E-003
  6.89000E+000,  9.9357E+000,  4.8291E-003
  6.90000E+000,  9.9357E+000, -4.2824E-003
  6.91000E+000,  9.9448E+000,  4.8291E-003
  6.92000E+000,  9.9448E+000,  4.8291E-003
  6.93000E+000,  9.9448E+000,  4.8291E-003
  6.94000E+000,  9.9357E+000, -4.2824E-003
  6.95000E+000,  9.9448E+000, -4.2824E-003
  6.96000E+000,  9.9448E+000,  4.8291E-003
  6.97000E+000,  9.9448E+000,  4.8291E-003
  6.98000E+000,  9.9448E+000,  1.3941E-002
  6.99000E+000,  9.9448E+000, -4.2824E-003
  7.00000E+000,  9.9448E+000, -4.2824E-003
  7.01000E+000,  9.9357E+000,  4.8291E-003
  7.02000E+000,  9.9357E+000, -4.2824E-003
  7.03000E+000,  9.9448E+000,  4.8291E-003
  7.04000E+000,  9.9357E+000, -4.2824E-003
  7.05000E+000,  9.9448E+000,  4.8291E-003
  7.06000E+000,  9.9448E+000,  4.8291E-003
  7.07000E+000,  9.9448E+000,  4.8291E-003
  7.08000E+000,  9.9448E+000,  4.8291E-003
  7.09000E+000,  9.9448E+000,  1.3941E-002
  7.10000E+000,  9.9448E+000,  4.8291E-003
  7.11000E+000,  9.9448E+000,  4.8291E-003
  7.12000E+000,  9.9448E+000,  4.8291E-003
  7.13000E+000,  9.9448E+000,  4.8291E-003
  7.14000E+000,  9.9448E+000,  4.8291E-003
  7.15000E+000,  9.9448E+000,  4.8291E-003
  7.16000E+000,  9.9539E+000,  4.8291E-003
  7.17000E+000,  9.9448E+000, -4.2824E-003
  7.18000E+000,  9.9357E+000, -4.2824E-003
  7.19000E+000,  9.9448E+000,  4.8291E-003
  7.20000E+000,  9.9539E+000, -4.2824E-003
  7.21000E+000,  9.9539E+000,  4.8291E-003
  7.22000E+000,  9.9448E+000,  4.8291E-003
  7.23000E+000,  9.9448E+000,  4.8291E-003
  7.24000E+000,  9.9448E+000, -4.2824E-003
  7.25000E+000,  9.9448E+000,  4.8291E-003
  7.26000E+000,  9.9448E+000,  4.8291E-003
  7.27000E+000,  9.9357E+000, -4.2824E-003
  7.28000E+000,  9.9448E+000, -4.2824E-003
  7.29000E+000,  9.9357E+000, -4.2824E-003
  7.30000E+000,  9.9448E+000, -4.2824E-003
  7.31000E+000,  9.9448E+000,  4.8291E-003
  7.32000E+000,  9.9448E+000,  4.8291E-003
  7.33000E+000,  9.9357E+000,  4.8291E-003
  7.34000E+000,  9.9357E+000,  4.8291E-003
  7.35000E+000,  9.9448E+000, -4.2824E-003
  7.36000E+000,  9.9539E+000,  4.8291E-003
  7.37000E+000,  9.9357E+000, -4.2824E-003
  7.38000E+000,  9.9357E+000,  4.8291E-003
  7.39000E+000,  9.9357E+000, -4.2824E-003
  7.40000E+000,  9.9357E+000, -4.2824E-003
  7.41000E+000,  9.9448E+000,  4.8291E-003
  7.42000E+000,  9.9539E+000,  4.8291E-003
  7.43000E+000,  9.9448E+000,  4.8291E-003
  7.44000E+000,  9.9448E+000,  4.8291E-003
  7.45000E+000,  9.9448E+000, -4.2824E-003
  7.46000E+000,  9.9448E+000, -4.2824E-003
  7.47000E+000,  9.9448E+000,  4.8291E-003
  7.48000E+000,  9.9448E+000,  4.8291E-003
  7.49000E+000,  9.9357E+000, -4.2824E-003
  7.50000E+000,  9.9357E+000, -4.2824E-003
  7.51000E+000,  9.9357E+000, -4.2824E-003
  7.52000E+000,  9.9448E+000, -4.2824E-003
  7.53000E+000,  9.9357E+000, -4.2824E-003
  7.54000E+000,  9.9357E+000, -4.2824E-003
  7.55000E+000,  9.9448E+000, -4.2824E-003
  7.56000E+000,  9.9357E+000,  4.8291E-003
  7.57000E+000,  9.9357E+000, -4.2824E-003
  7.58000E+000,  9.9357E+000, -4.2824E-003
  7.59000E+000,  9.9357E+000, -4.2824E-003
  7.60000E+000,  9.9266E+000, -1.3395E-002
  7.61000E+000,  9.9357E+000, -1.3395E-002
  7.62000E+000,  9.9266E+000, -1.3395E-002
  7.63000E+000,  9.9266E+000, -1.3395E-002
  7.64000E+000,  9.9357E+000, -1.3395E-002
  7.65000E+000,  9.9357E+000, -4.2824E-003
  7.66000E+000,  9.9357E+000, -4.2824E-003
  7.67000E+000,  9.9357E+000, -4.2824E-003
  7.68000E+000,  9.9357E+000, -4.2824E-003
  7.69000E+000,  9.9357E+000, -4.2824E-003
  7.70000E+000,  9.9357E+000, -4.2824E-003
  7.71000E+000,  9.9357E+000, -4.2824E-003
  7.72000E+000,  9.9266E+000, -4.2824E-003
  7.73000E+000,  9.9266E+000, -4.2824E-003
  7.74000E+000,  9.9357E+000, -1.3395E-002
  7.75000E+000,  9.9357E+000, -4.2824E-003
  7.76000E+000,  9.9357E+000,  4.8291E-003
  7.77000E+000,  9.9357E+000, -4.2824E-003
  7.78000E+000,  1.0362E+001,  2.0529E-001
  7.79000E+000,  1.0671E+001,  6.1532E-001
  7.80000E+000,  1.0916E+001,  1.0436E+000
  7.81000E+000,  1.1106E+001,  1.2440E+000
  7.82000E+000,  1.1179E+001,  1.3534E+000
  7.83000E+000,  1.1252E+001,  1.4354E+000
  7.84000E+000,  1.1333E+001,  1.5903E+000
  7.85000E+000,  1.1442E+001,  1.7725E+000
  7.86000E+000,  1.1533E+001,  1.9092E+000
  7.87000E+000,  1.1587E+001,  1.9639E+000
  7.88000E+000,  1.1624E+001,  2.0732E+000
  7.89000E+000,  1.1651E+001,  2.0550E+000
  7.90000E+000,  1.1724E+001,  2.1370E+000
  7.91000E+000,  1.1760E+001,  2.1643E+000
  7.92000E+000,  1.1778E+001,  2.2463E+000
  7.93000E+000,  1.1833E+001,  2.2372E+000
  7.94000E+000,  1.1842E+001,  2.2737E+000
  7.95000E+000,  1.1914E+001,  2.2828E+000
  7.96000E+000,  1.1914E+001,  2.2555E+000
  7.97000E+000,  1.1860E+001,  2.2737E+000
  7.98000E+000,  1.1633E+001,  1.9092E+000
  7.99000E+000,  1.0889E+001,  1.0800E+000
  8.00000E+000,  1.0371E+001,  4.9687E-001
  8.01000E+000,  1.0090E+001,  1.6884E-001
  8.02000E+000,  9.9902E+000,  5.9500E-002
  8.03000E+000,  9.9539E+000,  3.2164E-002
  8.04000E+000,  9.9448E+000,  4.8291E-003
  8.05000E+000,  9.9448E+000, -4.2824E-003
  8.06000E+000,  9.9357E+000, -4.2824E-003
  8.07000E+000,  9.9357E+000, -4.2824E-003
  8.08000E+000,  9.9357E+000, -4.2824E-003
  8.09000E+000,  9.9266E+000, -4.2824E-003
  8.10000E+000,  9.9357E+000, -1.3395E-002
  8.11000E+000,  9.9266E+000, -4.2824E-003
  8.12000E+000,  9.9357E+000, -1.3395E-002
  8.13000E+000,  9.9357E+000, -4.2824E-003
  8.14000E+000,  9.9357E+000, -4.2824E-003
  8.15000E+000,  9.9266E+000, -1.3395E-002
  8.16000E+000,  9.9266E+000, -1.3395E-002
  8.17000E+000,  9.9266E+000, -1.3395E-002
  8.18000E+000,  9.9357E+000, -4.2824E-003
  8.19000E+000,  9.9357E+000, -1.3395E-002
  8.20000E+000,  9.9266E+000, -1.3395E-002
  8.21000E+000,  9.9266E+000, -4.2824E-003
  8.22000E+000,  9.9176E+000, -1.3395E-002
  8.23000E+000,  9.9357E+000, -1.3395E-002
  8.24000E+000,  9.9266E+000, -4.2824E-003
  8.25000E+000,  9.9357E+000, -4.2824E-003
  8.26000E+000,  9.9357E+000, -4.2824E-003
  8.27000E+000,  9.9266E+000, -4.2824E-003
  8.28000E+000,  9.9357E+000, -4.2824E-003
  8.29000E+000,  9.9357E+000, -4.2824E-003
  8.30000E+000,  9.9357E+000, -4.2824E-003
  8.31000E+000,  9.9266E+000, -1.3395E-002
  8.32000E+000,  9.9266E+000, -1.3395E-002
  8.33000E+000,  9.9176E+000, -4.2824E-003
  8.34000E+000,  9.9266E+000, -1.3395E-002
  8.35000E+000,  9.9266E+000, -1.3395E-002
  8.36000E+000,  9.9266E+000, -1.3395E-002
  8.37000E+000,  9.9266E+000, -4.2824E-003
  8.38000E+000,  9.9266E+000, -4.2824E-003
  8.39000E+000,  9.9357E+000, -4.2824E-003
  8.40000E+000,  9.9266E+000, -1.3395E-002
  8.41000E+000,  9.9266E+000, -1.3395E-002
  8.42000E+000,  9.9266E+000, -1.3395E-002
  8.43000E+000,  9.9176E+000, -1.3395E-002
  8.44000E+000,  9.9176E+000, -4.2824E-003
  8.45000E+000,  9.9266E+000, -1.3395E-002
  8.46000E+000,  9.9266E+000, -4.2824E-003
  8.47000E+000,  9.9266E+000, -4.2824E-003
  8.48000E+000,  9.9266E+000, -1.3395E-002
  8.49000E+000,  9.9266E+000, -1.3395E-002
  8.50000E+000,  9.9266E+000, -4.2824E-003
  8.51000E+000,  9.9357E+000, -4.2824E-003
  8.52000E+000,  9.9357E+000, -4.2824E-003
  8.53000E+000,  9.9266E+000, -4.2824E-003
  8.54000E+000,  9.9266E+000, -4.2824E-003
  8.55000E+000,  9.9266E+000, -1.3395E-002
  8.56000E+000,  9.9176E+000, -1.3395E-002
  8.57000E+000,  9.9266E+000, -4.2824E-003
  8.58000E+000,  9.9266E+000, -4.2824E-003
  8.59000E+000,  9.9448E+000, -4.2824E-003
  8.60000E+000,  9.9448E+000, -4.2824E-003
  8.61000E+000,  9.9357E+000, -4.2824E-003
  8.62000E+000,  9.9357E+000, -4.2824E-003
  8.63000E+000,  9.9266E+000, -4.2824E-003
  8.64000E+000,  9.9176E+000, -1.3395E-002
  8.65000E+000,  9.9266E+000, -1.3395E-002
  8.66000E+000,  9.9266E+000, -1.3395E-002
  8.67000E+000,  9.9266E+000, -1.3395E-002
  8.68000E+000,  9.9176E+000, -4.2824E-003
  8.69000E+000,  9.9176E+000, -4.2824E-003
  8.70000E+000,  9.9266E+000, -1.3395E-002
  8.71000E+000,  9.9357E+000, -1.3395E-002
  8.72000E+000,  9.9266E+000, -1.3395E-002
  8.73000E+000,  9.9357E+000, -4.2824E-003
  8.74000E+000,  9.9357E+000, -4.2824E-003
  8.75000E+000,  9.9357E+000, -4.2824E-003
  8.76000E+000,  9.9266E+000, -4.2824E-003
  8.77000E+000,  9.9176E+000, -1.3395E-002
  8.78000E+000,  9.9266E+000, -1.3395E-002
  8.79000E+000,  9.9357E+000, -4.2824E-003
  8.80000E+000,  9.9357E+000, -1.3395E-002
  8.81000E+000,  9.9266E+000, -4.2824E-003
  8.82000E+000,  9.9357E+000, -1.3395E-002
  8.83000E+000,  9.9266E+000, -1.3395E-002
  8.84000E+000,  9.9266E+000, -4.2824E-003
  8.85000E+000,  9.9357E+000, -4.2824E-003
  8.86000E+000,  9.9357E+000,  4.8291E-003
  8.87000E+000,  9.9357E+000, -1.3395E-002
  8.88000E+000,  9.9266E+000, -1.3395E-002
  8.89000E+000,  9.9357E+000, -4.2824E-003
  8.90000E+000,  9.9266E+000, -4.2824E-003
  8.91000E+000,  9.9266E+000, -4.2824E-003
  8.92000E+000,  9.9176E+000, -1.3395E-002
  8.93000E+000,  9.9266E+000, -4.2824E-003
  8.94000E+000,  9.9357E+000, -4.2824E-003
  8.95000E+000,  9.9357E+000, -4.2824E-003
  8.96000E+000,  9.9357E+000, -4.2824E-003
  8.97000E+000,  9.9266E+000, -1.3395E-002
  8.98000E+000,  9.9266E+000, -1.3395E-002
  8.99000E+000,  9.9266E+000, -1.3395E-002
  9.00000E+000,  9.9266E+000, -1.3395E-002
  9.01000E+000,  9.9357E+000, -1.3395E-002
  9.02000E+000,  9.9266E+000, -1.3395E-002
  9.03000E+000,  9.9176E+000, -1.3395E-002
  9.04000E+000,  9.9176E+000, -1.3395E-002
  9.05000E+000,  9.9176E+000, -4.2824E-003
  9.06000E+000,  9.9266E+000, -4.2824E-003
  9.07000E+000,  9.9357E+000, -4.2824E-003
  9.08000E+000,  9.9357E+000, -1.3395E-002
  9.09000E+000,  9.9357E+000, -4.2824E-003
  9.10000E+000,  9.9357E+000, -4.2824E-003
  9.11000E+000,  9.9176E+000, -4.2824E-003
  9.12000E+000,  9.9176E+000, -1.3395E-002
  9.13000E+000,  9.9266E+000, -1.3395E-002
  9.14000E+000,  9.9266E+000, -1.3395E-002
  9.15000E+000,  9.9266E+000, -4.2824E-003
  9.16000E+000,  9.9266E+000, -1.3395E-002
  9.17000E+000,  9.9266E+000, -1.3395E-002
  9.18000E+000,  9.9176E+000, -1.3395E-002
  9.19000E+000,  9.9266E+000, -4.2824E-003
  9.20000E+000,  9.9357E+000, -4.2824E-003
  9.21000E+000,  9.9357E+000,  4.8291E-003
  9.22000E+000,  9.9357E+000, -4.2824E-003
  9.23000E+000,  9.9176E+000, -1.3395E-002
  9.24000E+000,  9.9266E+000, -4.2824E-003
  9.25000E+000,  9.9176E+000, -4.2824E-003
  9.26000E+000,  9.9266E+000, -1.3395E-002
  9.27000E+000,  9.9266E+000, -1.3395E-002
  9.28000E+000,  9.9266E+000, -4.2824E-003
  9.29000E+000,  9.9266E+000, -4.2824E-003
  9.30000E+000,  9.9266E+000, -1.3395E-002
  9.31000E+000,  9.9176E+000, -4.2824E-003
  9.32000E+000,  9.9266E+000, -1.3395E-002
  9.33000E+000,  9.9266E+000, -1.3395E-002
  9.34000E+000,  9.9266E+000, -1.3395E-002
  9.35000E+000,  9.9266E+000, -1.3395E-002
  9.36000E+000,  9.9266E+000, -1.3395E-002
  9.37000E+000,  9.9266E+000, -1.3395E-002
  9.38000E+000,  9.9176E+000, -1.3395E-002
  9.39000E+000,  9.9357E+000, -1.3395E-002
  9.40000E+000,  9.9357E+000, -1.3395E-002
  9.41000E+000,  9.9266E+000, -4.2824E-003
  9.42000E+000,  9.9266E+000, -4.2824E-003
  9.43000E+000,  9.9266E+000, -4.2824E-003
  9.44000E+000,  9.9266E+000, -4.2824E-003
  9.45000E+000,  9.9266E+000, -4.2824E-003
  9.46000E+000,  9.9266E+000, -4.2824E-003
  9.47000E+000,  9.9266E+000, -4.2824E-003
  9.48000E+000,  9.9266E+000, -1.3395E-002
  9.49000E+000,  9.9266E+000, -4.2824E-003
  9.50000E+000,  9.9266E+000, -4.2824E-003
  9.51000E+000,  9.9266E+000, -4.2824E-003
  9.52000E+000,  9.9266E+000, -1.3395E-002
  9.53000E+000,  9.9266E+000, -4.2824E-003
  9.54000E+000,  9.9357E+000, -1.3395E-002
  9.55000E+000,  9.9176E+000, -1.3395E-002
  9.56000E+000,  9.9266E+000, -4.2824E-003
  9.57000E+000,  9.9266E+000, -1.3395E-002
  9.58000E+000,  9.9266E+000, -1.3395E-002
  9.59000E+000,  9.9266E+000, -1.3395E-002
  9.60000E+000,  9.9176E+000, -1.3395E-002
  9.61000E+000,  9.9266E+000, -1.3395E-002
  9.62000E+000,  9.9266E+000, -2.2506E-002
  9.63000E+000,  9.9176E+000, -2.2506E-002
  9.64000E+000,  9.9266E+000, -1.3395E-002
  9.65000E+000,  9.9176E+000, -1.3395E-002
  9.66000E+000,  9.9266E+000, -4.2824E-003
  9.67000E+000,  9.9266E+000, -4.2824E-003
  9.68000E+000,  9.9266E+000, -1.3395E-002
  9.69000E+000,  9.9266E+000, -1.3395E-002
  9.70000E+000,  9.9266E+000, -1.3395E-002
  9.71000E+000,  9.9176E+000, -1.3395E-002
  9.72000E+000,  9.9266E+000, -1.3395E-002
  9.73000E+000,  9.9266E+000, -1.3395E-002
  9.74000E+000,  9.9266E+000, -4.2824E-003
  9.75000E+000,  9.9266E+000, -4.2824E-003
  9.76000E+000,  9.9266E+000, -4.2824E-003
  9.77000E+000,  9.9266E+000, -1.3395E-002
  9.78000E+000,  9.9266E+000, -1.3395E-002
  9.79000E+000,  9.9266E+000, -1.3395E-002
  9.80000E+000,  9.9266E+000, -1.3395E-002
  9.81000E+000,  9.9266E+000, -4.2824E-003
  9.82000E+000,  9.9266E+000, -4.2824E-003
  9.83000E+000,  9.9266E+000, -1.3395E-002
  9.84000E+000,  9.9266E+000, -2.2506E-002
  9.85000E+000,  9.9085E+000, -2.2506E-002
  9.86000E+000,  9.9085E+000, -4.2824E-003
  9.87000E+000,  9.9266E+000, -1.3395E-002
  9.88000E+000,  9.9266E+000, -1.3395E-002
  9.89000E+000,  9.9266E+000, -1.3395E-002
  9.90000E+000,  9.9176E+000, -1.3395E-002
  9.91000E+000,  9.9266E+000, -1.3395E-002
  9.92000E+000,  9.9266E+000, -4.2824E-003
  9.93000E+000,  9.9266E+000, -4.2824E-003
  9.94000E+000,  9.9266E+000, -1.3395E-002
  9.95000E+000,  9.9176E+000, -1.3395E-002
  9.96000E+000,  9.9266E+000, -1.3395E-002
  9.97000E+000,  9.9176E+000, -1.3395E-002
  9.98000E+000,  9.9266E+000, -1.3395E-002
  9.99000E+000,  9.9266E+000, -1.3395E-002
  1.00000E+001,  9.9266E+000, -4.2824E-003
  1.00100E+001,  9.9357E+000, -4.2824E-003
  1.00200E+001,  9.9266E+000, -4.2824E-003
  1.00300E+001,  9.9266E+000, -4.2824E-003
  1.00400E+001,  9.9266E+000, -1.3395E-002
  1.00500E+001,  9.9266E+000, -1.3395E-002
  1.00600E+001,  9.9266E+000, -4.2824E-003
  1.00700E+001,  9.9266E+000, -1.3395E-002
  1.00800E+001,  9.9176E+000, -1.3395E-002
  1.00900E+001,  9.9176E+000, -1.3395E-002
  1.01000E+001,  9.9176E+000, -1.3395E-002
  1.01100E+001,  9.9176E+000, -1.3395E-002
  1.01200E+001,  9.9266E+000, -1.3395E-002
  1.01300E+001,  9.9266E+000, -4.2824E-003
  1.01400E+001,  9.9266E+000, -4.2824E-003
  1.01500E+001,  9.9266E+000, -1.3395E-002
  1.01600E+001,  9.9266E+000, -1.3395E-002
  1.01700E+001,  9.9176E+000, -4.2824E-003
  1.01800E+001,  9.9266E+000, -2.2506E-002
  1.01900E+001,  9.9176E+000, -1.3395E-002
  1.02000E+001,  9.9266E+000, -1.3395E-002
  1.02100E+001,  9.9266E+000, -1.3395E-002
  1.02200E+001,  9.9266E+000, -1.3395E-002
  1.02300E+001,  9.9266E+000, -1.3395E-002
  1.02400E+001,  9.9266E+000, -1.3395E-002
  1.02500E+001,  9.9266E+000, -1.3395E-002
  1.02600E+001,  9.9266E+000, -4.2824E-003
  1.02700E+001,  9.9357E+000, -4.2824E-003
  1.02800E+001,  9.9357E+000, -4.2824E-003
  1.02900E+001,  9.9266E+000, -1.3395E-002
  1.03000E+001,  9.9266E+000, -1.3395E-002
  1.03100E+001,  9.9266E+000, -1.3395E-002
  1.03200E+001,  9.9266E+000, -4.2824E-003
  1.03300E+001,  9.9266E+000, -4.2824E-003
  1.03400E+001,  9.9266E+000, -1.3395E-002
  1.03500E+001,  9.9266E+000, -1.3395E-002
  1.03600E+001,  9.9266E+000, -1.3395E-002
  1.03700E+001,  9.9266E+000, -1.3395E-002
  1.03800E+001,  9.9176E+000, -1.3395E-002
  1.03900E+001,  9.9266E+000, -1.3395E-002
  1.04000E+001,  9.9176E+000, -1.3395E-002
  1.04100E+001,  9.9266E+000, -1.3395E-002
  1.04200E+001,  9.9266E+000, -1.3395E-002
  1.04300E+001,  9.9176E+000, -1.3395E-002
  1.04400E+001,  9.9085E+000, -2.2506E-002
  1.04500E+001,  9.9085E+000, -1.3395E-002
  1.04600E+001,  9.9176E+000, -1.3395E-002
  1.04700E+001,  9.9266E+000, -1.3395E-002
  1.04800E+001,  9.9357E+000, -4.2824E-003
  1.04900E+001,  9.9266E+000, -1.3395E-002
  1.05000E+001,  9.9266E+000, -4.2824E-003
  1.05100E+001,  9.9176E+000, -1.3395E-002
  1.05200E+001,  9.9266E+000, -1.3395E-002
  1.05300E+001,  9.9266E+000, -1.3395E-002
  1.05400E+001,  9.9266E+000, -1.3395E-002
  1.05500E+001,  9.9266E+000, -1.3395E-002
  1.05600E+001,  9.9266E+000, -1.3395E-002
  1.05700E+001,  9.9176E+000, -4.2824E-003
  1.05800E+001,  9.9266E+000, -1.3395E-002
  1.05900E+001,  9.9176E+000, -1.3395E-002
  1.06000E+001,  9.9266E+000, -1.3395E-002
  1.06100E+001,  9.9357E+000, -1.3395E-002
  1.06200E+001,  9.9357E+000, -1.3395E-002
  1.06300E+001,  9.9266E+000, -1.3395E-002
  1.06400E+001,  9.9266E+000, -1.3395E-002
  1.06500E+001,  9.9176E+000, -2.2506E-002
  1.06600E+001,  9.9176E+000, -2.2506E-002
  1.06700E+001,  9.9266E+000, -2.2506E-002
  1.06800E+001,  9.9266E+000, -1.3395E-002
  1.06900E+001,  9.9176E+000, -1.3395E-002
  1.07000E+001,  9.9176E+000, -2.2506E-002
  1.07100E+001,  9.9266E+000, -1.3395E-002
  1.07200E+001,  9.9266E+000, -1.3395E-002
  1.07300E+001,  9.9176E+000, -1.3395E-002
  1.07400E+001,  9.9266E+000, -1.3395E-002
  1.07500E+001,  9.9176E+000, -1.3395E-002
  1.07600E+001,  9.9266E+000, -1.3395E-002
  1.07700E+001,  9.9266E+000, -2.2506E-002
  1.07800E+001,  9.9266E+000, -1.3395E-002
  1.07900E+001,  9.9266E+000, -2.2506E-002
  1.08000E+001,  9.9176E+000, -2.2506E-002
  1.08100E+001,  9.9176E+000, -1.3395E-002
  1.08200E+001,  9.9266E+000, -1.3395E-002
  1.08300E+001,  9.9266E+000, -4.2824E-003
  1.08400E+001,  9.9266E+000, -4.2824E-003
  1.08500E+001,  9.9266E+000, -4.2824E-003
  1.08600E+001,  9.9266E+000, -1.3395E-002
  1.08700E+001,  9.9266E+000, -1.3395E-002
  1.08800E+001,  9.9266E+000, -1.3395E-002
  1.08900E+001,  9.9266E+000, -1.3395E-002
  1.09000E+001,  9.9176E+000, -2.2506E-002
  1.09100E+001,  9.9176E+000, -2.2506E-002
  1.09200E+001,  9.9266E+000, -1.3395E-002
  1.09300E+001,  9.9176E+000, -1.3395E-002
  1.09400E+001,  9.9266E+000, -1.3395E-002
  1.09500E+001,  9.9266E+000, -1.3395E-002
  1.09600E+001,  9.9266E+000, -1.3395E-002
  1.09700E+001,  9.9176E+000, -1.3395E-002
  1.09800E+001,  9.9266E+000, -1.3395E-002
  1.09900E+001,  9.9266E+000, -2.2506E-002
  1.10000E+001,  9.9266E+000, -1.3395E-002
  1.10100E+001,  9.9266E+000, -2.2506E-002
  1.10200E+001,  9.9176E+000, -1.3395E-002
  1.10300E+001,  9.9176E+000, -2.2506E-002
  1.10400E+001,  9.9266E+000, -1.3395E-002
  1.10500E+001,  9.9176E+000, -1.3395E-002
  1.10600E+001,  9.9266E+000, -1.3395E-002
  1.10700E+001,  9.9266E+000, -1.3395E-002
  1.10800E+001,  9.9266E+000, -1.3395E-002
  1.10900E+001,  9.9176E+000, -1.3395E-002
  1.11000E+001,  9.9176E+000, -1.3395E-002
  1.11100E+001,  9.9266E+000, -2.2506E-002
  1.11200E+001,  9.9266E+000, -1.3395E-002
  1.11300E+001,  9.9176E+000, -1.3395E-002
  1.11400E+001,  9.9176E+000, -1.3395E-002
  1.11500E+001,  9.9176E+000, -1.3395E-002
  1.11600E+001,  9.9176E+000, -1.3395E-002
  1.11700E+001,  9.9266E+000, -4.2824E-003
  1.11800E+001,  9.9266E+000, -1.3395E-002
  1.11900E+001,  9.9176E+000, -4.2824E-003
  1.12000E+001,  9.9176E+000, -1.3395E-002
  1.12100E+001,  9.9266E+000, -1.3395E-002
  1.12200E+001,  9.9266E+000, -1.3395E-002
  1.12300E+001,  9.9266E+000, -1.3395E-002
  1.12400E+001,  9.9176E+000, -1.3395E-002
  1.12500E+001,  9.9266E+000, -1.3395E-002
  1.12600E+001,  9.9176E+000, -1.3395E-002
  1.12700E+001,  9.9176E+000, -1.3395E-002
  1.12800E+001,  9.9176E+000, -1.3395E-002
  1.12900E+001,  9.9176E+000, -1.3395E-002
  1.13000E+001,  9.9266E+000, -1.3395E-002
  1.13100E+001,  9.9266E+000, -4.2824E-003
  1.13200E+001,  9.9266E+000, -1.3395E-002
  1.13300E+001,  9.9176E+000, -1.3395E-002
  1.13400E+001,  9.9176E+000, -1.3395E-002
  1.13500E+001,  9.9266E+000, -1.3395E-002
  1.13600E+001,  9.9266E+000, -1.3395E-002
  1.13700E+001,  9.9176E+000, -1.3395E-002
  1.13800E+001,  9.9085E+000, -1.3395E-002
  1.13900E+001,  9.9176E+000, -1.3395E-002
  1.14000E+001,  9.9176E+000, -1.3395E-002
  1.14100E+001,  9.9266E+000, -1.3395E-002
  1.14200E+001,  9.9266E+000, -4.2824E-003
  1.14300E+001,  9.9176E+000, -1.3395E-002
  1.14400E+001,  9.9176E+000, -4.2824E-003
  1.14500E+001,  9.9266E+000, -1.3395E-002
  1.14600E+001,  9.9266E+000, -1.3395E-002
  1.14700E+001,  9.9266E+000, -1.3395E-002
  1.14800E+001,  9.9176E+000, -1.3395E-002
  1.14900E+001,  9.9085E+000, -1.3395E-002
  1.15000E+001,  9.9176E+000, -1.3395E-002
  1.15100E+001,  9.9266E+000, -2.2506E-002
  1.15200E+001,  9.9266E+000, -1.3395E-002
  1.15300E+001,  9.9176E+000, -1.3395E-002
  1.15400E+001,  9.9176E+000, -1.3395E-002
  1.15500E+001,  9.9176E+000, -1.3395E-002
  1.15600E+001,  9.9266E+000, -1.3395E-002
  1.15700E+001,  9.9266E+000, -4.2824E-003
  1.15800E+001,  9.9266E+000, -4.2824E-003
  1.15900E+001,  9.9085E+000, -1.3395E-002
  1.16000E+001,  9.9085E+000, -2.2506E-002
  1.16100E+001,  9.9085E+000, -1.3395E-002
  1.16200E+001,  9.9176E+000, -1.3395E-002
  1.16300E+001,  9.9176E+000, -1.3395E-002
  1.16400E+001,  9.9266E+000, -1.3395E-002
  1.16500E+001,  9.9176E+000, -1.3395E-002
  1.16600E+001,  9.9176E+000, -2.2506E-002
  1.16700E+001,  9.9357E+000, -4.2824E-003
  1.16800E+001,  9.9176E+000, -1.3395E-002
  1.16900E+001,  9.9266E+000, -1.3395E-002
  1.17000E+001,  9.9176E+000, -1.3395E-002
  1.17100E+001,  9.9266E+000, -1.3395E-002
  1.17200E+001,  9.9266E+000, -2.2506E-002
  1.17300E+001,  9.9176E+000, -1.3395E-002
  1.17400E+001,  9.9085E+000, -1.3395E-002
  1.17500E+001,  9.9176E+000, -1.3395E-002
  1.17600E+001,  9.9176E+000, -1.3395E-002
  1.17700E+001,  9.9266E+000, -1.3395E-002
  1.17800E+001,  9.9176E+000, -1.3395E-002
  1.17900E+001,  9.9176E+000, -4.2824E-003
  1.18000E+001,  9.9266E+000, -1.3395E-002
  1.18100E+001,  9.9176E+000, -2.2506E-002
  1.18200E+001,  9.9176E+000, -1.3395E-002
  1.18300E+001,  9.9085E+000, -1.3395E-002
  1.18400E+001,  9.9266E+000, -1.3395E-002
  1.18500E+001,  9.9176E+000, -1.3395E-002
  1.18600E+001,  9.9176E+000, -2.2506E-002
  1.18700E+001,  9.9085E+000, -2.2506E-002
  1.18800E+001,  9.9085E+000, -2.2506E-002
  1.18900E+001,  9.9176E+000, -1.3395E-002
  1.19000E+001,  9.9266E+000, -1.3395E-002
  1.19100E+001,  9.9266E+000, -1.3395E-002
  1.19200E+001,  9.9266E+000, -1.3395E-002
  1.19300E+001,  9.9266E+000, -1.3395E-002
  1.19400E+001,  9.9176E+000, -1.3395E-002
  1.19500E+001,  9.9085E+000, -1.3395E-002
  1.19600E+001,  9.9266E+000, -1.3395E-002
  1.19700E+001,  9.9176E+000, -2.2506E-002
  1.19800E+001,  9.9266E+000, -1.3395E-002
  1.19900E+001,  9.9176E+000, -2.2506E-002
  1.20000E+001,  9.9266E+000, -1.3395E-002
  1.20100E+001,  9.9266E+000, -1.3395E-002
  1.20200E+001,  9.9266E+000, -4.2824E-003
  1.20300E+001,  9.9266E+000, -1.3395E-002
  1.20400E+001,  9.9266E+000, -4.2824E-003
  1.20500E+001,  9.9176E+000, -1.3395E-002
  1.20600E+001,  9.9266E+000, -1.3395E-002
  1.20700E+001,  9.9266E+000, -2.2506E-002
  1.20800E+001,  9.9266E+000, -1.3395E-002
  1.20900E+001,  9.9176E+000, -1.3395E-002
  1.21000E+001,  9.9176E+000, -2.2506E-002
  1.21100E+001,  9.9266E+000, -2.2506E-002
  1.21200E+001,  9.9266E+000, -1.3395E-002
  1.21300E+001,  9.9176E+000, -1.3395E-002
  1.21400E+001,  9.9266E+000, -1.3395E-002
  1.21500E+001,  9.9266E+000, -1.3395E-002
  1.21600E+001,  9.9266E+000, -1.3395E-002
  1.21700E+001,  9.9176E+000, -1.3395E-002
  1.21800E+001,  9.9176E+000, -2.2506E-002
  1.21900E+001,  9.9176E+000, -1.3395E-002
  1.22000E+001,  9.9176E+000, -1.3395E-002
  1.22100E+001,  9.9266E+000, -1.3395E-002
  1.22200E+001,  9.9176E+000, -2.2506E-002
  1.22300E+001,  9.9176E+000, -2.2506E-002
  1.22400E+001,  9.9176E+000, -2.2506E-002
  1.22500E+001,  9.9266E+000, -1.3395E-002
  1.22600E+001,  9.9266E+000, -1.3395E-002
  1.22700E+001,  9.9266E+000, -1.3395E-002
  1.22800E+001,  9.9266E+000, -1.3395E-002
  1.22900E+001,  9.9266E+000, -1.3395E-002
  1.23000E+001,  9.9266E+000, -1.3395E-002
  1.23100E+001,  9.9176E+000, -2.2506E-002
  1.23200E+001,  9.9176E+000, -2.2506E-002
  1.23300E+001,  9.9266E+000, -2.2506E-002
  1.23400E+001,  9.9176E+000, -2.2506E-002
  1.23500E+001,  9.9266E+000, -1.3395E-002
  1.23600E+001,  9.9266E+000, -2.2506E-002
  1.23700E+001,  9.9266E+000, -1.3395E-002
  1.23800E+001,  9.9266E+000, -2.2506E-002
  1.23900E+001,  9.9266E+000, -2.2506E-002
  1.24000E+001,  9.9266E+000, -2.2506E-002
  1.24100E+001,  9.9085E+000, -2.2506E-002
  1.24200E+001,  9.9176E+000, -2.2506E-002
  1.24300E+001,  9.9176E+000, -2.2506E-002
  1.24400E+001,  9.9176E+000, -2.2506E-002
  1.24500E+001,  9.9176E+000, -1.3395E-002
  1.24600E+001,  9.9176E+000, -1.3395E-002
  1.24700E+001,  9.9176E+000, -1.3395E-002
  1.24800E+001,  9.9266E+000, -1.3395E-002
  1.24900E+001,  9.9266E+000, -1.3395E-002
  1.25000E+001,  9.9266E+000, -1.3395E-002
  1.25100E+001,  9.9266E+000, -1.3395E-002
  1.25200E+001,  9.9176E+000, -2.2506E-002
  1.25300E+001,  9.9266E+000, -2.2506E-002
  1.25400E+001,  9.9176E+000, -2.2506E-002
  1.25500E+001,  9.9176E+000, -2.2506E-002
  1.25600E+001,  9.9085E+000, -2.2506E-002
  1.25700E+001,  9.9176E+000, -1.3395E-002
  1.25800E+001,  9.9266E+000, -2.2506E-002
  1.25900E+001,  9.9266E+000, -1.3395E-002
  1.26000E+001,  9.9266E+000, -1.3395E-002
  1.26100E+001,  9.9266E+000, -1.3395E-002
  1.26200E+001,  9.9266E+000, -1.3395E-002
  1.26300E+001,  9.9266E+000, -1.3395E-002
  1.26400E+001,  9.9266E+000, -1.3395E-002
  1.26500E+001,  9.9266E+000, -2.2506E-002
  1.26600E+001,  9.9085E+000, -2.2506E-002
  1.26700E+001,  9.9176E+000, -2.2506E-002
  1.26800E+001,  9.9176E+000, -2.2506E-002
  1.26900E+001,  9.9266E+000, -2.2506E-002
  1.27000E+001,  9.9266E+000, -1.3395E-002
  1.27100E+001,  9.9266E+000, -2.2506E-002
  1.27200E+001,  9.9266E+000, -1.3395E-002
  1.27300E+001,  9.9266E+000, -1.3395E-002
  1.27400E+001,  9.9266E+000, -1.3395E-002
  1.27500E+001,  9.9266E+000, -1.3395E-002
  1.27600E+001,  9.9176E+000, -1.3395E-002
  1.27700E+001,  9.9266E+000, -1.3395E-002
  1.27800E+001,  9.9266E+000, -1.3395E-002
  1.27900E+001,  9.9266E+000, -2.2506E-002
  1.28000E+001,  9.9266E+000, -2.2506E-002
  1.28100E+001,  9.9085E+000, -2.2506E-002
  1.28200E+001,  9.9085E+000, -1.3395E-002
  1.28300E+001,  9.9266E+000, -2.2506E-002
  1.28400E+001,  9.9266E+000, -2.2506E-002
  1.28500E+001,  9.9357E+000, -4.2824E-003
  1.28600E+001,  9.9266E+000, -1.3395E-002
  1.28700E+001,  9.9266E+000, -1.3395E-002
  1.28800E+001,  9.9176E+000, -1.3395E-002
  1.28900E+001,  9.9176E+000, -2.2506E-002
  1.29000E+001,  9.9266E+000, -2.2506E-002
  1.29100E+001,  9.9266E+000, -2.2506E-002
  1.29200E+001,  9.9266E+000, -2.2506E-002
  1.29300E+001,  9.9176E+000, -2.2506E-002
  1.29400E+001,  9.9266E+000, -2.2506E-002
  1.29500E+001,  9.9266E+000, -1.3395E-002
  1.29600E+001,  9.9266E+000, -1.3395E-002
  1.29700E+001,  9.9176E+000, -1.3395E-002
  1.29800E+001,  9.9266E+000, -1.3395E-002
  1.29900E+001,  9.9357E+000, -1.3395E-002
  1.30000E+001,  9.9266E+000, -1.3395E-002
  1.30100E+001,  9.9176E+000, -1.3395E-002
  1.30200E+001,  9.9266E+000, -1.3395E-002
  1.30300E+001,  9.9176E+000, -2.2506E-002
  1.30400E+001,  9.9176E+000, -2.2506E-002
  1.30500E+001,  9.9176E+000, -2.2506E-002
  1.30600E+001,  9.9266E+000, -1.3395E-002
  1.30700E+001,  9.9266E+000, -1.3395E-002
  1.30800E+001,  9.9266E+000, -1.3395E-002
  1.30900E+001,  9.9266E+000, -1.3395E-002
  1.31000E+001,  9.9266E+000, -4.2824E-003
  1.31100E+001,  9.9266E+000, -2.2506E-002
  1.31200E+001,  9.9266E+000, -1.3395E-002
  1.31300E+001,  9.9266E+000, -1.3395E-002
  1.31400E+001,  9.9176E+000, -2.2506E-002
  1.31500E+001,  9.9176E+000, -2.2506E-002
  1.31600E+001,  9.9176E+000, -2.2506E-002
  1.31700E+001,  9.9176E+000, -1.3395E-002
  1.31800E+001,  9.9266E+000, -1.3395E-002
  1.31900E+001,  9.9266E+000, -1.3395E-002
  1.32000E+001,  9.9266E+000, -1.3395E-002
