# [Parameters]
# Name = 'firc'
# ShotNo = 101387
# Date = '12/01/2010 21:56'
# 
# DimNo = 1
# DimName = 'Time'
# DimSize = 1311
# DimUnit = 's'
# 
# ValNo = 2
# ValName = 'nL(3669)', 'nL(3759)'
# ValUnit = 'e19m-2', 'e19m-2'
# [Comments]
#  
# [data]
  1.0000E-001,  8.0871E-003,  6.2567E-003
  1.1000E-001, -1.0617E-003,  6.2567E-003
  1.2000E-001,  8.0871E-003,  6.2567E-003
  1.3000E-001, -1.0617E-003, -2.8913E-003
  1.4000E-001, -1.0617E-003, -2.8913E-003
  1.5000E-001, -1.0617E-003, -2.8913E-003
  1.6000E-001, -1.0617E-003, -2.8913E-003
  1.7000E-001, -1.0617E-003, -2.8913E-003
  1.8000E-001, -1.0617E-003,  6.2567E-003
  1.9000E-001, -1.0617E-003,  6.2567E-003
  2.0000E-001, -1.0617E-003,  6.2567E-003
  2.1000E-001,  8.0871E-003,  6.2567E-003
  2.2000E-001, -1.0617E-003,  6.2567E-003
  2.3000E-001, -1.0617E-003,  6.2567E-003
  2.4000E-001, -1.0617E-003,  6.2567E-003
  2.5000E-001, -1.0617E-003,  6.2567E-003
  2.6000E-001, -1.0617E-003,  6.2567E-003
  2.7000E-001, -1.0617E-003,  6.2567E-003
  2.8000E-001, -1.0617E-003, -2.8913E-003
  2.9000E-001, -1.0617E-003,  6.2567E-003
  3.0000E-001,  8.0871E-003,  6.2567E-003
  3.1000E-001,  8.0871E-003,  6.2567E-003
  3.2000E-001, -1.0617E-003,  6.2567E-003
  3.3000E-001, -1.0617E-003, -2.8913E-003
  3.4000E-001, -1.0617E-003,  6.2567E-003
  3.5000E-001, -1.0617E-003,  6.2567E-003
  3.6000E-001, -1.0617E-003,  6.2567E-003
  3.7000E-001, -1.0617E-003,  6.2567E-003
  3.8000E-001, -1.0617E-003, -2.8913E-003
  3.9000E-001, -1.0617E-003, -2.8913E-003
  4.0000E-001, -1.0617E-003, -2.8913E-003
  4.1000E-001, -1.0617E-003, -2.8913E-003
  4.2000E-001, -1.0617E-003,  6.2567E-003
  4.3000E-001, -1.0617E-003, -2.8913E-003
  4.4000E-001, -1.0617E-003,  6.2567E-003
  4.5000E-001, -1.0617E-003,  6.2567E-003
  4.6000E-001, -1.0617E-003,  6.2567E-003
  4.7000E-001, -1.0617E-003,  6.2567E-003
  4.8000E-001, -1.0617E-003,  6.2567E-003
  4.9000E-001, -1.0617E-003,  6.2567E-003
  5.0000E-001,  8.0871E-003,  6.2567E-003
  5.1000E-001, -1.0617E-003,  6.2567E-003
  5.2000E-001, -1.0617E-003, -2.8913E-003
  5.3000E-001, -1.0617E-003, -2.8913E-003
  5.4000E-001, -1.0617E-003,  6.2567E-003
  5.5000E-001, -1.0617E-003,  6.2567E-003
  5.6000E-001,  8.0871E-003,  6.2567E-003
  5.7000E-001, -1.0617E-003,  1.5405E-002
  5.8000E-001, -1.0617E-003,  6.2567E-003
  5.9000E-001, -1.0210E-002,  6.2567E-003
  6.0000E-001, -1.0617E-003, -2.8913E-003
  6.1000E-001, -1.0617E-003, -2.8913E-003
  6.2000E-001, -1.0617E-003, -2.8913E-003
  6.3000E-001, -1.0210E-002, -2.8913E-003
  6.4000E-001, -1.0617E-003, -2.8913E-003
  6.5000E-001, -1.0617E-003,  6.2567E-003
  6.6000E-001, -1.0617E-003,  6.2567E-003
  6.7000E-001, -1.0617E-003,  6.2567E-003
  6.8000E-001, -1.0617E-003, -2.8913E-003
  6.9000E-001, -1.0617E-003,  6.2567E-003
  7.0000E-001, -1.0617E-003,  6.2567E-003
  7.1000E-001, -1.0617E-003,  6.2567E-003
  7.2000E-001, -1.0617E-003, -2.8913E-003
  7.3000E-001, -1.0617E-003, -2.8913E-003
  7.4000E-001, -1.0617E-003,  6.2567E-003
  7.5000E-001, -1.0617E-003,  6.2567E-003
  7.6000E-001, -1.0617E-003, -2.8913E-003
  7.7000E-001, -1.0617E-003,  1.5405E-002
  7.8000E-001, -1.0617E-003,  6.2567E-003
  7.9000E-001, -1.0617E-003,  6.2567E-003
  8.0000E-001, -1.0617E-003,  6.2567E-003
  8.1000E-001,  8.0871E-003,  6.2567E-003
  8.2000E-001, -1.0617E-003,  6.2567E-003
  8.3000E-001, -1.0617E-003,  6.2567E-003
  8.4000E-001, -1.0617E-003, -2.8913E-003
  8.5000E-001, -1.0617E-003,  6.2567E-003
  8.6000E-001, -1.0617E-003,  6.2567E-003
  8.7000E-001, -1.0617E-003,  6.2567E-003
  8.8000E-001, -1.0617E-003, -2.8913E-003
  8.9000E-001, -1.0617E-003,  6.2567E-003
  9.0000E-001, -1.0617E-003,  6.2567E-003
  9.1000E-001,  8.0871E-003,  6.2567E-003
  9.2000E-001, -1.0617E-003, -2.8913E-003
  9.3000E-001, -1.0210E-002,  6.2567E-003
  9.4000E-001, -1.0210E-002, -2.8913E-003
  9.5000E-001, -1.0617E-003, -2.8913E-003
  9.6000E-001, -1.0617E-003, -2.8913E-003
  9.7000E-001, -1.0617E-003, -2.8913E-003
  9.8000E-001, -1.0617E-003,  6.2567E-003
  9.9000E-001, -1.0617E-003,  6.2567E-003
  1.0000E+000, -1.0617E-003,  6.2567E-003
  1.0100E+000,  8.0871E-003,  6.2567E-003
  1.0200E+000, -1.0617E-003,  6.2567E-003
  1.0300E+000, -1.0617E-003,  6.2567E-003
  1.0400E+000, -1.0617E-003,  6.2567E-003
  1.0500E+000, -1.0617E-003, -2.8913E-003
  1.0600E+000, -1.0617E-003,  6.2567E-003
  1.0700E+000, -1.0617E-003, -2.8913E-003
  1.0800E+000, -1.0617E-003, -2.8913E-003
  1.0900E+000,  8.0871E-003,  1.5405E-002
  1.1000E+000, -1.0617E-003, -2.8913E-003
  1.1100E+000, -1.0617E-003,  6.2567E-003
  1.1200E+000, -1.0617E-003,  6.2567E-003
  1.1300E+000,  8.0871E-003,  6.2567E-003
  1.1400E+000, -1.0617E-003,  6.2567E-003
  1.1500E+000, -1.0617E-003, -2.8913E-003
  1.1600E+000, -1.0617E-003,  6.2567E-003
  1.1700E+000, -1.0617E-003,  6.2567E-003
  1.1800E+000, -1.0210E-002, -2.8913E-003
  1.1900E+000, -1.0617E-003, -2.8913E-003
  1.2000E+000, -1.0210E-002,  6.2567E-003
  1.2100E+000, -1.0617E-003,  6.2567E-003
  1.2200E+000,  8.0871E-003,  6.2567E-003
  1.2300E+000, -1.0617E-003,  6.2567E-003
  1.2400E+000, -1.0617E-003,  1.5405E-002
  1.2500E+000, -1.0617E-003,  6.2567E-003
  1.2600E+000, -1.0617E-003,  6.2567E-003
  1.2700E+000, -1.0617E-003,  6.2567E-003
  1.2800E+000, -1.0210E-002, -2.8913E-003
  1.2900E+000, -1.0617E-003,  6.2567E-003
  1.3000E+000, -1.0617E-003, -2.8913E-003
  1.3100E+000, -1.0617E-003,  1.5405E-002
  1.3200E+000, -1.0617E-003,  6.2567E-003
  1.3300E+000, -1.0617E-003,  6.2567E-003
  1.3400E+000,  8.0871E-003,  1.5405E-002
  1.3500E+000, -1.0617E-003,  1.5405E-002
  1.3600E+000, -1.0617E-003,  6.2567E-003
  1.3700E+000, -1.0617E-003, -2.8913E-003
  1.3800E+000, -1.0210E-002,  6.2567E-003
  1.3900E+000, -1.0210E-002, -2.8913E-003
  1.4000E+000, -1.0617E-003,  6.2567E-003
  1.4100E+000, -1.0617E-003,  6.2567E-003
  1.4200E+000, -1.0210E-002,  6.2567E-003
  1.4300E+000, -1.0617E-003, -2.8913E-003
  1.4400E+000, -1.0210E-002,  6.2567E-003
  1.4500E+000, -1.0210E-002,  6.2567E-003
  1.4600E+000, -1.0617E-003,  6.2567E-003
  1.4700E+000, -1.0617E-003,  6.2567E-003
  1.4800E+000, -1.0617E-003,  6.2567E-003
  1.4900E+000, -1.0617E-003,  6.2567E-003
  1.5000E+000, -1.0617E-003,  6.2567E-003
  1.5100E+000,  8.0871E-003,  1.5405E-002
  1.5200E+000,  8.0871E-003,  6.2567E-003
  1.5300E+000, -1.0617E-003,  6.2567E-003
  1.5400E+000, -1.0617E-003,  6.2567E-003
  1.5500E+000, -1.0617E-003,  6.2567E-003
  1.5600E+000, -1.0617E-003,  6.2567E-003
  1.5700E+000, -1.0617E-003,  1.5405E-002
  1.5800E+000, -1.0617E-003,  1.5405E-002
  1.5900E+000,  8.0871E-003,  6.2567E-003
  1.6000E+000, -1.0617E-003,  6.2567E-003
  1.6100E+000, -1.0617E-003,  6.2567E-003
  1.6200E+000, -1.0617E-003,  6.2567E-003
  1.6300E+000, -1.0617E-003,  6.2567E-003
  1.6400E+000, -1.0617E-003,  6.2567E-003
  1.6500E+000, -1.0210E-002,  6.2567E-003
  1.6600E+000, -1.0617E-003,  6.2567E-003
  1.6700E+000, -1.0617E-003,  6.2567E-003
  1.6800E+000, -1.0617E-003,  6.2567E-003
  1.6900E+000, -1.0617E-003,  1.5405E-002
  1.7000E+000, -1.0617E-003,  6.2567E-003
  1.7100E+000, -1.0617E-003,  6.2567E-003
  1.7200E+000, -1.0617E-003,  6.2567E-003
  1.7300E+000, -1.0617E-003,  6.2567E-003
  1.7400E+000, -1.0210E-002,  6.2567E-003
  1.7500E+000, -1.0210E-002,  6.2567E-003
  1.7600E+000, -1.0617E-003,  6.2567E-003
  1.7700E+000, -1.0210E-002, -2.8913E-003
  1.7800E+000, -1.0617E-003,  6.2567E-003
  1.7900E+000, -1.0617E-003,  6.2567E-003
  1.8000E+000,  8.0871E-003,  6.2567E-003
  1.8100E+000, -1.0617E-003,  1.5405E-002
  1.8200E+000, -1.0617E-003,  1.5405E-002
  1.8300E+000, -1.0617E-003,  6.2567E-003
  1.8400E+000, -1.0617E-003,  6.2567E-003
  1.8500E+000, -1.0617E-003,  1.5405E-002
  1.8600E+000, -1.0617E-003,  6.2567E-003
  1.8700E+000, -1.0210E-002,  6.2567E-003
  1.8800E+000, -1.0617E-003,  6.2567E-003
  1.8900E+000, -1.0210E-002,  6.2567E-003
  1.9000E+000, -1.0617E-003,  6.2567E-003
  1.9100E+000, -1.0617E-003,  6.2567E-003
  1.9200E+000, -1.0617E-003,  6.2567E-003
  1.9300E+000, -1.0617E-003, -2.8913E-003
  1.9400E+000, -1.0210E-002,  6.2567E-003
  1.9500E+000, -1.0617E-003,  6.2567E-003
  1.9600E+000, -1.0617E-003,  6.2567E-003
  1.9700E+000, -1.0210E-002,  6.2567E-003
  1.9800E+000, -1.0210E-002,  6.2567E-003
  1.9900E+000, -1.0617E-003, -2.8913E-003
  2.0000E+000, -1.0617E-003,  6.2567E-003
  2.0100E+000, -1.0617E-003,  6.2567E-003
  2.0200E+000, -1.0617E-003,  6.2567E-003
  2.0300E+000, -1.0617E-003,  6.2567E-003
  2.0400E+000, -1.0617E-003,  6.2567E-003
  2.0500E+000, -1.0617E-003,  6.2567E-003
  2.0600E+000,  8.0871E-003,  6.2567E-003
  2.0700E+000, -1.0617E-003,  6.2567E-003
  2.0800E+000, -1.0617E-003,  6.2567E-003
  2.0900E+000, -1.0617E-003, -2.8913E-003
  2.1000E+000, -1.0617E-003,  6.2567E-003
  2.1100E+000, -1.0617E-003,  6.2567E-003
  2.1200E+000, -1.0617E-003,  6.2567E-003
  2.1300E+000, -1.0617E-003,  6.2567E-003
  2.1400E+000, -1.0617E-003,  6.2567E-003
  2.1500E+000, -1.0617E-003,  6.2567E-003
  2.1600E+000, -1.0617E-003,  6.2567E-003
  2.1700E+000, -1.0617E-003,  6.2567E-003
  2.1800E+000, -1.0617E-003,  6.2567E-003
  2.1900E+000, -1.0617E-003, -2.8913E-003
  2.2000E+000, -1.0617E-003,  6.2567E-003
  2.2100E+000,  8.0871E-003,  6.2567E-003
  2.2200E+000, -1.0617E-003,  6.2567E-003
  2.2300E+000, -1.0210E-002, -2.8913E-003
  2.2400E+000, -1.0210E-002, -2.8913E-003
  2.2500E+000, -1.0210E-002,  6.2567E-003
  2.2600E+000, -1.0617E-003,  6.2567E-003
  2.2700E+000, -1.0617E-003,  6.2567E-003
  2.2800E+000, -1.0617E-003,  6.2567E-003
  2.2900E+000, -1.0617E-003,  6.2567E-003
  2.3000E+000, -1.0617E-003,  6.2567E-003
  2.3100E+000, -1.0617E-003,  6.2567E-003
  2.3200E+000, -1.0617E-003,  6.2567E-003
  2.3300E+000, -1.0617E-003,  6.2567E-003
  2.3400E+000, -1.0617E-003,  1.5405E-002
  2.3500E+000, -1.0617E-003, -2.8913E-003
  2.3600E+000, -1.0617E-003, -2.8913E-003
  2.3700E+000, -1.0617E-003,  6.2567E-003
  2.3800E+000, -1.0617E-003,  6.2567E-003
  2.3900E+000, -1.0617E-003,  6.2567E-003
  2.4000E+000, -1.0617E-003,  6.2567E-003
  2.4100E+000, -1.0617E-003,  6.2567E-003
  2.4200E+000, -1.0617E-003,  6.2567E-003
  2.4300E+000, -1.0617E-003, -2.8913E-003
  2.4400E+000, -1.0617E-003, -2.8913E-003
  2.4500E+000, -1.0617E-003,  6.2567E-003
  2.4600E+000, -1.0617E-003, -2.8913E-003
  2.4700E+000, -1.0617E-003,  6.2567E-003
  2.4800E+000, -1.0617E-003,  6.2567E-003
  2.4900E+000, -1.0617E-003,  6.2567E-003
  2.5000E+000, -1.0617E-003,  6.2567E-003
  2.5100E+000, -1.0617E-003, -2.8913E-003
  2.5200E+000, -1.0617E-003, -2.8913E-003
  2.5300E+000, -1.0617E-003, -2.8913E-003
  2.5400E+000,  8.0871E-003,  6.2567E-003
  2.5500E+000, -1.0617E-003,  6.2567E-003
  2.5600E+000,  8.0871E-003,  6.2567E-003
  2.5700E+000,  8.0871E-003,  6.2567E-003
  2.5800E+000, -1.0617E-003, -2.8913E-003
  2.5900E+000,  8.0871E-003,  6.2567E-003
  2.6000E+000, -1.0617E-003,  6.2567E-003
  2.6100E+000,  8.0871E-003,  6.2567E-003
  2.6200E+000,  8.0871E-003,  6.2567E-003
  2.6300E+000,  8.0871E-003,  6.2567E-003
  2.6400E+000,  8.0871E-003,  6.2567E-003
  2.6500E+000, -1.0617E-003,  6.2567E-003
  2.6600E+000, -1.0617E-003, -2.8913E-003
  2.6700E+000, -1.0617E-003, -2.8913E-003
  2.6800E+000, -1.0617E-003, -2.8913E-003
  2.6900E+000, -1.0617E-003, -2.8913E-003
  2.7000E+000, -1.0617E-003, -2.8913E-003
  2.7100E+000,  8.0871E-003,  6.2567E-003
  2.7200E+000, -1.0617E-003,  6.2567E-003
  2.7300E+000, -1.0617E-003,  6.2567E-003
  2.7400E+000, -1.0617E-003, -2.8913E-003
  2.7500E+000, -1.0617E-003,  6.2567E-003
  2.7600E+000, -1.0617E-003,  6.2567E-003
  2.7700E+000,  8.0871E-003,  6.2567E-003
  2.7800E+000, -1.0617E-003, -2.8913E-003
  2.7900E+000,  8.0871E-003,  6.2567E-003
  2.8000E+000, -1.0617E-003,  6.2567E-003
  2.8100E+000, -1.0617E-003,  6.2567E-003
  2.8200E+000, -1.0617E-003, -2.8913E-003
  2.8300E+000, -1.0617E-003, -2.8913E-003
  2.8400E+000, -1.0617E-003,  6.2567E-003
  2.8500E+000,  8.0871E-003,  6.2567E-003
  2.8600E+000,  8.0871E-003,  1.5405E-002
  2.8700E+000, -1.0617E-003,  1.5405E-002
  2.8800E+000, -1.0617E-003,  6.2567E-003
  2.8900E+000,  8.0871E-003, -2.8913E-003
  2.9000E+000, -1.0617E-003,  6.2567E-003
  2.9100E+000,  8.0871E-003, -2.8913E-003
  2.9200E+000, -1.0617E-003,  6.2567E-003
  2.9300E+000, -1.0617E-003,  6.2567E-003
  2.9400E+000, -1.0617E-003, -2.8913E-003
  2.9500E+000, -1.0617E-003,  6.2567E-003
  2.9600E+000,  8.0871E-003,  6.2567E-003
  2.9700E+000, -1.0617E-003,  6.2567E-003
  2.9800E+000, -1.0617E-003,  6.2567E-003
  2.9900E+000, -1.0617E-003,  6.2567E-003
  3.0000E+000, -1.0617E-003,  6.2567E-003
  3.0100E+000, -1.0617E-003,  6.2567E-003
  3.0200E+000, -1.0617E-003,  6.2567E-003
  3.0300E+000, -1.0617E-003, -2.8913E-003
  3.0400E+000, -1.0617E-003,  6.2567E-003
  3.0500E+000, -1.0617E-003,  6.2567E-003
  3.0600E+000, -1.0617E-003,  6.2567E-003
  3.0700E+000,  8.0871E-003,  6.2567E-003
  3.0800E+000,  8.0871E-003,  6.2567E-003
  3.0900E+000, -1.0617E-003,  6.2567E-003
  3.1000E+000, -1.0617E-003,  6.2567E-003
  3.1100E+000,  4.0146E-001,  3.9048E-001
  3.1200E+000,  6.6676E-001,  6.4664E-001
  3.1300E+000,  8.4973E-001,  8.2960E-001
  3.1400E+000,  1.0876E+000,  1.0766E+000
  3.1500E+000,  1.0784E+000,  1.0675E+000
  3.1600E+000,  1.1699E+000,  1.1772E+000
  3.1700E+000,  1.3071E+000,  1.2962E+000
  3.1800E+000,  1.3895E+000,  1.3968E+000
  3.1900E+000,  1.4901E+000,  1.4974E+000
  3.2000E+000,  1.5816E+000,  1.5889E+000
  3.2100E+000,  1.6548E+000,  1.6529E+000
  3.2200E+000,  1.7280E+000,  1.7261E+000
  3.2300E+000,  1.7829E+000,  1.7902E+000
  3.2400E+000,  1.8286E+000,  1.8359E+000
  3.2500E+000,  1.8743E+000,  1.8908E+000
  3.2600E+000,  1.9201E+000,  1.9365E+000
  3.2700E+000,  1.9658E+000,  1.9823E+000
  3.2800E+000,  2.0024E+000,  2.0280E+000
  3.2900E+000,  2.0482E+000,  2.0738E+000
  3.3000E+000,  2.0756E+000,  2.1012E+000
  3.3100E+000,  2.1305E+000,  2.1561E+000
  3.3200E+000,  2.2128E+000,  2.2384E+000
  3.3300E+000,  2.3409E+000,  2.3665E+000
  3.3400E+000,  2.4781E+000,  2.5129E+000
  3.3500E+000,  2.6336E+000,  2.6593E+000
  3.3600E+000,  2.7709E+000,  2.7873E+000
  3.3700E+000,  2.8989E+000,  2.9246E+000
  3.3800E+000,  3.0087E+000,  3.0435E+000
  3.3900E+000,  3.1276E+000,  3.1624E+000
  3.4000E+000,  3.2283E+000,  3.2630E+000
  3.4100E+000,  3.3289E+000,  3.3545E+000
  3.4200E+000,  3.4387E+000,  3.4735E+000
  3.4300E+000,  3.5485E+000,  3.5741E+000
  3.4400E+000,  3.6582E+000,  3.6930E+000
  3.4500E+000,  3.7406E+000,  3.7845E+000
  3.4600E+000,  3.8321E+000,  3.8760E+000
  3.4700E+000,  3.8961E+000,  3.9583E+000
  3.4800E+000,  3.9784E+000,  4.0315E+000
  3.4900E+000,  4.0516E+000,  4.1047E+000
  3.5000E+000,  4.1248E+000,  4.1779E+000
  3.5100E+000,  4.4999E+000,  4.5347E+000
  3.5200E+000,  5.1677E+000,  5.1110E+000
  3.5300E+000,  5.5428E+000,  5.5135E+000
  3.5400E+000,  5.7349E+000,  5.6965E+000
  3.5500E+000,  5.8172E+000,  5.7788E+000
  3.5600E+000,  5.8904E+000,  5.8520E+000
  3.5700E+000,  5.9270E+000,  5.9069E+000
  3.5800E+000,  5.9636E+000,  5.9526E+000
  3.5900E+000,  5.9911E+000,  5.9709E+000
  3.6000E+000,  6.0094E+000,  6.0167E+000
  3.6100E+000,  6.0368E+000,  6.0350E+000
  3.6200E+000,  6.0825E+000,  6.0807E+000
  3.6300E+000,  6.0917E+000,  6.0990E+000
  3.6400E+000,  6.1191E+000,  6.1356E+000
  3.6500E+000,  6.1374E+000,  6.1447E+000
  3.6600E+000,  6.1557E+000,  6.1813E+000
  3.6700E+000,  6.1923E+000,  6.1996E+000
  3.6800E+000,  6.2015E+000,  6.2179E+000
  3.6900E+000,  6.2289E+000,  6.2362E+000
  3.7000E+000,  6.2564E+000,  6.2728E+000
  3.7100E+000,  6.2838E+000,  6.2820E+000
  3.7200E+000,  6.3021E+000,  6.3277E+000
  3.7300E+000,  6.3295E+000,  6.3369E+000
  3.7400E+000,  6.3570E+000,  6.3643E+000
  3.7500E+000,  6.3661E+000,  6.3826E+000
  3.7600E+000,  6.3936E+000,  6.4100E+000
  3.7700E+000,  6.4210E+000,  6.4283E+000
  3.7800E+000,  6.4302E+000,  6.4466E+000
  3.7900E+000,  6.4668E+000,  6.4924E+000
  3.8000E+000,  6.4942E+000,  6.5015E+000
  3.8100E+000,  6.5217E+000,  6.5290E+000
  3.8200E+000,  6.5400E+000,  6.5564E+000
  3.8300E+000,  6.5583E+000,  6.5656E+000
  3.8400E+000,  6.5857E+000,  6.6022E+000
  3.8500E+000,  6.6040E+000,  6.6205E+000
  3.8600E+000,  6.6314E+000,  6.6479E+000
  3.8700E+000,  6.6497E+000,  6.6753E+000
  3.8800E+000,  6.6772E+000,  6.6936E+000
  3.8900E+000,  6.6863E+000,  6.7119E+000
  3.9000E+000,  6.7229E+000,  6.7302E+000
  3.9100E+000,  6.7412E+000,  6.7577E+000
  3.9200E+000,  6.7687E+000,  6.7851E+000
  3.9300E+000,  6.7961E+000,  6.8034E+000
  3.9400E+000,  6.8144E+000,  6.8217E+000
  3.9500E+000,  6.8418E+000,  6.8583E+000
  3.9600E+000,  6.8601E+000,  6.8949E+000
  3.9700E+000,  6.8876E+000,  6.9224E+000
  3.9800E+000,  6.9242E+000,  6.9224E+000
  3.9900E+000,  6.9333E+000,  6.9498E+000
  4.0000E+000,  6.9791E+000,  6.9864E+000
  4.0100E+000,  6.9882E+000,  7.0047E+000
  4.0200E+000,  7.0340E+000,  7.0321E+000
  4.0300E+000,  7.0523E+000,  7.0687E+000
  4.0400E+000,  7.0797E+000,  7.0962E+000
  4.0500E+000,  7.1071E+000,  7.1236E+000
  4.0600E+000,  7.1437E+000,  7.1511E+000
  4.0700E+000,  7.1712E+000,  7.1785E+000
  4.0800E+000,  7.1895E+000,  7.1968E+000
  4.0900E+000,  7.2261E+000,  7.2334E+000
  4.1000E+000,  7.2444E+000,  7.2700E+000
  4.1100E+000,  7.2810E+000,  7.2883E+000
  4.1200E+000,  7.3176E+000,  7.3249E+000
  4.1300E+000,  7.3633E+000,  7.3523E+000
  4.1400E+000,  7.3633E+000,  7.3706E+000
  4.1500E+000,  7.3999E+000,  7.3981E+000
  4.1600E+000,  7.4182E+000,  7.4347E+000
  4.1700E+000,  7.4456E+000,  7.4530E+000
  4.1800E+000,  7.4731E+000,  7.5078E+000
  4.1900E+000,  7.5005E+000,  7.5261E+000
  4.2000E+000,  7.5280E+000,  7.5444E+000
  4.2100E+000,  7.5463E+000,  7.5719E+000
  4.2200E+000,  7.5554E+000,  7.5810E+000
  4.2300E+000,  7.6012E+000,  7.6268E+000
  4.2400E+000,  7.6195E+000,  7.6817E+000
  4.2500E+000,  7.6652E+000,  7.6725E+000
  4.2600E+000,  7.6926E+000,  7.7091E+000
  4.2700E+000,  7.7292E+000,  7.7457E+000
  4.2800E+000,  7.7384E+000,  7.7823E+000
  4.2900E+000,  7.7841E+000,  7.7914E+000
  4.3000E+000,  7.8024E+000,  7.8280E+000
  4.3100E+000,  7.8299E+000,  7.8646E+000
  4.3200E+000,  7.8573E+000,  7.8921E+000
  4.3300E+000,  7.8939E+000,  7.9470E+000
  4.3400E+000,  7.9213E+000,  7.9470E+000
  4.3500E+000,  7.9488E+000,  7.9744E+000
  4.3600E+000,  7.9762E+000,  8.0110E+000
  4.3700E+000,  8.0037E+000,  8.0476E+000
  4.3800E+000,  8.0403E+000,  8.0750E+000
  4.3900E+000,  8.0586E+000,  8.0933E+000
  4.4000E+000,  8.0952E+000,  8.1025E+000
  4.4100E+000,  8.1135E+000,  8.1574E+000
  4.4200E+000,  8.1318E+000,  8.1757E+000
  4.4300E+000,  8.1775E+000,  8.2123E+000
  4.4400E+000,  8.2049E+000,  8.2306E+000
  4.4500E+000,  8.2598E+000,  8.2580E+000
  4.4600E+000,  8.2781E+000,  8.3403E+000
  4.4700E+000,  8.2781E+000,  8.3403E+000
  4.4800E+000,  8.3147E+000,  8.3586E+000
  4.4900E+000,  8.3330E+000,  8.3769E+000
  4.5000E+000,  8.3696E+000,  8.4044E+000
  4.5100E+000,  8.4245E+000,  8.4318E+000
  4.5200E+000,  8.4428E+000,  8.4593E+000
  4.5300E+000,  8.5068E+000,  8.5690E+000
  4.5400E+000,  8.5068E+000,  8.5507E+000
  4.5500E+000,  8.4977E+000,  8.5690E+000
  4.5600E+000,  8.5251E+000,  8.5873E+000
  4.5700E+000,  8.5617E+000,  8.6331E+000
  4.5800E+000,  8.6166E+000,  8.6880E+000
  4.5900E+000,  8.6806E+000,  8.7795E+000
  4.6000E+000,  8.7447E+000,  8.8435E+000
  4.6100E+000,  8.7172E+000,  8.8069E+000
  4.6200E+000,  8.7355E+000,  8.8435E+000
  4.6300E+000,  8.9002E+000,  8.9441E+000
  4.6400E+000,  8.8362E+000,  8.9807E+000
  4.6500E+000,  8.8911E+000,  8.9899E+000
  4.6600E+000,  8.9277E+000,  9.0722E+000
  4.6700E+000,  9.0008E+000,  9.1362E+000
  4.6800E+000,  9.0374E+000,  9.1911E+000
  4.6900E+000,  9.0923E+000,  9.1454E+000
  4.7000E+000,  9.1381E+000,  9.3466E+000
  4.7100E+000,  9.1472E+000,  9.3466E+000
  4.7200E+000,  9.2570E+000,  9.4381E+000
  4.7300E+000,  9.3027E+000,  9.5113E+000
  4.7400E+000,  9.2936E+000,  9.6668E+000
  4.7500E+000,  9.4217E+000,  9.6668E+000
  4.7600E+000,  9.5772E+000,  9.7126E+000
  4.7700E+000,  9.6046E+000,  9.8955E+000
  4.7800E+000,  9.6870E+000,  9.9687E+000
  4.7900E+000,  9.8059E+000,  1.0014E+001
  4.8000E+000,  9.7327E+000,  1.0170E+001
  4.8100E+000,  9.9980E+000,  1.0225E+001
  4.8200E+000,  9.9889E+000,  1.0426E+001
  4.8300E+000,  1.0300E+001,  1.0344E+001
  4.8400E+000,  1.0227E+001,  1.0737E+001
  4.8500E+000,  1.0510E+001,  1.0774E+001
  4.8600E+000,  1.0519E+001,  1.0948E+001
  4.8700E+000,  1.0684E+001,  1.0783E+001
  4.8800E+000,  1.0931E+001,  1.0838E+001
  4.8900E+000,  1.0785E+001,  1.0911E+001
  4.9000E+000,  1.0254E+001,  1.0417E+001
  4.9100E+000,  1.0035E+001,  1.0252E+001
  4.9200E+000,  1.0181E+001,  1.0307E+001
  4.9300E+000,  1.0282E+001,  1.0573E+001
  4.9400E+000,  1.0382E+001,  1.0682E+001
  4.9500E+000,  1.0410E+001,  1.0518E+001
  4.9600E+000,  1.0455E+001,  1.0627E+001
  4.9700E+000,  1.0538E+001,  1.0682E+001
  4.9800E+000,  1.0611E+001,  1.0719E+001
  4.9900E+000,  1.0492E+001,  1.0673E+001
  5.0000E+000,  1.0583E+001,  1.0801E+001
  5.0100E+000,  1.0629E+001,  1.0774E+001
  5.0200E+000,  1.0611E+001,  1.0792E+001
  5.0300E+000,  1.0638E+001,  1.0957E+001
  5.0400E+000,  1.0657E+001,  1.0984E+001
  5.0500E+000,  1.0849E+001,  1.1039E+001
  5.0600E+000,  1.0876E+001,  1.1030E+001
  5.0700E+000,  1.0949E+001,  1.0975E+001
  5.0800E+000,  1.0904E+001,  1.1021E+001
  5.0900E+000,  1.0986E+001,  1.1204E+001
  5.1000E+000,  1.1023E+001,  1.1195E+001
  5.1100E+000,  1.0977E+001,  1.1378E+001
  5.1200E+000,  1.1224E+001,  1.1368E+001
  5.1300E+000,  1.1096E+001,  1.1414E+001
  5.1400E+000,  1.1270E+001,  1.1487E+001
  5.1500E+000,  1.1187E+001,  1.1359E+001
  5.1600E+000,  1.1325E+001,  1.1643E+001
  5.1700E+000,  1.1306E+001,  1.1478E+001
  5.1800E+000,  1.1352E+001,  1.1652E+001
  5.1900E+000,  1.1443E+001,  1.1606E+001
  5.2000E+000,  1.1480E+001,  1.1679E+001
  5.2100E+000,  1.1572E+001,  1.1798E+001
  5.2200E+000,  1.1782E+001,  1.1844E+001
  5.2300E+000,  1.1736E+001,  1.1954E+001
  5.2400E+000,  1.1919E+001,  1.1990E+001
  5.2500E+000,  1.1782E+001,  1.2192E+001
  5.2600E+000,  1.1956E+001,  1.2055E+001
  5.2700E+000,  1.1855E+001,  1.2146E+001
  5.2800E+000,  1.2294E+001,  1.2228E+001
  5.2900E+000,  1.2248E+001,  1.2347E+001
  5.3000E+000,  1.2239E+001,  1.2420E+001
  5.3100E+000,  1.2248E+001,  1.2759E+001
  5.3200E+000,  1.2322E+001,  1.2539E+001
  5.3300E+000,  1.2422E+001,  1.2530E+001
  5.3400E+000,  1.2596E+001,  1.2905E+001
  5.3500E+000,  1.2697E+001,  1.3061E+001
  5.3600E+000,  1.2761E+001,  1.2869E+001
  5.3700E+000,  1.2880E+001,  1.3024E+001
  5.3800E+000,  1.2935E+001,  1.3079E+001
  5.3900E+000,  1.3008E+001,  1.3015E+001
  5.4000E+000,  1.2770E+001,  1.2997E+001
  5.4100E+000,  1.3035E+001,  1.3134E+001
  5.4200E+000,  1.2788E+001,  1.2768E+001
  5.4300E+000,  1.2999E+001,  1.3253E+001
  5.4400E+000,  1.3337E+001,  1.3445E+001
  5.4500E+000,  1.3374E+001,  1.3262E+001
  5.4600E+000,  1.3365E+001,  1.3591E+001
  5.4700E+000,  1.3557E+001,  1.3482E+001
  5.4800E+000,  1.3063E+001,  1.3244E+001
  5.4900E+000,  1.3529E+001,  1.3527E+001
  5.5000E+000,  1.3657E+001,  1.3720E+001
  5.5100E+000,  1.3447E+001,  1.3573E+001
  5.5200E+000,  1.3886E+001,  1.3802E+001
  5.5300E+000,  1.3676E+001,  1.3774E+001
  5.5400E+000,  1.3767E+001,  1.3619E+001
  5.5500E+000,  1.3429E+001,  1.3518E+001
  5.5600E+000,  1.3749E+001,  1.3747E+001
  5.5700E+000,  1.3657E+001,  1.3619E+001
  5.5800E+000,  1.3996E+001,  1.4058E+001
  5.5900E+000,  1.4078E+001,  1.4241E+001
  5.6000E+000,  1.4087E+001,  1.3939E+001
  5.6100E+000,  1.4069E+001,  1.3848E+001
  5.6200E+000,  1.3685E+001,  1.3902E+001
  5.6300E+000,  1.4032E+001,  1.3994E+001
  5.6400E+000,  1.4426E+001,  1.4259E+001
  5.6500E+000,  1.4526E+001,  1.4332E+001
  5.6600E+000,  1.4481E+001,  1.4323E+001
  5.6700E+000,  1.4462E+001,  1.4387E+001
  5.6800E+000,  1.4407E+001,  1.4259E+001
  5.6900E+000,  1.4609E+001,  1.4424E+001
  5.7000E+000,  1.4444E+001,  1.4177E+001
  5.7100E+000,  1.4755E+001,  1.4515E+001
  5.7200E+000,  1.5578E+001,  1.4744E+001
  5.7300E+000,  1.5414E+001,  1.4964E+001
  5.7400E+000,  1.5066E+001,  1.4616E+001
  5.7500E+000,  1.5295E+001,  1.4643E+001
  5.7600E+000,  1.5972E+001,  1.4982E+001
  5.7700E+000,  1.4719E+001,  1.4479E+001
  5.7800E+000,  1.5606E+001,  1.4918E+001
  5.7900E+000,  1.4947E+001,  1.4570E+001
  5.8000E+000,  1.5331E+001,  1.4909E+001
  5.8100E+000,  1.5533E+001,  1.4744E+001
  5.8200E+000,  1.5825E+001,  1.5284E+001
  5.8300E+000,  1.5487E+001,  1.5284E+001
  5.8400E+000,  1.6018E+001,  1.5128E+001
  5.8500E+000,  1.5423E+001,  1.4973E+001
  5.8600E+000,  1.5505E+001,  1.5101E+001
  5.8700E+000,  1.5203E+001,  1.4845E+001
  5.8800E+000,  1.5432E+001,  1.4964E+001
  5.8900E+000,  1.5286E+001,  1.5256E+001
  5.9000E+000,  1.5853E+001,  1.5174E+001
  5.9100E+000,  1.8588E+001,  1.5375E+001
  5.9200E+000,  1.9229E+001,  1.5696E+001
  5.9300E+000,  1.8671E+001,  1.5449E+001
  5.9400E+000,  1.8442E+001,  1.5192E+001
  5.9500E+000,  1.8506E+001,  1.5119E+001
  5.9600E+000,  1.8451E+001,  1.5320E+001
  5.9700E+000,  1.8140E+001,  1.5238E+001
  5.9800E+000,  1.9311E+001,  1.5430E+001
  5.9900E+000,  1.9366E+001,  1.5449E+001
  6.0000E+000,  1.9503E+001,  1.5467E+001
  6.0100E+000,  1.9604E+001,  1.5412E+001
  6.0200E+000,  2.0491E+001,  1.5906E+001
  6.0300E+000,  1.9137E+001,  1.5256E+001
  6.0400E+000,  1.9192E+001,  1.5357E+001
  6.0500E+000,  1.9247E+001,  1.5266E+001
  6.0600E+000,  1.9924E+001,  1.5357E+001
  6.0700E+000,  1.9128E+001,  1.5073E+001
  6.0800E+000,  1.9091E+001,  1.5238E+001
  6.0900E+000,  1.8899E+001,  1.4772E+001
  6.1000E+000,  1.8451E+001,  1.4918E+001
  6.1100E+000,  1.8286E+001,  1.4625E+001
  6.1200E+000,  1.8213E+001,  1.4570E+001
  6.1300E+000,  1.8030E+001,  1.4323E+001
  6.1400E+000,  1.7628E+001,  1.4214E+001
  6.1500E+000,  1.7628E+001,  1.4278E+001
  6.1600E+000,  1.7683E+001,  1.4296E+001
  6.1700E+000,  1.7408E+001,  1.3692E+001
  6.1800E+000,  1.7015E+001,  1.3994E+001
  6.1900E+000,  1.7262E+001,  1.3591E+001
  6.2000E+000,  1.6621E+001,  1.3399E+001
  6.2100E+000,  1.6585E+001,  1.3372E+001
  6.2200E+000,  1.6731E+001,  1.3189E+001
  6.2300E+000,  1.6219E+001,  1.2988E+001
  6.2400E+000,  1.6228E+001,  1.2887E+001
  6.2500E+000,  1.6008E+001,  1.2539E+001
  6.2600E+000,  1.6356E+001,  1.2430E+001
  6.2700E+000,  1.5972E+001,  1.2475E+001
  6.2800E+000,  1.5578E+001,  1.2183E+001
  6.2900E+000,  1.5569E+001,  1.2292E+001
  6.3000E+000,  1.5405E+001,  1.2027E+001
  6.3100E+000,  1.5258E+001,  1.1899E+001
  6.3200E+000,  1.5139E+001,  1.1826E+001
  6.3300E+000,  1.5130E+001,  1.1670E+001
  6.3400E+000,  1.4947E+001,  1.1588E+001
  6.3500E+000,  1.4947E+001,  1.1442E+001
  6.3600E+000,  1.4975E+001,  1.1798E+001
  6.3700E+000,  1.5002E+001,  1.2036E+001
  6.3800E+000,  1.4892E+001,  1.1734E+001
  6.3900E+000,  1.4673E+001,  1.1661E+001
  6.4000E+000,  1.4810E+001,  1.1588E+001
  6.4100E+000,  1.4737E+001,  1.1542E+001
  6.4200E+000,  1.4572E+001,  1.1524E+001
  6.4300E+000,  1.4499E+001,  1.1423E+001
  6.4400E+000,  1.4398E+001,  1.1405E+001
  6.4500E+000,  1.4490E+001,  1.1350E+001
  6.4600E+000,  1.4234E+001,  1.1067E+001
  6.4700E+000,  1.4197E+001,  1.1103E+001
  6.4800E+000,  1.4087E+001,  1.0957E+001
  6.4900E+000,  1.3996E+001,  1.0810E+001
  6.5000E+000,  1.4087E+001,  1.0856E+001
  6.5100E+000,  1.3877E+001,  1.0691E+001
  6.5200E+000,  1.3676E+001,  1.0481E+001
  6.5300E+000,  1.3575E+001,  1.0289E+001
  6.5400E+000,  1.3612E+001,  1.0362E+001
  6.5500E+000,  1.3365E+001,  1.0124E+001
  6.5600E+000,  1.3383E+001,  1.0060E+001
  6.5700E+000,  1.3182E+001,  9.8772E+000
  6.5800E+000,  1.3054E+001,  9.8224E+000
  6.5900E+000,  1.2971E+001,  9.6211E+000
  6.6000E+000,  1.2843E+001,  9.5113E+000
  6.6100E+000,  1.2779E+001,  9.3924E+000
  6.6200E+000,  1.2688E+001,  9.2826E+000
  6.6300E+000,  1.2614E+001,  9.2003E+000
  6.6400E+000,  1.2459E+001,  9.0356E+000
  6.6500E+000,  1.2459E+001,  9.0173E+000
  6.6600E+000,  1.2303E+001,  8.8160E+000
  6.6700E+000,  1.2276E+001,  8.7977E+000
  6.6800E+000,  1.2194E+001,  8.6880E+000
  6.6900E+000,  1.2111E+001,  8.5873E+000
  6.7000E+000,  1.2029E+001,  8.4959E+000
  6.7100E+000,  1.1974E+001,  8.4135E+000
  6.7200E+000,  1.1937E+001,  8.3495E+000
  6.7300E+000,  1.1873E+001,  8.3037E+000
  6.7400E+000,  1.1828E+001,  8.2580E+000
  6.7500E+000,  1.1773E+001,  8.1757E+000
  6.7600E+000,  1.1736E+001,  8.1116E+000
  6.7700E+000,  1.1690E+001,  8.0659E+000
  6.7800E+000,  1.1626E+001,  8.0201E+000
  6.7900E+000,  1.1590E+001,  7.9653E+000
  6.8000E+000,  1.1544E+001,  7.9104E+000
  6.8100E+000,  1.1498E+001,  7.8829E+000
  6.8200E+000,  1.1453E+001,  7.8463E+000
  6.8300E+000,  1.1416E+001,  7.7731E+000
  6.8400E+000,  1.1370E+001,  7.7365E+000
  6.8500E+000,  1.1352E+001,  7.7000E+000
  6.8600E+000,  1.1306E+001,  7.6542E+000
  6.8700E+000,  1.1279E+001,  7.6176E+000
  6.8800E+000,  1.1242E+001,  7.5810E+000
  6.8900E+000,  1.1206E+001,  7.5261E+000
  6.9000E+000,  1.1160E+001,  7.5078E+000
  6.9100E+000,  1.1132E+001,  7.4530E+000
  6.9200E+000,  1.1077E+001,  7.4072E+000
  6.9300E+000,  1.1059E+001,  7.3981E+000
  6.9400E+000,  1.1032E+001,  7.3523E+000
  6.9500E+000,  1.1004E+001,  7.3157E+000
  6.9600E+000,  1.0968E+001,  7.2883E+000
  6.9700E+000,  1.0949E+001,  7.2425E+000
  6.9800E+000,  1.0913E+001,  7.2334E+000
  6.9900E+000,  1.0867E+001,  7.1877E+000
  7.0000E+000,  1.0849E+001,  7.1511E+000
  7.0100E+000,  1.0821E+001,  7.1419E+000
  7.0200E+000,  1.0803E+001,  7.1053E+000
  7.0300E+000,  1.0776E+001,  7.0779E+000
  7.0400E+000,  1.0757E+001,  7.0687E+000
  7.0500E+000,  1.0712E+001,  7.0321E+000
  7.0600E+000,  1.0712E+001,  7.0047E+000
  7.0700E+000,  1.0675E+001,  6.9772E+000
  7.0800E+000,  1.0638E+001,  6.9589E+000
  7.0900E+000,  1.0638E+001,  6.9498E+000
  7.1000E+000,  1.0593E+001,  6.9132E+000
  7.1100E+000,  1.0583E+001,  6.8858E+000
  7.1200E+000,  1.0547E+001,  6.8583E+000
  7.1300E+000,  1.0529E+001,  6.8309E+000
  7.1400E+000,  1.0510E+001,  6.8034E+000
  7.1500E+000,  1.0492E+001,  6.7943E+000
  7.1600E+000,  1.0474E+001,  6.7668E+000
  7.1700E+000,  1.0446E+001,  6.7485E+000
  7.1800E+000,  1.0437E+001,  6.7302E+000
  7.1900E+000,  1.0419E+001,  6.7028E+000
  7.2000E+000,  1.0391E+001,  6.6936E+000
  7.2100E+000,  1.0382E+001,  6.6662E+000
  7.2200E+000,  1.0391E+001,  6.6753E+000
  7.2300E+000,  1.0401E+001,  6.7028E+000
  7.2400E+000,  1.0401E+001,  6.7302E+000
  7.2500E+000,  1.0419E+001,  6.7668E+000
  7.2600E+000,  1.0437E+001,  6.7943E+000
  7.2700E+000,  1.0428E+001,  6.8126E+000
  7.2800E+000,  1.0437E+001,  6.8309E+000
  7.2900E+000,  1.0465E+001,  6.8400E+000
  7.3000E+000,  1.0465E+001,  6.8492E+000
  7.3100E+000,  1.0492E+001,  6.9132E+000
  7.3200E+000,  1.0574E+001,  7.0870E+000
  7.3300E+000,  1.0730E+001,  7.3066E+000
  7.3400E+000,  1.1068E+001,  7.3889E+000
  7.3500E+000,  1.0291E+001,  6.5107E+000
  7.3600E+000,  1.0803E+001,  6.9589E+000
  7.3700E+000,  1.1206E+001,  7.3249E+000
  7.3800E+000,  1.1544E+001,  7.7640E+000
  7.3900E+000,  1.1736E+001,  8.0110E+000
  7.4000E+000,  1.1864E+001,  8.1299E+000
  7.4100E+000,  1.2541E+001,  8.8069E+000
  7.4200E+000,  1.3502E+001,  9.0448E+000
  7.4300E+000,  1.4554E+001,  9.6302E+000
  7.4400E+000,  1.5139E+001,  1.1606E+001
  7.4500E+000,  5.2318E+000,  9.2460E+000
  7.4600E+000,  2.4049E+000,  5.3306E+000
  7.4700E+000,  1.9292E+000,  4.7451E+000
  7.4800E+000,  1.8835E+000,  4.7085E+000
  7.4900E+000,  1.8743E+000,  4.6993E+000
  7.5000E+000,  1.8652E+000,  4.6993E+000
  7.5100E+000,  1.8652E+000,  4.6902E+000
  7.5200E+000,  1.8652E+000,  4.6902E+000
  7.5300E+000,  1.8652E+000,  4.6902E+000
  7.5400E+000,  1.8743E+000,  4.6993E+000
  7.5500E+000,  1.8743E+000,  4.6993E+000
  7.5600E+000,  1.8743E+000,  4.6902E+000
  7.5700E+000,  1.8652E+000,  4.6810E+000
  7.5800E+000,  1.8652E+000,  4.6810E+000
  7.5900E+000,  1.8652E+000,  4.6902E+000
  7.6000E+000,  1.8652E+000,  4.6902E+000
  7.6100E+000,  1.8652E+000,  4.6902E+000
  7.6200E+000,  1.8652E+000,  4.6810E+000
  7.6300E+000,  1.8560E+000,  4.6810E+000
  7.6400E+000,  1.8652E+000,  4.6902E+000
  7.6500E+000,  1.8652E+000,  4.6902E+000
  7.6600E+000,  1.8652E+000,  4.6902E+000
  7.6700E+000,  1.8652E+000,  4.6902E+000
  7.6800E+000,  1.8652E+000,  4.6902E+000
  7.6900E+000,  1.8560E+000,  4.6902E+000
  7.7000E+000,  1.8652E+000,  4.6902E+000
  7.7100E+000,  1.8743E+000,  4.6902E+000
  7.7200E+000,  1.8743E+000,  4.6993E+000
  7.7300E+000,  1.8743E+000,  4.6902E+000
  7.7400E+000,  1.8743E+000,  4.6902E+000
  7.7500E+000,  1.8743E+000,  4.6993E+000
  7.7600E+000,  1.8652E+000,  4.6902E+000
  7.7700E+000,  1.8743E+000,  4.6902E+000
  7.7800E+000,  1.8743E+000,  4.6993E+000
  7.7900E+000,  1.8652E+000,  4.6902E+000
  7.8000E+000,  1.8652E+000,  4.6902E+000
  7.8100E+000,  1.8652E+000,  4.6902E+000
  7.8200E+000,  1.8652E+000,  4.6902E+000
  7.8300E+000,  1.8652E+000,  4.6993E+000
  7.8400E+000,  1.8743E+000,  4.6902E+000
  7.8500E+000,  1.8743E+000,  4.6902E+000
  7.8600E+000,  1.8743E+000,  4.6993E+000
  7.8700E+000,  1.8652E+000,  4.6810E+000
  7.8800E+000,  1.8560E+000,  4.6810E+000
  7.8900E+000,  1.8560E+000,  4.6902E+000
  7.9000E+000,  1.8560E+000,  4.6902E+000
  7.9100E+000,  1.8652E+000,  4.6810E+000
  7.9200E+000,  1.8652E+000,  4.6902E+000
  7.9300E+000,  1.8743E+000,  4.6902E+000
  7.9400E+000,  1.8652E+000,  4.6902E+000
  7.9500E+000,  1.8743E+000,  4.6993E+000
  7.9600E+000,  1.8652E+000,  4.6902E+000
  7.9700E+000,  1.8652E+000,  4.6993E+000
  7.9800E+000,  1.8743E+000,  4.6902E+000
  7.9900E+000,  1.8652E+000,  4.6902E+000
  8.0000E+000,  1.8652E+000,  4.6902E+000
  8.0100E+000,  1.8652E+000,  4.6902E+000
  8.0200E+000,  1.8652E+000,  4.6902E+000
  8.0300E+000,  1.8652E+000,  4.6993E+000
  8.0400E+000,  1.8743E+000,  4.6993E+000
  8.0500E+000,  1.8743E+000,  4.6902E+000
  8.0600E+000,  1.8743E+000,  4.6993E+000
  8.0700E+000,  1.8743E+000,  4.6902E+000
  8.0800E+000,  1.8560E+000,  4.6902E+000
  8.0900E+000,  1.8652E+000,  4.6993E+000
  8.1000E+000,  1.8652E+000,  4.6902E+000
  8.1100E+000,  1.8652E+000,  4.6902E+000
  8.1200E+000,  1.8652E+000,  4.6902E+000
  8.1300E+000,  1.8652E+000,  4.6902E+000
  8.1400E+000,  1.8652E+000,  4.6902E+000
  8.1500E+000,  1.8560E+000,  4.6902E+000
  8.1600E+000,  1.8652E+000,  4.6902E+000
  8.1700E+000,  1.8743E+000,  4.6902E+000
  8.1800E+000,  1.8652E+000,  4.6902E+000
  8.1900E+000,  1.8743E+000,  4.6902E+000
  8.2000E+000,  1.8652E+000,  4.6902E+000
  8.2100E+000,  1.8743E+000,  4.6902E+000
  8.2200E+000,  1.8652E+000,  4.6902E+000
  8.2300E+000,  1.8652E+000,  4.6810E+000
  8.2400E+000,  1.8652E+000,  4.6993E+000
  8.2500E+000,  1.8743E+000,  4.6902E+000
  8.2600E+000,  1.8743E+000,  4.6993E+000
  8.2700E+000,  1.8743E+000,  4.6902E+000
  8.2800E+000,  1.8743E+000,  4.6902E+000
  8.2900E+000,  1.8743E+000,  4.6902E+000
  8.3000E+000,  1.8652E+000,  4.6993E+000
  8.3100E+000,  1.8652E+000,  4.6902E+000
  8.3200E+000,  1.8743E+000,  4.6993E+000
  8.3300E+000,  1.8835E+000,  4.6902E+000
  8.3400E+000,  1.8652E+000,  4.6902E+000
  8.3500E+000,  1.8652E+000,  4.6902E+000
  8.3600E+000,  1.8652E+000,  4.6810E+000
  8.3700E+000,  1.8652E+000,  4.6810E+000
  8.3800E+000,  1.8652E+000,  4.6810E+000
  8.3900E+000,  1.8743E+000,  4.6902E+000
  8.4000E+000,  1.8743E+000,  4.6902E+000
  8.4100E+000,  1.8652E+000,  4.6902E+000
  8.4200E+000,  1.8652E+000,  4.6902E+000
  8.4300E+000,  1.8652E+000,  4.6902E+000
  8.4400E+000,  1.8743E+000,  4.6993E+000
  8.4500E+000,  1.8743E+000,  4.6993E+000
  8.4600E+000,  1.8743E+000,  4.6902E+000
  8.4700E+000,  1.8743E+000,  4.6993E+000
  8.4800E+000,  1.8652E+000,  4.6993E+000
  8.4900E+000,  1.8743E+000,  4.6993E+000
  8.5000E+000,  1.8652E+000,  4.6993E+000
  8.5100E+000,  1.8652E+000,  4.6993E+000
  8.5200E+000,  1.8743E+000,  4.6993E+000
  8.5300E+000,  1.8743E+000,  4.6993E+000
  8.5400E+000,  1.8743E+000,  4.7085E+000
  8.5500E+000,  1.8743E+000,  4.6993E+000
  8.5600E+000,  1.8743E+000,  4.6993E+000
  8.5700E+000,  1.8743E+000,  4.6993E+000
  8.5800E+000,  1.8743E+000,  4.6993E+000
  8.5900E+000,  1.8743E+000,  4.6993E+000
  8.6000E+000,  1.8743E+000,  4.6902E+000
  8.6100E+000,  1.8743E+000,  4.6993E+000
  8.6200E+000,  1.8652E+000,  4.6902E+000
  8.6300E+000,  1.8652E+000,  4.6993E+000
  8.6400E+000,  1.8652E+000,  4.6993E+000
  8.6500E+000,  1.8652E+000,  4.6902E+000
  8.6600E+000,  1.8743E+000,  4.6902E+000
  8.6700E+000,  1.8743E+000,  4.6993E+000
  8.6800E+000,  1.8835E+000,  4.6993E+000
  8.6900E+000,  1.8743E+000,  4.6993E+000
  8.7000E+000,  1.8652E+000,  4.6902E+000
  8.7100E+000,  1.8652E+000,  4.6902E+000
  8.7200E+000,  1.8743E+000,  4.6993E+000
  8.7300E+000,  1.8743E+000,  4.6993E+000
  8.7400E+000,  1.8835E+000,  4.6993E+000
  8.7500E+000,  1.8743E+000,  4.6993E+000
  8.7600E+000,  1.8743E+000,  4.6993E+000
  8.7700E+000,  1.8652E+000,  4.6993E+000
  8.7800E+000,  1.8652E+000,  4.6993E+000
  8.7900E+000,  1.8743E+000,  4.6993E+000
  8.8000E+000,  1.8743E+000,  4.6993E+000
  8.8100E+000,  1.8743E+000,  4.6902E+000
  8.8200E+000,  1.8835E+000,  4.6993E+000
  8.8300E+000,  1.8743E+000,  4.6902E+000
  8.8400E+000,  1.8743E+000,  4.6993E+000
  8.8500E+000,  1.8652E+000,  4.6993E+000
  8.8600E+000,  1.8743E+000,  4.6902E+000
  8.8700E+000,  1.8743E+000,  4.6902E+000
  8.8800E+000,  1.8743E+000,  4.6902E+000
  8.8900E+000,  1.8743E+000,  4.6993E+000
  8.9000E+000,  1.8743E+000,  4.6993E+000
  8.9100E+000,  1.8652E+000,  4.6993E+000
  8.9200E+000,  1.8652E+000,  4.6993E+000
  8.9300E+000,  1.8743E+000,  4.6902E+000
  8.9400E+000,  1.8835E+000,  4.6993E+000
  8.9500E+000,  1.8743E+000,  4.6993E+000
  8.9600E+000,  1.8743E+000,  4.6993E+000
  8.9700E+000,  1.8743E+000,  4.6902E+000
  8.9800E+000,  1.8652E+000,  4.6993E+000
  8.9900E+000,  1.8743E+000,  4.6902E+000
  9.0000E+000,  1.8743E+000,  4.6993E+000
  9.0100E+000,  1.8743E+000,  4.6993E+000
  9.0200E+000,  1.8835E+000,  4.6993E+000
  9.0300E+000,  1.8835E+000,  4.6993E+000
  9.0400E+000,  1.8835E+000,  4.6993E+000
  9.0500E+000,  1.8743E+000,  4.6993E+000
  9.0600E+000,  1.8743E+000,  4.6902E+000
  9.0700E+000,  1.8743E+000,  4.6993E+000
  9.0800E+000,  1.8743E+000,  4.6902E+000
  9.0900E+000,  1.8743E+000,  4.6902E+000
  9.1000E+000,  1.8743E+000,  4.6993E+000
  9.1100E+000,  1.8743E+000,  4.6902E+000
  9.1200E+000,  1.8743E+000,  4.6902E+000
  9.1300E+000,  1.8743E+000,  4.6993E+000
  9.1400E+000,  1.8835E+000,  4.6902E+000
  9.1500E+000,  1.8743E+000,  4.6902E+000
  9.1600E+000,  1.8743E+000,  4.6993E+000
  9.1700E+000,  1.8743E+000,  4.6902E+000
  9.1800E+000,  1.8743E+000,  4.6902E+000
  9.1900E+000,  1.8652E+000,  4.6902E+000
  9.2000E+000,  1.8652E+000,  4.6902E+000
  9.2100E+000,  1.8743E+000,  4.6902E+000
  9.2200E+000,  1.8743E+000,  4.6902E+000
  9.2300E+000,  1.8743E+000,  4.6902E+000
  9.2400E+000,  1.8743E+000,  4.6993E+000
  9.2500E+000,  1.8743E+000,  4.6902E+000
  9.2600E+000,  1.8743E+000,  4.6902E+000
  9.2700E+000,  1.8743E+000,  4.6902E+000
  9.2800E+000,  1.8835E+000,  4.6902E+000
  9.2900E+000,  1.8835E+000,  4.6993E+000
  9.3000E+000,  1.8743E+000,  4.6902E+000
  9.3100E+000,  1.8743E+000,  4.6902E+000
  9.3200E+000,  1.8743E+000,  4.6902E+000
  9.3300E+000,  1.8743E+000,  4.6902E+000
  9.3400E+000,  1.8743E+000,  4.6902E+000
  9.3500E+000,  1.8743E+000,  4.6902E+000
  9.3600E+000,  1.8743E+000,  4.6902E+000
  9.3700E+000,  1.8743E+000,  4.6810E+000
  9.3800E+000,  1.8743E+000,  4.6902E+000
  9.3900E+000,  1.8652E+000,  4.6810E+000
  9.4000E+000,  1.8652E+000,  4.6810E+000
  9.4100E+000,  1.8652E+000,  4.6810E+000
  9.4200E+000,  1.8743E+000,  4.6810E+000
  9.4300E+000,  1.8743E+000,  4.6902E+000
  9.4400E+000,  1.8743E+000,  4.6902E+000
  9.4500E+000,  1.8743E+000,  4.6810E+000
  9.4600E+000,  1.8743E+000,  4.6810E+000
  9.4700E+000,  1.8652E+000,  4.6810E+000
  9.4800E+000,  1.8743E+000,  4.6902E+000
  9.4900E+000,  1.8743E+000,  4.6902E+000
  9.5000E+000,  1.8835E+000,  4.6902E+000
  9.5100E+000,  1.8743E+000,  4.6902E+000
  9.5200E+000,  1.8652E+000,  4.6902E+000
  9.5300E+000,  1.8743E+000,  4.6902E+000
  9.5400E+000,  1.8835E+000,  4.6902E+000
  9.5500E+000,  1.8743E+000,  4.6902E+000
  9.5600E+000,  1.8835E+000,  4.6902E+000
  9.5700E+000,  1.8743E+000,  4.6902E+000
  9.5800E+000,  1.8743E+000,  4.6902E+000
  9.5900E+000,  1.8743E+000,  4.6902E+000
  9.6000E+000,  1.8743E+000,  4.6902E+000
  9.6100E+000,  1.8743E+000,  4.6810E+000
  9.6200E+000,  1.8652E+000,  4.6810E+000
  9.6300E+000,  1.8835E+000,  4.6902E+000
  9.6400E+000,  1.8743E+000,  4.6902E+000
  9.6500E+000,  1.8743E+000,  4.6902E+000
  9.6600E+000,  1.8743E+000,  4.6810E+000
  9.6700E+000,  1.8743E+000,  4.6810E+000
  9.6800E+000,  1.8743E+000,  4.6902E+000
  9.6900E+000,  1.8743E+000,  4.6902E+000
  9.7000E+000,  1.8652E+000,  4.6810E+000
  9.7100E+000,  1.8743E+000,  4.6902E+000
  9.7200E+000,  1.8652E+000,  4.6902E+000
  9.7300E+000,  1.8743E+000,  4.6993E+000
  9.7400E+000,  1.8652E+000,  4.6902E+000
  9.7500E+000,  1.8743E+000,  4.6902E+000
  9.7600E+000,  1.8743E+000,  4.6902E+000
  9.7700E+000,  1.8835E+000,  4.6993E+000
  9.7800E+000,  1.8835E+000,  4.6993E+000
  9.7900E+000,  1.8743E+000,  4.6993E+000
  9.8000E+000,  1.8652E+000,  4.6902E+000
  9.8100E+000,  1.8652E+000,  4.6902E+000
  9.8200E+000,  1.8743E+000,  4.6902E+000
  9.8300E+000,  1.8835E+000,  4.6993E+000
  9.8400E+000,  1.8835E+000,  4.6902E+000
  9.8500E+000,  1.8743E+000,  4.6902E+000
  9.8600E+000,  1.8743E+000,  4.6902E+000
  9.8700E+000,  1.8652E+000,  4.6902E+000
  9.8800E+000,  1.8743E+000,  4.6902E+000
  9.8900E+000,  1.8743E+000,  4.6902E+000
  9.9000E+000,  1.8743E+000,  4.6902E+000
  9.9100E+000,  1.8743E+000,  4.6902E+000
  9.9200E+000,  1.8743E+000,  4.6902E+000
  9.9300E+000,  1.8743E+000,  4.6902E+000
  9.9400E+000,  1.8743E+000,  4.6993E+000
  9.9500E+000,  1.8743E+000,  4.6902E+000
  9.9600E+000,  1.8743E+000,  4.6902E+000
  9.9700E+000,  1.8743E+000,  4.6902E+000
  9.9800E+000,  1.8743E+000,  4.6902E+000
  9.9900E+000,  1.8743E+000,  4.6993E+000
  1.0000E+001,  1.8743E+000,  4.6902E+000
  1.0010E+001,  1.8743E+000,  4.6993E+000
  1.0020E+001,  1.8743E+000,  4.6993E+000
  1.0030E+001,  1.8835E+000,  4.6993E+000
  1.0040E+001,  1.8835E+000,  4.6993E+000
  1.0050E+001,  1.8835E+000,  4.6993E+000
  1.0060E+001,  1.8835E+000,  4.6902E+000
  1.0070E+001,  1.8743E+000,  4.6902E+000
  1.0080E+001,  1.8743E+000,  4.6902E+000
  1.0090E+001,  1.8743E+000,  4.6902E+000
  1.0100E+001,  1.8743E+000,  4.6993E+000
  1.0110E+001,  1.8835E+000,  4.6993E+000
  1.0120E+001,  1.8835E+000,  4.6993E+000
  1.0130E+001,  1.8835E+000,  4.6993E+000
  1.0140E+001,  1.8835E+000,  4.6902E+000
  1.0150E+001,  1.8743E+000,  4.6902E+000
  1.0160E+001,  1.8652E+000,  4.6902E+000
  1.0170E+001,  1.8743E+000,  4.6902E+000
  1.0180E+001,  1.8743E+000,  4.6902E+000
  1.0190E+001,  1.8743E+000,  4.6902E+000
  1.0200E+001,  1.8743E+000,  4.6810E+000
  1.0210E+001,  1.8652E+000,  4.6902E+000
  1.0220E+001,  1.8652E+000,  4.6810E+000
  1.0230E+001,  1.8743E+000,  4.6902E+000
  1.0240E+001,  1.8743E+000,  4.6993E+000
  1.0250E+001,  1.8835E+000,  4.6993E+000
  1.0260E+001,  1.8835E+000,  4.6993E+000
  1.0270E+001,  1.8743E+000,  4.6902E+000
  1.0280E+001,  1.8835E+000,  4.6993E+000
  1.0290E+001,  1.8743E+000,  4.6993E+000
  1.0300E+001,  1.8743E+000,  4.6993E+000
  1.0310E+001,  1.8743E+000,  4.6993E+000
  1.0320E+001,  1.8835E+000,  4.6902E+000
  1.0330E+001,  1.8835E+000,  4.6993E+000
  1.0340E+001,  1.8835E+000,  4.6993E+000
  1.0350E+001,  1.8743E+000,  4.6993E+000
  1.0360E+001,  1.8743E+000,  4.6902E+000
  1.0370E+001,  1.8743E+000,  4.6902E+000
  1.0380E+001,  1.8835E+000,  4.6993E+000
  1.0390E+001,  1.8835E+000,  4.6993E+000
  1.0400E+001,  1.8743E+000,  4.6902E+000
  1.0410E+001,  1.8743E+000,  4.6902E+000
  1.0420E+001,  1.8652E+000,  4.6902E+000
  1.0430E+001,  1.8835E+000,  4.6993E+000
  1.0440E+001,  1.8743E+000,  4.6993E+000
  1.0450E+001,  1.8743E+000,  4.6993E+000
  1.0460E+001,  1.8743E+000,  4.6902E+000
  1.0470E+001,  1.8743E+000,  4.6902E+000
  1.0480E+001,  1.8743E+000,  4.6993E+000
  1.0490E+001,  1.8743E+000,  4.6902E+000
  1.0500E+001,  1.8835E+000,  4.6902E+000
  1.0510E+001,  1.8743E+000,  4.6993E+000
  1.0520E+001,  1.8743E+000,  4.6993E+000
  1.0530E+001,  1.8835E+000,  4.6993E+000
  1.0540E+001,  1.8835E+000,  4.6993E+000
  1.0550E+001,  1.8835E+000,  4.6993E+000
  1.0560E+001,  1.8743E+000,  4.6993E+000
  1.0570E+001,  1.8743E+000,  4.6902E+000
  1.0580E+001,  1.8743E+000,  4.6902E+000
  1.0590E+001,  1.8743E+000,  4.6902E+000
  1.0600E+001,  1.8835E+000,  4.6902E+000
  1.0610E+001,  1.8743E+000,  4.6902E+000
  1.0620E+001,  1.8835E+000,  4.6993E+000
  1.0630E+001,  1.8743E+000,  4.6993E+000
  1.0640E+001,  1.8743E+000,  4.6902E+000
  1.0650E+001,  1.8743E+000,  4.6902E+000
  1.0660E+001,  1.8743E+000,  4.6902E+000
  1.0670E+001,  1.8743E+000,  4.6902E+000
  1.0680E+001,  1.8743E+000,  4.6902E+000
  1.0690E+001,  1.8743E+000,  4.6902E+000
  1.0700E+001,  1.8652E+000,  4.6810E+000
  1.0710E+001,  1.8743E+000,  4.6810E+000
  1.0720E+001,  1.8743E+000,  4.6902E+000
  1.0730E+001,  1.8743E+000,  4.6993E+000
  1.0740E+001,  1.8743E+000,  4.6902E+000
  1.0750E+001,  1.8835E+000,  4.6993E+000
  1.0760E+001,  1.8743E+000,  4.6993E+000
  1.0770E+001,  1.8835E+000,  4.6902E+000
  1.0780E+001,  1.8743E+000,  4.6902E+000
  1.0790E+001,  1.8835E+000,  4.6902E+000
  1.0800E+001,  1.8835E+000,  4.6902E+000
  1.0810E+001,  1.8743E+000,  4.6902E+000
  1.0820E+001,  1.8835E+000,  4.6902E+000
  1.0830E+001,  1.8743E+000,  4.6902E+000
  1.0840E+001,  1.8743E+000,  4.6993E+000
  1.0850E+001,  1.8652E+000,  4.6902E+000
  1.0860E+001,  1.8835E+000,  4.6993E+000
  1.0870E+001,  1.8743E+000,  4.6902E+000
  1.0880E+001,  1.8835E+000,  4.6902E+000
  1.0890E+001,  1.8743E+000,  4.6902E+000
  1.0900E+001,  1.8743E+000,  4.6993E+000
  1.0910E+001,  1.8743E+000,  4.6902E+000
  1.0920E+001,  1.8743E+000,  4.6993E+000
  1.0930E+001,  1.8743E+000,  4.6993E+000
  1.0940E+001,  1.8743E+000,  4.6902E+000
  1.0950E+001,  1.8652E+000,  4.6902E+000
  1.0960E+001,  1.8743E+000,  4.6902E+000
  1.0970E+001,  1.8743E+000,  4.6902E+000
  1.0980E+001,  1.8743E+000,  4.6993E+000
  1.0990E+001,  1.8743E+000,  4.6993E+000
  1.1000E+001,  1.8743E+000,  4.6902E+000
  1.1010E+001,  1.8743E+000,  4.6993E+000
  1.1020E+001,  1.8835E+000,  4.6902E+000
  1.1030E+001,  1.8743E+000,  4.6902E+000
  1.1040E+001,  1.8743E+000,  4.6902E+000
  1.1050E+001,  1.8743E+000,  4.6993E+000
  1.1060E+001,  1.8743E+000,  4.6993E+000
  1.1070E+001,  1.8743E+000,  4.6902E+000
  1.1080E+001,  1.8835E+000,  4.6993E+000
  1.1090E+001,  1.8835E+000,  4.6902E+000
  1.1100E+001,  1.8743E+000,  4.6902E+000
  1.1110E+001,  1.8743E+000,  4.6902E+000
  1.1120E+001,  1.8743E+000,  4.6993E+000
  1.1130E+001,  1.8743E+000,  4.6993E+000
  1.1140E+001,  1.8743E+000,  4.6902E+000
  1.1150E+001,  1.8743E+000,  4.6902E+000
  1.1160E+001,  1.8743E+000,  4.6810E+000
  1.1170E+001,  1.8743E+000,  4.6902E+000
  1.1180E+001,  1.8652E+000,  4.6902E+000
  1.1190E+001,  1.8743E+000,  4.6902E+000
  1.1200E+001,  1.8743E+000,  4.6902E+000
  1.1210E+001,  1.8743E+000,  4.6902E+000
  1.1220E+001,  1.8835E+000,  4.6993E+000
  1.1230E+001,  1.8835E+000,  4.6993E+000
  1.1240E+001,  1.8743E+000,  4.6902E+000
  1.1250E+001,  1.8743E+000,  4.6902E+000
  1.1260E+001,  1.8743E+000,  4.6902E+000
  1.1270E+001,  1.8743E+000,  4.6902E+000
  1.1280E+001,  1.8743E+000,  4.6993E+000
  1.1290E+001,  1.8743E+000,  4.6902E+000
  1.1300E+001,  1.8743E+000,  4.6902E+000
  1.1310E+001,  1.8743E+000,  4.6993E+000
  1.1320E+001,  1.8743E+000,  4.6810E+000
  1.1330E+001,  1.8743E+000,  4.6902E+000
  1.1340E+001,  1.8743E+000,  4.6993E+000
  1.1350E+001,  1.8743E+000,  4.6810E+000
  1.1360E+001,  1.8743E+000,  4.6993E+000
  1.1370E+001,  1.8743E+000,  4.6993E+000
  1.1380E+001,  1.8743E+000,  4.6993E+000
  1.1390E+001,  1.8743E+000,  4.6902E+000
  1.1400E+001,  1.8743E+000,  4.6902E+000
  1.1410E+001,  1.8743E+000,  4.6902E+000
  1.1420E+001,  1.8835E+000,  4.6902E+000
  1.1430E+001,  1.8743E+000,  4.6993E+000
  1.1440E+001,  1.8743E+000,  4.6993E+000
  1.1450E+001,  1.8743E+000,  4.6902E+000
  1.1460E+001,  1.8743E+000,  4.6902E+000
  1.1470E+001,  1.8743E+000,  4.6902E+000
  1.1480E+001,  1.8743E+000,  4.6993E+000
  1.1490E+001,  1.8743E+000,  4.6902E+000
  1.1500E+001,  1.8743E+000,  4.6902E+000
  1.1510E+001,  1.8652E+000,  4.6902E+000
  1.1520E+001,  1.8743E+000,  4.6993E+000
  1.1530E+001,  1.8743E+000,  4.6902E+000
  1.1540E+001,  1.8743E+000,  4.6902E+000
  1.1550E+001,  1.8743E+000,  4.6902E+000
  1.1560E+001,  1.8743E+000,  4.6810E+000
  1.1570E+001,  1.8743E+000,  4.6902E+000
  1.1580E+001,  1.8743E+000,  4.6902E+000
  1.1590E+001,  1.8743E+000,  4.6993E+000
  1.1600E+001,  1.8835E+000,  4.6993E+000
  1.1610E+001,  1.8743E+000,  4.6993E+000
  1.1620E+001,  1.8743E+000,  4.6902E+000
  1.1630E+001,  1.8743E+000,  4.6993E+000
  1.1640E+001,  1.8835E+000,  4.6902E+000
  1.1650E+001,  1.8652E+000,  4.6902E+000
  1.1660E+001,  1.8652E+000,  4.6902E+000
  1.1670E+001,  1.8652E+000,  4.6902E+000
  1.1680E+001,  1.8743E+000,  4.6902E+000
  1.1690E+001,  1.8743E+000,  4.6902E+000
  1.1700E+001,  1.8743E+000,  4.6902E+000
  1.1710E+001,  1.8743E+000,  4.6902E+000
  1.1720E+001,  1.8743E+000,  4.6902E+000
  1.1730E+001,  1.8743E+000,  4.6993E+000
  1.1740E+001,  1.8743E+000,  4.6902E+000
  1.1750E+001,  1.8743E+000,  4.6902E+000
  1.1760E+001,  1.8835E+000,  4.6902E+000
  1.1770E+001,  1.8743E+000,  4.6902E+000
  1.1780E+001,  1.8743E+000,  4.6902E+000
  1.1790E+001,  1.8652E+000,  4.6902E+000
  1.1800E+001,  1.8652E+000,  4.6810E+000
  1.1810E+001,  1.8743E+000,  4.6902E+000
  1.1820E+001,  1.8743E+000,  4.6902E+000
  1.1830E+001,  1.8835E+000,  4.6993E+000
  1.1840E+001,  1.8835E+000,  4.6993E+000
  1.1850E+001,  1.8743E+000,  4.6902E+000
  1.1860E+001,  1.8743E+000,  4.6902E+000
  1.1870E+001,  1.8743E+000,  4.6902E+000
  1.1880E+001,  1.8743E+000,  4.6902E+000
  1.1890E+001,  1.8743E+000,  4.6902E+000
  1.1900E+001,  1.8743E+000,  4.6902E+000
  1.1910E+001,  1.8743E+000,  4.6902E+000
  1.1920E+001,  1.8743E+000,  4.6902E+000
  1.1930E+001,  1.8743E+000,  4.6902E+000
  1.1940E+001,  1.8743E+000,  4.6902E+000
  1.1950E+001,  1.8743E+000,  4.6902E+000
  1.1960E+001,  1.8835E+000,  4.6993E+000
  1.1970E+001,  1.8835E+000,  4.6902E+000
  1.1980E+001,  1.8835E+000,  4.6993E+000
  1.1990E+001,  1.8835E+000,  4.6902E+000
  1.2000E+001,  1.8652E+000,  4.6810E+000
  1.2010E+001,  1.8743E+000,  4.6902E+000
  1.2020E+001,  1.8743E+000,  4.6810E+000
  1.2030E+001,  1.8743E+000,  4.6902E+000
  1.2040E+001,  1.8743E+000,  4.6902E+000
  1.2050E+001,  1.8743E+000,  4.6902E+000
  1.2060E+001,  1.8743E+000,  4.6810E+000
  1.2070E+001,  1.8743E+000,  4.6810E+000
  1.2080E+001,  1.8652E+000,  4.6902E+000
  1.2090E+001,  1.8743E+000,  4.6902E+000
  1.2100E+001,  1.8835E+000,  4.6902E+000
  1.2110E+001,  1.8743E+000,  4.6993E+000
  1.2120E+001,  1.8743E+000,  4.6993E+000
  1.2130E+001,  1.8743E+000,  4.6902E+000
  1.2140E+001,  1.8743E+000,  4.6902E+000
  1.2150E+001,  1.8652E+000,  4.6902E+000
  1.2160E+001,  1.8743E+000,  4.6902E+000
  1.2170E+001,  1.8835E+000,  4.6902E+000
  1.2180E+001,  1.8743E+000,  4.6902E+000
  1.2190E+001,  1.8743E+000,  4.6902E+000
  1.2200E+001,  1.8743E+000,  4.6810E+000
  1.2210E+001,  1.8743E+000,  4.6902E+000
  1.2220E+001,  1.8743E+000,  4.6993E+000
  1.2230E+001,  1.8743E+000,  4.6902E+000
  1.2240E+001,  1.8835E+000,  4.6902E+000
  1.2250E+001,  1.8743E+000,  4.6993E+000
  1.2260E+001,  1.8743E+000,  4.6810E+000
  1.2270E+001,  1.8743E+000,  4.6902E+000
  1.2280E+001,  1.8743E+000,  4.6902E+000
  1.2290E+001,  1.8652E+000,  4.6810E+000
  1.2300E+001,  1.8743E+000,  4.6902E+000
  1.2310E+001,  1.8743E+000,  4.6902E+000
  1.2320E+001,  1.8743E+000,  4.6902E+000
  1.2330E+001,  1.8743E+000,  4.6902E+000
  1.2340E+001,  1.8743E+000,  4.6902E+000
  1.2350E+001,  1.8743E+000,  4.6902E+000
  1.2360E+001,  1.8743E+000,  4.6902E+000
  1.2370E+001,  1.8743E+000,  4.6902E+000
  1.2380E+001,  1.8743E+000,  4.6902E+000
  1.2390E+001,  1.8743E+000,  4.6902E+000
  1.2400E+001,  1.8743E+000,  4.6902E+000
  1.2410E+001,  1.8743E+000,  4.6902E+000
  1.2420E+001,  1.8743E+000,  4.6993E+000
  1.2430E+001,  1.8743E+000,  4.6993E+000
  1.2440E+001,  1.8743E+000,  4.6993E+000
  1.2450E+001,  1.8743E+000,  4.6902E+000
  1.2460E+001,  1.8835E+000,  4.6993E+000
  1.2470E+001,  1.8835E+000,  4.6902E+000
  1.2480E+001,  1.8743E+000,  4.6902E+000
  1.2490E+001,  1.8743E+000,  4.6902E+000
  1.2500E+001,  1.8652E+000,  4.6810E+000
  1.2510E+001,  1.8743E+000,  4.6993E+000
  1.2520E+001,  1.8835E+000,  4.6902E+000
  1.2530E+001,  1.8743E+000,  4.6902E+000
  1.2540E+001,  1.8743E+000,  4.6902E+000
  1.2550E+001,  1.8652E+000,  4.6810E+000
  1.2560E+001,  1.8652E+000,  4.6902E+000
  1.2570E+001,  1.8652E+000,  4.6810E+000
  1.2580E+001,  1.8835E+000,  4.6993E+000
  1.2590E+001,  1.8835E+000,  4.6902E+000
  1.2600E+001,  1.8835E+000,  4.6902E+000
  1.2610E+001,  1.8743E+000,  4.6902E+000
  1.2620E+001,  1.8652E+000,  4.6902E+000
  1.2630E+001,  1.8743E+000,  4.6902E+000
  1.2640E+001,  1.8743E+000,  4.6993E+000
  1.2650E+001,  1.8743E+000,  4.6902E+000
  1.2660E+001,  1.8835E+000,  4.6902E+000
  1.2670E+001,  1.8743E+000,  4.6902E+000
  1.2680E+001,  1.8743E+000,  4.6902E+000
  1.2690E+001,  1.8743E+000,  4.6902E+000
  1.2700E+001,  1.8652E+000,  4.6810E+000
  1.2710E+001,  1.8835E+000,  4.6993E+000
  1.2720E+001,  1.8835E+000,  4.6993E+000
  1.2730E+001,  1.8835E+000,  4.6993E+000
  1.2740E+001,  1.8743E+000,  4.6902E+000
  1.2750E+001,  1.8743E+000,  4.6902E+000
  1.2760E+001,  1.8743E+000,  4.6902E+000
  1.2770E+001,  1.8743E+000,  4.6810E+000
  1.2780E+001,  1.8652E+000,  4.6902E+000
  1.2790E+001,  1.8743E+000,  4.6902E+000
  1.2800E+001,  1.8743E+000,  4.6902E+000
  1.2810E+001,  1.8743E+000,  4.6993E+000
  1.2820E+001,  1.8743E+000,  4.6810E+000
  1.2830E+001,  1.8652E+000,  4.6902E+000
  1.2840E+001,  1.8652E+000,  4.6902E+000
  1.2850E+001,  1.8743E+000,  4.6902E+000
  1.2860E+001,  1.8835E+000,  4.6902E+000
  1.2870E+001,  1.8835E+000,  4.6902E+000
  1.2880E+001,  1.8743E+000,  4.6902E+000
  1.2890E+001,  1.8743E+000,  4.6902E+000
  1.2900E+001,  1.8652E+000,  4.6902E+000
  1.2910E+001,  1.8743E+000,  4.6902E+000
  1.2920E+001,  1.8743E+000,  4.6902E+000
  1.2930E+001,  1.8743E+000,  4.6902E+000
  1.2940E+001,  1.8743E+000,  4.6993E+000
  1.2950E+001,  1.8743E+000,  4.6902E+000
  1.2960E+001,  1.8743E+000,  4.6902E+000
  1.2970E+001,  1.8743E+000,  4.6902E+000
  1.2980E+001,  1.8743E+000,  4.6993E+000
  1.2990E+001,  1.8743E+000,  4.6993E+000
  1.3000E+001,  1.8835E+000,  4.6993E+000
  1.3010E+001,  1.8743E+000,  4.6993E+000
  1.3020E+001,  1.8743E+000,  4.6902E+000
  1.3030E+001,  1.8743E+000,  4.6902E+000
  1.3040E+001,  1.8743E+000,  4.6902E+000
  1.3050E+001,  1.8652E+000,  4.6902E+000
  1.3060E+001,  1.8652E+000,  4.6902E+000
  1.3070E+001,  1.8743E+000,  4.6902E+000
  1.3080E+001,  1.8743E+000,  4.6993E+000
  1.3090E+001,  1.8743E+000,  4.6993E+000
  1.3100E+001,  1.8743E+000,  4.6902E+000
  1.3110E+001,  1.8652E+000,  4.6902E+000
  1.3120E+001,  1.8652E+000,  4.6810E+000
  1.3130E+001,  1.8743E+000,  4.6902E+000
  1.3140E+001,  1.8835E+000,  4.6993E+000
  1.3150E+001,  1.8743E+000,  4.6993E+000
  1.3160E+001,  1.8743E+000,  4.6993E+000
  1.3170E+001,  1.8743E+000,  4.6902E+000
  1.3180E+001,  1.8652E+000,  4.6993E+000
  1.3190E+001,  1.8743E+000,  4.6902E+000
  1.3200E+001,  1.8743E+000,  4.6993E+000
