# [Parameters]
# Name = 'ha3'
# ShotNo = 152718
# SubShotNO = 1
# Date = '02/14/2019 17:39'
#
# DimNo = 1
# DimName = 'Time'
# DimSize = 400
# DimUnit = 's'
#
# ValNo = 3
# ValName = 'Halpha', 'Dalpha', 'D/(H+D)'
# ValUnit = 'arb', 'arb', 'None'
#
# [Comments]
# Halpha: 656.3 nm, Dalpha: 656.0 nm
#
# [Data]
   0.00750,    0.00225,    0.00398,    0.00000
   0.03250,    0.00007,    0.00000,    0.00000
   0.05750,    0.00098,    0.00000,    0.00000
   0.08250,    0.00182,    0.01643,    0.90033
   0.10750,    0.01155,    0.01056,    0.47773
   0.13250,    0.00230,    0.01482,    0.86587
   0.15750,    0.00474,    0.00000,    0.00000
   0.18250,    0.00662,    0.00363,    0.35415
   0.20750,    0.00115,    0.00405,    0.00000
   0.23250,    0.00980,    0.00000,    0.00000
   0.25750,    0.00348,    0.00635,    0.00000
   0.28250,    0.00482,    0.01562,    0.76434
   0.30750,    0.00650,    0.00711,    0.52241
   0.33250,    0.00555,    0.00705,    0.55950
   0.35750,    0.00231,    0.02391,    0.91173
   0.38250,    0.00109,    0.00536,    0.00000
   0.40750,    0.00000,    0.00000,    0.00000
   0.43250,    0.00965,    0.01234,    0.56114
   0.45750,    0.00835,    0.00703,    0.45719
   0.48250,    0.00000,    0.00245,    0.00000
   0.50750,    0.01756,    0.00784,    0.30866
   0.53250,    0.01087,    0.01713,    0.61191
   0.55750,    0.00000,    0.00829,    0.00000
   0.58250,    0.00493,    0.00498,    0.00000
   0.60750,    0.01259,    0.00649,    0.34009
   0.63250,    0.00186,    0.00249,    0.00000
   0.65750,    0.00780,    0.00780,    0.50000
   0.68250,    0.00172,    0.01614,    0.90386
   0.70750,    0.00000,    0.00000,    0.00000
   0.73250,    0.00358,    0.02731,    0.88400
   0.75750,    0.00399,    0.00830,    0.67552
   0.78250,    0.00000,    0.01604,    1.00000
   0.80750,    0.00363,    0.00822,    0.69368
   0.83250,    0.01033,    0.00845,    0.44995
   0.85750,    0.00517,    0.00578,    0.52785
   0.88250,    0.00000,    0.00269,    0.00000
   0.90750,    0.00404,    0.00233,    0.00000
   0.93250,    0.01409,    0.01285,    0.47712
   0.95750,    0.02422,    0.00774,    0.24220
   0.98250,    0.01357,    0.00441,    0.24538
   1.00750,    0.00265,    0.00204,    0.00000
   1.03250,    0.00000,    0.00853,    0.00000
   1.05750,    0.00515,    0.01016,    0.66377
   1.08250,    0.00103,    0.00328,    0.00000
   1.10750,    0.01580,    0.00210,    0.11745
   1.13250,    0.00989,    0.00000,    0.00000
   1.15750,    0.00267,    0.00205,    0.00000
   1.18250,    0.00168,    0.00000,    0.00000
   1.20750,    0.01498,    0.00215,    0.12526
   1.23250,    0.01522,    0.01033,    0.40445
   1.25750,    0.01161,    0.01038,    0.47198
   1.28250,    0.00268,    0.01720,    0.86509
   1.30750,    0.00000,    0.01812,    1.00000
   1.33250,    0.00286,    0.00642,    0.00000
   1.35750,    0.00598,    0.01192,    0.66588
   1.38250,    0.00000,    0.01199,    1.00000
   1.40750,    0.00663,    0.00000,    0.00000
   1.43250,    0.00584,    0.00719,    0.55195
   1.45750,    0.00000,    0.01336,    1.00000
   1.48250,    0.00398,    0.01314,    0.76738
   1.50750,    0.00906,    0.00357,    0.28264
   1.53250,    0.00000,    0.00259,    0.00000
   1.55750,    0.00952,    0.00782,    0.45087
   1.58250,    0.00389,    0.00899,    0.69826
   1.60750,    0.01029,    0.00358,    0.25795
   1.63250,    0.00467,    0.01805,    0.79463
   1.65750,    0.00668,    0.00405,    0.37725
   1.68250,    0.00686,    0.00748,    0.52128
   1.70750,    0.00683,    0.00769,    0.52956
   1.73250,    0.01217,    0.01641,    0.57412
   1.75750,    0.00448,    0.00082,    0.00000
   1.78250,    0.00467,    0.00994,    0.68060
   1.80750,    0.01264,    0.01157,    0.47778
   1.83250,    0.00621,    0.00433,    0.41055
   1.85750,    0.00000,    0.00332,    0.00000
   1.88250,    0.01393,    0.01091,    0.43931
   1.90750,    0.00290,    0.00084,    0.00000
   1.93250,    0.01418,    0.00266,    0.15788
   1.95750,    0.00685,    0.00000,    0.00000
   1.98250,    0.00558,    0.00000,    0.00000
   2.00750,    0.01616,    0.00198,    0.10896
   2.03250,    0.00306,    0.00550,    0.00000
   2.05750,    0.01151,    0.01718,    0.59878
   2.08250,    0.00701,    0.00000,    0.00000
   2.10750,    0.01701,    0.00506,    0.22925
   2.13250,    0.00000,    0.01424,    1.00000
   2.15750,    0.00391,    0.01234,    0.75939
   2.18250,    0.00246,    0.00734,    0.00000
   2.20750,    0.00000,    0.01123,    1.00000
   2.23250,    0.00821,    0.00609,    0.42561
   2.25750,    0.02168,    0.00833,    0.27749
   2.28250,    0.00045,    0.00106,    0.00000
   2.30750,    0.00261,    0.00661,    0.00000
   2.33250,    0.00969,    0.00242,    0.19960
   2.35750,    0.01048,    0.00778,    0.42621
   2.38250,    0.00285,    0.01403,    0.83136
   2.40750,    0.00337,    0.00000,    0.00000
   2.43250,    0.00584,    0.01317,    0.69263
   2.45750,    0.00656,    0.00106,    0.00000
   2.48250,    0.00602,    0.00393,    0.00000
   2.50750,    0.00726,    0.00000,    0.00000
   2.53250,    0.00479,    0.00421,    0.00000
   2.55750,    0.01000,    0.00836,    0.45523
   2.58250,    0.01771,    0.00000,    0.00000
   2.60750,    0.00000,    0.01329,    1.00000
   2.63250,    0.00243,    0.00670,    0.00000
   2.65750,    0.00169,    0.01118,    0.86854
   2.68250,    0.01050,    0.00586,    0.35820
   2.70750,    0.00781,    0.00421,    0.35025
   2.73250,    0.00000,    0.00332,    0.00000
   2.75750,    0.00702,    0.00534,    0.43200
   2.78250,    0.00537,    0.01151,    0.68206
   2.80750,    0.00394,    0.00319,    0.00000
   2.83250,    0.00000,    0.00726,    0.00000
   2.85750,    0.00890,    0.00445,    0.33333
   2.88250,    0.01380,    0.00791,    0.36432
   2.90750,    0.00000,    0.00606,    0.00000
   2.93250,    0.00000,    0.00859,    0.00000
   2.95750,    0.00154,    0.01715,    0.91756
   2.98250,    0.01200,    0.00325,    0.21324
   3.00750,    0.02183,    0.01274,    0.36864
   3.03250,    0.10668,    0.00000,    0.00000
   3.05750,    0.41004,    0.00000,    0.00000
   3.08250,    0.59157,    0.00000,    0.00000
   3.10750,    0.62372,    0.00000,    0.00000
   3.13250,    0.61983,    0.00000,    0.00000
   3.15750,    0.62192,    0.00000,    0.00000
   3.18250,    0.60832,    0.00000,    0.00000
   3.20750,    0.62808,    0.00000,    0.00000
   3.23250,    0.59046,    0.00000,    0.00000
   3.25750,    0.59998,    0.00000,    0.00000
   3.28250,    0.59009,    0.00000,    0.00000
   3.30750,    0.49239,    0.00000,    0.00000
   3.33250,    0.36911,    0.00000,    0.00000
   3.35750,    0.28783,    0.00000,    0.00000
   3.38250,    0.29628,    0.00000,    0.00000
   3.40750,    0.39698,    0.02292,    0.05459
   3.43250,    0.75482,    0.00000,    0.00000
   3.45750,    1.28338,    0.00000,    0.00000
   3.48250,    1.70158,    0.00000,    0.00000
   3.50750,    1.88756,    0.00000,    0.00000
   3.53250,    2.01488,    0.00000,    0.00000
   3.55750,    2.09620,    0.16321,    0.07224
   3.58250,    2.18621,    0.00000,    0.00000
   3.60750,    2.31570,    0.00000,    0.00000
   3.63250,    2.37810,    0.19914,    0.07727
   3.65750,    2.47701,    0.00000,    0.00000
   3.68250,    2.59088,    0.00000,    0.00000
   3.70750,    2.62351,    0.24986,    0.08696
   3.73250,    2.73714,    0.00000,    0.00000
   3.75750,    2.81750,    0.25281,    0.08234
   3.78250,    2.94864,    0.00000,    0.00000
   3.80750,    3.04308,    0.27819,    0.08376
   3.83250,    3.07562,    0.28815,    0.08566
   3.85750,    3.19961,    0.00000,    0.00000
   3.88250,    3.25452,    0.27600,    0.07818
   3.90750,    3.35452,    0.29727,    0.08140
   3.93250,    3.42430,    0.30906,    0.08278
   3.95750,    3.55315,    0.00000,    0.00000
   3.98250,    3.60057,    0.31505,    0.08046
   4.00750,    3.67675,    0.33263,    0.08296
   4.03250,    3.74291,    0.33654,    0.08250
   4.05750,    3.80569,    0.00000,    0.00000
   4.08250,    3.92902,    0.34565,    0.08086
   4.10750,    3.96823,    0.34275,    0.07951
   4.13250,    4.11151,    0.35968,    0.08044
   4.15750,    4.10847,    0.38533,    0.08575
   4.18250,    4.24561,    0.37903,    0.08196
   4.20750,    4.33889,    0.37527,    0.07960
   4.23250,    4.40237,    0.38565,    0.08054
   4.25750,    4.44240,    0.38051,    0.07890
   4.28250,    4.48084,    0.38355,    0.07885
   4.30750,    4.61876,    0.38536,    0.07701
   4.33250,    4.68771,    0.00000,    0.00000
   4.35750,    4.70482,    0.43053,    0.08384
   4.38250,    4.81387,    0.43032,    0.08206
   4.40750,    4.89015,    0.41993,    0.07908
   4.43250,    4.97116,    0.43503,    0.08047
   4.45750,    4.92602,    0.43750,    0.08157
   4.48250,    5.07352,    0.40860,    0.07453
   4.50750,    5.12307,    0.43679,    0.07856
   4.53250,    5.24968,    0.45109,    0.07913
   4.55750,    5.16778,    0.00000,    0.00000
   4.58250,    5.28747,    0.46813,    0.08134
   4.60750,    5.32966,    0.43769,    0.07589
   4.63250,    5.38026,    0.48157,    0.08215
   4.65750,    5.45407,    0.00000,    0.00000
   4.68250,    5.56919,    0.47214,    0.07815
   4.70750,    5.59204,    0.48401,    0.07966
   4.73250,    5.70468,    0.49044,    0.07917
   4.75750,    5.66239,    0.44144,    0.07232
   4.78250,    5.70781,    0.50823,    0.08176
   4.80750,    5.78402,    0.00000,    0.00000
   4.83250,    5.88659,    0.49657,    0.07779
   4.85750,    5.92361,    0.49331,    0.07688
   4.88250,    5.97867,    0.49588,    0.07659
   4.90750,    5.94000,    0.47919,    0.07465
   4.93250,    6.04742,    0.49688,    0.07593
   4.95750,    6.14153,    0.50921,    0.07656
   4.98250,    6.08572,    0.50955,    0.07726
   5.00750,    6.15949,    0.49970,    0.07504
   5.03250,    6.14553,    0.50527,    0.07597
   5.05750,    6.25518,    0.49102,    0.07278
   5.08250,    6.35064,    0.51384,    0.07486
   5.10750,    6.34711,    0.51398,    0.07491
   5.13250,    6.35190,    0.00000,    0.00000
   5.15750,    6.41656,    0.51812,    0.07471
   5.18250,    6.43500,    0.00000,    0.00000
   5.20750,    6.38272,    0.52884,    0.07652
   5.23250,    6.51477,    0.50463,    0.07189
   5.25750,    6.48264,    0.53171,    0.07580
   5.28250,    6.53314,    0.53034,    0.07508
   5.30750,    6.54063,    0.00000,    0.00000
   5.33250,    6.48719,    0.51551,    0.07362
   5.35750,    6.56501,    0.00000,    0.00000
   5.38250,    6.74492,    0.52910,    0.07274
   5.40750,    6.57728,    0.00000,    0.00000
   5.43250,    6.73058,    0.51170,    0.07066
   5.45750,    6.77207,    0.00000,    0.00000
   5.48250,    6.74260,    0.00000,    0.00000
   5.50750,    6.69570,    0.00000,    0.00000
   5.53250,    6.72593,    0.00000,    0.00000
   5.55750,    6.80586,    0.00000,    0.00000
   5.58250,    6.93181,    0.00000,    0.00000
   5.60750,    7.09521,    0.00000,    0.00000
   5.63250,    7.37989,    0.00000,    0.00000
   5.65750,    7.61553,    0.00000,    0.00000
   5.68250,    7.85115,    0.00000,    0.00000
   5.70750,    8.03265,    0.00000,    0.00000
   5.73250,    7.65680,    0.00000,    0.00000
   5.75750,    7.38359,    0.00000,    0.00000
   5.78250,    7.46938,    0.00000,    0.00000
   5.80750,    7.46902,    0.00000,    0.00000
   5.83250,    7.60567,    0.00000,    0.00000
   5.85750,    7.83478,    0.00000,    0.00000
   5.88250,    8.00512,    0.00000,    0.00000
   5.90750,    7.91082,    0.00000,    0.00000
   5.93250,    8.02463,    0.00000,    0.00000
   5.95750,    8.18674,    0.00000,    0.00000
   5.98250,    8.20700,    0.00000,    0.00000
   6.00750,    8.42534,    0.00000,    0.00000
   6.03250,    8.42508,    0.00000,    0.00000
   6.05750,    8.54186,    0.00000,    0.00000
   6.08250,    8.66399,    0.00000,    0.00000
   6.10750,    8.76123,    0.00000,    0.00000
   6.13250,    8.89958,    0.00000,    0.00000
   6.15750,    8.89230,    0.00000,    0.00000
   6.18250,    9.00025,    0.00000,    0.00000
   6.20750,    9.26390,    0.00000,    0.00000
   6.23250,    9.28828,    0.00000,    0.00000
   6.25750,    9.24111,    0.00000,    0.00000
   6.28250,    9.57952,    0.00000,    0.00000
   6.30750,    9.59874,    0.00000,    0.00000
   6.33250,    9.85873,    0.00000,    0.00000
   6.35750,    9.53043,    0.00000,    0.00000
   6.38250,   10.11473,    0.00000,    0.00000
   6.40750,    9.84094,    0.00000,    0.00000
   6.43250,   10.02393,    0.00000,    0.00000
   6.45750,   10.54177,    0.00000,    0.00000
   6.48250,   10.15598,    0.00000,    0.00000
   6.50750,    9.87661,    0.00000,    0.00000
   6.53250,    9.94457,    0.00000,    0.00000
   6.55750,   10.50715,    0.00000,    0.00000
   6.58250,   10.16277,    0.00000,    0.00000
   6.60750,   10.40695,    0.00000,    0.00000
   6.63250,   10.64717,    0.00000,    0.00000
   6.65750,   11.17990,    0.00000,    0.00000
   6.68250,   10.98668,    0.00000,    0.00000
   6.70750,   11.02296,    0.00000,    0.00000
   6.73250,   10.86484,    0.00000,    0.00000
   6.75750,   11.08010,    0.00000,    0.00000
   6.78250,   11.69558,    0.00000,    0.00000
   6.80750,   11.47678,    0.00000,    0.00000
   6.83250,   11.92247,    0.00000,    0.00000
   6.85750,   12.12282,    0.00000,    0.00000
   6.88250,   11.61617,    0.00000,    0.00000
   6.90750,   12.11456,    0.00000,    0.00000
   6.93250,   12.12824,    0.00000,    0.00000
   6.95750,   12.19583,    0.00000,    0.00000
   6.98250,   12.33126,    0.00000,    0.00000
   7.00750,   12.07923,    0.00000,    0.00000
   7.03250,   12.37712,    0.00000,    0.00000
   7.05750,   12.24073,    0.00000,    0.00000
   7.08250,   12.09849,    0.00000,    0.00000
   7.10750,   11.69200,    0.00000,    0.00000
   7.13250,   11.39016,    0.00000,    0.00000
   7.15750,   10.75179,    0.00000,    0.00000
   7.18250,   10.93537,    0.00000,    0.00000
   7.20750,   10.23722,    0.00000,    0.00000
   7.23250,    9.62107,    0.00000,    0.00000
   7.25750,    9.42250,    0.00000,    0.00000
   7.28250,    8.96446,    0.00000,    0.00000
   7.30750,    9.25156,    0.00000,    0.00000
   7.33250,    8.85627,    0.00000,    0.00000
   7.35750,    8.90252,    0.00000,    0.00000
   7.38250,    8.57753,    0.00000,    0.00000
   7.40750,    8.67564,    0.00000,    0.00000
   7.43250,    8.51666,    0.00000,    0.00000
   7.45750,    8.38867,    0.00000,    0.00000
   7.48250,    8.33601,    0.00000,    0.00000
   7.50750,    8.17229,    0.00000,    0.00000
   7.53250,    8.23540,    0.00000,    0.00000
   7.55750,    8.07275,    0.00000,    0.00000
   7.58250,    7.86885,    0.00000,    0.00000
   7.60750,    7.82285,    0.00000,    0.00000
   7.63250,    7.90316,    0.00000,    0.00000
   7.65750,    7.65584,    0.00000,    0.00000
   7.68250,    7.92860,    0.00000,    0.00000
   7.70750,    7.91552,    0.00000,    0.00000
   7.73250,    7.99906,    0.63516,    0.07356
   7.75750,    7.87819,    0.62050,    0.07301
   7.78250,    7.76855,    0.00000,    0.00000
   7.80750,    7.64302,    0.00000,    0.00000
   7.83250,    7.46457,    0.62253,    0.07698
   7.85750,    7.41293,    0.61911,    0.07708
   7.88250,    7.38515,    0.00000,    0.00000
   7.90750,    7.36767,    0.61902,    0.07751
   7.93250,    7.28751,    0.61942,    0.07834
   7.95750,    7.11842,    0.59437,    0.07706
   7.98250,    7.10573,    0.60488,    0.07845
   8.00750,    7.10356,    0.60575,    0.07857
   8.03250,    7.00184,    0.59926,    0.07884
   8.05750,    6.90781,    0.57419,    0.07674
   8.08250,    6.89369,    0.58693,    0.07846
   8.10750,    6.86428,    0.60573,    0.08109
   8.13250,    6.76215,    0.59211,    0.08051
   8.15750,    6.75107,    0.58652,    0.07993
   8.18250,    6.66853,    0.56990,    0.07873
   8.20750,    6.63641,    0.00000,    0.00000
   8.23250,    6.56614,    0.58531,    0.08184
   8.25750,    6.50253,    0.57479,    0.08122
   8.28250,    6.47659,    0.57510,    0.08155
   8.30750,    6.15063,    0.52930,    0.07924
   8.33250,    4.50575,    0.39870,    0.08129
   8.35750,    4.33420,    0.00000,    0.00000
   8.38250,    3.94198,    0.00000,    0.00000
   8.40750,    4.53305,    0.00000,    0.00000
   8.43250,    8.44105,    0.00000,    0.00000
   8.45750,   29.95540,    0.00000,    0.00000
   8.48250,    0.76597,    0.22520,    0.22720
   8.50750,    0.15938,    0.11116,    0.41089
   8.53250,    0.09803,    0.06446,    0.39670
   8.55750,    0.04693,    0.04632,    0.49673
   8.58250,    0.03498,    0.04963,    0.58656
   8.60750,    0.03439,    0.03194,    0.48160
   8.63250,    0.04677,    0.02968,    0.38822
   8.65750,    0.00583,    0.03002,    0.83746
   8.68250,    0.04266,    0.02374,    0.35751
   8.70750,    0.01570,    0.02093,    0.57143
   8.73250,    0.02140,    0.03017,    0.58495
   8.75750,    0.02141,    0.02751,    0.56238
   8.78250,    0.00299,    0.00546,    0.00000
   8.80750,    0.01477,    0.00925,    0.38500
   8.83250,    0.01436,    0.02169,    0.60158
   8.85750,    0.01559,    0.01925,    0.55257
   8.88250,    0.00000,    0.00871,    0.00000
   8.90750,    0.00000,    0.00903,    0.00000
   8.93250,    0.00289,    0.00167,    0.00000
   8.95750,    0.01911,    0.00000,    0.00000
   8.98250,    0.01722,    0.00752,    0.30403
   9.00750,    0.00590,    0.01160,    0.66275
   9.03250,    0.00000,    0.00421,    0.00000
   9.05750,    0.00381,    0.00559,    0.00000
   9.08250,    0.00642,    0.02325,    0.78355
   9.10750,    0.01169,    0.01073,    0.47857
   9.13250,    0.00887,    0.01896,    0.68129
   9.15750,    0.00138,    0.00000,    0.00000
   9.18250,    0.00471,    0.02188,    0.82295
   9.20750,    0.01217,    0.01342,    0.52433
   9.23250,    0.00632,    0.01253,    0.66474
   9.25750,    0.00827,    0.00714,    0.46335
   9.28250,    0.02221,    0.00326,    0.12811
   9.30750,    0.00000,    0.01990,    1.00000
   9.33250,    0.01459,    0.00321,    0.18058
   9.35750,    0.01089,    0.01213,    0.52703
   9.38250,    0.00873,    0.00725,    0.45348
   9.40750,    0.00094,    0.00859,    0.00000
   9.43250,    0.00356,    0.00224,    0.00000
   9.45750,    0.00859,    0.00769,    0.47253
   9.48250,    0.00381,    0.00503,    0.00000
   9.50750,    0.02396,    0.00839,    0.25943
   9.53250,    0.00625,    0.01048,    0.62658
   9.55750,    0.00970,    0.01458,    0.60055
   9.58250,    0.02232,    0.00567,    0.20250
   9.60750,    0.00888,    0.00314,    0.26094
   9.63250,    0.00000,    0.01182,    1.00000
   9.65750,    0.02297,    0.00000,    0.00000
   9.68250,    0.00917,    0.00000,    0.00000
   9.70750,    0.01683,    0.01256,    0.42731
   9.73250,    0.01624,    0.00831,    0.33842
   9.75750,    0.01355,    0.01502,    0.52559
   9.78250,    0.00000,    0.00729,    0.00000
   9.80750,    0.00383,    0.00260,    0.00000
   9.83250,    0.00636,    0.00514,    0.44695
   9.85750,    0.02255,    0.00607,    0.21216
   9.88250,    0.00117,    0.00233,    0.00000
   9.90750,    0.00792,    0.01540,    0.66045
   9.93250,    0.00479,    0.00888,    0.64958
   9.95750,    0.00744,    0.00317,    0.29858
   9.98250,    0.01320,    0.00000,    0.00000
