# [Parameters]
# Name = 'ha3'
# ShotNo = 176731
# SubShotNO = 1
# Date = '01/19/2022 17:05'
#
# DimNo = 1
# DimName = 'Time'
# DimSize = 400
# DimUnit = 's'
#
# ValNo = 3
# ValName = 'Halpha', 'Dalpha', 'D/(H+D)'
# ValUnit = 'arb', 'arb', 'None'
#
# [Comments]
# Halpha: 656.3 nm, Dalpha: 656.0 nm
#
# [Data]
   0.00750,    0.00552,    0.01346,    0.70901
   0.03250,    0.00482,    0.00482,    0.00000
   0.05750,    0.00859,    0.00216,    0.20079
   0.08250,    0.00344,    0.00894,    0.72182
   0.10750,    0.00363,    0.00180,    0.00000
   0.13250,    0.00269,    0.00000,    0.00000
   0.15750,    0.00712,    0.00651,    0.47761
   0.18250,    0.00000,    0.00751,    0.00000
   0.20750,    0.00102,    0.00224,    0.00000
   0.23250,    0.00418,    0.01795,    0.81103
   0.25750,    0.00980,    0.00000,    0.00000
   0.28250,    0.00424,    0.00607,    0.58886
   0.30750,    0.00000,    0.00851,    0.00000
   0.33250,    0.00000,    0.00040,    0.00000
   0.35750,    0.00246,    0.00000,    0.00000
   0.38250,    0.01557,    0.00000,    0.00000
   0.40750,    0.00621,    0.00434,    0.41156
   0.43250,    0.00641,    0.00000,    0.00000
   0.45750,    0.00508,    0.00000,    0.00000
   0.48250,    0.00583,    0.00888,    0.60378
   0.50750,    0.02348,    0.00320,    0.11982
   0.53250,    0.00293,    0.00299,    0.00000
   0.55750,    0.00326,    0.00612,    0.00000
   0.58250,    0.00346,    0.01200,    0.77639
   0.60750,    0.00917,    0.00673,    0.42303
   0.63250,    0.00752,    0.01098,    0.59340
   0.65750,    0.00230,    0.00459,    0.00000
   0.68250,    0.00290,    0.01420,    0.83033
   0.70750,    0.01088,    0.02726,    0.71467
   0.73250,    0.01478,    0.01392,    0.48505
   0.75750,    0.00396,    0.01189,    0.75000
   0.78250,    0.00115,    0.00780,    0.00000
   0.80750,    0.00893,    0.00344,    0.27797
   0.83250,    0.01002,    0.01148,    0.53401
   0.85750,    0.00505,    0.00078,    0.00000
   0.88250,    0.00264,    0.00792,    0.75000
   0.90750,    0.00473,    0.01007,    0.68056
   0.93250,    0.00551,    0.00734,    0.57129
   0.95750,    0.00234,    0.00295,    0.00000
   0.98250,    0.00175,    0.00709,    0.00000
   1.00750,    0.01015,    0.00477,    0.31969
   1.03250,    0.00746,    0.00637,    0.46066
   1.05750,    0.01119,    0.00051,    0.04341
   1.08250,    0.00558,    0.00497,    0.47109
   1.10750,    0.00395,    0.00456,    0.00000
   1.13250,    0.00795,    0.00489,    0.38118
   1.15750,    0.00503,    0.00742,    0.59612
   1.18250,    0.00775,    0.00000,    0.00000
   1.20750,    0.01219,    0.00528,    0.30221
   1.23250,    0.00267,    0.01305,    0.83007
   1.25750,    0.00380,    0.00469,    0.00000
   1.28250,    0.01699,    0.00474,    0.21802
   1.30750,    0.00166,    0.00471,    0.00000
   1.33250,    0.01197,    0.00216,    0.15276
   1.35750,    0.00774,    0.01039,    0.57319
   1.38250,    0.00642,    0.00214,    0.00000
   1.40750,    0.00292,    0.00292,    0.00000
   1.43250,    0.00833,    0.00670,    0.44574
   1.45750,    0.01149,    0.00173,    0.13071
   1.48250,    0.01210,    0.01271,    0.51230
   1.50750,    0.00243,    0.01157,    0.82650
   1.53250,    0.00252,    0.01488,    0.85521
   1.55750,    0.02006,    0.00484,    0.19442
   1.58250,    0.01269,    0.00816,    0.39148
   1.60750,    0.00334,    0.00000,    0.00000
   1.63250,    0.00415,    0.00958,    0.69776
   1.65750,    0.00183,    0.01587,    0.89655
   1.68250,    0.00494,    0.01015,    0.67281
   1.70750,    0.00476,    0.00585,    0.55157
   1.73250,    0.00000,    0.00375,    0.00000
   1.75750,    0.01818,    0.01257,    0.40872
   1.78250,    0.00093,    0.00291,    0.00000
   1.80750,    0.00940,    0.00940,    0.50000
   1.83250,    0.00005,    0.00000,    0.00000
   1.85750,    0.01314,    0.00323,    0.19719
   1.88250,    0.00350,    0.00350,    0.00000
   1.90750,    0.00094,    0.00643,    0.00000
   1.93250,    0.00574,    0.00525,    0.47774
   1.95750,    0.00659,    0.00000,    0.00000
   1.98250,    0.00000,    0.02172,    1.00000
   2.00750,    0.01454,    0.00538,    0.27025
   2.03250,    0.00211,    0.00760,    0.00000
   2.05750,    0.00538,    0.00282,    0.00000
   2.08250,    0.00224,    0.01100,    0.83067
   2.10750,    0.01088,    0.00000,    0.00000
   2.13250,    0.00523,    0.01578,    0.75101
   2.15750,    0.00158,    0.00376,    0.00000
   2.18250,    0.00000,    0.01532,    1.00000
   2.20750,    0.01039,    0.01223,    0.54048
   2.23250,    0.00761,    0.00195,    0.00000
   2.25750,    0.00998,    0.00754,    0.43030
   2.28250,    0.01099,    0.01832,    0.62503
   2.30750,    0.00993,    0.01238,    0.55471
   2.33250,    0.00281,    0.00806,    0.74152
   2.35750,    0.02278,    0.00624,    0.21491
   2.38250,    0.00260,    0.01069,    0.80446
   2.40750,    0.00588,    0.00954,    0.61873
   2.43250,    0.00000,    0.00657,    0.00000
   2.45750,    0.00000,    0.00803,    0.00000
   2.48250,    0.00598,    0.00238,    0.00000
   2.50750,    0.00763,    0.00656,    0.46232
   2.53250,    0.00106,    0.00648,    0.00000
   2.55750,    0.00140,    0.00830,    0.00000
   2.58250,    0.01819,    0.00787,    0.30211
   2.60750,    0.01601,    0.00803,    0.33400
   2.63250,    0.00338,    0.01742,    0.83755
   2.65750,    0.01088,    0.00118,    0.09820
   2.68250,    0.00289,    0.00762,    0.72471
   2.70750,    0.02289,    0.00908,    0.28399
   2.73250,    0.00491,    0.01988,    0.80185
   2.75750,    0.00401,    0.00292,    0.00000
   2.78250,    0.00426,    0.00000,    0.00000
   2.80750,    0.00567,    0.00140,    0.00000
   2.83250,    0.02040,    0.00891,    0.30412
   2.85750,    0.01175,    0.00931,    0.44202
   2.88250,    0.01600,    0.00000,    0.00000
   2.90750,    0.00880,    0.00000,    0.00000
   2.93250,    0.00209,    0.00993,    0.82613
   2.95750,    0.00161,    0.00543,    0.00000
   2.98250,    0.00588,    0.00604,    0.50684
   3.00750,    0.01698,    0.01511,    0.47091
   3.03250,    0.25728,    0.00000,    0.00000
   3.05750,    0.83965,    0.00000,    0.00000
   3.08250,    1.08646,    0.00000,    0.00000
   3.10750,    1.10329,    0.00000,    0.00000
   3.13250,    1.18323,    0.00000,    0.00000
   3.15750,    1.10832,    0.00000,    0.00000
   3.18250,    1.05388,    0.00000,    0.00000
   3.20750,    1.03983,    0.11088,    0.09636
   3.23250,    1.05205,    0.00000,    0.00000
   3.25750,    1.08161,    0.11909,    0.09918
   3.28250,    1.07276,    0.12122,    0.10152
   3.30750,    0.95591,    0.13926,    0.12716
   3.33250,    0.94864,    0.13810,    0.12707
   3.35750,    1.32277,    0.16066,    0.10830
   3.38250,    1.49422,    0.18929,    0.11244
   3.40750,    2.44385,    0.24598,    0.09145
   3.43250,    2.35136,    0.29814,    0.11253
   3.45750,    2.59327,    0.38868,    0.13034
   3.48250,    3.23358,    0.44549,    0.12109
   3.50750,    3.83964,    0.50346,    0.11592
   3.53250,    4.43341,    0.59796,    0.11885
   3.55750,    4.89720,    0.69798,    0.12475
   3.58250,    5.40729,    0.74054,    0.12046
   3.60750,    5.78124,    0.76660,    0.11708
   3.63250,    6.08853,    0.82364,    0.11916
   3.65750,    6.44643,    0.83730,    0.11495
   3.68250,    6.66288,    0.85966,    0.11428
   3.70750,    6.92621,    0.90021,    0.11502
   3.73250,    7.18688,    0.92528,    0.11406
   3.75750,    7.28994,    0.95815,    0.11617
   3.78250,    7.68091,    1.00244,    0.11544
   3.80750,    7.90258,    1.01110,    0.11343
   3.83250,    7.97719,    0.98988,    0.11039
   3.85750,    8.36643,    1.02268,    0.10892
   3.88250,    8.56358,    1.03917,    0.10822
   3.90750,    8.79069,    1.03495,    0.10533
   3.93250,    9.22080,    1.06101,    0.10319
   3.95750,    9.41375,    1.04034,    0.09952
   3.98250,    9.76557,    1.04731,    0.09686
   4.00750,   10.87339,    1.14622,    0.09536
   4.03250,   12.29777,    0.00000,    0.00000
   4.05750,   12.10016,    1.10651,    0.08378
   4.08250,   11.36932,    1.06781,    0.08586
   4.10750,   10.30123,    0.96285,    0.08548
   4.13250,    9.20606,    0.86805,    0.08617
   4.15750,    8.32202,    0.81165,    0.08886
   4.18250,    7.48518,    0.75727,    0.09187
   4.20750,    6.62596,    0.69274,    0.09465
   4.23250,    6.39667,    0.68072,    0.09618
   4.25750,    7.32434,    0.74597,    0.09243
   4.28250,    7.98524,    0.82093,    0.09322
   4.30750,    8.80448,    0.87052,    0.08998
   4.33250,    9.58435,    0.94971,    0.09016
   4.35750,   10.19241,    1.02432,    0.09132
   4.38250,   10.96277,    1.07080,    0.08898
   4.40750,   10.79570,    1.04716,    0.08842
   4.43250,   11.11838,    1.07504,    0.08817
   4.45750,   11.06274,    1.05785,    0.08728
   4.48250,   10.60806,    1.03408,    0.08882
   4.50750,   10.09166,    0.99010,    0.08934
   4.53250,    9.14642,    0.91278,    0.09074
   4.55750,    8.70836,    0.88793,    0.09253
   4.58250,    8.81071,    0.86699,    0.08959
   4.60750,    9.27528,    0.92750,    0.09091
   4.63250,    9.67310,    0.92371,    0.08717
   4.65750,    9.91519,    0.97903,    0.08987
   4.68250,   10.32725,    1.01023,    0.08911
   4.70750,   10.33408,    1.01157,    0.08916
   4.73250,   10.26313,    1.02729,    0.09099
   4.75750,    9.89995,    0.97600,    0.08974
   4.78250,    9.73554,    0.97334,    0.09089
   4.80750,    9.61501,    0.98037,    0.09253
   4.83250,    9.49845,    0.94620,    0.09059
   4.85750,    9.48965,    0.91909,    0.08830
   4.88250,    9.79819,    0.96274,    0.08947
   4.90750,   10.05700,    1.00244,    0.09064
   4.93250,   10.12414,    1.03844,    0.09303
   4.95750,   10.14824,    1.02470,    0.09171
   4.98250,   10.05339,    0.99760,    0.09027
   5.00750,   10.26333,    1.01345,    0.08987
   5.03250,    9.75731,    0.98229,    0.09146
   5.05750,    9.52804,    0.96175,    0.09168
   5.08250,    9.61183,    0.92287,    0.08760
   5.10750,    9.60693,    0.96375,    0.09117
   5.13250,    9.89958,    0.97319,    0.08951
   5.15750,    9.87696,    1.00367,    0.09224
   5.18250,   10.04115,    1.00062,    0.09062
   5.20750,    9.95387,    1.00367,    0.09160
   5.23250,    9.98860,    1.00117,    0.09110
   5.25750,    9.98385,    0.98239,    0.08958
   5.28250,   10.18371,    1.01501,    0.09064
   5.30750,   11.03052,    1.09949,    0.09064
   5.33250,   10.48374,    1.01658,    0.08840
   5.35750,    9.16723,    0.92992,    0.09210
   5.38250,    8.26660,    0.82946,    0.09119
   5.40750,    8.02882,    0.82912,    0.09360
   5.43250,    7.39759,    0.73926,    0.09085
   5.45750,    6.70975,    0.70023,    0.09450
   5.48250,    6.31798,    0.64415,    0.09252
   5.50750,    5.77673,    0.61499,    0.09622
   5.53250,    5.57892,    0.59662,    0.09661
   5.55750,    5.34091,    0.59909,    0.10086
   5.58250,    5.11452,    0.56557,    0.09957
   5.60750,    5.09362,    0.55260,    0.09787
   5.63250,    5.04126,    0.55639,    0.09940
   5.65750,    5.27693,    0.58028,    0.09907
   5.68250,    5.13682,    0.55246,    0.09711
   5.70750,    5.11968,    0.57683,    0.10126
   5.73250,    5.18596,    0.57414,    0.09968
   5.75750,    5.22103,    0.57991,    0.09997
   5.78250,    5.35307,    0.63078,    0.10541
   5.80750,    5.28332,    0.63489,    0.10728
   5.83250,    5.25195,    0.64868,    0.10993
   5.85750,    5.28458,    0.64713,    0.10910
   5.88250,    5.26439,    0.67394,    0.11349
   5.90750,    5.30676,    0.67175,    0.11236
   5.93250,    5.36133,    0.66224,    0.10994
   5.95750,    5.40621,    0.66378,    0.10935
   5.98250,    5.32883,    0.67735,    0.11277
   6.00750,    5.33900,    0.68324,    0.11345
   6.03250,    5.33377,    0.67861,    0.11287
   6.05750,    5.25208,    0.67322,    0.11362
   6.08250,    5.27971,    0.70207,    0.11737
   6.10750,    5.20614,    0.67977,    0.11549
   6.13250,    5.18279,    0.68633,    0.11694
   6.15750,    5.09055,    0.68259,    0.11824
   6.18250,    5.09924,    0.66565,    0.11547
   6.20750,    5.01855,    0.68261,    0.11973
   6.23250,    5.00563,    0.66236,    0.11686
   6.25750,    4.96523,    0.66714,    0.11845
   6.28250,    4.90747,    0.68140,    0.12192
   6.30750,    4.89111,    0.65100,    0.11746
   6.33250,    4.75639,    0.64750,    0.11982
   6.35750,    4.71737,    0.61886,    0.11597
   6.38250,    4.68622,    0.64936,    0.12170
   6.40750,    4.61278,    0.61254,    0.11723
   6.43250,    4.60206,    0.61952,    0.11865
   6.45750,    4.50075,    0.63539,    0.12371
   6.48250,    4.43035,    0.61443,    0.12180
   6.50750,    4.41756,    0.58943,    0.11772
   6.53250,    4.32585,    0.60942,    0.12348
   6.55750,    4.31430,    0.58017,    0.11854
   6.58250,    4.24495,    0.58162,    0.12050
   6.60750,    4.17729,    0.55424,    0.11714
   6.63250,    4.14115,    0.56998,    0.12099
   6.65750,    4.09613,    0.55487,    0.11930
   6.68250,    4.03836,    0.57889,    0.12538
   6.70750,    4.03648,    0.56297,    0.12240
   6.73250,    4.00095,    0.56161,    0.12309
   6.75750,    3.93126,    0.52916,    0.11863
   6.78250,    3.84231,    0.54031,    0.12328
   6.80750,    3.85083,    0.52441,    0.11986
   6.83250,    3.77812,    0.52312,    0.12162
   6.85750,    3.77668,    0.52290,    0.12162
   6.88250,    3.68396,    0.52905,    0.12558
   6.90750,    3.68550,    0.49458,    0.11832
   6.93250,    3.66147,    0.53342,    0.12716
   6.95750,    3.61772,    0.50981,    0.12352
   6.98250,    3.60899,    0.50779,    0.12335
   7.00750,    3.53429,    0.49657,    0.12319
   7.03250,    3.56587,    0.51472,    0.12614
   7.05750,    3.50865,    0.49229,    0.12304
   7.08250,    3.44752,    0.50562,    0.12790
   7.10750,    3.40678,    0.48869,    0.12545
   7.13250,    3.39102,    0.47598,    0.12309
   7.15750,    3.33000,    0.47844,    0.12563
   7.18250,    3.32538,    0.49213,    0.12891
   7.20750,    3.30330,    0.46089,    0.12244
   7.23250,    3.24595,    0.48716,    0.13050
   7.25750,    3.20119,    0.43934,    0.12068
   7.28250,    2.76755,    0.39145,    0.12392
   7.30750,    2.18288,    0.32619,    0.13000
   7.33250,    1.76366,    0.24815,    0.12335
   7.35750,    1.46958,    0.22691,    0.13375
   7.38250,    1.36969,    0.18378,    0.11830
   7.40750,    1.60565,    0.16949,    0.09548
   7.43250,    2.81153,    0.00000,    0.00000
   7.45750,    5.81087,    0.00000,    0.00000
   7.48250,   12.16573,    0.00000,    0.00000
   7.50750,    0.37450,    0.18041,    0.32511
   7.53250,    0.13772,    0.10598,    0.43488
   7.55750,    0.07945,    0.05870,    0.42489
   7.58250,    0.06183,    0.03436,    0.35723
   7.60750,    0.04239,    0.05460,    0.56293
   7.63250,    0.02051,    0.02539,    0.55319
   7.65750,    0.04833,    0.04223,    0.46630
   7.68250,    0.01991,    0.02736,    0.57881
   7.70750,    0.03114,    0.01435,    0.31549
   7.73250,    0.01711,    0.02566,    0.59997
   7.75750,    0.01952,    0.00365,    0.15754
   7.78250,    0.00502,    0.01485,    0.74749
   7.80750,    0.02397,    0.00314,    0.11569
   7.83250,    0.01540,    0.00152,    0.08967
   7.85750,    0.02024,    0.00986,    0.32765
   7.88250,    0.02043,    0.01748,    0.46102
   7.90750,    0.01154,    0.01603,    0.58154
   7.93250,    0.01645,    0.01035,    0.38611
   7.95750,    0.00106,    0.01416,    0.93050
   7.98250,    0.01483,    0.01483,    0.50000
   8.00750,    0.02653,    0.00144,    0.05163
   8.03250,    0.00413,    0.00845,    0.67179
   8.05750,    0.01313,    0.01618,    0.55207
   8.08250,    0.00567,    0.00528,    0.48205
   8.10750,    0.02107,    0.00550,    0.20701
   8.13250,    0.00488,    0.01831,    0.78947
   8.15750,    0.01323,    0.00474,    0.26362
   8.18250,    0.01361,    0.01611,    0.54209
   8.20750,    0.01400,    0.00606,    0.30220
   8.23250,    0.01655,    0.00696,    0.29614
   8.25750,    0.00665,    0.01334,    0.66717
   8.28250,    0.00639,    0.01203,    0.65300
   8.30750,    0.00362,    0.00301,    0.00000
   8.33250,    0.01227,    0.00000,    0.00000
   8.35750,    0.00897,    0.00897,    0.50000
   8.38250,    0.02473,    0.00718,    0.22496
   8.40750,    0.00835,    0.00479,    0.36431
   8.43250,    0.01678,    0.00346,    0.17080
   8.45750,    0.01021,    0.01143,    0.52820
   8.48250,    0.01650,    0.00204,    0.11013
   8.50750,    0.00108,    0.01529,    0.93427
   8.53250,    0.01461,    0.00968,    0.39861
   8.55750,    0.00604,    0.00424,    0.41246
   8.58250,    0.00203,    0.01281,    0.86319
   8.60750,    0.00412,    0.01327,    0.76330
   8.63250,    0.01467,    0.01313,    0.47239
   8.65750,    0.00095,    0.01661,    0.94597
   8.68250,    0.01471,    0.00800,    0.35222
   8.70750,    0.00718,    0.00847,    0.54131
   8.73250,    0.01197,    0.01338,    0.52777
   8.75750,    0.01280,    0.00914,    0.41669
   8.78250,    0.01634,    0.00958,    0.36955
   8.80750,    0.00932,    0.01436,    0.60653
   8.83250,    0.00383,    0.00522,    0.00000
   8.85750,    0.01856,    0.00647,    0.25857
   8.88250,    0.00871,    0.00906,    0.50986
   8.90750,    0.00218,    0.00035,    0.00000
   8.93250,    0.00727,    0.00727,    0.50000
   8.95750,    0.00583,    0.00592,    0.50386
   8.98250,    0.01061,    0.00463,    0.30385
   9.00750,    0.00233,    0.00111,    0.00000
   9.03250,    0.00057,    0.00484,    0.00000
   9.05750,    0.00000,    0.01186,    1.00000
   9.08250,    0.01242,    0.00570,    0.31477
   9.10750,    0.00783,    0.01149,    0.59475
   9.13250,    0.01152,    0.00544,    0.32087
   9.15750,    0.00698,    0.00050,    0.00000
   9.18250,    0.00234,    0.00000,    0.00000
   9.20750,    0.00914,    0.01890,    0.67414
   9.23250,    0.01256,    0.00247,    0.16446
   9.25750,    0.01381,    0.00277,    0.16721
   9.28250,    0.01317,    0.01183,    0.47305
   9.30750,    0.01078,    0.01729,    0.61593
   9.33250,    0.01652,    0.00781,    0.32108
   9.35750,    0.01435,    0.00145,    0.09181
   9.38250,    0.00140,    0.00341,    0.00000
   9.40750,    0.00220,    0.00000,    0.00000
   9.43250,    0.00000,    0.00152,    0.00000
   9.45750,    0.00659,    0.01171,    0.64003
   9.48250,    0.00000,    0.00259,    0.00000
   9.50750,    0.00389,    0.01229,    0.75943
   9.53250,    0.00928,    0.00623,    0.40164
   9.55750,    0.01319,    0.00248,    0.15850
   9.58250,    0.00395,    0.00667,    0.62834
   9.60750,    0.00000,    0.00341,    0.00000
   9.63250,    0.00688,    0.00000,    0.00000
   9.65750,    0.01365,    0.01548,    0.53144
   9.68250,    0.00413,    0.00894,    0.68409
   9.70750,    0.01119,    0.00237,    0.17506
   9.73250,    0.00811,    0.00161,    0.00000
   9.75750,    0.00975,    0.00731,    0.42842
   9.78250,    0.01923,    0.00412,    0.17650
   9.80750,    0.00963,    0.00565,    0.36986
   9.83250,    0.00493,    0.00859,    0.63551
   9.85750,    0.00824,    0.01485,    0.64312
   9.88250,    0.00283,    0.01176,    0.80613
   9.90750,    0.00223,    0.00263,    0.00000
   9.93250,    0.00214,    0.00367,    0.00000
   9.95750,    0.00678,    0.00000,    0.00000
   9.98250,    0.00755,    0.00524,    0.40954
