# [Parameters]
# Name = 'imp02'
# ShotNo = *****
# SubShotNO = 1
# Date = '12/01/2010 16:19'
#
# DimNo = 1
# DimName = 'Time'
# DimSize = 1310
# DimUnit = 's'
#
# ValNo = 3
# ValName = 'CIV', 'OVI', 'Lya'
# ValUnit = 'V', 'V', 'V'
#
# [Comments]
# CIV: 2s-2p (1549 A), OVI: 2s-2p (1034 A), Lya: 1s-2p (1216 A)
#
# [Data]
    0.0100,    -0.0137,    -0.0054,    -0.0107, 
    0.0200,    -0.0039,    -0.0054,    -0.0059, 
    0.0300,    -0.0088,    -0.0054,    -0.0059, 
    0.0400,    -0.0039,    -0.0054,    -0.0059, 
    0.0500,    -0.0039,    -0.0005,    -0.0059, 
    0.0600,    -0.0039,    -0.0054,    -0.0059, 
    0.0700,     0.0010,    -0.0054,    -0.0010, 
    0.0800,    -0.0088,    -0.0054,    -0.0107, 
    0.0900,    -0.0039,    -0.0005,    -0.0059, 
    0.1000,    -0.0039,    -0.0054,    -0.0059, 
    0.1100,    -0.0039,    -0.0054,    -0.0059, 
    0.1200,     0.0010,    -0.0005,    -0.0010, 
    0.1300,    -0.0039,    -0.0054,    -0.0059, 
    0.1400,    -0.0039,    -0.0054,    -0.0059, 
    0.1500,    -0.0039,    -0.0054,    -0.0059, 
    0.1600,    -0.0088,    -0.0054,    -0.0059, 
    0.1700,     0.0010,    -0.0005,    -0.0010, 
    0.1800,    -0.0088,    -0.0054,    -0.0107, 
    0.1900,    -0.0039,    -0.0005,    -0.0059, 
    0.2000,    -0.0039,    -0.0005,    -0.0059, 
    0.2100,    -0.0088,    -0.0054,    -0.0107, 
    0.2200,    -0.0039,    -0.0054,    -0.0010, 
    0.2300,    -0.0039,    -0.0054,    -0.0059, 
    0.2400,     0.0010,    -0.0005,    -0.0059, 
    0.2500,    -0.0039,    -0.0054,    -0.0107, 
    0.2600,    -0.0039,    -0.0005,    -0.0059, 
    0.2700,    -0.0039,    -0.0005,    -0.0010, 
    0.2800,    -0.0088,    -0.0103,    -0.0107, 
    0.2900,    -0.0039,    -0.0005,    -0.0010, 
    0.3000,    -0.0039,    -0.0005,    -0.0059, 
    0.3100,    -0.0088,    -0.0054,    -0.0107, 
    0.3200,    -0.0039,    -0.0005,    -0.0059, 
    0.3300,    -0.0039,    -0.0005,    -0.0059, 
    0.3400,    -0.0039,    -0.0005,    -0.0010, 
    0.3500,    -0.0039,    -0.0054,    -0.0059, 
    0.3600,    -0.0039,    -0.0054,    -0.0010, 
    0.3700,    -0.0039,    -0.0054,    -0.0059, 
    0.3800,    -0.0088,    -0.0054,    -0.0107, 
    0.3900,    -0.0039,    -0.0054,    -0.0010, 
    0.4000,    -0.0039,    -0.0005,    -0.0059, 
    0.4100,    -0.0039,    -0.0054,    -0.0059, 
    0.4200,    -0.0039,    -0.0054,    -0.0010, 
    0.4300,    -0.0039,    -0.0054,    -0.0059, 
    0.4400,     0.0010,    -0.0054,    -0.0010, 
    0.4500,    -0.0039,    -0.0005,    -0.0059, 
    0.4600,     0.0010,    -0.0005,    -0.0010, 
    0.4700,    -0.0039,    -0.0005,    -0.0059, 
    0.4800,    -0.0039,    -0.0054,    -0.0107, 
    0.4900,     0.0010,    -0.0005,    -0.0059, 
    0.5000,    -0.0039,    -0.0054,    -0.0059, 
    0.5100,    -0.0088,    -0.0054,    -0.0107, 
    0.5200,    -0.0039,    -0.0005,    -0.0059, 
    0.5300,    -0.0039,    -0.0054,    -0.0107, 
    0.5400,    -0.0039,    -0.0005,    -0.0059, 
    0.5500,    -0.0039,    -0.0054,    -0.0059, 
    0.5600,    -0.0039,    -0.0054,    -0.0059, 
    0.5700,    -0.0039,    -0.0054,    -0.0059, 
    0.5800,    -0.0039,    -0.0054,    -0.0059, 
    0.5900,     0.0010,    -0.0005,    -0.0010, 
    0.6000,    -0.0039,    -0.0005,    -0.0059, 
    0.6100,    -0.0088,    -0.0054,    -0.0059, 
    0.6200,    -0.0039,    -0.0005,    -0.0059, 
    0.6300,    -0.0039,    -0.0103,    -0.0107, 
    0.6400,    -0.0039,    -0.0054,    -0.0059, 
    0.6500,    -0.0039,    -0.0054,    -0.0059, 
    0.6600,    -0.0039,    -0.0005,    -0.0059, 
    0.6700,    -0.0039,    -0.0054,    -0.0059, 
    0.6800,    -0.0039,    -0.0054,    -0.0059, 
    0.6900,    -0.0039,    -0.0005,    -0.0010, 
    0.7000,    -0.0039,    -0.0054,    -0.0107, 
    0.7100,    -0.0039,    -0.0054,    -0.0010, 
    0.7200,    -0.0039,    -0.0005,    -0.0010, 
    0.7300,    -0.0039,    -0.0054,    -0.0107, 
    0.7400,    -0.0039,    -0.0054,    -0.0010, 
    0.7500,     0.0010,    -0.0005,    -0.0010, 
    0.7600,    -0.0039,    -0.0103,    -0.0107, 
    0.7700,    -0.0039,    -0.0005,    -0.0059, 
    0.7800,    -0.0088,    -0.0054,    -0.0107, 
    0.7900,    -0.0039,    -0.0005,    -0.0010, 
    0.8000,    -0.0039,    -0.0054,    -0.0059, 
    0.8100,    -0.0039,    -0.0005,    -0.0059, 
    0.8200,     0.0010,    -0.0005,    -0.0010, 
    0.8300,    -0.0088,    -0.0103,    -0.0107, 
    0.8400,    -0.0039,    -0.0005,    -0.0059, 
    0.8500,    -0.0039,    -0.0005,    -0.0059, 
    0.8600,    -0.0039,    -0.0103,    -0.0107, 
    0.8700,    -0.0039,    -0.0054,    -0.0059, 
    0.8800,    -0.0039,    -0.0054,    -0.0010, 
    0.8900,    -0.0039,    -0.0054,    -0.0059, 
    0.9000,    -0.0039,    -0.0054,    -0.0107, 
    0.9100,    -0.0039,    -0.0054,    -0.0059, 
    0.9200,    -0.0039,    -0.0054,    -0.0010, 
    0.9300,    -0.0088,    -0.0054,    -0.0107, 
    0.9400,    -0.0039,    -0.0005,    -0.0010, 
    0.9500,    -0.0039,    -0.0005,    -0.0059, 
    0.9600,    -0.0039,    -0.0054,    -0.0107, 
    0.9700,    -0.0039,    -0.0054,    -0.0059, 
    0.9800,    -0.0039,    -0.0054,    -0.0059, 
    0.9900,     0.0010,    -0.0005,    -0.0059, 
    1.0000,    -0.0088,    -0.0103,    -0.0059, 
    1.0100,    -0.0039,    -0.0054,    -0.0059, 
    1.0200,    -0.0039,    -0.0054,    -0.0059, 
    1.0300,    -0.0039,    -0.0054,    -0.0107, 
    1.0400,    -0.0039,    -0.0054,    -0.0059, 
    1.0500,    -0.0039,    -0.0005,    -0.0059, 
    1.0600,    -0.0088,    -0.0054,    -0.0107, 
    1.0700,    -0.0039,    -0.0005,    -0.0010, 
    1.0800,     0.0010,    -0.0054,    -0.0059, 
    1.0900,    -0.0039,    -0.0005,    -0.0059, 
    1.1000,    -0.0088,    -0.0054,    -0.0107, 
    1.1100,    -0.0039,    -0.0054,    -0.0059, 
    1.1200,    -0.0039,    -0.0054,    -0.0059, 
    1.1300,    -0.0039,    -0.0103,    -0.0107, 
    1.1400,    -0.0039,    -0.0005,    -0.0010, 
    1.1500,    -0.0088,    -0.0054,    -0.0059, 
    1.1600,    -0.0039,    -0.0054,    -0.0059, 
    1.1700,    -0.0039,    -0.0005,    -0.0010, 
    1.1800,     0.0010,    -0.0005,    -0.0010, 
    1.1900,    -0.0039,    -0.0054,    -0.0059, 
    1.2000,    -0.0039,    -0.0005,    -0.0059, 
    1.2100,    -0.0039,    -0.0054,    -0.0059, 
    1.2200,     0.0010,    -0.0054,    -0.0059, 
    1.2300,    -0.0039,    -0.0054,    -0.0059, 
    1.2400,    -0.0039,    -0.0005,    -0.0010, 
    1.2500,    -0.0039,    -0.0054,    -0.0059, 
    1.2600,    -0.0088,    -0.0103,    -0.0107, 
    1.2700,    -0.0039,    -0.0005,    -0.0059, 
    1.2800,     0.0010,    -0.0054,    -0.0059, 
    1.2900,    -0.0039,    -0.0054,    -0.0059, 
    1.3000,    -0.0039,    -0.0005,    -0.0059, 
    1.3100,    -0.0039,    -0.0005,    -0.0010, 
    1.3200,    -0.0088,    -0.0054,    -0.0059, 
    1.3300,    -0.0039,    -0.0005,    -0.0059, 
    1.3400,    -0.0039,    -0.0054,    -0.0059, 
    1.3500,    -0.0039,    -0.0103,    -0.0059, 
    1.3600,    -0.0039,    -0.0103,    -0.0107, 
    1.3700,     0.0010,    -0.0005,    -0.0010, 
    1.3800,    -0.0039,    -0.0054,    -0.0107, 
    1.3900,    -0.0039,    -0.0054,    -0.0059, 
    1.4000,    -0.0039,    -0.0054,    -0.0059, 
    1.4100,    -0.0088,    -0.0054,    -0.0059, 
    1.4200,    -0.0039,    -0.0005,    -0.0059, 
    1.4300,    -0.0039,    -0.0054,    -0.0010, 
    1.4400,    -0.0039,    -0.0054,    -0.0059, 
    1.4500,    -0.0088,    -0.0054,    -0.0059, 
    1.4600,    -0.0039,    -0.0054,    -0.0059, 
    1.4700,    -0.0039,    -0.0005,    -0.0059, 
    1.4800,    -0.0039,    -0.0054,    -0.0059, 
    1.4900,    -0.0039,    -0.0005,    -0.0059, 
    1.5000,     0.0010,    -0.0005,    -0.0059, 
    1.5100,    -0.0088,    -0.0054,    -0.0059, 
    1.5200,    -0.0039,    -0.0054,    -0.0059, 
    1.5300,    -0.0039,    -0.0054,    -0.0059, 
    1.5400,    -0.0039,    -0.0054,    -0.0107, 
    1.5500,    -0.0039,    -0.0054,    -0.0059, 
    1.5600,    -0.0039,    -0.0054,    -0.0059, 
    1.5700,    -0.0039,    -0.0005,    -0.0010, 
    1.5800,    -0.0039,    -0.0103,    -0.0059, 
    1.5900,    -0.0088,    -0.0054,    -0.0107, 
    1.6000,    -0.0039,    -0.0054,    -0.0059, 
    1.6100,    -0.0039,    -0.0054,    -0.0059, 
    1.6200,    -0.0039,    -0.0054,    -0.0010, 
    1.6300,     0.0010,    -0.0005,    -0.0010, 
    1.6400,    -0.0088,    -0.0054,    -0.0107, 
    1.6500,    -0.0088,    -0.0103,    -0.0107, 
    1.6600,    -0.0088,    -0.0054,    -0.0059, 
    1.6700,    -0.0039,    -0.0005,    -0.0059, 
    1.6800,    -0.0039,    -0.0054,    -0.0059, 
    1.6900,    -0.0039,    -0.0054,    -0.0059, 
    1.7000,    -0.0039,    -0.0005,    -0.0059, 
    1.7100,    -0.0039,    -0.0103,    -0.0059, 
    1.7200,    -0.0039,    -0.0054,    -0.0059, 
    1.7300,    -0.0039,    -0.0054,    -0.0010, 
    1.7400,    -0.0088,    -0.0005,    -0.0107, 
    1.7500,    -0.0039,    -0.0005,    -0.0059, 
    1.7600,     0.0010,    -0.0005,    -0.0059, 
    1.7700,    -0.0088,    -0.0054,    -0.0107, 
    1.7800,    -0.0039,    -0.0103,    -0.0059, 
    1.7900,    -0.0039,    -0.0005,    -0.0059, 
    1.8000,    -0.0039,    -0.0054,    -0.0059, 
    1.8100,    -0.0039,    -0.0054,    -0.0059, 
    1.8200,    -0.0039,    -0.0005,    -0.0059, 
    1.8300,     0.0010,    -0.0054,    -0.0059, 
    1.8400,    -0.0088,    -0.0103,    -0.0107, 
    1.8500,    -0.0039,    -0.0005,    -0.0059, 
    1.8600,    -0.0039,    -0.0054,    -0.0010, 
    1.8700,     0.0010,    -0.0005,    -0.0010, 
    1.8800,    -0.0039,    -0.0054,    -0.0059, 
    1.8900,    -0.0039,    -0.0005,    -0.0010, 
    1.9000,    -0.0039,    -0.0103,    -0.0059, 
    1.9100,    -0.0088,    -0.0054,    -0.0059, 
    1.9200,    -0.0039,    -0.0054,    -0.0059, 
    1.9300,     0.0010,    -0.0054,    -0.0010, 
    1.9400,    -0.0039,    -0.0005,    -0.0059, 
    1.9500,    -0.0039,    -0.0005,    -0.0010, 
    1.9600,    -0.0039,    -0.0054,    -0.0010, 
    1.9700,    -0.0088,    -0.0054,    -0.0107, 
    1.9800,    -0.0039,    -0.0054,    -0.0059, 
    1.9900,    -0.0039,    -0.0005,    -0.0059, 
    2.0000,    -0.0039,    -0.0005,    -0.0059, 
    2.0100,    -0.0088,    -0.0054,    -0.0059, 
    2.0200,     0.0010,    -0.0005,    -0.0010, 
    2.0300,    -0.0088,    -0.0103,    -0.0059, 
    2.0400,    -0.0039,    -0.0054,    -0.0107, 
    2.0500,    -0.0039,    -0.0054,    -0.0010, 
    2.0600,    -0.0039,    -0.0054,    -0.0010, 
    2.0700,    -0.0039,    -0.0054,    -0.0059, 
    2.0800,    -0.0039,    -0.0054,    -0.0010, 
    2.0900,    -0.0039,    -0.0005,    -0.0059, 
    2.1000,    -0.0088,    -0.0054,    -0.0059, 
    2.1100,    -0.0039,    -0.0054,    -0.0107, 
    2.1200,     0.0010,    -0.0005,    -0.0059, 
    2.1300,    -0.0088,    -0.0054,    -0.0059, 
    2.1400,    -0.0039,    -0.0054,    -0.0059, 
    2.1500,     0.0010,    -0.0005,    -0.0010, 
    2.1600,    -0.0088,    -0.0054,    -0.0107, 
    2.1700,    -0.0088,    -0.0054,    -0.0059, 
    2.1800,    -0.0039,    -0.0054,    -0.0059, 
    2.1900,    -0.0039,    -0.0054,    -0.0059, 
    2.2000,    -0.0039,    -0.0054,    -0.0059, 
    2.2100,     0.0010,    -0.0005,    -0.0059, 
    2.2200,    -0.0039,    -0.0005,    -0.0059, 
    2.2300,    -0.0088,    -0.0103,    -0.0107, 
    2.2400,    -0.0039,    -0.0054,    -0.0107, 
    2.2500,    -0.0039,    -0.0054,    -0.0059, 
    2.2600,    -0.0039,    -0.0054,    -0.0059, 
    2.2700,    -0.0039,    -0.0054,    -0.0059, 
    2.2800,    -0.0039,    -0.0005,    -0.0010, 
    2.2900,    -0.0088,    -0.0005,    -0.0107, 
    2.3000,    -0.0088,    -0.0054,    -0.0107, 
    2.3100,    -0.0039,    -0.0054,    -0.0059, 
    2.3200,    -0.0039,    -0.0005,    -0.0010, 
    2.3300,    -0.0039,    -0.0054,    -0.0059, 
    2.3400,    -0.0039,    -0.0005,    -0.0059, 
    2.3500,    -0.0039,    -0.0005,    -0.0059, 
    2.3600,    -0.0088,    -0.0103,    -0.0107, 
    2.3700,    -0.0039,    -0.0054,    -0.0059, 
    2.3800,    -0.0039,    -0.0054,    -0.0059, 
    2.3900,    -0.0088,    -0.0005,    -0.0059, 
    2.4000,    -0.0039,    -0.0054,    -0.0059, 
    2.4100,    -0.0039,    -0.0005,    -0.0059, 
    2.4200,    -0.0088,    -0.0054,    -0.0059, 
    2.4300,    -0.0088,    -0.0103,    -0.0107, 
    2.4400,    -0.0039,    -0.0054,    -0.0059, 
    2.4500,    -0.0039,    -0.0054,    -0.0059, 
    2.4600,    -0.0039,    -0.0054,    -0.0010, 
    2.4700,    -0.0039,    -0.0005,    -0.0010, 
    2.4800,    -0.0039,    -0.0054,    -0.0059, 
    2.4900,    -0.0137,    -0.0103,    -0.0107, 
    2.5000,    -0.0039,    -0.0054,    -0.0059, 
    2.5100,    -0.0088,    -0.0103,    -0.0059, 
    2.5200,    -0.0039,    -0.0005,    -0.0059, 
    2.5300,    -0.0039,    -0.0054,    -0.0107, 
    2.5400,    -0.0039,    -0.0005,    -0.0010, 
    2.5500,    -0.0039,    -0.0054,    -0.0059, 
    2.5600,    -0.0088,    -0.0103,    -0.0059, 
    2.5700,    -0.0039,    -0.0054,    -0.0059, 
    2.5800,    -0.0039,    -0.0054,    -0.0059, 
    2.5900,    -0.0039,    -0.0054,    -0.0059, 
    2.6000,     0.0010,    -0.0005,    -0.0059, 
    2.6100,    -0.0039,    -0.0054,    -0.0010, 
    2.6200,    -0.0088,    -0.0103,    -0.0059, 
    2.6300,    -0.0039,    -0.0103,    -0.0107, 
    2.6400,    -0.0039,    -0.0005,    -0.0059, 
    2.6500,    -0.0039,    -0.0054,    -0.0059, 
    2.6600,    -0.0039,    -0.0054,    -0.0059, 
    2.6700,     0.0010,    -0.0005,    -0.0010, 
    2.6800,    -0.0039,    -0.0054,    -0.0107, 
    2.6900,    -0.0088,    -0.0103,    -0.0107, 
    2.7000,    -0.0039,    -0.0054,    -0.0059, 
    2.7100,    -0.0039,    -0.0103,    -0.0107, 
    2.7200,    -0.0039,    -0.0054,    -0.0010, 
    2.7300,    -0.0039,    -0.0005,    -0.0059, 
    2.7400,    -0.0039,    -0.0005,    -0.0010, 
    2.7500,    -0.0088,    -0.0054,    -0.0059, 
    2.7600,    -0.0088,    -0.0054,    -0.0059, 
    2.7700,    -0.0039,    -0.0054,    -0.0059, 
    2.7800,    -0.0088,    -0.0054,    -0.0059, 
    2.7900,    -0.0039,    -0.0005,    -0.0059, 
    2.8000,     0.0010,    -0.0005,    -0.0010, 
    2.8100,    -0.0039,    -0.0054,    -0.0059, 
    2.8200,    -0.0039,    -0.0054,    -0.0059, 
    2.8300,    -0.0039,    -0.0103,    -0.0107, 
    2.8400,    -0.0039,    -0.0054,    -0.0059, 
    2.8500,    -0.0088,    -0.0103,    -0.0059, 
    2.8600,    -0.0039,    -0.0054,    -0.0059, 
    2.8700,     0.0010,    -0.0005,    -0.0010, 
    2.8800,    -0.0088,    -0.0103,    -0.0107, 
    2.8900,    -0.0039,    -0.0005,    -0.0059, 
    2.9000,    -0.0039,    -0.0054,    -0.0107, 
    2.9100,    -0.0088,    -0.0103,    -0.0059, 
    2.9200,    -0.0039,    -0.0005,    -0.0059, 
    2.9300,    -0.0039,    -0.0005,    -0.0010, 
    2.9400,    -0.0039,    -0.0005,    -0.0059, 
    2.9500,    -0.0088,    -0.0054,    -0.0107, 
    2.9600,    -0.0039,    -0.0054,    -0.0059, 
    2.9700,    -0.0039,    -0.0054,    -0.0107, 
    2.9800,    -0.0088,    -0.0103,    -0.0059, 
    2.9900,    -0.0039,    -0.0005,    -0.0010, 
    3.0000,     0.0010,    -0.0005,    -0.0010, 
    3.0100,    -0.0088,    -0.0054,    -0.0059, 
    3.0200,    -0.0039,    -0.0054,    -0.0010, 
    3.0300,    -0.0039,    -0.0103,    -0.0059, 
    3.0400,    -0.0039,    -0.0054,    -0.0059, 
    3.0500,    -0.0039,    -0.0054,    -0.0059, 
    3.0600,    -0.0039,    -0.0005,    -0.0010, 
    3.0700,    -0.0039,    -0.0005,    -0.0010, 
    3.0800,    -0.0039,    -0.0054,    -0.0107, 
    3.0900,    -0.0039,    -0.0005,    -0.0010, 
    3.1000,    -0.0088,    -0.0103,    -0.0107, 
    3.1100,     0.0645,     0.0532,     0.8145, 
    3.1200,     0.0791,     0.1021,     0.5264, 
    3.1300,     0.1279,     0.1655,     0.5605, 
    3.1400,     0.0742,     0.2241,     0.4238, 
    3.1500,     0.0596,     0.2339,     0.4092, 
    3.1600,     0.0352,     0.1606,     0.3164, 
    3.1700,     0.1279,     0.1362,     0.4141, 
    3.1800,     0.0742,     0.1021,     0.3262, 
    3.1900,     0.1914,     0.1069,     0.4238, 
    3.2000,     0.2305,     0.1118,     0.4189, 
    3.2100,     0.2549,     0.1411,     0.4727, 
    3.2200,     0.2646,     0.2046,     0.4482, 
    3.2300,     0.2549,     0.2192,     0.5508, 
    3.2400,     0.2256,     0.2046,     0.4727, 
    3.2500,     0.2646,     0.1558,     0.5068, 
    3.2600,     0.2354,     0.1362,     0.4629, 
    3.2700,     0.2939,     0.1558,     0.5557, 
    3.2800,     0.2500,     0.2290,     0.5264, 
    3.2900,     0.2793,     0.3120,     0.6094, 
    3.3000,     0.1914,     0.5366,     0.5898, 
    3.3100,     0.0937,     1.2007,     0.7461, 
    3.3200,     0.0937,     0.7661,     0.9170, 
    3.3300,     0.1133,     0.7124,     1.1758, 
    3.3400,     0.1475,     0.8442,     1.3223, 
    3.3500,     0.1621,     0.8442,     1.5859, 
    3.3600,     0.1865,     0.8931,     1.7227, 
    3.3700,     0.1475,     0.9517,     2.0303, 
    3.3800,     0.1963,     0.9712,     2.1230, 
    3.3900,     0.1670,     1.0493,     2.4355, 
    3.4000,     0.2061,     1.0542,     2.4600, 
    3.4100,     0.2207,     1.0103,     2.5869, 
    3.4200,     0.2451,     1.0444,     2.6162, 
    3.4300,     0.2354,     1.0103,     2.7236, 
    3.4400,     0.2207,     1.0493,     2.8848, 
    3.4500,     0.2598,     1.0347,     2.9971, 
    3.4600,     0.2256,     1.0591,     3.0947, 
    3.4700,     0.2305,     1.0396,     3.1924, 
    3.4800,     0.2256,     1.0786,     3.2510, 
    3.4900,     0.2451,     1.0786,     3.4805, 
    3.5000,     0.2256,     1.0542,     3.4316, 
    3.5100,     0.2402,     1.1079,     3.4805, 
    3.5200,     0.2402,     1.1128,     3.6563, 
    3.5300,     0.2012,     1.1567,     3.7441, 
    3.5400,     0.2744,     1.1226,     3.7100, 
    3.5500,     0.2402,     1.1323,     3.7734, 
    3.5600,     0.2500,     1.1274,     3.9004, 
    3.5700,     0.2744,     1.1323,     3.8906, 
    3.5800,     0.2451,     1.1128,     3.9346, 
    3.5900,     0.2549,     1.1860,     4.0518, 
    3.6000,     0.3037,     1.1470,     4.1738, 
    3.6100,     0.2646,     1.1665,     4.2227, 
    3.6200,     0.2695,     1.1812,     4.3154, 
    3.6300,     0.2695,     1.1226,     4.2324, 
    3.6400,     0.3184,     1.1274,     4.3447, 
    3.6500,     0.3037,     1.1421,     4.3350, 
    3.6600,     0.3330,     1.1909,     4.4082, 
    3.6700,     0.3281,     1.2056,     4.3447, 
    3.6800,     0.3184,     1.2007,     4.5400, 
    3.6900,     0.3525,     1.1714,     4.5791, 
    3.7000,     0.3232,     1.1470,     4.7061, 
    3.7100,     0.3184,     1.1812,     4.7402, 
    3.7200,     0.2842,     1.1714,     4.9844, 
    3.7300,     0.2939,     1.2544,     4.9209, 
    3.7400,     0.3477,     1.2251,     5.0674, 
    3.7500,     0.3525,     1.1860,     4.8818, 
    3.7600,     0.3770,     1.2153,     4.9111, 
    3.7700,     0.3818,     1.1958,     5.2041, 
    3.7800,     0.3135,     1.2300,     5.1748, 
    3.7900,     0.3379,     1.2104,     5.2529, 
    3.8000,     0.3428,     1.1714,     5.4189, 
    3.8100,     0.3379,     1.2397,     5.4141, 
    3.8200,     0.3232,     1.2739,     5.4580, 
    3.8300,     0.3867,     1.2544,     5.7705, 
    3.8400,     0.3086,     1.2397,     5.5557, 
    3.8500,     0.3135,     1.2446,     5.7754, 
    3.8600,     0.3232,     1.2202,     5.8389, 
    3.8700,     0.3477,     1.2349,     5.7119, 
    3.8800,     0.3672,     1.2397,     5.7217, 
    3.8900,     0.3379,     1.2642,     5.8389, 
    3.9000,     0.3721,     1.2300,     5.8828, 
    3.9100,     0.3281,     1.2007,     5.9365, 
    3.9200,     0.3623,     1.2788,     6.0293, 
    3.9300,     0.3672,     1.2397,     6.0439, 
    3.9400,     0.3428,     1.2593,     6.1367, 
    3.9500,     0.3525,     1.2983,     5.8877, 
    3.9600,     0.3184,     1.2690,     6.1172, 
    3.9700,     0.3574,     1.2837,     6.2637, 
    3.9800,     0.3770,     1.2495,     6.2197, 
    3.9900,     0.3477,     1.2788,     6.2539, 
    4.0000,     0.3574,     1.2446,     6.3369, 
    4.0100,     0.3428,     1.3179,     6.3223, 
    4.0200,     0.3867,     1.2739,     6.3320, 
    4.0300,     0.3428,     1.2788,     6.3271, 
    4.0400,     0.3916,     1.2593,     6.3027, 
    4.0500,     0.3721,     1.2642,     6.2246, 
    4.0600,     0.3721,     1.2983,     6.4443, 
    4.0700,     0.3818,     1.2495,     6.4395, 
    4.0800,     0.3721,     1.2642,     6.4541, 
    4.0900,     0.3867,     1.2739,     6.6689, 
    4.1000,     0.3232,     1.2935,     6.4785, 
    4.1100,     0.3867,     1.3032,     6.6348, 
    4.1200,     0.4307,     1.2593,     6.6006, 
    4.1300,     0.3770,     1.2544,     6.6348, 
    4.1400,     0.4111,     1.3032,     6.7861, 
    4.1500,     0.3721,     1.3228,     6.7568, 
    4.1600,     0.3867,     1.2886,     6.7959, 
    4.1700,     0.3916,     1.3765,     6.7910, 
    4.1800,     0.4014,     1.3276,     6.7813, 
    4.1900,     0.3672,     1.3179,     6.9131, 
    4.2000,     0.3770,     1.3130,     7.1621, 
    4.2100,     0.4111,     1.3813,     7.0156, 
    4.2200,     0.4160,     1.2886,     7.1035, 
    4.2300,     0.4307,     1.3276,     7.2354, 
    4.2400,     0.4258,     1.3228,     7.2988, 
    4.2500,     0.4795,     1.3325,     7.1475, 
    4.2600,     0.3867,     1.3911,     7.2207, 
    4.2700,     0.4648,     1.3716,     7.1670, 
    4.2800,     0.4502,     1.3618,     7.1621, 
    4.2900,     0.4648,     1.3325,     7.2451, 
    4.3000,     0.4209,     1.3228,     7.4014, 
    4.3100,     0.4551,     1.3325,     7.1719, 
    4.3200,     0.5234,     1.3472,     7.5381, 
    4.3300,     0.4893,     1.3765,     7.3574, 
    4.3400,     0.5088,     1.3521,     7.4795, 
    4.3500,     0.4355,     1.3569,     7.7041, 
    4.3600,     0.4746,     1.3960,     7.4990, 
    4.3700,     0.4697,     1.3765,     7.6943, 
    4.3800,     0.4893,     1.3667,     7.6260, 
    4.3900,     0.4844,     1.4888,     7.8213, 
    4.4000,     0.4941,     1.4692,     7.8457, 
    4.4100,     0.4893,     1.3960,     7.8652, 
    4.4200,     0.4893,     1.3716,     7.6211, 
    4.4300,     0.4844,     1.4058,     7.6064, 
    4.4400,     0.5381,     1.4399,     7.7773, 
    4.4500,     0.5527,     1.4302,     7.8066, 
    4.4600,     0.5381,     1.3862,     7.6797, 
    4.4700,     0.5674,     1.4351,     8.0605, 
    4.4800,     0.5381,     1.4351,     7.8994, 
    4.4900,     0.5869,     1.4204,     7.9238, 
    4.5000,     0.5527,     1.4302,     8.1045, 
    4.5100,     0.5234,     1.4448,     8.0703, 
    4.5200,     0.5918,     1.4058,     8.0996, 
    4.5300,     0.5186,     1.4302,     7.8506, 
    4.5400,     0.5430,     1.4546,     8.1777, 
    4.5500,     0.6064,     1.4497,     8.2266, 
    4.5600,     0.5771,     1.4351,     8.2363, 
    4.5700,     0.5674,     1.4399,     8.4316, 
    4.5800,     0.5479,     1.4839,     8.4414, 
    4.5900,     0.5332,     1.5278,     8.3096, 
    4.6000,     0.5576,     1.4790,     8.4414, 
    4.6100,     0.6016,     1.5132,     8.2705, 
    4.6200,     0.6309,     1.4839,     8.5684, 
    4.6300,     0.6064,     1.4692,     8.6611, 
    4.6400,     0.6064,     1.3765,     8.7100, 
    4.6500,     0.6064,     1.5278,     8.5684, 
    4.6600,     0.5869,     1.4790,     8.4805, 
    4.6700,     0.6504,     1.4595,     8.6660, 
    4.6800,     0.6406,     1.4692,     8.5928, 
    4.6900,     0.6602,     1.5278,     8.5928, 
    4.7000,     0.7627,     1.4204,     9.1689, 
    4.7100,     0.6748,     1.3960,     9.1201, 
    4.7200,     0.6357,     1.4985,     8.8564, 
    4.7300,     0.7285,     1.4595,     8.9199, 
    4.7400,     0.6699,     1.4839,     8.7832, 
    4.7500,     0.6797,     1.4888,     8.7930, 
    4.7600,     0.7285,     1.4985,     8.8564, 
    4.7700,     0.7041,     1.3765,     8.4072, 
    4.7800,     0.7432,     1.5522,     9.0029, 
    4.7900,     0.6797,     1.5327,     8.8955, 
    4.8000,     0.7578,     1.3862,     8.7539, 
    4.8100,     0.7676,     1.4985,     9.0176, 
    4.8200,     0.8018,     1.4888,     9.3105, 
    4.8300,     0.7334,     1.4399,     8.8125, 
    4.8400,     0.7432,     1.5132,     8.8955, 
    4.8500,     0.7139,     1.4155,     9.1592, 
    4.8600,     0.8408,     1.4937,     9.1885, 
    4.8700,     0.8701,     1.4937,     9.2275, 
    4.8800,     0.7773,     1.4204,     9.3057, 
    4.8900,     0.8896,     1.4448,     9.4082, 
    4.9000,     1.0166,     1.4399,     9.3252, 
    4.9100,     1.0117,     1.4253,     9.3740, 
    4.9200,     0.9385,     1.3765,     9.2617, 
    4.9300,     0.9336,     1.3765,     9.3496, 
    4.9400,     1.1045,     1.5229,     9.6914, 
    4.9500,     0.9971,     1.4595,     9.5254, 
    4.9600,     1.2070,     1.4497,     9.5645, 
    4.9700,     1.1973,     1.4546,     9.7744, 
    4.9800,     1.2119,     1.5034,     9.7695, 
    4.9900,     1.3389,     1.5278,     9.8086, 
    5.0000,     1.2998,     1.5864,     9.9600, 
    5.0100,     1.7246,     1.6792,    10.0137, 
    5.0200,     1.5049,     1.7134,    10.0137, 
    5.0300,     2.1934,     2.0552,    10.0137, 
    5.0400,     1.8906,     1.9282,    10.0137, 
    5.0500,     1.9443,     2.0845,    10.0137, 
    5.0600,     2.3594,     2.0991,    10.0137, 
    5.0700,     1.9785,     2.3335,    10.0137, 
    5.0800,     2.1006,     2.4458,    10.0137, 
    5.0900,     1.8125,     2.4312,    10.0137, 
    5.1000,     1.8564,     2.5337,    10.0137, 
    5.1100,     1.8906,     3.0903,     9.9258, 
    5.1200,     1.8760,     3.1831,     9.5156, 
    5.1300,     1.7832,     3.4077,     9.2617, 
    5.1400,     3.3408,     1.5474,     8.8809, 
    5.1500,     2.5547,     1.2397,     8.2510, 
    5.1600,     2.3838,     1.3032,     8.0898, 
    5.1700,     2.5498,     1.2983,     8.2021, 
    5.1800,     2.8818,     1.3667,     8.0850, 
    5.1900,     2.6768,     1.4155,     8.0068, 
    5.2000,     2.8721,     1.4155,     8.2363, 
    5.2100,     2.6230,     1.4497,     8.3047, 
    5.2200,     2.8477,     1.3960,     8.4414, 
    5.2300,     2.7207,     1.5962,     8.7734, 
    5.2400,     2.9258,     1.4692,     8.5684, 
    5.2500,     2.9062,     1.5229,     8.5391, 
    5.2600,     2.8867,     1.4448,     8.6318, 
    5.2700,     2.7939,     1.5132,     8.3975, 
    5.2800,     2.8135,     1.4790,     8.6270, 
    5.2900,     2.7256,     1.2886,     8.3779, 
    5.3000,     2.5693,     1.3276,     8.2656, 
    5.3100,     2.8818,     1.4937,     8.6123, 
    5.3200,     2.6865,     1.2935,     8.2705, 
    5.3300,     2.7842,     1.4009,     8.3486, 
    5.3400,     2.8281,     1.3813,     8.3682, 
    5.3500,     2.4082,     1.2104,     8.1045, 
    5.3600,     2.8867,     1.4399,     8.6221, 
    5.3700,     2.3545,     1.3325,     8.1777, 
    5.3800,     2.7744,     1.3862,     8.3828, 
    5.3900,     2.5205,     1.4106,     8.2070, 
    5.4000,     2.2520,     1.2007,     8.2559, 
    5.4100,     2.4521,     1.2739,     8.1484, 
    5.4200,     2.6475,     1.3716,     8.1436, 
    5.4300,     2.1494,     1.2544,     8.1680, 
    5.4400,     2.4033,     1.1519,     8.2314, 
    5.4500,     2.1738,     1.1958,     8.1289, 
    5.4600,     2.5986,     1.3716,     8.3779, 
    5.4700,     2.4521,     1.3521,     8.4365, 
    5.4800,     2.3789,     1.2544,     8.1924, 
    5.4900,     2.2324,     1.3130,     8.0703, 
    5.5000,     2.3984,     1.4741,     8.1484, 
    5.5100,     2.3496,     1.4204,     8.2119, 
    5.5200,     2.1738,     1.2690,     8.4707, 
    5.5300,     2.4912,     1.4204,     8.3047, 
    5.5400,     2.2617,     1.3667,     8.2998, 
    5.5500,     2.1396,     1.2251,     8.3486, 
    5.5600,     2.3301,     1.3423,     7.9775, 
    5.5700,     2.4814,     1.3960,     8.4805, 
    5.5800,     2.2764,     1.2202,     8.0898, 
    5.5900,     2.2373,     1.3521,     8.2607, 
    5.6000,     2.1299,     1.1958,     8.1875, 
    5.6100,     2.1104,     1.2739,     8.0752, 
    5.6200,     2.5400,     1.3228,     8.4268, 
    5.6300,     2.0127,     1.3813,     8.4072, 
    5.6400,     2.2178,     1.4106,     8.6221, 
    5.6500,     2.2031,     1.3423,     8.2803, 
    5.6600,     1.8809,     1.3081,     8.2754, 
    5.6700,     2.1982,     1.4399,     8.8906, 
    5.6800,     2.0908,     1.3521,     8.6270, 
    5.6900,     1.8906,     1.3130,     8.6660, 
    5.7000,     2.2422,     1.3911,     8.8564, 
    5.7100,     2.1348,     1.4644,     9.1982, 
    5.7200,     2.1445,     1.4302,     9.1934, 
    5.7300,     2.1348,     1.5620,     9.5840, 
    5.7400,     2.0029,     1.3130,     9.0420, 
    5.7500,     1.7881,     1.3862,     9.0371, 
    5.7600,     1.9150,     1.5962,     9.3203, 
    5.7700,     2.2471,     1.8306,    10.0137, 
    5.7800,     1.9639,     1.5132,     9.5205, 
    5.7900,     2.0811,     1.5034,     9.8721, 
    5.8000,     2.0176,     1.7085,    10.0137, 
    5.8100,     1.9980,     1.5669,    10.0137, 
    5.8200,     2.1885,     1.5767,     9.0176, 
    5.8300,     1.7246,     1.6304,    10.0137, 
    5.8400,     2.0664,     1.5229,    10.0137, 
    5.8500,     2.2715,     1.6548,    10.0137, 
    5.8600,     1.7197,     1.4644,    10.0137, 
    5.8700,     1.9492,     1.8940,    10.0137, 
    5.8800,     1.4121,     1.3813,     9.5693, 
    5.8900,     1.8320,     1.6108,    10.0137, 
    5.9000,     1.7344,     1.5718,    10.0137, 
    5.9100,     1.5293,     1.6694,    10.0137, 
    5.9200,     1.5635,     1.4839,     9.8965, 
    5.9300,     1.7539,     1.5327,    10.0137, 
    5.9400,     2.2178,     1.8354,    10.0137, 
    5.9500,     1.9492,     1.7573,    10.0137, 
    5.9600,     1.5977,     1.6108,    10.0137, 
    5.9700,     1.5684,     1.7476,    10.0137, 
    5.9800,     1.2852,     1.5815,     9.7256, 
    5.9900,     2.3252,     1.8794,    10.0137, 
    6.0000,     1.6074,     1.5522,    10.0137, 
    6.0100,     1.6221,     1.5767,     9.7012, 
    6.0200,     1.6318,     1.6255,     9.8672, 
    6.0300,     1.9102,     1.7671,    10.0137, 
    6.0400,     1.8955,     1.9087,    10.0137, 
    6.0500,     1.5049,     1.4302,     9.7500, 
    6.0600,     1.6953,     1.6890,    10.0137, 
    6.0700,     2.1592,     1.7524,    10.0137, 
    6.0800,     1.6221,     1.4155,     9.2861, 
    6.0900,     1.6367,     1.4204,     9.4033, 
    6.1000,     2.0859,     1.3911,     8.9248, 
    6.1100,     2.0371,     1.4106,     8.7100, 
    6.1200,     2.1348,     1.3765,     8.8174, 
    6.1300,     2.1152,     1.2690,     8.4170, 
    6.1400,     2.0273,     1.3472,     8.5293, 
    6.1500,     3.1748,     1.6206,     8.7393, 
    6.1600,     2.2227,     1.2056,     8.0752, 
    6.1700,     2.2910,     1.3813,     8.3291, 
    6.1800,     2.5645,     1.3911,     8.3584, 
    6.1900,     2.9502,     1.5620,     8.1680, 
    6.2000,     2.9209,     1.4839,     8.3096, 
    6.2100,     2.9795,     1.6060,     8.5928, 
    6.2200,     2.8574,     1.4937,     8.5684, 
    6.2300,     2.7061,     1.4546,     8.3926, 
    6.2400,     3.5654,     1.7769,     9.3301, 
    6.2500,     3.5361,     1.4595,     8.8271, 
    6.2600,     3.0674,     1.2153,     8.7344, 
    6.2700,     3.5996,     1.6011,     9.0322, 
    6.2800,     3.5703,     1.5229,     8.9639, 
    6.2900,     3.5459,     1.4888,     8.7832, 
    6.3000,     3.7900,     1.6255,     9.2715, 
    6.3100,     4.2441,     1.7622,     9.9307, 
    6.3200,     3.9219,     1.5376,     8.8564, 
    6.3300,     4.0195,     1.6499,     9.4277, 
    6.3400,     3.7412,     1.8062,     9.0469, 
    6.3500,     2.0957,     3.3784,     9.1934, 
    6.3600,     2.3838,     2.7632,    10.0137, 
    6.3700,     2.3350,     2.3970,    10.0137, 
    6.3800,     2.1934,     2.2505,    10.0137, 
    6.3900,     2.2666,     2.3579,    10.0137, 
    6.4000,     1.7783,     1.9087,     9.9648, 
    6.4100,     2.2129,     2.1382,    10.0137, 
    6.4200,     2.2617,     2.1626,    10.0137, 
    6.4300,     2.5449,     2.2847,    10.0137, 
    6.4400,     1.9932,     2.3335,    10.0137, 
    6.4500,     2.2275,     2.4897,    10.0137, 
    6.4600,     1.9395,     1.8550,    10.0137, 
    6.4700,     1.8906,     2.0991,    10.0137, 
    6.4800,     1.6416,     1.7476,    10.0137, 
    6.4900,     1.6025,     1.7329,    10.0137, 
    6.5000,     1.8564,     1.8501,     9.5938, 
    6.5100,     1.5732,     1.8403,     9.9014, 
    6.5200,     1.8223,     1.7476,    10.0137, 
    6.5300,     1.7393,     1.5913,    10.0137, 
    6.5400,     1.5293,     1.5913,    10.0137, 
    6.5500,     1.8369,     1.6646,    10.0137, 
    6.5600,     1.2412,     1.4644,    10.0137, 
    6.5700,     1.1143,     1.4546,    10.0137, 
    6.5800,     1.3584,     1.5620,    10.0137, 
    6.5900,     0.9873,     1.2739,     9.7598, 
    6.6000,     1.0703,     1.3228,    10.0137, 
    6.6100,     0.9580,     1.3521,     9.6133, 
    6.6200,     1.0264,     1.3569,     9.7939, 
    6.6300,     0.9336,     1.3179,     9.2813, 
    6.6400,     0.9873,     1.4497,    10.0137, 
    6.6500,     0.8457,     1.3765,    10.0137, 
    6.6600,     0.8701,     1.3813,    10.0137, 
    6.6700,     0.7627,     1.3130,     9.6377, 
    6.6800,     0.8018,     1.2349,     9.1885, 
    6.6900,     0.7773,     1.2251,     9.1201, 
    6.7000,     0.6846,     1.2983,     9.6084, 
    6.7100,     0.6064,     1.2739,     9.4863, 
    6.7200,     0.5625,     1.3228,     9.4521, 
    6.7300,     0.5674,     1.3472,     9.4961, 
    6.7400,     0.5381,     1.2788,     9.0029, 
    6.7500,     0.6357,     1.3130,     8.8027, 
    6.7600,     0.5967,     1.2983,     8.7637, 
    6.7700,     0.6357,     1.2495,     8.2363, 
    6.7800,     0.7334,     1.2446,     7.9727, 
    6.7900,     0.8896,     1.2837,     7.7920, 
    6.8000,     0.9873,     1.3862,     7.9580, 
    6.8100,     1.2314,     1.4497,     7.9824, 
    6.8200,     1.1338,     1.4302,     7.2451, 
    6.8300,     1.2461,     1.5181,     7.5625, 
    6.8400,     1.3193,     1.6011,     7.2109, 
    6.8500,     1.3145,     1.5181,     7.2451, 
    6.8600,     1.1631,     1.5571,     6.8350, 
    6.8700,     1.2510,     1.8843,     6.2344, 
    6.8800,     1.5342,     0.9321,     5.7803, 
    6.8900,     0.9385,     0.5903,     5.5947, 
    6.9000,     1.7637,     0.9810,     5.4824, 
    6.9100,     1.6025,     0.7466,     5.5850, 
    6.9200,     1.5537,     0.6685,     5.4287, 
    6.9300,     3.0674,     1.4058,     6.2148, 
    6.9400,     1.1387,     2.0747,     5.4922, 
    6.9500,     1.1631,     2.7144,     5.6826, 
    6.9600,     1.2705,     2.2212,     6.6250, 
    6.9700,     1.1045,     1.5962,     6.4736, 
    6.9800,     0.9141,     1.4009,     6.3760, 
    6.9900,     1.4658,     1.8940,     7.2939, 
    7.0000,     1.0508,     1.6108,     6.2979, 
    7.0100,     0.9580,     1.3228,     6.5322, 
    7.0200,     1.0215,     1.5278,     6.3809, 
    7.0300,     0.8945,     1.2104,     6.5420, 
    7.0400,     1.1240,     1.3960,     6.4102, 
    7.0500,     0.9043,     1.2300,     6.5469, 
    7.0600,     1.0264,     1.3325,     7.1377, 
    7.0700,     1.1240,     1.3765,     6.5127, 
    7.0800,     0.8164,     1.2495,     6.6250, 
    7.0900,     1.0312,     1.3716,     6.5029, 
    7.1000,     0.9873,     1.2935,     7.0400, 
    7.1100,     0.9287,     1.3569,     7.4307, 
    7.1200,     1.0410,     1.4888,     7.7480, 
    7.1300,     0.8018,     1.2056,     7.1133, 
    7.1400,     0.7676,     1.2104,     7.2598, 
    7.1500,     0.8750,     1.2446,     7.5381, 
    7.1600,     0.7236,     1.1958,     6.7861, 
    7.1700,     0.7822,     1.1714,     7.3818, 
    7.1800,     0.6895,     1.1128,     6.6787, 
    7.1900,     0.7090,     1.2251,     7.2109, 
    7.2000,     0.6357,     1.1421,     6.9375, 
    7.2100,     0.7432,     1.2349,     7.2988, 
    7.2200,     0.6260,     1.1616,     7.0254, 
    7.2300,     0.6113,     1.1274,     6.7324, 
    7.2400,     0.6455,     1.2007,     7.0352, 
    7.2500,     0.6406,     1.0884,     6.5469, 
    7.2600,     0.6943,     1.2593,     7.0840, 
    7.2700,     0.6211,     1.1616,     6.6104, 
    7.2800,     0.6504,     1.1958,     6.6299, 
    7.2900,     0.6504,     1.1616,     6.8105, 
    7.3000,     0.5967,     1.1812,     6.6104, 
    7.3100,     0.7285,     1.2104,     6.4395, 
    7.3200,     1.0557,     1.3276,     6.0244, 
    7.3300,     1.0068,     1.5815,     5.2676, 
    7.3400,     0.9385,     0.5415,     4.9844, 
    7.3500,     0.3916,     0.5220,     4.5742, 
    7.3600,     0.4209,     0.6245,     4.1445, 
    7.3700,     0.4551,     0.8247,     3.5195, 
    7.3800,     0.5674,     1.1128,     3.2900, 
    7.3900,     0.9043,     1.2446,     3.2852, 
    7.4000,     1.2754,     1.5474,     3.2803, 
    7.4100,     1.7441,     2.2407,     3.4463, 
    7.4200,     3.0869,     3.2563,     4.6035, 
    7.4300,     3.4189,     3.9692,     6.9180, 
    7.4400,     6.6270,     6.0249,    10.0137, 
    7.4500,     0.0010,    -0.0005,     6.2246, 
    7.4600,    -0.0039,    -0.0005,     1.1904, 
    7.4700,    -0.0088,    -0.0054,     0.1699, 
    7.4800,    -0.0088,    -0.0054,     0.0088, 
    7.4900,    -0.0039,    -0.0054,    -0.0010, 
    7.5000,    -0.0088,    -0.0103,    -0.0107, 
    7.5100,    -0.0039,    -0.0054,    -0.0010, 
    7.5200,    -0.0039,    -0.0054,    -0.0059, 
    7.5300,    -0.0039,    -0.0103,    -0.0059, 
    7.5400,    -0.0039,    -0.0005,    -0.0010, 
    7.5500,    -0.0088,    -0.0054,    -0.0107, 
    7.5600,    -0.0039,    -0.0054,    -0.0059, 
    7.5700,    -0.0088,    -0.0103,    -0.0059, 
    7.5800,    -0.0088,    -0.0054,    -0.0107, 
    7.5900,    -0.0088,    -0.0103,    -0.0107, 
    7.6000,    -0.0088,    -0.0103,    -0.0107, 
    7.6100,    -0.0088,    -0.0054,    -0.0059, 
    7.6200,    -0.0137,    -0.0103,    -0.0107, 
    7.6300,    -0.0088,    -0.0054,    -0.0107, 
    7.6400,    -0.0039,    -0.0054,    -0.0107, 
    7.6500,    -0.0088,    -0.0103,    -0.0107, 
    7.6600,    -0.0039,    -0.0005,    -0.0059, 
    7.6700,    -0.0088,    -0.0103,    -0.0059, 
    7.6800,    -0.0088,    -0.0054,    -0.0059, 
    7.6900,    -0.0039,    -0.0054,    -0.0107, 
    7.7000,    -0.0039,    -0.0054,    -0.0059, 
    7.7100,    -0.0039,    -0.0054,    -0.0010, 
    7.7200,    -0.0039,    -0.0054,    -0.0059, 
    7.7300,    -0.0039,    -0.0005,    -0.0059, 
    7.7400,    -0.0088,    -0.0054,    -0.0059, 
    7.7500,    -0.0039,    -0.0054,    -0.0059, 
    7.7600,    -0.0039,    -0.0054,    -0.0107, 
    7.7700,    -0.0137,    -0.0103,    -0.0107, 
    7.7800,    -0.0039,    -0.0103,    -0.0107, 
    7.7900,    -0.0039,    -0.0103,    -0.0107, 
    7.8000,    -0.0137,    -0.0151,    -0.0156, 
    7.8100,    -0.0039,    -0.0054,    -0.0059, 
    7.8200,    -0.0137,    -0.0103,    -0.0107, 
    7.8300,    -0.0088,    -0.0054,    -0.0059, 
    7.8400,    -0.0039,    -0.0054,    -0.0059, 
    7.8500,    -0.0088,    -0.0103,    -0.0107, 
    7.8600,    -0.0039,    -0.0005,    -0.0010, 
    7.8700,    -0.0039,    -0.0054,    -0.0059, 
    7.8800,    -0.0039,    -0.0054,    -0.0059, 
    7.8900,    -0.0039,    -0.0054,    -0.0059, 
    7.9000,    -0.0039,    -0.0054,    -0.0107, 
    7.9100,    -0.0039,    -0.0054,    -0.0010, 
    7.9200,    -0.0088,    -0.0054,    -0.0059, 
    7.9300,    -0.0039,    -0.0054,    -0.0059, 
    7.9400,    -0.0088,    -0.0054,    -0.0107, 
    7.9500,    -0.0088,    -0.0054,    -0.0107, 
    7.9600,    -0.0088,    -0.0054,    -0.0059, 
    7.9700,    -0.0137,    -0.0103,    -0.0107, 
    7.9800,    -0.0088,    -0.0054,    -0.0107, 
    7.9900,    -0.0039,    -0.0054,    -0.0059, 
    8.0000,    -0.0088,    -0.0103,    -0.0107, 
    8.0100,    -0.0039,    -0.0054,    -0.0010, 
    8.0200,    -0.0088,    -0.0054,    -0.0059, 
    8.0300,    -0.0039,    -0.0054,    -0.0059, 
    8.0400,     0.0010,    -0.0054,    -0.0059, 
    8.0500,    -0.0088,    -0.0054,    -0.0107, 
    8.0600,     0.0010,    -0.0054,    -0.0010, 
    8.0700,    -0.0088,    -0.0054,    -0.0059, 
    8.0800,    -0.0039,    -0.0054,    -0.0059, 
    8.0900,    -0.0039,    -0.0054,    -0.0059, 
    8.1000,    -0.0039,    -0.0103,    -0.0059, 
    8.1100,    -0.0039,    -0.0005,    -0.0010, 
    8.1200,    -0.0137,    -0.0054,    -0.0107, 
    8.1300,    -0.0039,    -0.0103,    -0.0059, 
    8.1400,    -0.0088,    -0.0103,    -0.0107, 
    8.1500,    -0.0137,    -0.0103,    -0.0107, 
    8.1600,     0.0010,    -0.0054,    -0.0059, 
    8.1700,    -0.0137,    -0.0103,    -0.0107, 
    8.1800,    -0.0088,    -0.0103,    -0.0059, 
    8.1900,    -0.0039,    -0.0054,    -0.0059, 
    8.2000,    -0.0039,    -0.0054,    -0.0107, 
    8.2100,    -0.0039,    -0.0005,    -0.0010, 
    8.2200,    -0.0088,    -0.0005,    -0.0107, 
    8.2300,    -0.0039,    -0.0054,    -0.0059, 
    8.2400,    -0.0039,    -0.0054,    -0.0059, 
    8.2500,    -0.0088,    -0.0054,    -0.0059, 
    8.2600,     0.0010,    -0.0054,    -0.0010, 
    8.2700,    -0.0137,    -0.0054,    -0.0107, 
    8.2800,    -0.0039,    -0.0054,    -0.0059, 
    8.2900,    -0.0088,    -0.0103,    -0.0107, 
    8.3000,    -0.0088,    -0.0103,    -0.0107, 
    8.3100,    -0.0039,    -0.0054,    -0.0059, 
    8.3200,    -0.0137,    -0.0103,    -0.0107, 
    8.3300,    -0.0088,    -0.0103,    -0.0059, 
    8.3400,    -0.0088,    -0.0054,     0.0039, 
    8.3500,    -0.0137,    -0.0151,    -0.0107, 
    8.3600,    -0.0039,    -0.0103,     0.0137, 
    8.3700,    -0.0137,    -0.0054,     0.0039, 
    8.3800,    -0.0039,    -0.0054,     0.0088, 
    8.3900,    -0.0088,    -0.0103,     0.0039, 
    8.4000,    -0.0088,    -0.0103,     0.0088, 
    8.4100,    -0.0039,    -0.0054,     0.0137, 
    8.4200,    -0.0137,    -0.0103,     0.0039, 
    8.4300,    -0.0039,    -0.0054,     0.0088, 
    8.4400,    -0.0137,    -0.0103,     0.0039, 
    8.4500,    -0.0088,    -0.0103,     0.0088, 
    8.4600,    -0.0088,    -0.0103,     0.0039, 
    8.4700,    -0.0186,    -0.0151,    -0.0010, 
    8.4800,    -0.0088,    -0.0103,     0.0088, 
    8.4900,    -0.0137,    -0.0103,     0.0039, 
    8.5000,    -0.0088,    -0.0103,     0.0039, 
    8.5100,    -0.0088,    -0.0054,     0.0137, 
    8.5200,    -0.0088,    -0.0103,     0.0039, 
    8.5300,    -0.0039,    -0.0054,     0.0088, 
    8.5400,    -0.0088,    -0.0103,     0.0137, 
    8.5500,    -0.0088,    -0.0103,     0.0088, 
    8.5600,     0.0010,    -0.0054,     0.0186, 
    8.5700,    -0.0088,    -0.0103,     0.0039, 
    8.5800,    -0.0088,    -0.0103,     0.0088, 
    8.5900,    -0.0088,    -0.0103,     0.0039, 
    8.6000,    -0.0088,    -0.0103,     0.0039, 
    8.6100,    -0.0088,    -0.0103,     0.0039, 
    8.6200,    -0.0137,    -0.0103,     0.0039, 
    8.6300,    -0.0137,    -0.0103,     0.0137, 
    8.6400,    -0.0137,    -0.0151,     0.0088, 
    8.6500,    -0.0137,    -0.0103,     0.0039, 
    8.6600,    -0.0039,    -0.0054,     0.0186, 
    8.6700,    -0.0137,    -0.0103,     0.0088, 
    8.6800,    -0.0088,    -0.0103,     0.0088, 
    8.6900,    -0.0088,    -0.0054,     0.0088, 
    8.7000,    -0.0137,    -0.0103,     0.0039, 
    8.7100,    -0.0039,    -0.0054,     0.0186, 
    8.7200,    -0.0088,    -0.0103,     0.0088, 
    8.7300,    -0.0088,    -0.0054,     0.0137, 
    8.7400,    -0.0039,    -0.0103,     0.0088, 
    8.7500,    -0.0137,    -0.0151,     0.0039, 
    8.7600,    -0.0088,    -0.0103,     0.0039, 
    8.7700,    -0.0137,    -0.0103,     0.0039, 
    8.7800,    -0.0137,    -0.0103,     0.0088, 
    8.7900,    -0.0088,    -0.0103,     0.0039, 
    8.8000,    -0.0088,    -0.0103,     0.0039, 
    8.8100,    -0.0039,    -0.0103,     0.0088, 
    8.8200,    -0.0137,    -0.0103,     0.0088, 
    8.8300,    -0.0088,    -0.0054,     0.0137, 
    8.8400,    -0.0039,    -0.0054,     0.0088, 
    8.8500,    -0.0088,    -0.0103,     0.0088, 
    8.8600,    -0.0039,    -0.0054,     0.0088, 
    8.8700,    -0.0088,    -0.0103,     0.0088, 
    8.8800,    -0.0088,    -0.0103,     0.0088, 
    8.8900,    -0.0088,    -0.0103,     0.0088, 
    8.9000,    -0.0137,    -0.0151,    -0.0010, 
    8.9100,    -0.0088,    -0.0103,     0.0039, 
    8.9200,    -0.0186,    -0.0151,     0.0039, 
    8.9300,    -0.0088,    -0.0103,     0.0039, 
    8.9400,    -0.0088,    -0.0103,     0.0039, 
    8.9500,    -0.0137,    -0.0103,     0.0088, 
    8.9600,    -0.0039,    -0.0054,     0.0088, 
    8.9700,    -0.0137,    -0.0103,     0.0088, 
    8.9800,    -0.0039,    -0.0054,     0.0137, 
    8.9900,    -0.0088,    -0.0103,     0.0088, 
    9.0000,    -0.0088,    -0.0103,     0.0088, 
    9.0100,    -0.0088,    -0.0103,     0.0137, 
    9.0200,    -0.0137,    -0.0103,     0.0039, 
    9.0300,    -0.0088,    -0.0103,     0.0088, 
    9.0400,    -0.0088,    -0.0103,     0.0039, 
    9.0500,    -0.0137,    -0.0151,     0.0137, 
    9.0600,    -0.0088,    -0.0103,     0.0088, 
    9.0700,    -0.0137,    -0.0103,     0.0088, 
    9.0800,    -0.0088,    -0.0103,     0.0088, 
    9.0900,    -0.0088,    -0.0054,     0.0088, 
    9.1000,    -0.0039,    -0.0103,     0.0088, 
    9.1100,    -0.0088,    -0.0054,     0.0137, 
    9.1200,    -0.0088,    -0.0103,     0.0088, 
    9.1300,    -0.0088,    -0.0103,     0.0088, 
    9.1400,    -0.0088,    -0.0054,     0.0088, 
    9.1500,    -0.0088,    -0.0103,     0.0039, 
    9.1600,    -0.0137,    -0.0103,     0.0039, 
    9.1700,    -0.0137,    -0.0103,     0.0039, 
    9.1800,    -0.0137,    -0.0103,     0.0137, 
    9.1900,    -0.0088,    -0.0103,     0.0186, 
    9.2000,    -0.0088,    -0.0103,     0.0088, 
    9.2100,    -0.0088,    -0.0103,     0.0088, 
    9.2200,    -0.0137,    -0.0151,     0.0039, 
    9.2300,    -0.0088,    -0.0103,     0.0137, 
    9.2400,    -0.0088,    -0.0103,     0.0039, 
    9.2500,    -0.0088,    -0.0103,     0.0088, 
    9.2600,    -0.0088,    -0.0103,     0.0088, 
    9.2700,     0.0010,     0.0044,     0.0039, 
    9.2800,    -0.0088,    -0.0054,    -0.0107, 
    9.2900,    -0.0088,    -0.0103,    -0.0107, 
    9.3000,    -0.0088,    -0.0103,    -0.0107, 
    9.3100,    -0.0088,    -0.0054,    -0.0107, 
    9.3200,    -0.0039,    -0.0103,    -0.0107, 
    9.3300,    -0.0039,    -0.0054,    -0.0059, 
    9.3400,    -0.0039,    -0.0005,    -0.0059, 
    9.3500,    -0.0088,    -0.0054,    -0.0059, 
    9.3600,    -0.0039,    -0.0054,    -0.0107, 
    9.3700,    -0.0088,    -0.0103,    -0.0107, 
    9.3800,    -0.0039,    -0.0054,    -0.0059, 
    9.3900,    -0.0088,    -0.0103,    -0.0107, 
    9.4000,    -0.0088,    -0.0103,    -0.0107, 
    9.4100,    -0.0088,    -0.0054,    -0.0059, 
    9.4200,    -0.0137,    -0.0103,    -0.0107, 
    9.4300,    -0.0039,    -0.0054,    -0.0059, 
    9.4400,    -0.0039,    -0.0054,    -0.0059, 
    9.4500,    -0.0088,    -0.0054,    -0.0059, 
    9.4600,    -0.0039,    -0.0005,    -0.0010, 
    9.4700,    -0.0039,    -0.0054,    -0.0059, 
    9.4800,    -0.0039,    -0.0054,    -0.0059, 
    9.4900,    -0.0039,    -0.0054,    -0.0059, 
    9.5000,    -0.0088,    -0.0103,    -0.0107, 
    9.5100,    -0.0088,    -0.0103,    -0.0107, 
    9.5200,    -0.0137,    -0.0103,    -0.0107, 
    9.5300,    -0.0088,    -0.0103,    -0.0107, 
    9.5400,    -0.0088,    -0.0103,    -0.0059, 
    9.5500,    -0.0088,    -0.0054,    -0.0107, 
    9.5600,    -0.0039,    -0.0054,    -0.0059, 
    9.5700,    -0.0088,    -0.0054,    -0.0107, 
    9.5800,     0.0010,    -0.0054,    -0.0010, 
    9.5900,    -0.0088,    -0.0054,    -0.0059, 
    9.6000,    -0.0039,    -0.0054,    -0.0059, 
    9.6100,    -0.0039,    -0.0054,    -0.0059, 
    9.6200,    -0.0088,    -0.0103,    -0.0107, 
    9.6300,    -0.0088,    -0.0054,    -0.0059, 
    9.6400,    -0.0088,    -0.0103,    -0.0107, 
    9.6500,    -0.0088,    -0.0103,    -0.0107, 
    9.6600,    -0.0039,    -0.0054,    -0.0059, 
    9.6700,    -0.0039,    -0.0103,    -0.0059, 
    9.6800,     0.0010,    -0.0054,    -0.0059, 
    9.6900,    -0.0039,    -0.0054,    -0.0059, 
    9.7000,    -0.0039,    -0.0054,    -0.0059, 
    9.7100,    -0.0039,    -0.0054,    -0.0059, 
    9.7200,    -0.0039,    -0.0054,    -0.0059, 
    9.7300,    -0.0039,    -0.0054,    -0.0059, 
    9.7400,    -0.0088,    -0.0103,    -0.0107, 
    9.7500,    -0.0088,    -0.0103,    -0.0107, 
    9.7600,    -0.0088,    -0.0103,    -0.0059, 
    9.7700,    -0.0088,    -0.0054,    -0.0107, 
    9.7800,     0.0010,    -0.0054,    -0.0059, 
    9.7900,    -0.0088,    -0.0054,    -0.0059, 
    9.8000,    -0.0039,    -0.0103,    -0.0059, 
    9.8100,     0.0010,    -0.0005,    -0.0059, 
    9.8200,    -0.0039,    -0.0054,    -0.0107, 
    9.8300,     0.0010,    -0.0005,    -0.0010, 
    9.8400,    -0.0039,    -0.0054,    -0.0107, 
    9.8500,    -0.0088,    -0.0103,    -0.0107, 
    9.8600,    -0.0039,    -0.0054,    -0.0107, 
    9.8700,    -0.0088,    -0.0103,    -0.0107, 
    9.8800,    -0.0088,    -0.0103,    -0.0059, 
    9.8900,    -0.0088,    -0.0054,    -0.0059, 
    9.9000,    -0.0039,    -0.0054,    -0.0059, 
    9.9100,    -0.0039,    -0.0005,    -0.0059, 
    9.9200,    -0.0039,    -0.0054,    -0.0059, 
    9.9300,    -0.0039,    -0.0054,    -0.0010, 
    9.9400,    -0.0039,    -0.0054,    -0.0059, 
    9.9500,    -0.0039,    -0.0054,    -0.0107, 
    9.9600,    -0.0039,    -0.0054,    -0.0059, 
    9.9700,    -0.0039,    -0.0103,    -0.0107, 
    9.9800,    -0.0039,    -0.0054,    -0.0059, 
    9.9900,    -0.0039,    -0.0103,    -0.0107, 
   10.0000,    -0.0088,    -0.0054,    -0.0059, 
   10.0100,    -0.0039,    -0.0005,    -0.0010, 
   10.0200,    -0.0039,    -0.0054,    -0.0059, 
   10.0300,    -0.0039,    -0.0005,    -0.0059, 
   10.0400,    -0.0039,    -0.0005,    -0.0010, 
   10.0500,    -0.0039,    -0.0054,    -0.0059, 
   10.0600,    -0.0039,    -0.0054,    -0.0059, 
   10.0700,    -0.0039,    -0.0054,    -0.0059, 
   10.0800,    -0.0088,    -0.0054,    -0.0107, 
   10.0900,    -0.0088,    -0.0103,    -0.0107, 
   10.1000,    -0.0088,    -0.0103,    -0.0107, 
   10.1100,    -0.0039,    -0.0054,    -0.0059, 
   10.1200,    -0.0039,    -0.0054,    -0.0107, 
   10.1300,    -0.0039,    -0.0005,    -0.0059, 
   10.1400,    -0.0039,    -0.0005,    -0.0059, 
   10.1500,    -0.0039,    -0.0054,    -0.0059, 
   10.1600,    -0.0039,    -0.0005,    -0.0010, 
   10.1700,    -0.0039,    -0.0103,    -0.0059, 
   10.1800,    -0.0039,    -0.0005,    -0.0059, 
   10.1900,    -0.0088,    -0.0054,    -0.0107, 
   10.2000,    -0.0088,    -0.0103,    -0.0107, 
   10.2100,    -0.0039,    -0.0054,    -0.0059, 
   10.2200,    -0.0088,    -0.0103,    -0.0107, 
   10.2300,    -0.0039,    -0.0005,    -0.0059, 
   10.2400,    -0.0088,    -0.0054,    -0.0059, 
   10.2500,    -0.0088,    -0.0054,    -0.0059, 
   10.2600,    -0.0039,    -0.0005,    -0.0010, 
   10.2700,    -0.0039,    -0.0054,    -0.0059, 
   10.2800,    -0.0039,    -0.0005,    -0.0059, 
   10.2900,    -0.0039,    -0.0054,    -0.0059, 
   10.3000,    -0.0039,    -0.0054,    -0.0107, 
   10.3100,    -0.0039,    -0.0054,    -0.0059, 
   10.3200,    -0.0088,    -0.0103,    -0.0107, 
   10.3300,    -0.0039,    -0.0054,    -0.0059, 
   10.3400,    -0.0088,    -0.0054,    -0.0059, 
   10.3500,    -0.0039,    -0.0054,    -0.0059, 
   10.3600,    -0.0039,    -0.0054,    -0.0059, 
   10.3700,    -0.0039,    -0.0054,    -0.0059, 
   10.3800,    -0.0088,    -0.0005,    -0.0107, 
   10.3900,    -0.0088,    -0.0054,    -0.0059, 
   10.4000,    -0.0088,    -0.0054,    -0.0107, 
   10.4100,    -0.0039,    -0.0005,    -0.0010, 
   10.4200,    -0.0039,    -0.0103,    -0.0059, 
   10.4300,    -0.0088,    -0.0054,    -0.0107, 
   10.4400,    -0.0039,    -0.0054,    -0.0059, 
   10.4500,    -0.0039,    -0.0103,    -0.0107, 
   10.4600,    -0.0039,    -0.0005,    -0.0010, 
   10.4700,    -0.0039,    -0.0054,    -0.0059, 
   10.4800,    -0.0088,    -0.0054,    -0.0059, 
   10.4900,    -0.0088,    -0.0054,    -0.0059, 
   10.5000,    -0.0039,    -0.0103,    -0.0059, 
   10.5100,    -0.0039,    -0.0005,    -0.0059, 
   10.5200,    -0.0039,    -0.0103,    -0.0059, 
   10.5300,    -0.0088,    -0.0054,    -0.0107, 
   10.5400,    -0.0039,    -0.0054,    -0.0059, 
   10.5500,    -0.0039,    -0.0054,    -0.0059, 
   10.5600,    -0.0039,    -0.0054,    -0.0059, 
   10.5700,     0.0010,    -0.0054,    -0.0059, 
   10.5800,    -0.0088,    -0.0054,    -0.0059, 
   10.5900,    -0.0039,    -0.0054,    -0.0059, 
   10.6000,    -0.0039,    -0.0103,    -0.0107, 
   10.6100,    -0.0039,    -0.0005,    -0.0059, 
   10.6200,    -0.0039,    -0.0054,    -0.0059, 
   10.6300,    -0.0088,    -0.0054,    -0.0059, 
   10.6400,    -0.0039,    -0.0054,    -0.0059, 
   10.6500,    -0.0088,    -0.0054,    -0.0107, 
   10.6600,    -0.0039,    -0.0005,    -0.0059, 
   10.6700,    -0.0039,    -0.0103,    -0.0059, 
   10.6800,    -0.0088,    -0.0005,    -0.0059, 
   10.6900,    -0.0088,    -0.0054,    -0.0059, 
   10.7000,    -0.0088,    -0.0054,    -0.0107, 
   10.7100,    -0.0039,    -0.0005,    -0.0059, 
   10.7200,    -0.0039,    -0.0103,    -0.0059, 
   10.7300,    -0.0039,    -0.0054,    -0.0059, 
   10.7400,    -0.0039,    -0.0054,    -0.0059, 
   10.7500,    -0.0088,    -0.0054,    -0.0059, 
   10.7600,    -0.0039,    -0.0005,    -0.0059, 
   10.7700,    -0.0039,    -0.0054,    -0.0059, 
   10.7800,    -0.0088,    -0.0005,    -0.0107, 
   10.7900,    -0.0039,    -0.0054,    -0.0107, 
   10.8000,    -0.0088,    -0.0054,    -0.0107, 
   10.8100,    -0.0039,    -0.0054,    -0.0059, 
   10.8200,    -0.0088,    -0.0054,    -0.0059, 
   10.8300,    -0.0088,    -0.0005,    -0.0059, 
   10.8400,    -0.0039,    -0.0054,    -0.0107, 
   10.8500,    -0.0088,    -0.0054,    -0.0107, 
   10.8600,    -0.0039,    -0.0005,    -0.0059, 
   10.8700,    -0.0088,    -0.0054,    -0.0059, 
   10.8800,     0.0010,    -0.0054,    -0.0059, 
   10.8900,    -0.0039,    -0.0054,    -0.0059, 
   10.9000,    -0.0039,    -0.0054,    -0.0059, 
   10.9100,    -0.0039,    -0.0054,    -0.0059, 
   10.9200,    -0.0088,    -0.0103,    -0.0059, 
   10.9300,    -0.0039,    -0.0005,    -0.0059, 
   10.9400,    -0.0039,    -0.0054,    -0.0059, 
   10.9500,    -0.0088,    -0.0054,    -0.0059, 
   10.9600,    -0.0039,    -0.0054,    -0.0059, 
   10.9700,    -0.0039,    -0.0103,    -0.0059, 
   10.9800,    -0.0088,    -0.0054,    -0.0107, 
   10.9900,    -0.0088,    -0.0054,    -0.0059, 
   11.0000,    -0.0039,    -0.0054,    -0.0059, 
   11.0100,    -0.0039,    -0.0054,    -0.0010, 
   11.0200,    -0.0088,    -0.0103,    -0.0107, 
   11.0300,    -0.0039,    -0.0054,    -0.0059, 
   11.0400,    -0.0088,    -0.0054,    -0.0059, 
   11.0500,    -0.0039,    -0.0054,    -0.0059, 
   11.0600,    -0.0039,    -0.0005,    -0.0059, 
   11.0700,    -0.0039,    -0.0103,    -0.0107, 
   11.0800,    -0.0039,    -0.0054,    -0.0059, 
   11.0900,    -0.0088,    -0.0054,    -0.0059, 
   11.1000,    -0.0039,    -0.0054,    -0.0010, 
   11.1100,    -0.0039,    -0.0054,    -0.0059, 
   11.1200,    -0.0088,    -0.0103,    -0.0059, 
   11.1300,    -0.0039,    -0.0054,    -0.0107, 
   11.1400,    -0.0039,    -0.0054,    -0.0059, 
   11.1500,    -0.0039,    -0.0005,    -0.0059, 
   11.1600,    -0.0039,    -0.0005,    -0.0059, 
   11.1700,    -0.0039,    -0.0054,    -0.0059, 
   11.1800,    -0.0088,    -0.0054,    -0.0107, 
   11.1900,    -0.0039,    -0.0054,    -0.0107, 
   11.2000,    -0.0039,    -0.0054,    -0.0059, 
   11.2100,    -0.0039,    -0.0054,    -0.0059, 
   11.2200,    -0.0039,    -0.0054,    -0.0107, 
   11.2300,    -0.0088,    -0.0005,    -0.0059, 
   11.2400,    -0.0039,    -0.0054,    -0.0059, 
   11.2500,    -0.0039,    -0.0005,    -0.0059, 
   11.2600,    -0.0039,    -0.0054,    -0.0059, 
   11.2700,    -0.0039,    -0.0054,    -0.0107, 
   11.2800,    -0.0088,    -0.0054,    -0.0059, 
   11.2900,    -0.0088,    -0.0054,    -0.0107, 
   11.3000,    -0.0039,    -0.0054,    -0.0059, 
   11.3100,    -0.0039,    -0.0054,    -0.0059, 
   11.3200,    -0.0039,    -0.0054,    -0.0107, 
   11.3300,    -0.0039,    -0.0054,    -0.0059, 
   11.3400,    -0.0039,    -0.0054,    -0.0059, 
   11.3500,    -0.0039,    -0.0054,    -0.0010, 
   11.3600,    -0.0039,    -0.0054,    -0.0059, 
   11.3700,    -0.0039,    -0.0054,    -0.0107, 
   11.3800,    -0.0088,    -0.0054,    -0.0059, 
   11.3900,    -0.0039,    -0.0103,    -0.0107, 
   11.4000,    -0.0088,    -0.0054,    -0.0059, 
   11.4100,    -0.0039,    -0.0103,    -0.0059, 
   11.4200,    -0.0088,    -0.0103,    -0.0107, 
   11.4300,    -0.0088,    -0.0054,    -0.0059, 
   11.4400,    -0.0039,    -0.0054,    -0.0107, 
   11.4500,    -0.0088,    -0.0054,    -0.0107, 
   11.4600,    -0.0088,    -0.0054,    -0.0059, 
   11.4700,    -0.0088,    -0.0054,    -0.0059, 
   11.4800,    -0.0088,    -0.0005,    -0.0059, 
   11.4900,    -0.0088,    -0.0103,    -0.0107, 
   11.5000,    -0.0088,    -0.0054,    -0.0107, 
   11.5100,    -0.0039,    -0.0054,    -0.0059, 
   11.5200,    -0.0088,    -0.0103,    -0.0107, 
   11.5300,    -0.0088,    -0.0103,    -0.0107, 
   11.5400,    -0.0088,    -0.0103,    -0.0059, 
   11.5500,    -0.0088,    -0.0054,    -0.0107, 
   11.5600,    -0.0088,    -0.0103,    -0.0107, 
   11.5700,    -0.0088,    -0.0103,    -0.0107, 
   11.5800,    -0.0039,    -0.0054,    -0.0059, 
   11.5900,    -0.0039,    -0.0054,    -0.0107, 
   11.6000,    -0.0088,    -0.0054,    -0.0059, 
   11.6100,    -0.0039,    -0.0054,    -0.0059, 
   11.6200,    -0.0088,    -0.0103,    -0.0107, 
   11.6300,    -0.0088,    -0.0054,    -0.0059, 
   11.6400,    -0.0088,    -0.0103,    -0.0107, 
   11.6500,    -0.0088,    -0.0103,    -0.0059, 
   11.6600,    -0.0039,    -0.0054,    -0.0107, 
   11.6700,    -0.0088,    -0.0103,    -0.0107, 
   11.6800,    -0.0088,    -0.0054,    -0.0107, 
   11.6900,    -0.0088,    -0.0103,    -0.0107, 
   11.7000,    -0.0039,    -0.0054,    -0.0107, 
   11.7100,    -0.0088,    -0.0054,    -0.0107, 
   11.7200,    -0.0088,    -0.0103,    -0.0107, 
   11.7300,    -0.0039,    -0.0103,    -0.0059, 
   11.7400,    -0.0039,    -0.0103,    -0.0059, 
   11.7500,    -0.0039,    -0.0054,    -0.0059, 
   11.7600,    -0.0039,    -0.0054,    -0.0107, 
   11.7700,    -0.0088,    -0.0054,    -0.0107, 
   11.7800,    -0.0039,    -0.0054,    -0.0059, 
   11.7900,    -0.0088,    -0.0103,    -0.0059, 
   11.8000,    -0.0039,    -0.0054,    -0.0059, 
   11.8100,    -0.0088,    -0.0054,    -0.0059, 
   11.8200,    -0.0039,    -0.0103,    -0.0107, 
   11.8300,    -0.0088,    -0.0054,    -0.0107, 
   11.8400,    -0.0088,    -0.0054,    -0.0107, 
   11.8500,    -0.0039,    -0.0054,    -0.0107, 
   11.8600,    -0.0088,    -0.0103,    -0.0107, 
   11.8700,    -0.0088,    -0.0103,    -0.0107, 
   11.8800,    -0.0088,    -0.0054,    -0.0059, 
   11.8900,    -0.0039,    -0.0103,    -0.0059, 
   11.9000,    -0.0039,    -0.0054,    -0.0059, 
   11.9100,    -0.0088,    -0.0054,    -0.0059, 
   11.9200,    -0.0039,    -0.0103,    -0.0107, 
   11.9300,    -0.0088,    -0.0054,    -0.0059, 
   11.9400,    -0.0088,    -0.0054,    -0.0107, 
   11.9500,    -0.0088,    -0.0054,    -0.0059, 
   11.9600,    -0.0039,    -0.0103,    -0.0107, 
   11.9700,    -0.0088,    -0.0103,    -0.0107, 
   11.9800,    -0.0088,    -0.0054,    -0.0059, 
   11.9900,    -0.0039,    -0.0054,    -0.0107, 
   12.0000,    -0.0039,    -0.0054,    -0.0107, 
   12.0100,    -0.0039,    -0.0103,    -0.0059, 
   12.0200,    -0.0088,    -0.0054,    -0.0107, 
   12.0300,    -0.0039,    -0.0054,    -0.0059, 
   12.0400,    -0.0039,    -0.0054,    -0.0107, 
   12.0500,    -0.0088,    -0.0054,    -0.0059, 
   12.0600,    -0.0039,    -0.0054,    -0.0059, 
   12.0700,    -0.0088,    -0.0103,    -0.0107, 
   12.0800,    -0.0039,    -0.0005,    -0.0059, 
   12.0900,    -0.0039,    -0.0054,    -0.0059, 
   12.1000,    -0.0039,    -0.0054,    -0.0059, 
   12.1100,    -0.0039,    -0.0103,    -0.0059, 
   12.1200,    -0.0088,    -0.0103,    -0.0107, 
   12.1300,    -0.0088,    -0.0054,    -0.0059, 
   12.1400,    -0.0088,    -0.0054,    -0.0059, 
   12.1500,    -0.0039,    -0.0054,    -0.0059, 
   12.1600,    -0.0039,    -0.0054,    -0.0059, 
   12.1700,    -0.0088,    -0.0054,    -0.0107, 
   12.1800,    -0.0039,    -0.0054,    -0.0059, 
   12.1900,    -0.0088,    -0.0054,    -0.0059, 
   12.2000,    -0.0039,    -0.0054,    -0.0107, 
   12.2100,    -0.0039,    -0.0054,    -0.0059, 
   12.2200,    -0.0137,    -0.0103,    -0.0059, 
   12.2300,    -0.0039,    -0.0054,    -0.0010, 
   12.2400,    -0.0088,    -0.0054,    -0.0107, 
   12.2500,    -0.0088,    -0.0103,    -0.0059, 
   12.2600,    -0.0039,    -0.0054,    -0.0107, 
   12.2700,    -0.0088,    -0.0054,    -0.0107, 
   12.2800,    -0.0039,    -0.0054,    -0.0059, 
   12.2900,    -0.0088,    -0.0054,    -0.0107, 
   12.3000,    -0.0039,    -0.0054,    -0.0059, 
   12.3100,    -0.0039,    -0.0103,    -0.0059, 
   12.3200,    -0.0088,    -0.0054,    -0.0107, 
   12.3300,    -0.0039,    -0.0054,    -0.0059, 
   12.3400,    -0.0039,    -0.0054,    -0.0059, 
   12.3500,    -0.0039,    -0.0054,    -0.0059, 
   12.3600,    -0.0039,    -0.0054,    -0.0059, 
   12.3700,    -0.0039,    -0.0054,    -0.0059, 
   12.3800,    -0.0039,    -0.0005,    -0.0010, 
   12.3900,    -0.0088,    -0.0054,    -0.0059, 
   12.4000,    -0.0039,    -0.0054,    -0.0059, 
   12.4100,    -0.0039,    -0.0054,    -0.0059, 
   12.4200,    -0.0088,    -0.0054,    -0.0107, 
   12.4300,    -0.0039,    -0.0054,    -0.0010, 
   12.4400,    -0.0088,    -0.0054,    -0.0107, 
   12.4500,    -0.0039,    -0.0054,    -0.0059, 
   12.4600,    -0.0039,    -0.0054,    -0.0059, 
   12.4700,    -0.0039,    -0.0103,    -0.0059, 
   12.4800,    -0.0039,    -0.0054,    -0.0010, 
   12.4900,    -0.0088,    -0.0054,    -0.0107, 
   12.5000,    -0.0039,    -0.0054,    -0.0059, 
   12.5100,    -0.0039,    -0.0054,    -0.0059, 
   12.5200,    -0.0039,    -0.0054,    -0.0059, 
   12.5300,    -0.0039,    -0.0005,    -0.0010, 
   12.5400,    -0.0088,    -0.0054,    -0.0107, 
   12.5500,    -0.0039,    -0.0054,    -0.0059, 
   12.5600,    -0.0039,    -0.0054,    -0.0059, 
   12.5700,    -0.0088,    -0.0103,    -0.0107, 
   12.5800,    -0.0039,    -0.0005,    -0.0010, 
   12.5900,    -0.0088,    -0.0054,    -0.0107, 
   12.6000,    -0.0039,    -0.0054,    -0.0059, 
   12.6100,    -0.0039,    -0.0054,    -0.0059, 
   12.6200,    -0.0039,    -0.0054,    -0.0107, 
   12.6300,    -0.0039,    -0.0054,    -0.0010, 
   12.6400,    -0.0088,    -0.0054,    -0.0156, 
   12.6500,    -0.0039,    -0.0054,    -0.0059, 
   12.6600,    -0.0088,    -0.0054,    -0.0059, 
   12.6700,    -0.0039,    -0.0103,    -0.0107, 
   12.6800,    -0.0039,    -0.0054,    -0.0059, 
   12.6900,    -0.0088,    -0.0054,    -0.0107, 
   12.7000,    -0.0039,    -0.0054,    -0.0059, 
   12.7100,    -0.0039,    -0.0054,    -0.0059, 
   12.7200,    -0.0088,    -0.0054,    -0.0107, 
   12.7300,    -0.0039,    -0.0054,    -0.0059, 
   12.7400,    -0.0088,    -0.0054,    -0.0107, 
   12.7500,    -0.0039,    -0.0054,    -0.0059, 
   12.7600,    -0.0039,    -0.0054,    -0.0107, 
   12.7700,    -0.0088,    -0.0103,    -0.0107, 
   12.7800,    -0.0039,    -0.0054,    -0.0010, 
   12.7900,    -0.0039,    -0.0054,    -0.0107, 
   12.8000,    -0.0088,    -0.0054,    -0.0059, 
   12.8100,    -0.0039,    -0.0054,    -0.0107, 
   12.8200,    -0.0088,    -0.0103,    -0.0059, 
   12.8300,     0.0010,    -0.0054,    -0.0059, 
   12.8400,    -0.0088,    -0.0054,    -0.0107, 
   12.8500,    -0.0088,    -0.0005,    -0.0059, 
   12.8600,    -0.0039,    -0.0054,    -0.0107, 
   12.8700,    -0.0088,    -0.0054,    -0.0107, 
   12.8800,    -0.0039,    -0.0054,    -0.0010, 
   12.8900,    -0.0088,    -0.0103,    -0.0107, 
   12.9000,    -0.0039,    -0.0054,    -0.0059, 
   12.9100,    -0.0039,    -0.0054,    -0.0059, 
   12.9200,    -0.0088,    -0.0103,    -0.0059, 
   12.9300,     0.0010,    -0.0054,    -0.0059, 
   12.9400,    -0.0088,    -0.0054,    -0.0059, 
   12.9500,    -0.0039,    -0.0054,    -0.0059, 
   12.9600,    -0.0039,    -0.0054,    -0.0059, 
   12.9700,    -0.0088,    -0.0054,    -0.0107, 
   12.9800,     0.0010,    -0.0054,    -0.0010, 
   12.9900,    -0.0137,    -0.0054,    -0.0107, 
   13.0000,    -0.0039,    -0.0054,    -0.0059, 
   13.0100,    -0.0039,    -0.0054,    -0.0059, 
   13.0200,    -0.0088,    -0.0103,    -0.0107, 
   13.0300,     0.0010,    -0.0054,    -0.0059, 
   13.0400,    -0.0088,    -0.0054,    -0.0107, 
   13.0500,    -0.0039,    -0.0054,    -0.0059, 
   13.0600,    -0.0088,    -0.0054,    -0.0059, 
   13.0700,    -0.0088,    -0.0103,    -0.0107, 
   13.0800,     0.0010,    -0.0054,    -0.0010, 
   13.0900,    -0.0088,    -0.0054,    -0.0107, 
   13.1000,    -0.0039,    -0.0054,    -0.0059, 
