# [Parameters]
# Name = tsmap_nel
# ShotNo = 152726
# Date = '07/11/2021 07:51'
# 
# DimNo = 1
# DimName = 'Time'
# DimSize = 187
# DimUnit = 's'
# 
# ValNo = 25
# ValName = 'laser', 'laser number', 'a99', 'a999', 'R99', 'R999', 'p0', 'pf', 'ip', 'ipf', 'nl_thomson_mid', 'nl_mmw_mid', 'nl_thomson_3579', 'nl_fir_3579', 'nl_thomson_3669', 'nl_fir_3669', 'nl_thomson_3759', 'nl_fir_3759', 'nl_thomson_3849', 'nl_fir_3849', 'nl_thomson_3939', 'nl_fir_3939', 'chi', 'geom_center', 'Rax_vmec'
# ValUnit = 'arb', 'arb', 'm', 'm', 'm', 'm', '%', 'arb', 'kA/T', 'arb', 'arb', 'e19m-2', 'arb', 'e19m-2', 'arb', 'e19m-2', 'arb', 'e19m-2', 'arb', 'e19m-2', 'arb', 'e19m-2', 'arb', 'm', 'm'
# 
# [Comments]
# Bt = -2.53850
# Rax = 3.90000
# Bq = 100.000
# Gamma = 1.25380
# phiedge = -2.8685000
# avac = 0.55800000
# ExpDate = 2.01902e+07
# Cycle = 20.0000
# t1 = 2.99900
# t2 = 9.80400
# density (ne) is only for very rough information
# Do not use data for ne_bar < 5*1-^12cm-3
# High Voltage is set at 0.90 times
# Te limit = 22keV
# Laser#1, #3, #5, 
# 
# [data]
  0.00027700,      1081.0,      10.000,     0.77007,     0.78251,      5.1956,      5.2282,      0.0000,      2.1400,     -0.0000,      2.0000,    0.012660,  -0.0050212,    0.011374,   0.0057522,    0.012065,      0.0000,    0.012486,   0.0057981,    0.012441,  -0.0082190,    0.011930,    0.024751,      9999.0,      3.8133,      3.8981
      3.0003,      1091.0,      10.000,     0.76497,     0.78015,      5.2621,      5.3019,      1.4000,      2.1400,   -0.011341,      2.0000,    0.016239,    0.014026,    0.014399,    0.041912,    0.015712,    0.045378,    0.016091,    0.042246,    0.015852,    0.027941,    0.015235,    0.042903,      1257.3,      3.8419,      3.9887
      3.0336,      1080.0,      10.000,     0.54912,     0.60000,      4.6467,      4.7712,     0.40000,      2.1400,    0.082439,      2.0000,    0.048223,     0.61857,    0.044114,     0.62046,    0.047088,     0.63530,    0.047617,     0.63451,    0.046836,     0.59745,    0.044783,     0.56929,      34.489,      3.8214,      3.9259
      3.0669,      1090.0,      10.000,     0.53946,     0.59303,      4.6252,      4.7533,     0.40000,      2.1400,     0.11539,      2.0000,    0.064389,     0.85045,    0.055602,     0.81933,    0.061709,     0.86219,    0.063996,     0.86231,    0.063161,     0.82344,    0.060270,     0.79618,      18.877,      3.8214,      3.9259
      3.1003,      1080.0,      10.000,     0.54540,     0.60118,      4.6382,      4.7742,     0.40000,      2.1400,     0.13548,      2.0000,    0.075466,     0.94983,    0.064237,     0.90069,    0.071810,     0.94387,    0.074921,     0.96254,    0.074198,     0.92288,    0.070768,     0.88694,      9.9460,      3.8214,      3.9259
      3.1336,      1085.0,      10.000,     0.54777,     0.60051,      4.6435,      4.7725,     0.40000,      2.1400,     0.13045,      2.0000,    0.077885,     0.96639,    0.066260,     0.89165,    0.073219,     0.95294,    0.076154,     0.97165,    0.076120,     0.94096,    0.072700,     0.92324,      20.060,      3.8214,      3.9259
      3.1669,      1075.0,      10.000,     0.54260,     0.59712,      4.6320,      4.7638,     0.40000,      2.1400,     0.10616,      2.0000,    0.074732,     0.96639,    0.062432,     0.87357,    0.069579,     0.94387,    0.073344,     0.96254,    0.073343,     0.93192,    0.069989,     0.91417,      8.5929,      3.8214,      3.9259
      3.2003,      1075.0,      10.000,     0.54474,     0.59801,      4.6367,      4.7661,     0.40000,      2.1400,    0.073357,      2.0000,    0.076075,     0.94983,    0.063697,     0.85549,    0.071091,     0.92572,    0.074653,     0.94432,    0.074644,     0.91384,    0.071235,     0.89601,      25.942,      3.8214,      3.9259
      3.2336,      1088.0,      10.000,     0.54180,     0.59507,      4.6253,      4.7530,     0.30000,      2.1400,    0.030903,      2.0000,    0.071863,     0.92498,    0.060269,     0.82837,    0.067987,     0.89849,    0.071107,     0.91698,    0.070824,     0.88672,    0.067518,     0.85971,      18.162,      3.8194,      3.9190
      3.2669,      1095.0,      10.000,     0.54829,     0.60121,      4.6497,      4.7799,     0.50000,      2.1400,   -0.015663,      2.0000,    0.071795,     0.89186,    0.061077,     0.81029,    0.067240,     0.87126,    0.070796,     0.88965,    0.070524,     0.85960,    0.067335,     0.84156,      21.026,      3.8234,      3.9329
      3.3003,      1081.0,      10.000,     0.54494,     0.59601,      4.6421,      4.7665,     0.50000,      2.1400,   -0.063760,      2.0000,    0.069235,     0.88358,    0.057648,     0.80125,    0.064048,     0.86219,    0.067186,     0.88053,    0.067673,     0.84152,    0.064728,     0.83249,      11.585,      3.8234,      3.9329
      3.3336,      1090.0,      10.000,     0.55179,     0.59739,      4.6478,      4.7590,     0.30000,      2.1400,    -0.13853,      2.0000,    0.066170,     0.90842,    0.054687,     0.83741,    0.061437,     0.90757,    0.064756,     0.92609,    0.064912,     0.90480,    0.061864,     0.88694,      8.4222,      3.8194,      3.9190
      3.3669,      1097.0,      10.000,     0.55319,     0.59814,      4.6560,      4.7664,     0.40000,      2.1400,    -0.12243,      2.0000,    0.078662,      1.1486,    0.066235,      1.0815,    0.073396,      1.1617,    0.076817,      1.1630,    0.076935,      1.1489,    0.073430,      1.1864,      15.016,      3.8214,      3.9259
      3.4003,      1087.0,      10.000,     0.53323,     0.58060,      4.6169,      4.7279,     0.50000,      2.1400,   -0.091623,      2.0000,     0.14178,      2.0761,     0.12987,      2.1934,     0.14051,      2.1691,     0.14174,      2.0651,     0.13812,      1.9263,     0.13162,      1.9306,      9.2966,      3.8234,      3.9329
      3.4336,      1084.0,      10.000,     0.53265,     0.57760,      4.6207,      4.7258,     0.60000,      2.1400,    0.015718,      2.0000,     0.20803,      2.9870,     0.18438,      2.9889,     0.20421,      2.9314,     0.20837,      2.8578,     0.20320,      2.7128,     0.19348,      2.6930,      10.008,      3.8254,      3.9399
      3.4669,      1085.0,      10.000,     0.54644,     0.59296,      4.6455,      4.7587,     0.50000,      2.1400,     0.20811,      2.0000,     0.26518,      3.4425,     0.22545,      3.2691,     0.25111,      3.4125,     0.26146,      3.4045,     0.25915,      3.3184,     0.24707,      3.2375,      1.6793,      3.8234,      3.9329
      3.5003,      1085.0,      10.000,     0.55856,     0.60521,      4.6840,      4.8024,     0.70000,      2.1400,     0.36771,      2.0000,     0.28580,      3.8235,     0.23724,      3.5765,     0.26514,      3.8027,     0.27854,      3.8510,     0.27851,      3.7343,     0.26638,      3.6732,      3.4470,      3.8274,      3.9468
      3.5336,      1083.0,      10.000,     0.56115,     0.60768,      4.6861,      4.8044,     0.60000,      2.1400,     0.51337,      2.0000,     0.29559,      3.8814,     0.24664,      3.5765,     0.27526,      3.8299,     0.28842,      3.8874,     0.28816,      3.7975,     0.27569,      3.7276,      1.9298,      3.8259,      3.9396
      3.5669,      1093.0,      10.000,     0.56060,     0.60698,      4.6900,      4.8083,     0.70000,      2.1400,     0.65271,      2.0000,     0.29942,      3.9560,     0.24456,      3.6488,     0.27283,      3.9116,     0.28804,      3.9786,     0.29102,      3.8789,     0.27939,      3.7912,      2.2155,      3.8279,      3.9465
      3.6003,      1084.0,      10.000,     0.55991,     0.60564,      4.6883,      4.8048,     0.70000,      2.1400,     0.78039,      2.0000,     0.30674,      4.0719,     0.25266,      3.7121,     0.28056,      3.9842,     0.29525,      4.0606,     0.29782,      3.9603,     0.28607,      3.8638,      2.7684,      3.8279,      3.9465
      3.6336,      1072.0,      10.000,     0.55946,     0.60681,      4.6872,      4.8079,     0.70000,      2.1400,     0.88750,      2.0000,     0.31631,      4.1133,     0.25854,      3.8025,     0.28917,      4.0659,     0.30566,      4.1426,     0.30787,      4.0416,     0.29551,      3.9364,      1.6017,      3.8279,      3.9465
      3.6669,      1083.0,      10.000,     0.56259,     0.60903,      4.6948,      4.8137,     0.70000,      2.1400,     0.99163,      2.0000,     0.32366,      4.2458,     0.26871,      3.9109,     0.29789,      4.1839,     0.31285,      4.2519,     0.31472,      4.1501,     0.30212,      4.0543,      1.8411,      3.8279,      3.9465
      3.7003,      1088.0,      10.000,     0.56507,     0.61137,      4.7009,      4.8200,     0.70000,      2.1400,      1.0883,      2.0000,     0.32622,      4.3369,     0.27061,      3.9923,     0.30094,      4.2746,     0.31655,      4.3430,     0.31756,      4.2405,     0.30439,      4.1360,      2.8782,      3.8279,      3.9465
      3.7336,      1098.0,      10.000,     0.56204,     0.60825,      4.6935,      4.8116,     0.70000,      2.1400,      1.1759,      2.0000,     0.33130,      4.4529,     0.27092,      4.0737,     0.30387,      4.3654,     0.32050,      4.4250,     0.32306,      4.3218,     0.30960,      4.2359,      1.6059,      3.8279,      3.9465
      3.7669,      1088.0,      10.000,     0.56119,     0.60715,      4.6967,      4.8144,     0.80000,      2.1400,      1.3033,      2.0000,     0.33981,      4.5191,     0.28082,      4.1460,     0.31351,      4.4471,     0.33001,      4.5162,     0.33097,      4.4122,     0.31751,      4.3357,      2.6432,      3.8299,      3.9534
      3.8003,      1084.0,      10.000,     0.56380,     0.61014,      4.6978,      4.8166,     0.70000,      2.1400,      1.3985,      2.0000,     0.34303,      4.5688,     0.28307,      4.2183,     0.31489,      4.5197,     0.33146,      4.5982,     0.33387,      4.4936,     0.32035,      4.4174,      1.7995,      3.8279,      3.9465
      3.8336,      1083.0,      10.000,     0.55917,     0.60619,      4.6917,      4.8119,     0.80000,      2.1400,      1.4730,      2.0000,     0.35267,      4.6765,     0.29123,      4.2816,     0.32396,      4.5832,     0.34029,      4.6619,     0.34253,      4.5478,     0.32922,      4.4446,      1.9194,      3.8299,      3.9534
      3.8669,      1088.0,      10.000,     0.55637,     0.60317,      4.6805,      4.7996,     0.70000,      2.1400,      1.5733,      2.0000,     0.35122,      4.7510,     0.28799,      4.3629,     0.32151,      4.6649,     0.33902,      4.7622,     0.34209,      4.6473,     0.32830,      4.5717,      2.7517,      3.8283,      3.9462
      3.9003,      1093.0,      10.000,     0.56204,     0.60929,      4.6944,      4.8157,     0.70000,      2.1400,      1.6475,      2.0000,     0.35738,      4.8338,     0.29335,      4.4443,     0.32791,      4.7647,     0.34597,      4.8442,     0.34798,      4.7377,     0.33364,      4.6624,      1.6471,      3.8283,      3.9462
      3.9336,      1111.0,      10.000,     0.55453,     0.60086,      4.6760,      4.7935,     0.70000,      2.1400,      1.7206,      2.0000,     0.36289,      4.9166,     0.29582,      4.5347,     0.33152,      4.8555,     0.35080,      4.9353,     0.35353,      4.8371,     0.33911,      4.7350,      1.7446,      3.8283,      3.9462
      3.9669,      1088.0,      10.000,     0.56051,     0.60802,      4.6907,      4.8123,     0.70000,      2.1400,      1.7845,      2.0000,     0.37245,      4.9994,     0.30928,      4.6160,     0.34362,      4.9462,     0.36099,      5.0355,     0.36219,      4.9365,     0.34744,      4.8349,      1.2717,      3.8283,      3.9462
      4.0003,      1085.0,      10.000,     0.56181,     0.60836,      4.6939,      4.8132,     0.70000,      2.1400,      1.8439,      2.0000,     0.37495,      5.1154,     0.31011,      4.6884,     0.34401,      5.0461,     0.36201,      5.1358,     0.36464,      5.0179,     0.35018,      4.9075,      2.4805,      3.8283,      3.9462
      4.0336,      1085.0,      10.000,     0.56490,     0.61061,      4.7015,      4.8192,     0.70000,      2.1400,      1.9022,      2.0000,     0.38486,      5.1733,     0.31562,      4.7788,     0.35199,      5.1550,     0.37133,      5.2360,     0.37443,      5.1173,     0.35941,      5.0073,      1.9244,      3.8283,      3.9462
      4.0669,      1101.0,      10.000,     0.55916,     0.60587,      4.7031,      4.8243,      1.0000,      2.1400,      1.9562,      2.0000,     0.39213,      5.4963,     0.31690,      4.8692,     0.35536,      5.2367,     0.37533,      5.3271,     0.37989,      5.2168,     0.36733,      5.0799,      11.585,      3.8344,      3.9668
      4.1003,      1095.0,      10.000,     0.56151,     0.60802,      4.6984,      4.8181,     0.80000,      2.1400,      2.0024,      2.0000,     0.40191,      5.8276,     0.32768,      4.9415,     0.36735,      5.3365,     0.38812,      5.4182,     0.39149,      5.3072,     0.37610,      5.2070,      1.9637,      3.8304,      3.9531
      4.1336,      1107.0,      10.000,     0.55677,     0.60424,      4.6867,      4.8081,     0.80000,      2.1400,      2.0441,      2.0000,     0.41246,      6.3245,     0.33819,      5.0319,     0.37806,      5.4272,     0.39844,      5.5367,     0.40186,      5.4247,     0.38600,      5.3159,      2.1021,      3.8304,      3.9531
      4.1669,      1100.0,      10.000,     0.55537,     0.60326,      4.6832,      4.8056,     0.80000,      2.1400,      2.0834,      2.0000,     0.42417,      7.0532,     0.34738,      5.1223,     0.38876,      5.5271,     0.41056,      5.6460,     0.41364,      5.5332,     0.39733,      5.3885,      1.4454,      3.8304,      3.9531
      4.2003,      1088.0,      10.000,     0.55697,     0.60474,      4.6872,      4.8094,     0.80000,      2.1400,      2.1200,      2.0000,     0.42700,      9.0739,     0.34659,      5.2127,     0.38723,      5.6360,     0.40934,      5.7462,     0.41418,      5.6507,     0.39917,      5.5155,      1.6213,      3.8304,      3.9531
      4.2336,      1087.0,      10.000,     0.55530,     0.60252,      4.6831,      4.8036,     0.80000,      2.1400,      2.1474,      2.0000,     0.43882,      14.308,     0.35695,      5.3031,     0.39779,      5.7267,     0.42058,      5.8738,     0.42623,      5.7773,     0.41104,      5.6244,      1.6517,      3.8304,      3.9531
      4.2669,      1088.0,      10.000,     0.55850,     0.60608,      4.6909,      4.8129,     0.80000,      2.1400,      2.1706,      2.0000,     0.44565,      17.148,     0.36146,      5.4206,     0.40456,      5.8357,     0.42742,      6.0014,     0.43352,      5.8948,     0.41838,      5.7152,      1.3921,      3.8304,      3.9531
      4.3003,      1091.0,      10.000,     0.55378,     0.60262,      4.6794,      4.8039,     0.80000,      2.1400,      2.1854,      2.0000,     0.44614,      22.349,     0.35757,      5.4929,     0.40271,      5.9536,     0.42635,      6.0925,     0.43361,      6.0123,     0.41819,      5.8423,      1.5905,      3.8304,      3.9531
      4.3336,      1083.0,      10.000,     0.55915,     0.60687,      4.6873,      4.8093,     0.70000,      2.1400,      2.1980,      2.0000,     0.44764,      23.989,     0.36150,      5.5923,     0.40778,      6.0535,     0.43284,      6.2018,     0.43673,      6.1298,     0.41904,      5.9239,      1.8791,      3.8283,      3.9462
      4.3669,      1082.0,      10.000,     0.55306,     0.60053,      4.6776,      4.7984,     0.80000,      2.1400,      2.2063,      2.0000,     0.45474,    -0.13504,     0.36668,      5.6827,     0.41152,      6.1715,     0.43680,      6.3659,     0.44214,      6.2564,     0.42585,      6.0510,      1.1176,      3.8304,      3.9531
      4.4003,      1105.0,      10.000,     0.55147,     0.59949,      4.6738,      4.7957,     0.80000,      2.1400,      2.2081,      2.0000,     0.46579,     0.17137,     0.37230,      5.7641,     0.42261,      6.2894,     0.44900,      6.4843,     0.45411,      6.3468,     0.43655,      6.1871,      2.1799,      3.8304,      3.9531
      4.4336,      1091.0,      10.000,     0.55305,     0.60148,      4.6725,      4.7952,     0.70000,      2.1400,      2.2124,      2.0000,     0.46286,      1.7697,     0.36672,      5.8274,     0.41592,      6.4074,     0.44286,      6.6301,     0.45103,      6.4824,     0.43381,      6.2597,      1.4315,      3.8283,      3.9462
      4.4669,      1087.0,      10.000,     0.54762,     0.59575,      4.6646,      4.7854,     0.80000,      2.1400,      2.2025,      2.0000,     0.45873,      2.9456,     0.35640,      5.9630,     0.40959,      6.5436,     0.43985,      6.7394,     0.44834,      6.5908,     0.43156,      6.3505,      1.5182,      3.8304,      3.9531
      4.5003,      1092.0,      10.000,     0.54785,     0.59694,      4.6651,      4.7887,     0.80000,      2.1400,      2.1820,      2.0000,     0.47508,      4.5440,     0.37449,      6.0082,     0.42784,      6.6162,     0.45725,      6.8761,     0.46416,      6.6722,     0.44660,      6.4594,      1.2155,      3.8304,      3.9531
      4.5336,      1110.0,      10.000,     0.54091,     0.58909,      4.6447,      4.7623,     0.70000,      2.1400,      2.1582,      2.0000,     0.47355,      5.5129,     0.36342,      6.0805,     0.41976,      6.7704,     0.45317,      6.9763,     0.46410,      6.7445,     0.44608,      6.5502,      1.3114,      3.8283,      3.9462
      4.5669,      1101.0,      10.000,     0.52391,     0.57056,      4.6094,      4.7159,     0.70000,      2.1400,      2.2325,      2.0000,     0.47406,      5.7282,     0.36102,      6.3607,     0.42470,      6.6615,     0.45840,      6.6301,     0.46635,      6.4914,     0.44735,      6.2144,      2.7057,      3.8283,      3.9462
      4.6003,      1091.0,      10.000,     0.52104,     0.56877,      4.6085,      4.7168,     0.80000,      2.1400,      2.2349,      2.0000,     0.48897,      5.2313,     0.36301,      6.6681,     0.43492,      7.0246,     0.47392,      6.9855,     0.48293,      6.8168,     0.46334,      6.4957,      2.2937,      3.8304,      3.9531
      4.6336,      1088.0,      10.000,     0.53163,     0.57979,      4.6389,      4.7549,      1.0000,      2.1400,      2.2042,      2.0000,     0.51937,      7.5501,     0.38381,      6.9574,     0.45420,      7.6147,     0.49399,      7.3499,     0.50856,      7.0790,     0.49282,      6.8406,      8.1765,      3.8344,      3.9668
      4.6669,      1092.0,      10.000,     0.55284,     0.60417,      4.6822,      4.8136,     0.90000,      2.1400,      2.2238,      2.0000,     0.58514,      6.9538,     0.44642,      6.8760,     0.51579,      7.4602,     0.55628,      7.6233,     0.57057,      7.5942,     0.55290,      7.3488,      2.7591,      3.8324,      3.9599
      4.7003,      1072.0,      10.000,     0.52296,     0.57122,      4.6169,      4.7276,     0.90000,      2.1400,      2.2357,      2.0000,     0.52974,      8.8172,     0.37659,      7.2647,     0.45781,      7.9775,     0.50701,      7.6597,     0.52302,      7.4677,     0.50463,      7.1582,      1.2755,      3.8324,      3.9599
      4.7336,      1088.0,      10.000,     0.53555,     0.58459,      4.6378,      4.7562,     0.80000,      2.1400,      2.2001,      2.0000,     0.57711,      8.9248,     0.42390,      7.2647,     0.50433,      8.0592,     0.55249,      8.2247,     0.56721,      7.9739,     0.54625,      7.7300,      1.2907,      3.8304,      3.9531
      4.7669,      1106.0,      10.000,     0.52899,     0.57749,      4.6290,      4.7434,     0.90000,      2.1400,      2.2385,      2.0000,     0.58542,      10.225,     0.42196,      7.0116,     0.50483,      7.8323,     0.55502,      8.0698,     0.57341,      7.9106,     0.55636,      7.6755,      1.9663,      3.8324,      3.9599
      4.8003,      1088.0,      10.000,     0.51814,     0.56679,      4.6226,      4.7312,      1.2000,      2.1400,      2.2939,      2.0000,     0.55667,      10.490,     0.37338,      7.5359,     0.46685,      8.2952,     0.52533,      8.0880,     0.54975,      7.9197,     0.53685,      7.5666,      10.781,      3.8386,      3.9772
      4.8336,      1084.0,      10.000,     0.53204,     0.58185,      4.6352,      4.7547,     0.90000,      2.1400,      2.2448,      2.0000,     0.61472,      11.012,     0.44678,      7.0387,     0.53363,      7.8777,     0.58499,      8.2064,     0.60443,      8.1818,     0.58416,      7.8934,      1.7242,      3.8324,      3.9599
      4.8669,      1083.0,      10.000,     0.52076,     0.56894,      4.6126,      4.7223,     0.90000,      2.1400,      2.2847,      2.0000,     0.59213,      13.082,     0.42486,      7.6173,     0.51264,      8.4404,     0.56376,      8.4342,     0.58211,      8.2180,     0.56346,      7.8207,      1.1869,      3.8324,      3.9599
      4.9003,      1097.0,      10.000,     0.52667,     0.57825,      4.6243,      4.7454,     0.90000,      2.1400,      2.1531,      2.0000,     0.63553,      14.482,     0.45989,      7.1924,     0.54683,      8.0955,     0.60095,      8.4525,     0.62325,      8.2722,     0.60403,      8.0476,      2.1401,      3.8324,      3.9599
      4.9336,      1083.0,      10.000,     0.51074,     0.55934,      4.6037,      4.7084,      1.1000,      2.1400,      2.2362,      2.0000,     0.57824,      17.148,     0.38716,      8.0783,     0.48873,      8.9849,     0.54922,      8.8352,     0.57110,      8.5796,     0.55750,      8.2110,      9.5001,      3.8365,      3.9720
      4.9669,      1099.0,      10.000,     0.53918,     0.58969,      4.6504,      4.7749,     0.90000,      2.1400,      2.2781,      2.0000,     0.66672,      18.349,     0.48479,      7.8794,     0.57700,      8.9668,     0.63213,      8.7532,     0.65406,      8.5796,     0.63269,      8.2655,      2.8502,      3.8324,      3.9599
      5.0003,      1086.0,      10.000,     0.51464,     0.56337,      4.6010,      4.7084,     0.90000,      2.1400,      2.2177,      2.0000,     0.62161,      19.790,     0.42446,      8.1325,     0.52932,      9.1210,     0.59158,      9.0812,     0.61459,      8.8417,     0.59528,      8.4288,      1.7310,      3.8324,      3.9599
      5.0336,      1075.0,      10.000,     0.51646,     0.56566,      4.6044,      4.7143,     0.90000,      2.1400,      2.1219,      2.0000,     0.62901,      17.306,     0.43271,      7.8252,     0.53625,      8.6491,     0.60061,      8.9809,     0.62197,      8.9321,     0.60141,      8.6013,      2.5799,      3.8324,      3.9599
      5.0669,      1088.0,      10.000,     0.51109,     0.56045,      4.5946,      4.7010,     0.90000,      2.1400,      2.1712,      2.0000,     0.60719,      17.405,     0.39734,      8.2139,     0.51066,      9.0757,     0.58006,      9.2179,     0.60459,      9.0225,     0.58378,      8.6829,      3.5300,      3.8324,      3.9599
      5.1003,      1089.0,      10.000,     0.51617,     0.56591,      4.6137,      4.7245,      1.1000,      2.1400,      2.1461,      2.0000,     0.65463,      16.643,     0.43464,      8.3314,     0.54369,      9.1301,     0.61258,      9.3181,     0.64494,      9.1853,     0.63106,      8.8009,      17.400,      3.8365,      3.9720
      5.1336,      1087.0,      10.000,     0.51799,     0.56713,      4.6073,      4.7181,     0.90000,      2.1400,      2.0449,      2.0000,     0.68412,      16.635,     0.48351,      8.0873,     0.58399,      8.9578,     0.64519,      9.3091,     0.67137,      9.2215,     0.65233,      8.9371,      2.0084,      3.8324,      3.9599
      5.1669,      1088.0,      10.000,     0.53605,     0.58561,      4.6436,      4.7643,     0.90000,      2.1400,      2.1899,      2.0000,     0.71068,      11.633,     0.50538,      8.7292,     0.60999,      9.9923,     0.67330,      9.8921,     0.69749,      9.7276,     0.67724,      9.3092,      1.9706,      3.8324,      3.9599
      5.2003,      1099.0,      10.000,     0.50894,     0.55800,      4.5953,      4.7002,      1.0000,      2.1400,      2.0775,      2.0000,     0.65781,      9.1981,     0.44423,      8.9823,     0.55429,      10.165,     0.62303,      10.266,     0.65067,      9.8904,     0.63200,      9.4816,      4.3895,      3.8344,      3.9668
      5.2336,      1081.0,      10.000,     0.53578,     0.58842,      4.6430,      4.7716,     0.90000,      2.1400,      2.0732,      2.0000,     0.73294,      4.7261,     0.51569,      9.2715,     0.62279,      10.528,     0.69213,      10.448,     0.72066,      10.369,     0.69806,      9.7902,      1.7134,      3.8324,      3.9599
      5.2669,      1093.0,      10.000,     0.50656,     0.55803,      4.6114,      4.7193,      1.4000,      2.1400,      1.9992,      2.0000,     0.68029,      1.7862,     0.42396,      9.0184,     0.54864,      10.210,     0.63228,      10.202,     0.67229,      9.9988,     0.66444,      9.5451,      24.842,      3.8427,      3.9876
      5.3003,      1089.0,      10.000,     0.53381,     0.58484,      4.6435,      4.7679,      1.0000,      2.1400,      2.0077,      2.0000,     0.78174,      21.496,     0.55764,      9.3891,     0.67054,      11.163,     0.74014,      10.958,     0.76789,      10.523,     0.74536,      9.9717,      4.3431,      3.8344,      3.9668
      5.3336,      1084.0,      10.000,     0.51471,     0.56472,      4.6058,      4.7174,      1.0000,      2.1400,      1.8618,      2.0000,     0.72971,      17.860,     0.48890,      9.1179,     0.61287,      10.373,     0.69044,      10.539,     0.72124,      10.397,     0.70095,      9.8719,      1.8726,      3.8344,      3.9668
      5.3669,      1076.0,      10.000,     0.52798,     0.57550,      4.6315,      4.7438,      1.0000,      2.1400,      1.8754,      2.0000,     0.80480,      14.424,     0.58991,      9.8139,     0.70175,      11.109,     0.76229,      11.459,     0.78569,      11.138,     0.76565,      10.816,      2.1565,      3.8344,      3.9668
      5.4003,      1102.0,      10.000,     0.52999,     0.58118,      4.6310,      4.7529,     0.90000,      2.1400,      1.8144,      2.0000,     0.77775,      11.260,     0.53479,      10.103,     0.65832,      11.254,     0.73559,      10.986,     0.76695,      10.695,     0.74280,      10.353,      3.1820,      3.8324,      3.9599
      5.4336,      1077.0,      10.000,     0.52142,     0.57303,      4.6185,      4.7374,      1.0000,      2.1400,      1.7353,      2.0000,     0.76583,      7.4673,     0.51108,      9.8772,     0.64251,      11.118,     0.72547,      11.213,     0.75928,      10.939,     0.73562,      10.425,      2.1371,      3.8344,      3.9668
      5.4669,      1091.0,      10.000,     0.51376,     0.56270,      4.6093,      4.7170,      1.1000,      2.1400,      1.7778,      2.0000,     0.82182,      3.2852,     0.55611,      10.103,     0.69697,      11.472,     0.77720,      11.797,     0.81010,      11.545,     0.79127,      11.206,      7.9909,      3.8365,      3.9720
      5.5003,      1100.0,      10.000,     0.51360,     0.56362,      4.6037,      4.7145,      1.0000,      2.1400,      1.7419,      2.0000,     0.79621,      22.556,     0.54045,      9.9766,     0.67868,      11.263,     0.76087,      11.578,     0.79140,      11.346,     0.76394,      10.779,      2.6988,      3.8344,      3.9668
      5.5336,      1086.0,      10.000,     0.51767,     0.56843,      4.6113,      4.7260,      1.0000,      2.1400,      1.6647,      2.0000,     0.79154,      21.198,     0.52305,      10.383,     0.65716,      11.753,     0.74635,      12.179,     0.78432,      11.988,     0.76162,      11.751,      2.8303,      3.8344,      3.9668
      5.5669,      1094.0,      10.000,     0.52829,     0.57847,      4.6372,      4.7564,      1.1000,      2.1400,      1.6912,      2.0000,     0.83819,      13.562,     0.57354,      10.148,     0.70132,      11.735,     0.78140,      12.052,     0.82047,      11.852,     0.80522,      11.560,      3.8888,      3.8365,      3.9720
      5.6003,      1088.0,      10.000,     0.51619,     0.56521,      4.6085,      4.7186,      1.0000,      2.1400,      1.5720,      2.0000,     0.81057,      12.925,     0.53252,      10.582,     0.66953,      11.889,     0.75706,      11.924,     0.80089,      11.753,     0.78089,      11.406,      3.6342,      3.8344,      3.9668
      5.6336,      1090.0,      10.000,     0.50732,     0.55715,      4.6078,      4.7124,      1.3000,      2.1400,      1.6281,      2.0000,     0.79542,      4.4529,     0.49401,      10.483,     0.63988,      11.835,     0.73544,      12.043,     0.78462,      11.744,     0.77638,      11.297,      8.6904,      3.8406,      3.9824
      5.6669,      1097.0,      10.000,     0.51457,     0.56499,      4.6055,      4.7181,      1.0000,      2.1400,      1.5231,      2.0000,     0.84697,      23.550,     0.55373,      10.664,     0.69354,      12.170,     0.78571,      12.097,     0.83444,      11.825,     0.81653,      11.233,      3.4415,      3.8344,      3.9668
      5.7003,      1083.0,      10.000,     0.52315,     0.57497,      4.6321,      4.7522,      1.2000,      2.1400,      1.5386,      2.0000,     0.86990,      16.999,     0.56817,      11.215,     0.71584,      12.579,     0.81267,      12.243,     0.85976,      12.123,     0.84117,      11.642,      3.7930,      3.8386,      3.9772
      5.7336,      1083.0,      10.000,     0.50519,     0.55602,      4.5887,      4.6953,      1.0000,      2.1400,      1.5175,      2.0000,     0.81394,      17.041,     0.51657,      10.646,     0.66501,      12.062,     0.76166,      12.434,     0.80637,      12.132,     0.78753,      11.741,      2.7281,      3.8344,      3.9668
      5.7669,      1089.0,      10.000,     0.51351,     0.56450,      4.6081,      4.7204,      1.1000,      2.1400,      1.4843,      2.0000,     0.84368,      6.8048,     0.53892,      10.799,     0.68868,      12.325,     0.78584,      12.516,     0.83239,      12.177,     0.81690,      11.705,      1.9124,      3.8360,      3.9725
      5.8003,      1077.0,      10.000,     0.50891,     0.56028,      4.5998,      4.7099,      1.1000,      2.1400,      1.4089,      2.0000,     0.84817,      22.713,     0.52788,      11.007,     0.68013,      12.543,     0.78377,      12.507,     0.83762,      12.331,     0.82361,      11.732,      2.2560,      3.8360,      3.9725
      5.8336,      1092.0,      10.000,     0.50636,     0.55793,      4.6004,      4.7088,      1.2000,      2.1400,      1.3937,      2.0000,     0.81056,      20.121,     0.47803,      10.899,     0.63357,      12.443,     0.74241,      12.945,     0.80246,      12.928,     0.79341,      12.658,      3.7231,      3.8381,      3.9777
      5.8669,      1093.0,      10.000,     0.50922,     0.55951,      4.6003,      4.7080,      1.1000,      2.1400,      1.3751,      2.0000,     0.85807,      6.0760,     0.54195,      10.989,     0.69931,      12.524,     0.80104,      12.653,     0.85016,      12.349,     0.83178,      11.887,      2.8811,      3.8360,      3.9725
      5.9002,      1089.0,      10.000,     0.51514,     0.56542,      4.6111,      4.7226,      1.1000,      2.1400,      1.3301,      2.0000,     0.91383,      20.833,     0.58991,      10.980,     0.74288,      12.624,     0.84444,      13.136,     0.89896,      13.118,     0.88375,      12.876,      2.0501,      3.8360,      3.9725
      5.9336,      1094.0,      10.000,     0.51393,     0.56700,      4.6089,      4.7262,      1.1000,      2.1400,      1.2861,      2.0000,     0.88602,      16.229,     0.56404,      11.396,     0.72389,      12.969,     0.82954,      13.136,     0.87726,      12.910,     0.85786,      12.286,      3.0068,      3.8360,      3.9725
      5.9669,      1102.0,      10.000,     0.50691,     0.55826,      4.6065,      4.7144,      1.3000,      2.1400,      1.2533,      2.0000,     0.84215,      7.4093,     0.51564,      11.360,     0.67487,      12.969,     0.77730,      13.428,     0.83165,      13.344,     0.82262,      13.066,      6.9358,      3.8402,      3.9829
      6.0002,      1100.0,      10.000,     0.51630,     0.56788,      4.6234,      4.7379,      1.3000,      2.1400,      1.2527,      2.0000,     0.89603,      2.4984,     0.55118,      11.287,     0.70827,      13.123,     0.81906,      13.309,     0.88327,      12.955,     0.87476,      12.404,      10.257,      3.8402,      3.9829
      6.0336,      1097.0,      10.000,     0.51004,     0.56297,      4.6018,      4.7168,      1.1000,      2.1400,      1.2264,      2.0000,     0.88732,      9.1981,     0.56137,      11.486,     0.72017,      13.205,     0.82572,      13.437,     0.87858,      13.081,     0.85965,      12.667,      2.6321,      3.8360,      3.9725
      6.0669,      1087.0,      10.000,     0.50796,     0.56035,      4.5981,      4.7101,      1.1000,      2.1400,      1.1430,      2.0000,     0.88942,      21.322,     0.54936,      11.640,     0.71263,      13.459,     0.82859,      13.637,     0.88216,      13.226,     0.86444,      12.831,      3.8049,      3.8360,      3.9725
      6.1002,      1088.0,      10.000,     0.51523,     0.56649,      4.6113,      4.7250,      1.1000,      2.1400,      1.1107,      2.0000,     0.91674,      19.939,     0.58707,      11.794,     0.74775,      13.568,     0.85951,      13.655,     0.90920,      13.443,     0.88654,      12.767,      2.5646,      3.8360,      3.9725
      6.1336,      1077.0,      10.000,     0.50356,     0.55532,      4.5905,      4.6975,      1.1000,      2.1400,      1.1211,      2.0000,     0.86218,      12.279,     0.51480,      11.830,     0.68219,      13.514,     0.79897,      13.728,     0.85472,      13.443,     0.84057,      12.912,      3.7244,      3.8360,      3.9725
      6.1669,      1101.0,      10.000,     0.51930,     0.56701,      4.6190,      4.7263,      1.1000,      2.1400,      1.0581,      2.0000,      1.1151,      4.7758,     0.81098,      11.586,     0.97956,      13.341,      1.0659,      13.947,      1.0951,      13.714,      1.0646,      13.420,     0.82209,      3.8360,      3.9725
      6.2002,      1086.0,      10.000,     0.52575,     0.57628,      4.6315,      4.7497,      1.1000,      2.1400,     0.99723,      2.0000,      1.0291,      2.4902,     0.72728,      12.155,     0.87927,      13.822,     0.96966,      13.847,      1.0083,      13.796,     0.98439,      13.266,      2.4159,      3.8360,      3.9725
      6.2336,      1097.0,      10.000,     0.50042,     0.55288,      4.5852,      4.6915,      1.1000,      2.1400,      1.0358,      2.0000,     0.86678,      21.885,     0.49733,      11.613,     0.67469,      13.586,     0.80084,      13.901,     0.86264,      13.570,     0.84828,      13.166,      2.7834,      3.8360,      3.9725
      6.2669,      1080.0,      10.000,     0.50270,     0.55379,      4.5890,      4.6938,      1.1000,      2.1400,     0.99280,      2.0000,     0.91121,      19.359,     0.53524,      11.694,     0.71402,      13.650,     0.84015,      13.901,     0.90560,      13.615,     0.88965,      13.194,      4.1241,      3.8360,      3.9725
      6.3002,      1098.0,      10.000,     0.51452,     0.56474,      4.6100,      4.7210,      1.1000,      2.1400,     0.90735,      2.0000,     0.90708,      11.923,     0.56521,      12.047,     0.72650,      13.786,     0.83539,      13.920,     0.89489,      13.633,     0.88103,      13.057,      4.5321,      3.8360,      3.9725
      6.3336,      1106.0,      10.000,     0.51099,     0.56212,      4.6035,      4.7146,      1.1000,      2.1400,     0.95192,      2.0000,     0.91689,      11.459,     0.56243,      11.794,     0.73046,      13.695,     0.84676,      14.074,     0.90562,      13.922,     0.89169,      13.475,      3.0244,      3.8360,      3.9725
      6.3669,      1100.0,      10.000,     0.51638,     0.56769,      4.6134,      4.7278,      1.1000,      2.1400,     0.86863,      2.0000,     0.96813,      3.8649,     0.62438,      11.938,     0.79209,      13.704,     0.90424,      14.011,     0.95856,      13.967,     0.93521,      13.411,      3.4262,      3.8360,      3.9725
      6.4002,      1109.0,      10.000,     0.51365,     0.56330,      4.6084,      4.7176,      1.1000,      2.1400,     0.82732,      2.0000,     0.96206,      2.9622,     0.63174,      12.065,     0.79727,      13.895,     0.90412,      14.038,     0.95027,      13.850,     0.92817,      13.266,      2.6854,      3.8360,      3.9725
      6.4336,      1095.0,      10.000,     0.51426,     0.56592,      4.6146,      4.7281,      1.2000,      2.1400,     0.81999,      2.0000,     0.98843,      19.235,     0.63440,      12.237,     0.80889,      14.131,     0.92460,      14.175,     0.97809,      13.805,     0.95745,      13.212,      2.5238,      3.8381,      3.9777
      6.4669,      1098.0,      10.000,     0.49945,     0.55135,      4.5887,      4.6926,      1.2000,      2.1400,     0.78681,      2.0000,     0.91512,      10.821,     0.52571,      12.020,     0.71069,      13.967,     0.84430,      14.384,     0.91160,      14.139,     0.89744,      13.629,      5.1171,      3.8381,      3.9777
      6.5002,      1087.0,      10.000,     0.50708,     0.55708,      4.5966,      4.7019,      1.1000,      2.1400,     0.80545,      2.0000,     0.93704,     0.63513,     0.58219,      12.029,     0.76105,      13.958,     0.88000,      14.248,     0.93257,      14.112,     0.90972,      13.793,      2.7533,      3.8360,      3.9725
      6.5336,      1083.0,      10.000,     0.50537,     0.55669,      4.5987,      4.7057,      1.2000,      2.1400,     0.76292,      2.0000,     0.94314,      19.467,     0.57575,      12.246,     0.75164,      14.176,     0.87585,      14.412,     0.93484,      14.031,     0.91941,      13.693,      2.6473,      3.8381,      3.9777
      6.5670,      1094.0,      10.000,     0.51249,     0.56393,      4.6114,      4.7235,      1.2000,      2.1400,     0.70861,      2.0000,     0.96770,      11.285,     0.60768,      12.092,     0.78258,      13.986,     0.89995,      14.330,     0.95752,      14.112,     0.94020,      13.665,      5.3135,      3.8381,      3.9777
      6.6002,      1083.0,      10.000,     0.52290,     0.56940,      4.6259,      4.7320,      1.1000,      2.1400,     0.67928,      2.0000,      1.1743,      6.7137,     0.87274,      11.866,      1.0446,      13.840,      1.1310,      14.257,      1.1526,      14.013,      1.1172,      13.475,      2.7472,      3.8360,      3.9725
      6.6336,      1104.0,      10.000,     0.50621,     0.55769,      4.5951,      4.7034,      1.1000,      2.1400,     0.69412,      2.0000,     0.92065,      14.589,     0.55428,      11.622,     0.72399,      13.550,     0.84579,      13.956,     0.90986,      13.669,     0.89700,      13.103,      2.5070,      3.8360,      3.9725
      6.6669,      1109.0,      10.000,     0.50689,     0.55870,      4.6013,      4.7107,      1.2000,      2.1400,     0.61525,      2.0000,     0.94496,      23.906,     0.57741,      11.559,     0.76119,      13.314,     0.88526,      14.038,     0.94013,      13.949,     0.92066,      13.711,      3.0102,      3.8381,      3.9777
      6.7002,      1096.0,      10.000,     0.50894,     0.55929,      4.6101,      4.7169,      1.3000,      2.1400,     0.62939,      2.0000,     0.90172,      21.587,     0.53730,      11.278,     0.71051,      13.196,     0.82903,      13.510,     0.89086,      13.289,     0.88312,      12.722,      8.1309,      3.8402,      3.9829
      6.7336,      1095.0,      10.000,     0.51067,     0.56248,      4.6029,      4.7155,      1.1000,      2.1400,     0.57342,      2.0000,     0.91652,      19.749,     0.55575,      10.844,     0.72801,      12.788,     0.84964,      13.136,     0.90893,      13.136,     0.89159,      12.585,      2.9946,      3.8360,      3.9725
      6.7669,      1097.0,      10.000,     0.51364,     0.56485,      4.6084,      4.7213,      1.1000,      2.1400,     0.53615,      2.0000,     0.94063,      24.204,     0.58785,      10.284,     0.75270,      12.443,     0.86916,      12.926,     0.93071,      12.873,     0.91171,      12.440,      3.3969,      3.8360,      3.9725
      6.8002,      1088.0,      10.000,     0.50670,     0.55748,      4.6010,      4.7077,      1.2000,      2.1400,     0.56507,      2.0000,     0.86336,      15.989,     0.50778,      9.9495,     0.67782,      11.944,     0.79347,      12.453,     0.85555,      12.512,     0.84536,      12.050,      2.0540,      3.8381,      3.9777
      6.8336,      1095.0,      10.000,     0.50882,     0.56126,      4.6048,      4.7172,      1.2000,      2.1400,     0.59342,      2.0000,     0.86911,      15.136,     0.49494,      9.9947,     0.65549,      11.826,     0.77768,      12.689,     0.85438,      12.693,     0.85423,      12.395,      3.2811,      3.8381,      3.9777
      6.8669,      1092.0,      10.000,     0.50755,     0.55947,      4.6076,      4.7174,      1.3000,      2.1400,     0.52686,      2.0000,     0.85787,      11.086,     0.50111,      9.1269,     0.66555,      11.100,     0.78764,      11.970,     0.85208,      12.042,     0.84153,      11.678,      3.5465,      3.8402,      3.9829
      6.9002,      1093.0,      10.000,     0.50002,     0.55022,      4.5897,      4.6900,      1.2000,      2.1400,     0.65436,      2.0000,     0.84163,      5.5626,     0.48055,      9.4252,     0.64424,      11.354,     0.76354,      11.815,     0.83090,      11.870,     0.82681,      11.433,      3.7110,      3.8381,      3.9777
      6.9336,      1095.0,      10.000,     0.51410,     0.56667,      4.6143,      4.7299,      1.2000,      2.1400,     0.57832,      2.0000,     0.85883,      18.332,     0.51111,      8.6297,     0.66287,      10.455,     0.78042,      11.359,     0.84393,      11.490,     0.83888,      11.170,      3.0961,      3.8381,      3.9777
      6.9669,      1086.0,      10.000,     0.51146,     0.56232,      4.6095,      4.7197,      1.2000,      2.1400,     0.66581,      2.0000,     0.81927,      3.5088,     0.48542,      9.2354,     0.63188,      10.909,     0.73956,      11.459,     0.80551,      11.472,     0.80146,      10.943,      2.6157,      3.8381,      3.9777
      7.0002,      1092.0,      10.000,     0.50811,     0.55892,      4.5984,      4.7064,      1.1000,      2.1400,     0.71067,      2.0000,     0.79550,      24.121,     0.46350,      9.0003,     0.61595,      10.628,     0.72896,      11.159,     0.78869,      11.219,     0.77700,      10.743,      2.4702,      3.8360,      3.9725
      7.0336,      1096.0,      10.000,     0.51690,     0.57090,      4.6196,      4.7408,      1.2000,      2.1400,     0.69307,      2.0000,     0.81893,      16.966,     0.47674,      8.2952,     0.61971,      9.9742,     0.73448,      10.885,     0.80631,      11.038,     0.80206,      10.843,      1.8896,      3.8381,      3.9777
      7.0669,      1089.0,      10.000,     0.51159,     0.56274,      4.6098,      4.7207,      1.2000,      2.1400,     0.79795,      2.0000,     0.79376,      12.950,     0.46000,      8.6116,     0.60587,      10.156,     0.71807,      10.667,     0.78281,      10.704,     0.77814,      10.271,      1.9566,      3.8381,      3.9777
      7.1002,      1077.0,      10.000,     0.50720,     0.55976,      4.5968,      4.7086,      1.1000,      2.1400,     0.84907,      2.0000,     0.78340,      9.5294,     0.46001,      8.3856,     0.60585,      10.047,     0.71378,      10.503,     0.77595,      10.623,     0.76452,      10.271,      2.7164,      3.8360,      3.9725
      7.1336,      1097.0,      10.000,     0.52683,     0.57940,      4.6336,      4.7577,      1.1000,      2.1400,     0.85980,      2.0000,     0.77109,      9.3306,     0.46320,      8.2671,     0.59854,      9.7831,     0.70146,      10.138,     0.76013,      10.234,     0.75046,      9.8175,      3.6710,      3.8360,      3.9725
      7.1669,      1095.0,      10.000,     0.52695,     0.57829,      4.6387,      4.7597,      1.2000,      2.1400,     0.93587,      2.0000,     0.78273,      11.012,     0.46676,      7.7709,     0.59434,      9.3842,     0.69462,      10.093,     0.76351,      10.162,     0.76501,      9.9082,      2.5068,      3.8381,      3.9777
      7.2002,      1086.0,      10.000,     0.52331,     0.57446,      4.6267,      4.7450,      1.1000,      2.1400,     0.99078,      2.0000,     0.75249,      10.697,     0.45551,      7.5449,     0.58608,      9.0303,     0.68635,      9.6643,     0.74172,      9.7728,     0.73218,      9.4907,      2.2551,      3.8360,      3.9725
      7.2336,      1084.0,      10.000,     0.53443,     0.58866,      4.6540,      4.7873,      1.2000,      2.1400,     0.89971,      2.0000,     0.75601,      11.376,     0.45538,      7.2014,     0.57337,      8.5947,     0.67086,      9.4274,     0.73642,      9.6372,     0.73761,      9.4725,     0.98018,      3.8381,      3.9777
      7.2669,      1083.0,      10.000,     0.54934,     0.60113,      4.6879,      4.8203,      1.2000,      2.1400,     0.98985,      2.0000,     0.74187,      11.442,     0.46305,      7.1924,     0.57307,      8.5493,     0.65948,      9.3363,     0.72059,      9.5107,     0.72224,      9.3092,      1.6750,      3.8381,      3.9777
      7.3002,      1107.0,      10.000,     0.53580,     0.58702,      4.6520,      4.7774,      1.1000,      2.1400,      1.1280,      2.0000,     0.73806,      11.277,     0.46503,      7.2105,     0.57540,      8.5039,     0.66075,      9.3272,     0.71873,      9.4745,     0.71525,      9.2184,      1.8785,      3.8360,      3.9725
      7.3336,      1094.0,      10.000,     0.53831,     0.58989,      4.6575,      4.7853,      1.1000,      2.1400,      1.1888,      2.0000,     0.73439,      11.186,     0.46028,      7.2376,     0.56949,      8.4313,     0.65478,      9.2087,     0.71270,      9.3660,     0.71262,      9.1095,      1.3493,      3.8360,      3.9725
      7.3669,      1087.0,      10.000,     0.54006,     0.59109,      4.6614,      4.7887,      1.1000,      2.1400,      1.2810,      2.0000,     0.70663,      11.078,     0.45406,      7.1924,     0.55781,      8.3496,     0.63697,      9.0630,     0.68605,      9.1853,     0.68444,      8.9280,      1.6499,      3.8360,      3.9725
      7.4002,      1093.0,      10.000,     0.53782,     0.58924,      4.6564,      4.7835,      1.1000,      2.1400,      1.3859,      2.0000,     0.71024,      10.937,     0.45898,      7.1020,     0.56331,      8.2589,     0.64318,      8.8807,     0.69292,      9.0225,     0.68640,      8.7646,      1.6747,      3.8360,      3.9725
      7.4336,      1098.0,      10.000,     0.54021,     0.59091,      4.6618,      4.7882,      1.1000,      2.1400,      1.4981,      2.0000,     0.68902,      10.656,     0.45661,      6.8760,     0.55368,      8.0592,     0.62529,      8.6711,     0.67076,      8.8056,     0.66391,      8.5377,      1.8708,      3.8360,      3.9725
      7.4669,      1085.0,      10.000,     0.53935,     0.59048,      4.6606,      4.7882,      1.1000,      2.1400,      1.6601,      2.0000,     0.65652,      10.449,     0.43119,      6.6862,     0.52796,      7.8505,     0.59875,      8.4069,     0.64185,      8.5615,     0.63317,      8.3199,      1.3573,      3.8365,      3.9720
      7.5002,      1082.0,      10.000,     0.55084,     0.60155,      4.6875,      4.8174,      1.1000,      2.1400,      1.6983,      2.0000,     0.65426,      10.258,     0.42617,      6.5054,     0.51926,      7.5782,     0.59179,      8.1335,     0.63922,      8.2451,     0.63157,      8.0476,      1.3912,      3.8365,      3.9720
      7.5336,      1088.0,      10.000,     0.54584,     0.59602,      4.6705,      4.7981,      1.0000,      2.1400,      1.8304,      2.0000,     0.63275,      10.059,     0.42063,      6.4330,     0.51101,      7.4693,     0.57801,      8.0060,     0.61799,      8.1457,     0.60782,      7.9297,      1.8529,      3.8344,      3.9668
      7.5669,      1091.0,      10.000,     0.54633,     0.59668,      4.6717,      4.7998,      1.0000,      2.1400,      1.9801,      2.0000,     0.61995,      9.8192,     0.41852,      6.2884,     0.50248,      7.3150,     0.56535,      7.8146,     0.60317,      7.9468,     0.59467,      7.6937,      1.3827,      3.8344,      3.9668
      7.6002,      1090.0,      10.000,     0.54497,     0.59553,      4.6684,      4.7968,      1.0000,      2.1400,      2.0607,      2.0000,     0.60180,      9.5956,     0.40347,      6.1528,     0.48789,      7.1153,     0.55090,      7.6051,     0.58741,      7.7298,     0.57774,      7.5213,      1.1071,      3.8344,      3.9668
      7.6336,      1095.0,      10.000,     0.54390,     0.59487,      4.6659,      4.7951,      1.0000,      2.1400,      2.1842,      2.0000,     0.58400,      9.4052,     0.38887,      6.0534,     0.47222,      6.9701,     0.53329,      7.3864,     0.56827,      7.5039,     0.56099,      7.3216,      1.5313,      3.8344,      3.9668
      7.6669,      1087.0,      10.000,     0.54398,     0.59431,      4.6661,      4.7937,      1.0000,      2.1400,      2.3136,      2.0000,     0.54340,      9.2064,     0.36961,      5.9720,     0.44606,      6.8249,     0.49956,      7.2133,     0.53019,      7.3140,     0.52105,      7.1219,      1.8028,      3.8344,      3.9668
      7.7002,      1095.0,      10.000,     0.54248,     0.59276,      4.6626,      4.7893,      1.0000,      2.1400,      2.4336,      2.0000,     0.54953,      9.0242,     0.36846,      5.8455,     0.44561,      6.6706,     0.50408,      7.0310,     0.53613,      7.1151,     0.52729,      6.9313,      1.7576,      3.8344,      3.9668
      7.7336,      1083.0,      10.000,     0.55472,     0.60552,      4.6929,      4.8246,      1.0000,      2.1400,      2.5271,      2.0000,     0.52511,      8.8586,     0.37048,      5.7279,     0.43905,      6.4891,     0.48814,      6.8852,     0.51309,      6.9163,     0.50188,      6.7226,     0.90998,      3.8348,      3.9663
      7.7669,      1087.0,      10.000,     0.55350,     0.60389,      4.6899,      4.8199,      1.0000,      2.1400,      2.6502,      2.0000,     0.53018,      8.6681,     0.37496,      5.5743,     0.44439,      6.3167,     0.49190,      6.6665,     0.51673,      6.6993,     0.50587,      6.5592,     0.95622,      3.8348,      3.9663
      7.8002,      1095.0,      10.000,     0.55148,     0.60246,      4.6798,      4.8104,     0.90000,      2.1400,      2.7422,      2.0000,     0.51086,      8.4776,     0.36464,      5.4567,     0.42765,      6.2078,     0.47220,      6.5481,     0.49746,      6.5728,     0.48660,      6.3596,      1.3607,      3.8328,      3.9595
      7.8336,      1091.0,      10.000,     0.55944,     0.60944,      4.7047,      4.8353,      1.0000,      2.1400,      2.8365,      2.0000,     0.49687,      8.2623,     0.35907,      5.3754,     0.42080,      6.0444,     0.46289,      6.3659,     0.48372,      6.3558,     0.47320,      6.1690,      1.4863,      3.8348,      3.9663
      7.8669,      1092.0,      10.000,     0.55058,     0.60114,      4.6776,      4.8069,     0.90000,      2.1400,      2.9681,      2.0000,     0.47565,      8.0967,     0.34439,      5.2850,     0.40392,      5.9446,     0.44450,      6.2018,     0.46370,      6.1840,     0.45184,      6.0147,      1.9245,      3.8328,      3.9595
      7.9002,      1101.0,      10.000,     0.55026,     0.59889,      4.6769,      4.8011,     0.90000,      2.1400,      3.0674,      2.0000,     0.47728,      7.9393,     0.35592,      5.2217,     0.41363,      5.8266,     0.45069,      6.0925,     0.46570,      6.0575,     0.45138,      5.9058,      1.5247,      3.8328,      3.9595
      7.9336,      1091.0,      10.000,     0.55212,     0.60160,      4.6763,      4.8025,     0.80000,      2.1400,      3.1716,      2.0000,     0.45703,      7.8068,     0.34501,      5.1132,     0.39849,      5.7086,     0.43292,      5.9467,     0.44657,      5.8948,     0.43195,      5.7515,      2.1088,      3.8308,      3.9527
      7.9669,      1101.0,      10.000,     0.55091,     0.60083,      4.6784,      4.8061,     0.90000,      2.1400,      3.2692,      2.0000,     0.44102,      7.6992,     0.32922,      5.0590,     0.38284,      5.6088,     0.41601,      5.8374,     0.42985,      5.7863,     0.41740,      5.6426,     0.78222,      3.8328,      3.9595
      8.0002,      1074.0,      10.000,     0.55353,     0.60317,      4.6797,      4.8066,     0.80000,      2.1400,      3.3770,      2.0000,     0.43980,      7.5418,     0.33712,      4.9957,     0.38703,      5.5362,     0.41793,      5.7371,     0.42976,      5.6778,     0.41534,      5.5337,      1.5243,      3.8308,      3.9527
      8.0336,      1079.0,      10.000,     0.55873,     0.60786,      4.6976,      4.8251,     0.90000,      2.1400,      3.4485,      2.0000,     0.42563,      7.4425,     0.32319,      4.9324,     0.37333,      5.4636,     0.40429,      5.6642,     0.41443,      5.5874,     0.40202,      5.4066,     0.97506,      3.8328,      3.9595
      8.0669,      1086.0,      10.000,     0.55526,     0.60356,      4.6899,      4.8145,     0.90000,      2.1400,      3.5700,      2.0000,     0.42389,      7.3182,     0.32472,      4.8692,     0.37153,      5.3637,     0.40024,      5.5367,     0.41252,      5.4518,     0.40058,      5.3068,      1.3445,      3.8333,      3.9591
      8.1002,      1095.0,      10.000,     0.55723,     0.60539,      4.6896,      4.8137,     0.80000,      2.1400,      3.6711,      2.0000,     0.41889,      7.2520,     0.32466,      4.8059,     0.37175,      5.3002,     0.39925,      5.4638,     0.40893,      5.3614,     0.39485,      5.2523,      1.4861,      3.8313,      3.9524
      8.1336,      1088.0,      10.000,     0.55664,     0.60507,      4.6933,      4.8185,     0.90000,      2.1400,      3.7686,      2.0000,     0.40595,      7.1609,     0.31920,      4.7426,     0.36378,      5.2185,     0.38936,      5.3727,     0.39645,      5.2801,     0.38266,      5.1525,      1.8675,      3.8333,      3.9591
      8.1669,      1079.0,      10.000,     0.55849,     0.60654,      4.6928,      4.8167,     0.80000,      2.1400,      3.8510,      2.0000,     0.40412,      7.1029,     0.32071,      4.6793,     0.36336,      5.1641,     0.38715,      5.3271,     0.39429,      5.2349,     0.38077,      5.0708,      1.8462,      3.8313,      3.9524
      8.2002,      1081.0,      10.000,     0.55511,     0.60392,      4.6895,      4.8154,     0.90000,      2.1400,      3.9654,      2.0000,     0.39890,      6.9953,     0.31341,      4.6522,     0.35637,      5.1005,     0.38136,      5.2451,     0.38880,      5.1445,     0.37578,      5.0073,      1.6954,      3.8333,      3.9591
      8.2336,      1079.0,      10.000,     0.55771,     0.60564,      4.6908,      4.8143,     0.80000,      2.1400,      4.0675,      2.0000,     0.39572,      6.9290,     0.31298,      4.5980,     0.35361,      5.0370,     0.37808,      5.1904,     0.38539,      5.0812,     0.37213,      4.9710,      1.3008,      3.8313,      3.9524
      8.2669,      1072.0,      10.000,     0.55880,     0.60743,      4.6987,      4.8253,     0.90000,      2.1400,      4.1425,      2.0000,     0.38928,      6.8793,     0.30404,      4.5618,     0.34823,      4.9825,     0.37294,      5.1358,     0.37981,      5.0450,     0.36724,      4.8893,      1.0684,      3.8333,      3.9591
      8.3002,      1091.0,      10.000,     0.55980,     0.60825,      4.6960,      4.8215,     0.80000,      2.1400,      4.2546,      2.0000,     0.39189,      6.8048,     0.31225,      4.5166,     0.35285,      4.9190,     0.37558,      5.0720,     0.38191,      4.9817,     0.36810,      4.8532,      2.7881,      3.8313,      3.9524
      8.3336,      1085.0,      10.000,     0.55922,     0.60648,      4.6843,      4.8053,     0.60000,      2.1400,      4.1390,      2.0000,     0.39310,      6.8876,     0.31974,      4.6432,     0.35703,      5.0279,     0.37786,      5.1995,     0.38342,      5.1173,     0.36817,      5.0164,      2.3226,      3.8272,      3.9389
      8.3669,      1088.0,      10.000,     0.51250,     0.56182,      4.5986,      4.7063,     0.90000,      2.1400,      3.7663,      2.0000,     0.33273,      7.1278,     0.24339,      4.9867,     0.29528,      5.2276,     0.32221,      5.1266,     0.32926,      4.8552,     0.31671,      4.6533,      100.97,      3.8333,      3.9591
      8.4002,      1089.0,      10.000,     0.49931,     0.55257,      4.5748,      4.6825,     0.90000,      2.1400,      3.3334,      2.0000,     0.33879,      7.1940,     0.24027,      5.4839,     0.29822,      5.8266,     0.33022,      5.7827,     0.33724,      5.5241,     0.32352,      5.4338,      60.603,      3.8328,      3.9595
      8.4336,      1093.0,      10.000,     0.47251,     0.53678,      4.5909,      4.7016,      2.1000,      2.1400,      2.9480,      2.0000,     0.29644,      6.6226,     0.13694,      6.2251,     0.19847,      6.4800,     0.25032,      6.3932,     0.28867,      6.0394,     0.30337,      5.8695,      407.52,      3.8576,      4.0219
      8.4669,      1089.0,      10.000,     0.46853,     0.54623,      4.5709,      4.7089,      1.8000,      2.1400,      2.2116,      2.0000,     0.16340,      19.243,    0.071859,      17.859,     0.10672,      7.7597,     0.13793,      7.6597,     0.16136,      7.0790,     0.16716,      6.8134,      915.04,      3.8510,      4.0083
      8.5002,      1080.0,      10.000,     0.76749,     0.77828,      5.2892,      5.3175,      1.8000,      2.1400,    -0.10929,      2.0000,    0.010839,      4.9166,    0.010195,      13.737,    0.010700,     0.18151,    0.010753,     0.21537,    0.010534,     0.21778,    0.010231,     0.18811,      375.71,      3.8502,      4.0098
      8.5336,      1098.0,      10.000,     0.76236,     0.77957,      5.1930,      5.2381,     0.30000,      2.1400,    -0.10058,      2.0000,    0.019146,      4.6765,    0.015467,      13.593,    0.017394,   0.0090753,    0.018715,   0.0057981,    0.018903,   0.0098608,    0.018078,  -0.0024756,      812.37,      3.8194,      3.9190
      8.5669,      1086.0,      10.000,     0.76268,     0.77993,      5.2560,      5.3013,      1.4000,      2.1400,   -0.092159,      2.0000,    0.016922,      4.6682,    0.016215,      13.593,    0.016823,   0.0090753,    0.016898,   0.0057981,    0.016573,  0.00082137,    0.015946,    0.024751,      852.69,      3.8419,      3.9887
      8.6002,      1079.0,      10.000,     0.76840,     0.78235,      5.1913,      5.2278,      0.0000,      2.1400,   -0.087706,      2.0000,    0.015634,      4.6682,    0.012992,      13.574,    0.014567,      0.0000,    0.015497,  -0.0033134,    0.015471,  -0.0082190,    0.014788,   -0.011552,      1429.2,      3.8133,      3.8981
      8.6336,      1094.0,      10.000,     0.76992,     0.78250,      5.1952,      5.2282,      0.0000,      2.1400,   -0.082356,      2.0000,    0.013595,      4.6682,    0.011573,      13.584,    0.012734,   0.0090753,    0.013324,   0.0057981,    0.013421,  -0.0082190,    0.012809,   -0.011552,      50.663,      3.8133,      3.8981
      8.6669,      1087.0,      10.000,     0.76455,     0.78198,      5.1812,      5.2268,      0.0000,      2.1400,   -0.078477,      2.0000,    0.019766,      4.6847,    0.015862,      13.584,    0.018063,      0.0000,    0.019396,   0.0057981,    0.019560,  0.00082137,    0.018595,  -0.0024756,      690.29,      3.8133,      3.8981
      8.7002,      1095.0,      10.000,     0.76918,     0.78242,      5.1933,      5.2280,      0.0000,      2.1400,   -0.073982,      2.0000,    0.014897,      4.6765,    0.012214,      13.574,    0.013755,      0.0000,    0.014537,  -0.0033134,    0.014725,  -0.0082190,    0.014010,   0.0065997,      805.50,      3.8133,      3.8981
      8.7336,      1102.0,      10.000,     0.76454,     0.77957,      5.2661,      5.3055,      1.5000,      2.1400,   -0.068959,      2.0000,    0.016485,      4.6682,    0.013937,      13.574,    0.015470,      0.0000,    0.015994,  -0.0033134,    0.016037,  0.00082137,    0.015592,   -0.011552,      927.11,      3.8439,      3.9940
      8.7669,      1081.0,      10.000,     0.76667,     0.78072,      5.1991,      5.2360,     0.20000,      2.1400,   -0.063854,      2.0000,    0.015791,      4.6682,    0.013018,      13.584,    0.014511,      0.0000,    0.015343,   0.0057981,    0.015563,  -0.0082190,    0.014880,  -0.0024756,      521.45,      3.8173,      3.9120
      8.8002,      1080.0,      10.000,     0.76809,     0.78232,      5.1904,      5.2277,      0.0000,      2.1400,   -0.056818,      2.0000,    0.015412,      4.6765,    0.013247,      13.584,    0.014583,      0.0000,    0.015214,   0.0057981,    0.015201,  -0.0082190,    0.014521,   -0.011293,      1454.7,      3.8133,      3.8981
      8.8336,      1099.0,      10.000,     0.76616,     0.78213,      5.1854,      5.2272,      0.0000,      2.1400,   -0.053640,      2.0000,    0.017625,      4.6516,    0.014767,      13.574,    0.016365,   0.0090753,    0.017262,  -0.0033134,    0.017406,  -0.0082190,    0.016557,    0.015675,      1288.7,      3.8133,      3.8981
      8.8669,      1104.0,      10.000,     0.76864,     0.78237,      5.1919,      5.2279,      0.0000,      2.1400,   -0.049928,      2.0000,    0.014929,      4.6682,    0.012406,      13.584,    0.013860,      0.0000,    0.014674,  -0.0033134,    0.014788,  -0.0082190,    0.014083,    0.015675,      1804.1,      3.8133,      3.8981
      8.9002,      1101.0,      10.000,     0.76569,     0.78208,      5.1842,      5.2271,      0.0000,      2.1400,   -0.048760,      2.0000,    0.018531,      4.6682,    0.015285,      13.593,    0.017157,   0.0090753,    0.018177,   0.0057981,    0.018280,   0.0098608,    0.017395,    0.015675,      881.31,      3.8133,      3.8981
      8.9336,      1081.0,      10.000,     0.76941,     0.78245,      5.1939,      5.2281,      0.0000,      2.1400,   -0.046317,      2.0000,    0.014674,      4.6599,    0.012270,      13.584,    0.013712,      0.0000,    0.014460,  -0.0033134,    0.014505,  -0.0082190,    0.013843,   0.0065997,      1302.9,      3.8133,      3.8981
      8.9669,      1095.0,      10.000,     0.77005,     0.78251,      5.1956,      5.2282,      0.0000,      2.1400,   -0.044411,      2.0000,    0.013411,      4.6847,    0.011772,      13.584,    0.012897,      0.0000,    0.013417,   0.0057981,    0.013222,  0.00082137,    0.012721,   0.0065997,      871.82,      3.8133,      3.8981
      9.0002,      1100.0,      10.000,     0.76396,     0.78192,      5.1796,      5.2267,      0.0000,      2.1400,   -0.041440,      2.0000,    0.020312,      4.6847,    0.016821,      13.593,    0.018769,      0.0000,    0.020041,   0.0057981,    0.020065,  0.00082137,    0.019124,   0.0065997,      1441.8,      3.8133,      3.8981
      9.0336,      1100.0,      10.000,     0.76544,     0.78206,      5.1835,      5.2271,      0.0000,      2.1400,   -0.038707,      2.0000,    0.017818,      4.6599,    0.015662,      13.584,    0.016831,      0.0000,    0.017604,  -0.0033134,    0.017520,  -0.0082190,    0.016768,   0.0065997,      932.09,      3.8133,      3.8981
      9.0669,      1087.0,      10.000,     0.76884,     0.78239,      5.1924,      5.2279,      0.0000,      2.1400,   -0.037028,      2.0000,    0.015263,      4.6765,    0.012807,      13.574,    0.014416,      0.0000,    0.015267,  -0.0033134,    0.015103,  -0.0082190,    0.014474,   0.0065997,      1402.4,      3.8133,      3.8981
      9.1002,      1073.0,      10.000,     0.77062,     0.78256,      5.1971,      5.2284,      0.0000,      2.1400,   -0.034618,      2.0000,    0.012195,      4.6765,    0.011155,      13.584,    0.011828,      0.0000,    0.012117,  -0.0033134,    0.012015,  -0.0082190,    0.011531,   -0.011552,      1522.9,      3.8133,      3.8981
      9.1336,      1076.0,      10.000,     0.76615,     0.78213,      5.1854,      5.2272,      0.0000,      2.1400,   -0.031107,      2.0000,    0.018245,      4.6765,    0.014972,      13.584,    0.016734,      0.0000,    0.017832,   0.0057981,    0.018033,  0.00082137,    0.017135,   0.0065997,      1196.6,      3.8133,      3.8981
      9.1669,      1095.0,      10.000,     0.76988,     0.78249,      5.1951,      5.2282,      0.0000,      2.1400,   -0.031384,      2.0000,    0.014073,      4.6599,    0.011594,      13.584,    0.012855,      0.0000,    0.013802,   0.0057981,    0.013926,  0.00082137,    0.013278,   0.0065997,      1013.7,      3.8133,      3.8981
