# [Parameters]
# Name = tsmap_nel
# ShotNo = 166590
# Date = '07/02/2021 11:12'
# 
# DimNo = 1
# DimName = 'Time'
# DimSize = 170
# DimUnit = 's'
# 
# ValNo = 25
# ValName = 'laser', 'laser number', 'a99', 'a999', 'R99', 'R999', 'p0', 'pf', 'ip', 'ipf', 'nl_thomson_mid', 'nl_mmw_mid', 'nl_thomson_3579', 'nl_fir_3579', 'nl_thomson_3669', 'nl_fir_3669', 'nl_thomson_3759', 'nl_fir_3759', 'nl_thomson_3849', 'nl_fir_3849', 'nl_thomson_3939', 'nl_fir_3939', 'chi', 'geom_center', 'Rax_vmec'
# ValUnit = 'arb', 'arb', 'm', 'm', 'm', 'm', '%', 'arb', 'kA/T', 'arb', 'arb', 'e19m-2', 'arb', 'e19m-2', 'arb', 'e19m-2', 'arb', 'e19m-2', 'arb', 'e19m-2', 'arb', 'e19m-2', 'arb', 'm', 'm'
# 
# [Comments]
# Bt = -2.53850
# Rax = 3.90000
# Bq = 100.000
# Gamma = 1.25380
# phiedge = -2.8685000
# avac = 0.55800000
# ExpDate = 2.02101e+07
# Cycle = 22.0000
# t1 = 3.16800
# t2 = 8.80300
# density (ne) is only for very rough information
# Do not use data for ne_bar < 5*1-^12cm-3
# High Voltage is set at 0.90 times
# Te limit = 22keV
# Laser#1, #3, #5, 
# 
# [data]
  0.00027800,      128.00,      10.000,     0.76572,     0.78481,      5.1958,      5.2477,      0.0000,      2.1400,     -0.0000,      2.0000,    0.018815,  -0.0065014,    0.017589,  0.00082137,    0.018583,   0.0041249,    0.018907,  -0.0074557,    0.018550,  -0.0057531,    0.017820,    0.013149,      9999.0,      3.8133,      3.8981
      3.2003,      104.00,      10.000,     0.76037,     0.77595,      5.2534,      5.2959,      1.2000,      2.1400,   0.0093890,      2.0000,    0.016052,   -0.014978,    0.013904,   0.0098608,    0.015301,   0.0041249,    0.015996,  -0.0074557,    0.015982,   0.0032872,    0.015353,   -0.013970,      402.12,      3.8377,      3.9782
      3.2336,      128.00,      10.000,     0.77020,     0.78524,      5.2079,      5.2489,      0.0000,      2.1400,   0.0090187,      2.0000,    0.016944,   0.0017780,    0.014109,  0.00082137,    0.015719,  -0.0049504,    0.016637,  -0.0074557,    0.016736,  -0.0057531,    0.015955,   -0.013970,      1408.1,      3.8133,      3.8981
      3.2669,      102.00,      10.000,     0.76041,     0.77992,      5.2178,      5.2709,     0.60000,      2.1400,    0.010000,      2.0000,    0.021153,  -0.0063088,    0.017648,  0.00082137,    0.019564,   0.0041249,    0.020636,  -0.0074557,    0.020760,  -0.0057531,    0.019953,    0.013149,      287.46,      3.8254,      3.9399
      3.3003,      111.00,      10.000,     0.75781,     0.77674,      5.2358,      5.2874,      1.0000,      2.1400,    0.010173,      2.0000,    0.019052,  -0.0065014,    0.017257,   0.0098608,    0.018316,  -0.0049504,    0.018688,  -0.0074557,    0.018612,  -0.0057531,    0.017989,    0.013149,      365.26,      3.8335,      3.9677
      3.3336,      121.00,      10.000,     0.55819,     0.60549,      4.6527,      4.7686,     0.10000,      2.1400,    0.042941,      2.0000,    0.060845,     0.57306,    0.055705,     0.55225,    0.058647,     0.56682,    0.059646,     0.56659,    0.059083,     0.54568,    0.056353,     0.55554,      51.806,      3.8153,      3.9051
      3.3669,      106.00,      10.000,     0.54332,     0.59018,      4.6182,      4.7303,     0.10000,      2.1400,     0.11996,      2.0000,    0.085449,     0.86284,    0.075826,     0.80536,    0.082364,     0.83909,    0.084624,     0.84906,    0.083682,     0.82591,    0.079770,     0.79961,      29.943,      3.8153,      3.9051
      3.4003,      126.00,      10.000,     0.54944,     0.59603,      4.6572,      4.7721,     0.60000,      2.1400,     0.20970,      2.0000,     0.11438,      1.0698,     0.10145,      1.0133,     0.10942,      1.0660,     0.11219,      1.0860,     0.11113,      1.0609,     0.10625,      1.0075,      37.416,      3.8254,      3.9399
      3.4336,      141.00,      10.000,     0.55438,     0.59849,      4.6686,      4.7785,     0.60000,      2.1400,     0.31908,      2.0000,     0.11353,      1.1695,     0.10107,      1.0675,     0.10985,      1.1386,     0.11237,      1.1680,     0.11045,      1.1423,     0.10544,      1.0889,      10.714,      3.8254,      3.9399
      3.4669,      113.00,      10.000,     0.55809,     0.59969,      4.6881,      4.7938,     0.80000,      2.1400,     0.45957,      2.0000,     0.12139,      1.2354,     0.10877,      1.1037,     0.11687,      1.1658,     0.11899,      1.1953,     0.11736,      1.1785,     0.11213,      1.1341,      18.109,      3.8295,      3.9538
      3.5003,      110.00,      10.000,     0.56493,     0.60831,      4.6953,      4.8060,     0.60000,      2.1400,     0.55294,      2.0000,     0.13719,      1.3842,     0.12244,      1.2754,     0.13058,      1.3201,     0.13339,      1.3502,     0.13243,      1.3231,     0.12700,      1.2787,      12.552,      3.8259,      3.9396
      3.5336,      115.00,      10.000,     0.56811,     0.60924,      4.6978,      4.8026,     0.50000,      2.1400,     0.63150,      2.0000,     0.18496,      2.0554,     0.17691,      2.0077,     0.18341,      2.0371,     0.18297,      2.0336,     0.17813,      1.9920,     0.17021,      1.9748,      14.144,      3.8239,      3.9327
      3.5669,      120.00,      10.000,     0.56225,     0.60508,      4.6888,      4.7975,     0.60000,      2.1400,     0.73628,      2.0000,     0.27878,      3.3218,     0.26689,      3.2913,     0.27707,      3.3712,     0.27583,      3.3548,     0.26788,      3.2305,     0.25561,      3.1680,      12.793,      3.8259,      3.9396
      3.6003,      98.000,      10.000,     0.56461,     0.60775,      4.6945,      4.8045,     0.60000,      2.1400,     0.80134,      2.0000,     0.38028,      4.6796,     0.35265,      4.2043,     0.37078,      4.3423,     0.37446,      4.3480,     0.36647,      4.2158,     0.35036,      4.1263,      5.0256,      3.8259,      3.9396
      3.6336,      108.00,      10.000,     0.56572,     0.60888,      4.7080,      4.8192,     0.80000,      2.1400,     0.85987,      2.0000,     0.46579,      6.3189,     0.42426,      4.9004,     0.44787,      5.1047,     0.45380,      5.1316,     0.44686,      4.9571,     0.42806,      4.8675,      3.9421,      3.8299,      3.9534
      3.6669,      108.00,      10.000,     0.56529,     0.61091,      4.7124,      4.8307,     0.90000,      2.1400,     0.91240,      2.0000,     0.54000,      7.1883,     0.49034,      5.5151,     0.51931,      5.7399,     0.52785,      5.7877,     0.52057,      5.5989,     0.49934,      5.4822,      8.3798,      3.8319,      3.9603
      3.7003,      113.00,      10.000,     0.55937,     0.60579,      4.6922,      4.8109,     0.80000,      2.1400,     0.93794,      2.0000,     0.55577,      11.130,     0.48890,      6.0484,     0.52987,      6.3934,     0.54456,      6.4073,     0.53849,      6.2588,     0.51521,      6.0879,      5.5119,      3.8299,      3.9534
      3.7336,      133.00,      10.000,     0.55478,     0.60183,      4.6861,      4.8063,     0.90000,      2.1400,     0.91132,      2.0000,     0.60413,      11.958,     0.53098,      6.4824,     0.57575,      6.9561,     0.59067,      7.0542,     0.58370,      6.8283,     0.55984,      6.6484,      3.8504,      3.8319,      3.9603
      3.7669,      101.00,      10.000,     0.53086,     0.57706,      4.6273,      4.7359,     0.80000,      2.1400,     0.99894,      2.0000,     0.57178,      13.796,     0.47493,      7.1332,     0.53344,      7.3826,     0.55631,      7.1362,     0.55738,      6.8012,     0.53432,      6.5851,      5.4557,      3.8299,      3.9534
      3.8003,      105.00,      10.000,     0.51875,     0.56497,      4.6034,      4.7060,     0.80000,      2.1400,     0.91839,      2.0000,     0.58101,      14.367,     0.45549,      8.1728,     0.53288,      8.3174,     0.56821,      8.1385,     0.57093,      7.8679,     0.54740,      7.4529,      4.1006,      3.8299,      3.9534
      3.8336,      94.000,      10.000,     0.51635,     0.56353,      4.6081,      4.7134,      1.0000,      2.1400,     0.90224,      2.0000,     0.69477,      12.570,     0.53124,      8.6429,     0.62694,      8.8711,     0.67253,      8.9130,     0.68180,      8.6273,     0.65708,      8.0947,      6.4723,      3.8339,      3.9672
      3.8669,      111.00,      10.000,     0.51820,     0.56460,      4.6070,      4.7106,     0.90000,      2.1400,     0.87161,      2.0000,     0.74849,      11.949,     0.56732,      9.0316,     0.67441,      9.4519,     0.72735,      9.4415,     0.73741,      9.0702,     0.70885,      8.5829,      4.1458,      3.8319,      3.9603
      3.9003,      114.00,      10.000,     0.51241,     0.56065,      4.5963,      4.7005,     0.90000,      2.1400,     0.76418,      2.0000,     0.78450,      9.3823,     0.58231,      9.2937,     0.69839,      9.7242,     0.75800,      9.8424,     0.77331,      9.4318,     0.74504,      9.0891,      5.5409,      3.8319,      3.9603
      3.9336,      104.00,      10.000,     0.51449,     0.56223,      4.6047,      4.7101,      1.0000,      2.1400,     0.74030,      2.0000,     0.82801,      8.1983,     0.61813,      9.5649,     0.73424,      10.287,     0.79407,      10.116,     0.81227,      9.8386,     0.78603,      9.2970,      4.6557,      3.8339,      3.9672
      3.9669,      120.00,      10.000,     0.51561,     0.56201,      4.6022,      4.7039,     0.90000,      2.1400,     0.70484,      2.0000,     0.86923,      6.1782,     0.64908,      10.035,     0.77227,      10.786,     0.83273,      10.699,     0.85142,      10.263,     0.82474,      9.8213,      4.6096,      3.8319,      3.9603
      4.0003,      115.00,      10.000,     0.51069,     0.55997,      4.5977,      4.7042,      1.0000,      2.1400,     0.67301,      2.0000,     0.86953,      4.5306,     0.64748,      10.342,     0.78119,      11.149,     0.84706,      11.136,     0.86010,      10.679,     0.82621,      10.093,      5.6784,      3.8339,      3.9672
      4.0336,      107.00,      10.000,     0.50870,     0.55877,      4.6046,      4.7109,      1.2000,      2.1400,     0.62136,      2.0000,     0.91228,    -0.29628,     0.64243,      10.812,     0.79116,      11.621,     0.87104,      11.455,     0.90131,      10.969,     0.87511,      10.490,      8.2065,      3.8381,      3.9777
      4.0669,      107.00,      10.000,     0.50420,     0.55412,      4.5864,      4.6897,      1.0000,      2.1400,     0.51816,      2.0000,     0.93153,      24.683,     0.66678,      11.536,     0.82593,      12.501,     0.90660,      12.230,     0.92551,      11.674,     0.88947,      11.222,      3.1383,      3.8339,      3.9672
      4.1003,      104.00,      10.000,     0.49954,     0.55106,      4.5831,      4.6863,      1.1000,      2.1400,     0.42346,      2.0000,     0.94307,      20.999,     0.64767,      11.635,     0.81632,      12.982,     0.90984,      13.013,     0.93754,      12.505,     0.90626,      12.063,      13.827,      3.8356,      3.9730
      4.1336,      106.00,      10.000,     0.50138,     0.55291,      4.5810,      4.6859,      1.0000,      2.1400,     0.34240,      2.0000,     0.95183,      18.010,     0.63704,      12.087,     0.81309,      13.300,     0.91762,      13.469,     0.94927,      12.858,     0.91564,      12.389,      3.8035,      3.8335,      3.9677
      4.1669,      117.00,      10.000,     0.50047,     0.55260,      4.5949,      4.6995,      1.3000,      2.1400,     0.26023,      2.0000,      1.0136,      10.608,     0.66430,      12.295,     0.85872,      13.599,     0.97447,      13.797,      1.0141,      13.355,     0.98197,      12.886,      11.768,      3.8398,      3.9835
      4.2003,      113.00,      10.000,     0.49717,     0.54871,      4.5844,      4.6856,      1.2000,      2.1400,     0.17708,      2.0000,      1.0431,      2.0385,     0.68236,      12.331,     0.88713,      13.999,      1.0016,      14.207,      1.0418,      13.762,      1.0091,      13.347,      5.5352,      3.8377,      3.9782
      4.2336,      99.000,      10.000,     0.49998,     0.55307,      4.6087,      4.7147,      1.6000,      2.1400,     0.12394,      2.0000,      1.0593,      20.220,     0.65559,      12.223,     0.86659,      13.990,     0.99669,      14.262,      1.0576,      13.834,      1.0393,      13.338,      31.612,      3.8460,      3.9993
      4.2669,      103.00,      10.000,     0.50055,     0.55197,      4.5950,      4.6981,      1.3000,      2.1400,    0.064639,      2.0000,      1.1388,      7.3125,     0.72808,      12.159,     0.94088,      13.772,      1.0677,      14.271,      1.1243,      13.834,      1.1073,      13.275,      7.0825,      3.8398,      3.9835
      4.3003,      102.00,      10.000,     0.50602,     0.55602,      4.5993,      4.7031,      1.2000,      2.1400,    0.015464,      2.0000,      1.1627,    -0.41219,     0.77377,      12.042,     0.98629,      13.854,      1.1118,      14.034,      1.1585,      13.753,      1.1223,      13.238,      4.9380,      3.8377,      3.9782
      4.3336,      113.00,      10.000,     0.49908,     0.55074,      4.5975,      4.6998,      1.4000,      2.1400,   0.0055344,      2.0000,      1.1287,      22.340,     0.69501,      11.798,     0.91029,      13.590,      1.0525,      14.161,      1.1187,      13.807,      1.1040,      13.446,      5.2081,      3.8419,      3.9887
      4.3669,      102.00,      10.000,     0.51085,     0.56042,      4.6078,      4.7142,      1.2000,      2.1400,   -0.036379,      2.0000,      1.3554,      16.561,     0.93319,      11.825,      1.1568,      13.690,      1.2835,      14.107,      1.3322,      13.925,      1.3042,      13.220,      5.0606,      3.8377,      3.9782
      4.4003,      138.00,      10.000,     0.51178,     0.56279,      4.6094,      4.7198,      1.2000,      2.1400,   -0.080307,      2.0000,      1.2297,      11.486,     0.84544,      11.825,      1.0553,      13.590,      1.1785,      13.861,      1.2157,      13.662,      1.1822,      13.293,      2.8145,      3.8377,      3.9782
      4.4336,      106.00,      10.000,     0.50452,     0.55486,      4.6018,      4.7050,      1.3000,      2.1400,    -0.11838,      2.0000,      1.1653,      7.0144,     0.77663,      12.096,     0.98855,      13.953,      1.1166,      14.271,      1.1630,      13.952,      1.1265,      13.374,      4.6063,      3.8398,      3.9835
      4.4669,      143.00,      10.000,     0.51678,     0.56764,      4.6187,      4.7317,      1.2000,      2.1400,    -0.14464,      2.0000,      1.2102,      2.5203,     0.79946,      12.168,      1.0070,      13.981,      1.1349,      14.389,      1.1919,      14.006,      1.1696,      13.537,      5.0470,      3.8377,      3.9782
      4.5003,      119.00,      10.000,     0.50907,     0.55944,      4.6046,      4.7117,      1.2000,      2.1400,    -0.18340,      2.0000,      1.2849,      22.133,     0.87226,      12.051,      1.0958,      13.845,      1.2248,      14.143,      1.2760,      13.925,      1.2374,      13.374,      4.6271,      3.8377,      3.9782
      4.5336,      117.00,      10.000,     0.50106,     0.55131,      4.5909,      4.6918,      1.2000,      2.1400,    -0.16808,      2.0000,      1.1432,      15.541,     0.72859,      11.626,     0.94490,      13.427,      1.0790,      14.089,      1.1347,      13.789,      1.1101,      13.238,      4.9589,      3.8377,      3.9782
      4.5669,      98.000,      10.000,     0.49864,     0.54922,      4.5919,      4.6915,      1.3000,      2.1400,    -0.18316,      2.0000,      1.1331,      11.279,     0.68837,      11.174,     0.91699,      13.246,      1.0652,      13.897,      1.1294,      13.762,      1.1075,      13.356,      5.2292,      3.8398,      3.9835
      4.6003,      105.00,      10.000,     0.52726,     0.57700,      4.6436,      4.7602,      1.3000,      2.1400,    -0.28861,      2.0000,      1.2767,      10.923,     0.88217,      10.125,      1.0774,      12.166,      1.2009,      13.059,      1.2508,      12.957,      1.2263,      12.615,      3.3056,      3.8398,      3.9835
      4.6336,      110.00,      10.000,     0.50651,     0.55659,      4.6052,      4.7093,      1.3000,      2.1400,   -0.098566,      2.0000,      1.1405,      8.8027,     0.71011,      9.7731,     0.91306,      11.449,      1.0526,      12.212,      1.1229,      12.442,      1.1116,      12.036,      4.3558,      3.8398,      3.9835
      4.6669,      105.00,      10.000,     0.51220,     0.56324,      4.6153,      4.7255,      1.3000,      2.1400,    -0.21605,      2.0000,      1.0928,      7.2462,     0.65209,      8.9050,     0.84322,      10.831,     0.98616,      11.920,      1.0711,      12.108,      1.0701,      11.792,      3.9970,      3.8398,      3.9835
      4.7003,      101.00,      10.000,     0.51626,     0.56703,      4.6227,      4.7349,      1.3000,      2.1400,   -0.064295,      2.0000,      1.0557,      6.7908,     0.63446,      8.6609,     0.81003,      10.795,     0.94482,      11.674,      1.0313,      11.755,      1.0332,      11.584,      5.6760,      3.8398,      3.9835
      4.7336,      108.00,      10.000,     0.53690,     0.59080,      4.6685,      4.8019,      1.4000,      2.1400,    0.029028,      2.0000,      1.0655,      6.9150,     0.64404,      7.9830,     0.80615,      9.9964,     0.93556,      11.091,      1.0285,      11.439,      1.0454,      11.060,      3.2937,      3.8419,      3.9887
      4.7669,      124.00,      10.000,     0.53703,     0.58799,      4.6688,      4.7947,      1.4000,      2.1400,    0.093177,      2.0000,      1.0542,      6.7081,     0.63941,      7.8474,     0.79817,      9.6697,     0.92405,      10.763,      1.0152,      11.050,      1.0339,      10.834,      4.4054,      3.8419,      3.9887
      4.8003,      123.00,      10.000,     0.53021,     0.58217,      4.6590,      4.7842,      1.5000,      2.1400,     0.21122,      2.0000,      1.0117,      6.4266,     0.61278,      7.8202,     0.76353,      9.4519,     0.88728,      10.553,     0.97735,      10.878,     0.99440,      10.716,      6.0308,      3.8439,      3.9940
      4.8336,      114.00,      10.000,     0.53450,     0.58419,      4.6584,      4.7792,      1.3000,      2.1400,     0.25808,      2.0000,      1.0373,      6.2858,     0.67049,      7.9378,     0.80980,      9.5517,     0.92037,      10.644,     0.99798,      10.761,      1.0094,      10.617,      3.4417,      3.8398,      3.9835
      4.8669,      111.00,      10.000,     0.53661,     0.58688,      4.6629,      4.7867,      1.3000,      2.1400,     0.22296,      2.0000,      1.0173,      6.8322,     0.67440,      8.1638,     0.80545,      9.6243,     0.90641,      10.571,     0.97682,      10.688,     0.98455,      10.644,      4.5329,      3.8398,      3.9835
      4.9003,      103.00,      10.000,     0.50730,     0.55705,      4.6072,      4.7113,      1.3000,      2.1400,     0.51741,      2.0000,     0.86990,      5.8060,     0.54561,      8.3536,     0.68465,      9.4519,     0.78158,      10.079,     0.84358,      10.300,     0.84766,      10.074,      6.9794,      3.8402,      3.9829
      4.9336,      106.00,      10.000,     0.51150,     0.56060,      4.6146,      4.7200,      1.3000,      2.1400,     0.54674,      2.0000,     0.89491,      7.4035,     0.60072,      8.8689,     0.73836,      9.8512,     0.82308,      10.316,     0.87183,      10.426,     0.86501,      10.201,      3.1653,      3.8402,      3.9829
      4.9669,      107.00,      10.000,     0.51118,     0.56021,      4.6039,      4.7097,      1.1000,      2.1400,     0.60765,      2.0000,     0.87975,      5.8304,     0.60939,      9.4384,     0.74643,      10.232,     0.82546,      10.398,     0.86040,      10.444,     0.84395,      10.011,      6.8736,      3.8360,      3.9725
      5.0003,      117.00,      10.000,     0.51613,     0.56470,      4.6174,      4.7244,      1.2000,      2.1400,     0.49849,      2.0000,     0.91601,      4.0504,     0.66120,      8.6700,     0.79198,      9.9238,     0.86669,      10.362,     0.89444,      10.164,     0.87443,      9.9027,      3.4846,      3.8377,      3.9782
      5.0336,      89.000,      10.000,     0.51595,     0.56508,      4.6178,      4.7262,      1.2000,      2.1400,     0.62913,      2.0000,     0.91780,      4.1497,     0.64874,      8.7061,     0.78481,      9.7423,     0.86428,      10.143,     0.89652,      10.028,     0.87845,      9.6857,      3.7261,      3.8381,      3.9777
      5.0669,      111.00,      10.000,     0.51313,     0.56152,      4.6125,      4.7176,      1.2000,      2.1400,     0.64443,      2.0000,     0.88920,      5.0526,     0.61519,      8.8146,     0.74990,      9.8421,     0.83015,      10.198,     0.87077,      10.056,     0.85429,      9.8123,      3.4132,      3.8381,      3.9777
      5.1003,      101.00,      10.000,     0.51630,     0.56504,      4.6184,      4.7261,      1.2000,      2.1400,     0.77168,      2.0000,     0.89766,      4.9363,     0.63419,      8.9502,     0.76615,      9.8421,     0.84051,      10.152,     0.87445,      10.137,     0.86073,      9.8394,      4.4823,      3.8381,      3.9777
      5.1336,      109.00,      10.000,     0.53032,     0.57850,      4.6355,      4.7505,      1.0000,      2.1400,     0.86822,      2.0000,     0.92035,      3.0403,     0.68522,      9.3567,     0.80531,      10.514,     0.87336,      10.389,     0.89717,      10.218,     0.87228,      9.8393,      2.9360,      3.8339,      3.9672
      5.1669,      99.000,      10.000,     0.51175,     0.55969,      4.6049,      4.7084,      1.1000,      2.1400,     0.87242,      2.0000,     0.86739,     -1.2485,     0.62346,      9.4293,     0.75240,      10.078,     0.82440,      10.444,     0.85126,      10.254,     0.82805,      9.8484,      5.6206,      3.8360,      3.9725
      5.2003,      116.00,      10.000,     0.51068,     0.55986,      4.6030,      4.7089,      1.1000,      2.1400,     0.87619,      2.0000,     0.86558,      20.948,     0.60848,      9.3299,     0.74337,      10.096,     0.82228,      10.325,     0.85152,      10.236,     0.82840,      9.7852,      3.7248,      3.8360,      3.9725
      5.2336,      107.00,      10.000,     0.52115,     0.57109,      4.6173,      4.7317,      1.0000,      2.1400,     0.86103,      2.0000,     0.92982,      19.185,     0.68878,      9.0677,     0.81596,      9.9057,     0.88805,      10.271,     0.91016,      10.164,     0.88139,      9.7219,      2.6279,      3.8339,      3.9672
      5.2669,      114.00,      10.000,     0.51128,     0.56002,      4.6092,      4.7141,      1.2000,      2.1400,      1.0130,      2.0000,     0.87111,      14.698,     0.60742,      9.2214,     0.74070,      10.033,     0.81894,      10.353,     0.85212,      10.245,     0.83622,      9.6405,      3.5065,      3.8381,      3.9777
      5.3003,      88.000,      10.000,     0.51488,     0.56400,      4.6158,      4.7236,      1.2000,      2.1400,      1.0285,      2.0000,     0.88148,      13.497,     0.62733,      9.1310,     0.75582,      10.024,     0.82953,      10.262,     0.86239,      10.155,     0.84384,      9.8032,      3.5438,      3.8381,      3.9777
      5.3336,      109.00,      10.000,     0.51261,     0.56165,      4.6012,      4.7085,      1.0000,      2.1400,     0.94255,      2.0000,     0.88608,      14.557,     0.62667,      9.2395,     0.76896,      10.214,     0.84706,      10.426,     0.87343,      10.254,     0.84673,      9.8213,      6.5230,      3.8339,      3.9672
      5.3669,      105.00,      10.000,     0.50698,     0.55677,      4.5964,      4.7011,      1.1000,      2.1400,     0.96993,      2.0000,     0.85743,      12.289,     0.58207,      9.2937,     0.72797,      10.314,     0.81063,      10.480,     0.84582,      10.236,     0.82630,      9.8665,      8.1522,      3.8360,      3.9725
      5.4003,      130.00,      10.000,     0.51447,     0.56309,      4.6047,      4.7123,      1.0000,      2.1400,     0.86429,      2.0000,     0.91096,      11.982,     0.66510,      9.4022,     0.80249,      10.487,     0.87585,      10.735,     0.89646,      10.607,     0.86709,      10.002,      3.3201,      3.8339,      3.9672
      5.4336,      148.00,      10.000,     0.53431,     0.58374,      4.6538,      4.7739,      1.2000,      2.1400,     0.98795,      2.0000,      1.0122,      11.402,     0.74187,      8.6609,     0.87570,      10.024,     0.95113,      10.325,     0.98299,      10.209,     0.96430,      9.9027,      5.7735,      3.8381,      3.9777
      5.4669,      109.00,      10.000,     0.51478,     0.56365,      4.6156,      4.7228,      1.2000,      2.1400,     0.90424,      2.0000,     0.92104,      11.121,     0.62622,      8.2542,     0.77754,      9.5699,     0.86777,      10.088,     0.90842,      10.056,     0.88795,      9.8484,      5.1475,      3.8381,      3.9777
      5.5003,      129.00,      10.000,     0.50835,     0.55759,      4.6090,      4.7127,      1.3000,      2.1400,      1.0621,      2.0000,     0.85315,      10.096,     0.56126,      8.7242,     0.71432,      9.8875,     0.80529,      10.052,     0.84340,      10.046,     0.82669,      9.6857,      12.840,      3.8402,      3.9829
      5.5336,      115.00,      10.000,     0.52986,     0.57974,      4.6396,      4.7586,      1.1000,      2.1400,      1.1924,      2.0000,     0.94229,      8.8110,     0.64972,      8.0191,     0.78666,      9.3793,     0.87618,      9.7240,     0.91937,      9.7753,     0.90251,      9.4869,      2.9060,      3.8360,      3.9725
      5.5669,      105.00,      10.000,     0.50986,     0.55814,      4.6015,      4.7045,      1.1000,      2.1400,      1.2581,      2.0000,     0.85879,      7.9665,     0.56674,      7.9287,     0.71674,      9.1161,     0.80690,      9.6055,     0.84794,      9.6307,     0.82862,      9.2789,      4.8770,      3.8360,      3.9725
      5.6003,      128.00,      10.000,     0.52870,     0.57719,      4.6471,      4.7618,      1.3000,      2.1400,      1.2306,      2.0000,     0.88180,      7.7765,     0.59276,      7.5852,     0.72423,      8.8711,     0.80950,      9.5326,     0.85657,      9.6759,     0.85120,      9.3603,      4.5264,      3.8402,      3.9829
      5.6336,      119.00,      10.000,     0.52595,     0.57698,      4.6368,      4.7563,      1.2000,      2.1400,      1.3044,      2.0000,     0.90636,      7.1052,     0.62648,      7.4045,     0.75566,      8.7803,     0.84288,      9.4232,     0.88306,      9.4498,     0.87079,      9.2158,      4.5737,      3.8381,      3.9777
      5.6669,      121.00,      10.000,     0.53780,     0.58888,      4.6621,      4.7893,      1.2000,      2.1400,      1.5217,      2.0000,     0.84773,      6.7660,     0.56624,      7.1694,     0.68798,      8.3991,     0.77339,      9.0770,     0.82478,      9.3052,     0.81807,      9.0349,      3.2636,      3.8386,      3.9772
      5.7003,      108.00,      10.000,     0.52729,     0.57782,      4.6352,      4.7547,      1.1000,      2.1400,      1.5800,      2.0000,     0.84457,      6.4266,     0.55471,      7.2055,     0.68303,      8.4536,     0.77628,      9.0133,     0.82679,      9.0702,     0.81435,      8.8993,      4.4727,      3.8365,      3.9720
      5.7336,      141.00,      10.000,     0.53603,     0.58515,      4.6532,      4.7737,      1.1000,      2.1400,      1.6680,      2.0000,     0.83493,      6.3024,     0.57580,      7.1423,     0.69270,      8.3265,     0.77319,      8.9130,     0.81446,      8.9888,     0.80081,      8.7456,      4.5291,      3.8365,      3.9720
      5.7669,      116.00,      10.000,     0.54020,     0.59026,      4.6625,      4.7879,      1.1000,      2.1400,      1.7887,      2.0000,     0.83516,      6.1699,     0.58284,      7.0247,     0.69673,      8.1268,     0.77665,      8.7035,     0.81675,      8.8352,     0.79961,      8.5829,      3.7326,      3.8365,      3.9720
      5.8003,      126.00,      10.000,     0.54287,     0.59344,      4.6686,      4.7963,      1.1000,      2.1400,      1.9374,      2.0000,     0.83822,      5.9795,     0.59869,      6.9072,     0.70742,      7.9544,     0.78208,      8.4939,     0.81762,      8.6544,     0.80164,      8.3930,      3.9098,      3.8365,      3.9720
      5.8336,      127.00,      10.000,     0.54082,     0.58965,      4.6639,      4.7861,      1.1000,      2.1400,      2.1238,      2.0000,     0.78521,      5.7476,     0.55441,      6.7355,     0.65611,      7.7457,     0.72355,      8.2661,     0.76280,      8.4465,     0.75087,      8.1851,      3.0776,      3.8365,      3.9720
      5.8669,      105.00,      10.000,     0.54038,     0.59131,      4.6629,      4.7908,      1.1000,      2.1400,      2.3156,      2.0000,     0.76307,      5.5158,     0.52824,      6.5818,     0.62917,      7.5279,     0.69837,      8.0018,     0.73988,      8.2024,     0.73198,      7.9411,      2.5949,      3.8365,      3.9720
      5.9003,      110.00,      10.000,     0.54427,     0.59517,      4.6727,      4.8020,      1.1000,      2.1400,      2.5134,      2.0000,     0.75034,      5.3088,     0.53339,      6.3920,     0.62603,      7.2919,     0.69100,      7.7194,     0.72653,      7.8589,     0.71774,      7.6608,      5.3541,      3.8369,      3.9715
      5.9336,      114.00,      10.000,     0.54233,     0.59172,      4.6682,      4.7930,      1.1000,      2.1400,      2.6901,      2.0000,     0.71140,      5.0853,     0.50922,      6.2835,     0.60107,      7.1194,     0.66056,      7.5280,     0.69025,      7.6690,     0.67890,      7.4439,      4.2412,      3.8369,      3.9715
      5.9669,      116.00,      10.000,     0.54792,     0.59765,      4.6813,      4.8084,      1.1000,      2.1400,      2.9047,      2.0000,     0.72059,      4.8294,     0.52506,      6.1388,     0.61132,      6.9379,     0.66698,      7.2820,     0.69783,      7.4069,     0.68694,      7.2359,      6.9990,      3.8369,      3.9715
      6.0003,      118.00,      10.000,     0.55062,     0.60108,      4.6877,      4.8176,      1.1000,      2.1400,      3.1125,      2.0000,     0.69411,      4.6382,     0.50762,      5.9580,     0.58897,      6.7110,     0.64378,      7.0451,     0.67320,      7.1086,     0.66174,      6.9738,      3.0122,      3.8369,      3.9715
      6.0336,      104.00,      10.000,     0.54963,     0.59901,      4.6854,      4.8120,      1.1000,      2.1400,      3.3101,      2.0000,     0.66491,      4.4147,     0.49010,      5.8405,     0.56858,      6.5386,     0.61868,      6.8355,     0.64320,      6.8826,     0.63281,      6.7568,      3.0000,      3.8369,      3.9715
      6.0669,      137.00,      10.000,     0.55320,     0.60415,      4.6996,      4.8326,      1.2000,      2.1400,      3.5215,      2.0000,     0.66899,      4.1994,     0.50029,      5.6959,     0.57484,      6.3571,     0.62376,      6.6351,     0.64805,      6.6656,     0.63772,      6.5308,      4.1099,      3.8394,      3.9761
      6.1003,      99.000,      10.000,     0.55436,     0.60418,      4.6929,      4.8222,      1.0000,      2.1400,      3.7264,      2.0000,     0.65224,      3.9921,     0.50827,      5.5965,     0.57610,      6.1937,     0.61734,      6.4619,     0.63428,      6.4667,     0.61765,      6.3410,      2.2047,      3.8353,      3.9658
      6.1336,      131.00,      10.000,     0.55037,     0.60114,      4.6831,      4.8138,      1.0000,      2.1400,      3.9421,      2.0000,     0.61221,      3.7937,     0.46667,      5.4970,     0.53542,      6.0667,     0.57898,      6.2888,     0.59609,      6.2679,     0.58062,      6.1421,      3.6218,      3.8353,      3.9658
      6.1669,      113.00,      10.000,     0.55187,     0.60212,      4.6916,      4.8217,      1.1000,      2.1400,      4.1441,      2.0000,     0.58376,      3.5867,     0.44945,      5.3976,     0.51210,      5.9396,     0.54922,      6.1613,     0.56591,      6.1142,     0.55305,      5.9704,      2.8188,      3.8373,      3.9710
      6.2003,      113.00,      10.000,     0.55366,     0.60282,      4.6911,      4.8184,      1.0000,      2.1400,      4.3623,      2.0000,     0.58295,      3.4377,     0.45620,      5.2891,     0.51661,      5.7944,     0.55149,      5.9881,     0.56541,      5.9244,     0.55077,      5.7986,      3.2129,      3.8353,      3.9658
      6.2336,      104.00,      10.000,     0.55355,     0.60249,      4.6866,      4.8130,     0.90000,      2.1400,      4.5568,      2.0000,     0.56040,      3.3132,     0.44658,      5.2077,     0.50400,      5.6764,     0.53518,      5.8879,     0.54464,      5.8340,     0.52679,      5.6901,      2.3166,      3.8337,      3.9587
      6.2669,      114.00,      10.000,     0.55712,     0.60507,      4.7006,      4.8260,      1.0000,      2.1400,      4.7947,      2.0000,     0.56654,      3.1562,     0.45747,      5.1264,     0.51337,      5.5584,     0.54232,      5.7330,     0.54918,      5.6622,     0.53323,      5.5455,      3.5456,      3.8357,      3.9654
      6.3003,      123.00,      10.000,     0.56033,     0.60656,      4.6982,      4.8183,     0.80000,      2.1400,      5.0140,      2.0000,     0.55649,      3.0154,     0.45183,      5.0360,     0.50377,      5.4495,     0.53264,      5.6237,     0.53952,      5.5537,     0.52177,      5.4641,      2.6841,      3.8317,      3.9520
      6.3336,      120.00,      10.000,     0.55598,     0.60266,      4.6926,      4.8134,     0.90000,      2.1400,      5.2316,      2.0000,     0.53473,      2.9244,     0.43398,      4.9546,     0.48300,      5.3406,     0.50794,      5.5143,     0.51635,      5.4362,     0.50121,      5.3376,      4.5222,      3.8337,      3.9587
      6.3669,      115.00,      10.000,     0.55726,     0.60459,      4.7009,      4.8246,      1.0000,      2.1400,      5.4529,      2.0000,     0.52467,      2.7753,     0.43216,      4.8733,     0.48038,      5.2408,     0.50345,      5.4232,     0.50810,      5.3187,     0.49141,      5.2110,      3.4468,      3.8357,      3.9654
      6.4003,      111.00,      10.000,     0.56251,     0.60968,      4.7046,      4.8282,     0.80000,      2.1400,      5.6584,      2.0000,     0.53171,      2.6594,     0.44533,      4.7829,     0.49191,      5.1591,     0.51471,      5.3230,     0.51763,      5.2102,     0.49887,      5.1116,      4.5500,      3.8322,      3.9517
      6.4336,      107.00,      10.000,     0.55784,     0.60525,      4.6930,      4.8161,     0.80000,      2.1400,      5.8791,      2.0000,     0.52022,      2.5683,     0.42984,      4.7286,     0.47803,      5.0774,     0.50165,      5.2410,     0.50510,      5.1469,     0.48708,      5.0302,      4.6494,      3.8322,      3.9517
      6.4669,      121.00,      10.000,     0.56089,     0.60820,      4.7005,      4.8241,     0.80000,      2.1400,      6.0959,      2.0000,     0.51198,      2.5021,     0.42478,      4.6563,     0.47023,      5.0048,     0.49307,      5.1589,     0.49773,      5.0475,     0.48054,      4.9489,      4.3219,      3.8322,      3.9517
      6.5002,      122.00,      10.000,     0.56108,     0.60777,      4.7063,      4.8288,     0.90000,      2.1400,      6.2935,      2.0000,     0.50966,      2.4190,     0.42715,      4.5840,     0.47017,      4.9141,     0.49099,      5.0678,     0.49368,      4.9661,     0.47736,      4.8675,      2.9429,      3.8342,      3.9583
      6.5336,      127.00,      10.000,     0.55858,     0.60689,      4.7053,      4.8323,      1.0000,      2.1400,      6.4835,      2.0000,     0.48548,      2.3282,     0.40256,      4.5207,     0.44532,      4.8778,     0.46533,      5.0132,     0.46934,      4.9119,     0.45548,      4.8042,      6.0571,      3.8362,      3.9649
      6.5669,      114.00,      10.000,     0.55912,     0.60707,      4.7022,      4.8282,     0.90000,      2.1400,      6.7066,      2.0000,     0.48744,      2.2617,     0.40676,      4.4574,     0.44842,      4.7870,     0.46929,      4.9312,     0.47306,      4.8215,     0.45803,      4.7138,      3.6664,      3.8346,      3.9579
      6.6002,      126.00,      10.000,     0.56202,     0.60925,      4.7044,      4.8284,     0.80000,      2.1400,      6.9130,      2.0000,     0.47792,      2.1461,     0.40218,      4.3851,     0.44230,      4.7053,     0.46201,      4.8491,     0.46413,      4.7582,     0.44807,      4.6506,      4.9125,      3.8326,      3.9513
      6.6336,      118.00,      10.000,     0.56279,     0.60836,      4.7117,      4.8317,     0.90000,      2.1400,      7.1111,      2.0000,     0.47518,      2.0964,     0.39769,      4.3309,     0.43921,      4.6509,     0.45823,      4.7945,     0.45989,      4.6949,     0.44447,      4.5602,      6.2239,      3.8346,      3.9579
      6.6669,      108.00,      10.000,     0.56200,     0.60958,      4.7097,      4.8351,     0.90000,      2.1400,      7.3048,      2.0000,     0.47788,      2.0302,     0.40399,      4.2947,     0.44490,      4.5964,     0.46279,      4.7307,     0.46470,      4.6317,     0.44940,      4.5150,      4.2181,      3.8346,      3.9579
      6.7002,      117.00,      10.000,     0.55648,     0.60277,      4.6906,      4.8107,     0.80000,      2.1400,      7.4995,      2.0000,     0.45336,      1.9640,     0.38070,      4.2495,     0.42110,      4.5329,     0.43875,      4.6578,     0.43929,      4.5593,     0.42355,      4.4698,      2.5303,      3.8326,      3.9513
      6.7336,      118.00,      10.000,     0.55804,     0.60492,      4.7004,      4.8236,     0.90000,      2.1400,      7.6940,      2.0000,     0.45388,      1.9060,     0.38587,      4.2043,     0.42461,      4.4784,     0.44022,      4.6031,     0.43954,      4.5141,     0.42446,      4.3975,      7.2717,      3.8351,      3.9575
      6.7669,      119.00,      10.000,     0.56197,     0.60881,      4.7052,      4.8285,     0.80000,      2.1400,      7.8799,      2.0000,     0.44834,      1.8726,     0.38225,      4.1410,     0.41975,      4.4331,     0.43551,      4.5576,     0.43509,      4.4599,     0.41952,      4.3613,      4.1570,      3.8331,      3.9510
      6.8002,      147.00,      10.000,     0.56277,     0.60866,      4.7073,      4.8281,     0.80000,      2.1400,      8.0722,      2.0000,     0.45331,      1.7984,     0.38983,      4.1049,     0.42643,      4.3786,     0.44139,      4.4938,     0.44000,      4.3966,     0.42414,      4.3071,      9.3312,      3.8331,      3.9510
      6.8336,      127.00,      10.000,     0.55750,     0.60488,      4.6991,      4.8235,     0.90000,      2.1400,      8.2340,      2.0000,     0.43507,      1.7735,     0.36676,      4.0597,     0.40437,      4.3332,     0.42165,      4.4573,     0.42235,      4.3605,     0.40855,      4.2619,      4.7962,      3.8351,      3.9575
      6.8669,      117.00,      10.000,     0.56012,     0.60695,      4.6955,      4.8177,     0.70000,      2.1400,      8.4294,      2.0000,     0.43088,      1.7073,     0.36488,      4.0145,     0.40148,      4.2788,     0.41779,      4.4027,     0.41847,      4.3062,     0.40276,      4.1895,      5.3464,      3.8311,      3.9445
      6.9002,      113.00,      10.000,     0.55956,     0.60548,      4.7053,      4.8265,     0.90000,      2.1400,      8.5945,      2.0000,     0.43073,      1.6576,     0.36980,      3.9783,     0.40472,      4.2425,     0.41817,      4.3662,     0.41657,      4.2701,     0.40241,      4.1443,      3.1028,      3.8355,      3.9570
      6.9336,      127.00,      10.000,     0.56142,     0.60716,      4.7101,      4.8312,     0.90000,      2.1400,      8.7760,      2.0000,     0.43248,      1.6079,     0.37204,      3.9331,     0.40673,      4.1880,     0.41932,      4.3115,     0.41885,      4.2249,     0.40425,      4.1172,      7.2957,      3.8355,      3.9570
      6.9669,      120.00,      10.000,     0.56212,     0.60862,      4.7066,      4.8294,     0.80000,      2.1400,      8.9425,      2.0000,     0.42444,      1.5914,     0.36534,      3.8879,     0.39888,      4.1517,     0.41193,      4.2751,     0.41133,      4.1797,     0.39732,      4.0630,      7.1780,      3.8335,      3.9506
      7.0002,      116.00,      10.000,     0.55847,     0.60491,      4.6973,      4.8192,     0.80000,      2.1400,      9.1245,      2.0000,     0.42045,      1.5173,     0.35614,      3.8608,     0.39138,      4.1063,     0.40665,      4.2295,     0.40672,      4.1254,     0.39267,      4.0630,      5.2920,      3.8335,      3.9506
      7.0336,      112.00,      10.000,     0.55681,     0.60380,      4.6932,      4.8162,     0.80000,      2.1400,      9.2827,      2.0000,     0.40994,      1.4920,     0.35010,      3.8247,     0.38525,      4.0791,     0.39782,      4.1931,     0.39747,      4.1074,     0.38335,      3.9816,      3.3766,      3.8335,      3.9506
      7.0669,      118.00,      10.000,     0.55824,     0.60411,      4.7019,      4.8227,     0.90000,      2.1400,      9.4479,      2.0000,     0.40745,      1.4423,     0.34857,      3.7885,     0.38251,      4.0337,     0.39486,      4.1566,     0.39440,      4.0622,     0.38114,      3.9364,      7.2673,      3.8355,      3.9570
      7.1002,      121.00,      10.000,     0.56011,     0.60720,      4.7024,      4.8268,     0.80000,      2.1400,      9.6123,      2.0000,     0.42176,      1.4092,     0.36234,      3.7523,     0.39530,      3.9974,     0.40956,      4.1293,     0.41001,      4.0441,     0.39597,      3.9183,      5.9000,      3.8340,      3.9503
      7.1336,      117.00,      10.000,     0.56206,     0.61001,      4.7022,      4.8288,     0.70000,      2.1400,      9.7752,      2.0000,     0.42306,      1.3841,     0.36735,      3.7252,     0.40057,      3.9611,     0.41442,      4.0838,     0.41217,      3.9989,     0.39765,      3.8732,      4.7274,      3.8320,      3.9439
      7.1669,      129.00,      10.000,     0.55769,     0.60343,      4.7014,      4.8222,     0.90000,      2.1400,      9.9407,      2.0000,     0.39478,      1.3347,     0.33635,      3.6981,     0.37069,      3.9339,     0.38392,      4.0473,     0.38281,      3.9537,     0.36914,      3.8460,      5.7285,      3.8359,      3.9566
      7.2002,      116.00,      10.000,     0.56333,     0.60906,      4.7055,      4.8262,     0.70000,      2.1400,      10.086,      2.0000,     0.40854,      1.3099,     0.35358,      3.6439,     0.38532,      3.8885,     0.39769,      4.0017,     0.39652,      3.9085,     0.38253,      3.8099,      4.1573,      3.8320,      3.9439
      7.2336,      117.00,      10.000,     0.55369,     0.59976,      4.6964,      4.8178,      1.0000,      2.1400,      10.247,      2.0000,     0.39158,      1.2768,     0.32477,      3.6258,     0.35991,      3.8613,     0.37551,      3.9744,     0.37840,      3.8904,     0.36771,      3.7737,      3.1297,      3.8379,      3.9630
      7.2669,      134.00,      10.000,     0.56366,     0.60984,      4.7116,      4.8341,     0.80000,      2.1400,      10.396,      2.0000,     0.39138,      1.2188,     0.33905,      3.5806,     0.36941,      3.8341,     0.38138,      3.9380,     0.38032,      3.8542,     0.36672,      3.7556,      2.9064,      3.8340,      3.9503
      7.3002,      98.000,      10.000,     0.55805,     0.60433,      4.6982,      4.8203,     0.80000,      2.1400,      10.561,      2.0000,     0.38369,      1.2022,     0.32574,      3.5625,     0.35818,      3.8068,     0.37207,      3.9015,     0.37275,      3.8271,     0.36021,      3.7285,      5.8254,      3.8344,      3.9499
      7.3336,      102.00,      10.000,     0.55710,     0.60344,      4.6849,      4.8052,     0.60000,      2.1400,      10.449,      2.0000,     0.38884,      1.2685,     0.33540,      3.6619,     0.36712,      3.8885,     0.37969,      3.9653,     0.37803,      3.8994,     0.36376,      3.8008,      3.1931,      3.8300,      3.9375
      7.3669,      100.00,      10.000,     0.54430,     0.59162,      4.6498,      4.7679,     0.50000,      2.1400,      9.9996,      2.0000,     0.37550,      1.3261,     0.31158,      3.8427,     0.34859,      4.1517,     0.36599,      4.2295,     0.36677,      4.0893,     0.35205,      4.0268,      2.9313,      3.8280,      3.9311
      7.4002,      113.00,      10.000,     0.50375,     0.55551,      4.5629,      4.6701,     0.40000,      2.1400,      9.2520,      2.0000,     0.32708,      1.7073,     0.24224,      4.0326,     0.29446,      4.2425,     0.32095,      4.2113,     0.32477,      4.0441,     0.31012,      3.9997,      5.3563,      3.8255,      3.9249
      7.4336,      119.00,      10.000,     0.49106,     0.54741,      4.5247,      4.6353,     0.10000,      2.1400,      8.2427,      2.0000,     0.32845,      2.1047,     0.23161,      4.4846,     0.29423,      4.5964,     0.32713,      4.6851,     0.32862,      4.4870,     0.31252,      4.3161,      164.32,      3.8191,      3.9055
      7.4669,      116.00,      10.000,     0.47137,     0.54195,      4.4908,      4.6209,     0.10000,      2.1400,      5.8533,      2.0000,     0.19650,      2.3528,     0.10503,      3.2732,     0.14840,      4.6781,     0.18308,      5.2956,     0.19763,      5.1650,     0.18448,      5.0754,      389.41,      3.8181,      3.9054
      7.5002,      113.00,      10.000,     0.76420,     0.77427,      5.2852,      5.3126,      1.6000,      2.1400,    -0.16297,      2.0000,    0.010968,      12.123,   0.0090397,     0.64265,    0.010213,     0.82093,    0.010744,     0.94017,    0.010821,     0.97958,    0.010499,     0.94425,      218.66,      3.8460,      3.9993
      7.5336,      105.00,      10.000,     0.76538,     0.78222,      5.2040,      5.2322,      3.9000,      1.4100,    -0.14717,      2.0000,    0.015337,      24.269,    0.014650,    0.018900,    0.014718,    0.022276,    0.014758,    0.019880,    0.015439,    0.012327,    0.016770,    0.031229,      58.633,      3.9181,      4.0770
      7.5669,      107.00,      10.000,     0.77307,     0.78552,      5.2158,      5.2496,      0.0000,      2.1400,    -0.13399,      2.0000,    0.013086,      24.236,    0.011364,   0.0098608,    0.012409,  -0.0049504,    0.012995,   0.0016567,    0.012911,   0.0032872,    0.012362,    0.022189,      1353.2,      3.8133,      3.8981
      7.6002,      105.00,      10.000,     0.76942,     0.78516,      5.2058,      5.2487,      0.0000,      2.1400,    -0.12374,      2.0000,    0.016341,      24.228,    0.014490,  0.00082137,    0.015607,  -0.0049504,    0.016176,   0.0016567,    0.016088,   0.0032872,    0.015385,   0.0041095,      1145.1,      3.8133,      3.8981
      7.6336,      109.00,      10.000,     0.76672,     0.78491,      5.1985,      5.2480,      0.0000,      2.1400,    -0.11599,      2.0000,    0.018825,      24.228,    0.016788,  0.00077832,    0.018255,  -0.0049504,    0.018801,  -0.0074557,    0.018499,   0.0032442,    0.017742,   -0.023010,      1304.3,      3.8133,      3.8981
      7.6669,      118.00,      10.000,     0.76814,     0.78504,      5.2023,      5.2483,      0.0000,      2.1400,    -0.10971,      2.0000,    0.017590,      24.235,    0.015596,  -0.0082190,    0.016795,  -0.0049504,    0.017301,  -0.0074557,    0.017287,  -0.0057531,    0.016495,   -0.023010,      1394.0,      3.8133,      3.8981
      7.7002,      118.00,      10.000,     0.76483,     0.77815,      5.2489,      5.2852,     0.90000,      2.1400,    -0.10358,      2.0000,    0.013719,      24.228,    0.012407,  0.00082137,    0.013276,  -0.0049504,    0.013670,  -0.0074557,    0.013424,  -0.0057531,    0.012877,   0.0041095,      1386.3,      3.8315,      3.9607
      7.7336,      114.00,      10.000,     0.76428,     0.77633,      5.2641,      5.2970,      1.2000,      2.1400,   -0.098514,      2.0000,    0.012157,      24.219,    0.011105,  0.00082137,    0.011922,  -0.0049504,    0.012186,  -0.0074557,    0.011952,  -0.0057531,    0.011499,   -0.013970,      443.16,      3.8377,      3.9782
      7.7669,      122.00,      10.000,     0.75881,     0.77901,      5.2908,      5.3458,      2.0000,      2.1400,   -0.096516,      2.0000,    0.021306,      24.228,    0.018250,  -0.0082190,    0.019936,  -0.0049504,    0.020782,   -0.016567,    0.020881,  -0.0057531,    0.020538,   0.0041095,      557.27,      3.8544,      4.0203
      7.8002,      133.00,      10.000,     0.77167,     0.78538,      5.2120,      5.2493,      0.0000,      2.1400,   -0.094014,      2.0000,    0.013635,      24.219,    0.012484,   0.0098608,    0.013231,  -0.0049504,    0.013577,   0.0016567,    0.013429,   0.0032872,    0.012885,  -0.0049300,      302.91,      3.8133,      3.8981
      7.8336,      124.00,      10.000,     0.77033,     0.78525,      5.2083,      5.2489,      0.0000,      2.1400,   -0.090590,      2.0000,    0.016327,      24.228,    0.013630,  0.00082137,    0.015030,   0.0041249,    0.015964,   0.0016567,    0.016111,   0.0032872,    0.015332,    0.013149,      654.74,      3.8133,      3.8981
      7.8669,      108.00,      10.000,     0.76710,     0.78494,      5.1995,      5.2481,      0.0000,      2.1400,   -0.089305,      2.0000,    0.018021,      24.228,    0.016266,  0.00082137,    0.017389,  -0.0049504,    0.017875,   -0.016567,    0.017770,  -0.0057531,    0.016982,  -0.0049300,      1427.0,      3.8133,      3.8981
      7.9002,      110.00,      10.000,     0.76984,     0.78520,      5.2070,      5.2488,      0.0000,      2.1400,   -0.083537,      2.0000,    0.015840,      24.219,    0.013938,  -0.0082190,    0.015039,  -0.0049504,    0.015691,  -0.0074557,    0.015609,   -0.014793,    0.014929,  -0.0049300,      796.08,      3.8133,      3.8981
      7.9336,      100.00,      10.000,     0.76981,     0.78520,      5.2069,      5.2488,      0.0000,      2.1400,   -0.082281,      2.0000,    0.016311,      24.219,    0.014083,  0.00082137,    0.015461,  -0.0049504,    0.016233,  -0.0074557,    0.016115,  -0.0057531,    0.015424,   -0.023010,      1047.3,      3.8133,      3.8981
      7.9669,      108.00,      10.000,     0.77427,     0.78564,      5.2190,      5.2500,      0.0000,      2.1400,   -0.077700,      2.0000,    0.011981,      24.219,    0.010577,  0.00082137,    0.011404,  -0.0049504,    0.011818,  -0.0074557,    0.011806,   0.0032872,    0.011304,   -0.023010,      435.87,      3.8133,      3.8981
      8.0002,      120.00,      10.000,     0.76822,     0.78505,      5.2026,      5.2484,      0.0000,      2.1400,   -0.074519,      2.0000,    0.017832,      24.219,    0.016107,  0.00082137,    0.017384,  -0.0049504,    0.017814,   -0.016567,    0.017612,  -0.0057531,    0.016889,   -0.023010,      870.71,      3.8133,      3.8981
      8.0336,      119.00,      10.000,     0.76441,     0.78469,      5.1922,      5.2474,      0.0000,      2.1400,   -0.073013,      2.0000,    0.020920,      24.228,    0.018607,  -0.0082190,    0.020107,  -0.0049504,    0.020840,   -0.016567,    0.020674,   0.0032872,    0.019758,  -0.0049300,      2722.9,      3.8133,      3.8981
      8.0669,      120.00,      10.000,     0.76982,     0.78520,      5.2069,      5.2488,      0.0000,      2.1400,   -0.071827,      2.0000,    0.015782,      24.228,    0.014034,   0.0098608,    0.015086,   0.0041249,    0.015693,  -0.0074557,    0.015592,   0.0032872,    0.014918,   -0.013970,      1294.6,      3.8133,      3.8981
      8.1002,      115.00,      10.000,     0.76976,     0.78520,      5.2068,      5.2488,      0.0000,      2.1400,   -0.068209,      2.0000,    0.016302,      24.219,    0.014390,  0.00082137,    0.015615,   0.0041249,    0.016189,   0.0016567,    0.016049,  -0.0057531,    0.015364,    0.013149,      810.16,      3.8133,      3.8981
      8.1336,      107.00,      10.000,     0.77059,     0.78528,      5.2090,      5.2490,      0.0000,      2.1400,   -0.062373,      2.0000,    0.015627,      24.219,    0.013670,  0.00082137,    0.014666,   -0.014027,    0.015286,   -0.016567,    0.015361,  -0.0057531,    0.014648,   0.0041095,      510.62,      3.8133,      3.8981
      8.1669,      107.00,      10.000,     0.77171,     0.78539,      5.2121,      5.2493,      0.0000,      2.1400,   -0.060373,      2.0000,    0.014007,      24.219,    0.012976,  0.00082137,    0.013926,   0.0041249,    0.014127,   0.0016567,    0.013782,   0.0032872,    0.013286,   0.0041095,      738.20,      3.8133,      3.8981
      8.2002,      106.00,      10.000,     0.77332,     0.78554,      5.2164,      5.2497,      0.0000,      2.1400,   -0.057739,      2.0000,    0.013905,      24.228,    0.011572,  -0.0082190,    0.012880,  -0.0049504,    0.013597,   -0.016567,    0.013748,  -0.0057531,    0.013086,   -0.023010,      1701.4,      3.8133,      3.8981
      8.2336,      153.00,      10.000,     0.77474,     0.78568,      5.2203,      5.2501,      0.0000,      2.1400,   -0.054994,      2.0000,    0.011849,      24.219,    0.010224,  -0.0082190,    0.011251,  -0.0049504,    0.011759,   -0.016567,    0.011704,  -0.0057531,    0.011226,   0.0041095,      1481.0,      3.8133,      3.8981
      8.2669,      111.00,      10.000,     0.76804,     0.78503,      5.2021,      5.2483,      0.0000,      2.1400,   -0.051894,      2.0000,    0.018019,      24.228,    0.015628,  0.00082137,    0.016931,   -0.014027,    0.017816,   -0.016567,    0.017774,  -0.0057531,    0.016987,   -0.023010,      1719.3,      3.8133,      3.8981
      8.3002,      116.00,      10.000,     0.76876,     0.78510,      5.2041,      5.2485,      0.0000,      2.1400,   -0.049192,      2.0000,    0.017729,      24.219,    0.015199,   0.0097747,    0.016791,  -0.0049504,    0.017623,  -0.0074557,    0.017501,   0.0032011,    0.016738,   -0.013970,      1336.8,      3.8133,      3.8981
      8.3336,      111.00,      10.000,     0.77078,     0.78530,      5.2095,      5.2490,      0.0000,      2.1400,   -0.041933,      2.0000,    0.015999,      24.228,    0.013408,  0.00082137,    0.014981,  -0.0049504,    0.015805,  -0.0074557,    0.015807,  -0.0057531,    0.015096,   -0.023010,      1418.0,      3.8133,      3.8981
      8.3669,      109.00,      10.000,     0.76537,     0.78478,      5.1948,      5.2476,      0.0000,      2.1400,   -0.038159,      2.0000,    0.019816,      24.218,    0.017448,  -0.0082190,    0.018999,  -0.0049504,    0.019774,   -0.016567,    0.019656,  -0.0057531,    0.018770,   0.0041095,      754.19,      3.8133,      3.8981
      8.4002,      125.00,      10.000,     0.76902,     0.78513,      5.2047,      5.2486,      0.0000,      2.1400,   -0.033821,      2.0000,    0.017440,      24.228,    0.014903,  -0.0082190,    0.016442,   0.0041249,    0.017243,  -0.0074557,    0.017214,  -0.0057531,    0.016433,   -0.013970,      256.63,      3.8133,      3.8981
      8.4336,      111.00,      10.000,     0.77037,     0.78526,      5.2084,      5.2489,      0.0000,      2.1400,   -0.031108,      2.0000,    0.014870,      24.220,    0.014050,   0.0098608,    0.014765,   0.0041249,    0.014881,   0.0016567,    0.014588,  -0.0057531,    0.014052,    0.013149,      677.11,      3.8133,      3.8981
      8.4669,      105.00,      10.000,     0.77155,     0.78537,      5.2116,      5.2492,      0.0000,      2.1400,   -0.027607,      2.0000,    0.015864,      24.228,    0.012972,  -0.0082190,    0.014615,   -0.014027,    0.015546,   -0.016567,    0.015683,   -0.023832,    0.014939,  -0.0049300,      999.89,      3.8133,      3.8981
      8.5002,      101.00,      10.000,     0.76870,     0.78509,      5.2039,      5.2485,      0.0000,      2.1400,   -0.023950,      2.0000,    0.016148,      24.219,    0.014948,  0.00082137,    0.015826,  -0.0049504,    0.016189,   -0.016567,    0.015938,  -0.0057531,    0.015287,  -0.0049300,      997.58,      3.8133,      3.8981
      8.5336,      96.000,      10.000,     0.76722,     0.78495,      5.1999,      5.2481,      0.0000,      2.1400,   -0.018145,      2.0000,    0.018457,      24.228,    0.016705,  0.00082137,    0.017770,  -0.0049504,    0.018264,  -0.0074557,    0.018083,   -0.014793,    0.017315,   0.0041095,      1383.4,      3.8133,      3.8981
      8.5669,      105.00,      10.000,     0.77190,     0.78541,      5.2126,      5.2493,      0.0000,      2.1400,   -0.015947,      2.0000,    0.014925,      24.228,    0.012563,  0.00082137,    0.013839,  -0.0049504,    0.014618,   -0.016567,    0.014715,  -0.0057531,    0.014025,  -0.0049300,      1314.8,      3.8133,      3.8981
      8.6002,      108.00,      10.000,     0.76903,     0.78513,      5.2048,      5.2486,      0.0000,      2.1400,   -0.013713,      2.0000,    0.016472,      24.219,    0.014630,  0.00082137,    0.015842,  -0.0049504,    0.016364,  -0.0074557,    0.016275,  -0.0057531,    0.015542,    0.013149,      1128.6,      3.8133,      3.8981
      8.6336,      111.00,      10.000,     0.76307,     0.78456,      5.1885,      5.2470,      0.0000,      2.1400,   -0.013579,      2.0000,    0.022861,      24.219,    0.020107,  0.00082137,    0.021817,  -0.0049504,    0.022607,  -0.0074557,    0.022483,  -0.0057531,    0.021450,   0.0041095,      868.08,      3.8133,      3.8981
      8.6669,      103.00,      10.000,     0.76850,     0.78508,      5.2033,      5.2484,      0.0000,      2.1400,   -0.011172,      2.0000,    0.018143,      24.219,    0.015466,  0.00082137,    0.017010,  -0.0049504,    0.017903,  -0.0074557,    0.017886,  -0.0057531,    0.017068,   0.0041095,      173.21,      3.8133,      3.8981
      8.7002,      119.00,      10.000,     0.77000,     0.78522,      5.2074,      5.2488,      0.0000,      2.1400,  -0.0091391,      2.0000,    0.016282,      24.228,    0.014253,  0.00082137,    0.015453,  -0.0049504,    0.016060,   -0.016567,    0.016034,  -0.0057531,    0.015319,   0.0041095,      947.51,      3.8133,      3.8981
      8.7336,      109.00,      10.000,     0.76978,     0.78520,      5.2068,      5.2488,      0.0000,      2.1400,  -0.0086316,      2.0000,    0.016057,      24.219,    0.014105,  0.00082137,    0.015297,  -0.0049504,    0.015888,   -0.016567,    0.015803,   -0.014793,    0.015120,   -0.013970,      808.73,      3.8133,      3.8981
      8.7669,      118.00,      10.000,     0.76902,     0.78512,      5.2047,      5.2486,      0.0000,      2.1400,  -0.0066234,      2.0000,    0.015999,      24.219,    0.014723,   0.0098608,    0.015587,  -0.0049504,    0.015979,    0.010768,    0.015752,  -0.0057531,    0.015113,   0.0041095,      246.80,      3.8133,      3.8981
      8.8002,      115.00,      10.000,     0.77296,     0.78551,      5.2155,      5.2496,      0.0000,      2.1400,  -0.0030038,      2.0000,    0.013121,      24.228,    0.011699,  0.00073527,    0.012585,  -0.0049504,    0.013019,  -0.0075425,    0.012919,  -0.0057531,    0.012391,  -0.0048439,      1090.7,      3.8133,      3.8981
