# [Parameters]
# Name = tsmap_nel
# ShotNo = 176729
# Date = '01/29/2024 23:11'
# 
# DimNo = 1
# DimName = 'Time'
# DimSize = 174
# DimUnit = 's'
# 
# ValNo = 25
# ValName = 'laser', 'laser number', 'a99', 'a999', 'R99', 'R999', 'p0', 'pf', 'ip', 'ipf', 'nl_thomson_mid', 'nl_mmw_mid', 'nl_thomson_3579', 'nl_fir_3579', 'nl_thomson_3669', 'nl_fir_3669', 'nl_thomson_3759', 'nl_fir_3759', 'nl_thomson_3849', 'nl_fir_3849', 'nl_thomson_3939', 'nl_fir_3939', 'chi', 'geom_center', 'Rax_vmec'
# ValUnit = 'arb', 'arb', 'm', 'm', 'm', 'm', '%', 'arb', 'kA/T', 'arb', 'arb', 'e19m-2', 'arb', 'e19m-2', 'arb', 'e19m-2', 'arb', 'e19m-2', 'arb', 'e19m-2', 'arb', 'e19m-2', 'arb', 'm', 'm'
# 
# [Comments]
# Bt = -2.53840
# Rax = 3.90000
# Bq = 100.000
# Gamma = 1.25380
# phiedge = -2.8685000
# avac = 0.55800000
# ExpDate = 2.02201e+07
# Cycle = 23.0000
# t1 = 2.99900
# t2 = 8.75400
# density (ne) is only for very rough information
# Do not use data for ne_bar < 5*1-^12cm-3
# High Voltage is set at 0.90 times
# Te limit = 22keV
# Laser#1, #3, #5, 
# 
# [data]
  0.00028200,      60.000,      10.000,     0.76300,     0.78486,      5.1848,      5.2436,      0.0000,      2.1400,     -0.0000,      2.0000,    0.019154,   0.0092331,    0.019443, -0.00082224,    0.019636,   0.0082507,    0.019425, -0.00082880,    0.018909,  -0.0032872,    0.018198,   0.0041086,      9999.0,      3.8133,      3.8981
      3.0003,      54.000,      10.000,     0.73431,     0.77018,      5.2142,      5.3104,      1.9000,      2.1400,   -0.011555,      2.0000,    0.028422,    0.025792,    0.031614,   0.0082181,    0.030693,    0.017326,    0.028951,   0.0082827,    0.027458,   0.0057522,    0.026749,   -0.013971,      1053.9,      3.8523,      4.0150
      3.0337,      56.000,      10.000,     0.54199,     0.59023,      4.6205,      4.7355,     0.20000,      2.1400,     0.10192,      2.0000,    0.060299,     0.37353,    0.053463,     0.35173,    0.058094,     0.34405,    0.059970,     0.36364,    0.059129,     0.33119,    0.056455,     0.32954,      10.559,      3.8173,      3.9120
      3.0669,      57.000,      10.000,     0.54125,     0.59629,      4.6189,      4.7506,     0.20000,      2.1400,     0.16933,      2.0000,    0.069605,     0.46460,    0.060088,     0.42405,    0.065344,     0.44388,    0.068017,     0.46387,    0.068406,     0.39446,    0.065105,     0.43802,      79.048,      3.8173,      3.9120
      3.1003,      57.000,      10.000,     0.55103,     0.60432,      4.6410,      4.7711,     0.20000,      2.1400,     0.18975,      2.0000,    0.081639,     0.53083,    0.072121,     0.46925,    0.078977,     0.49834,    0.081497,     0.52766,    0.080109,     0.43966,    0.076452,     0.46514,      32.273,      3.8173,      3.9120
      3.1336,      56.000,      10.000,     0.54450,     0.59723,      4.6461,      4.7752,     0.60000,      2.1400,     0.18232,      2.0000,    0.083395,     0.57223,    0.072183,     0.48733,    0.079571,     0.51649,    0.082583,     0.54588,    0.081873,     0.44870,    0.078118,     0.51034,      20.486,      3.8254,      3.9399
      3.1669,      54.000,      10.000,     0.54300,     0.59568,      4.6428,      4.7712,     0.60000,      2.1400,     0.16084,      2.0000,    0.086608,     0.61343,    0.074818,     0.54157,    0.082040,     0.57094,    0.085217,     0.60055,    0.084741,     0.51198,    0.080922,     0.56458,      23.528,      3.8254,      3.9399
      3.2003,      59.000,      10.000,     0.54777,     0.59902,      4.6486,      4.7742,     0.50000,      2.1400,    0.093977,      2.0000,    0.091639,     0.74610,    0.083478,     0.67716,    0.089951,     0.71615,    0.091744,     0.73723,    0.089875,     0.63854,    0.085776,     0.68209,      21.012,      3.8234,      3.9329
      3.2336,      56.000,      10.000,     0.54738,     0.59763,      4.6477,      4.7707,     0.50000,      2.1400,    0.023357,      2.0000,     0.11425,     0.93653,     0.10078,     0.83988,     0.10951,     0.88859,     0.11287,     0.91035,     0.11174,     0.78317,     0.10662,     0.86289,      8.6344,      3.8234,      3.9329
      3.2669,      55.000,      10.000,     0.55546,     0.60351,      4.6611,      4.7803,     0.40000,      2.1400,   -0.026158,      2.0000,     0.13100,      1.0197,     0.11514,     0.93028,     0.12558,     0.97935,     0.12966,      1.0197,     0.12807,     0.87357,     0.12217,     0.96233,      9.3716,      3.8214,      3.9259
      3.3003,      59.000,      10.000,     0.55025,     0.59716,      4.6493,      4.7639,     0.40000,      2.1400,   -0.048296,      2.0000,     0.13143,      1.0856,     0.11323,     0.98452,     0.12390,      1.0338,     0.12861,      1.0835,     0.12820,     0.92781,     0.12233,      1.0075,      11.540,      3.8214,      3.9259
      3.3336,      58.000,      10.000,     0.56256,     0.60378,      4.6625,      4.7642,     0.10000,      2.1400,   -0.091188,      2.0000,     0.20579,      2.0874,     0.19469,      2.0331,     0.20155,      2.0866,     0.20331,      2.1587,     0.19927,      1.9493,     0.19031,      1.9748,      6.2082,      3.8153,      3.9051
      3.3669,      56.000,      10.000,     0.53369,     0.57856,      4.6128,      4.7176,     0.40000,      2.1400,    -0.17941,      2.0000,     0.34790,      3.8178,     0.33336,      4.1213,     0.35224,      4.1377,     0.35046,      3.9810,     0.33752,      4.0827,     0.32184,      3.6019,      2.5842,      3.8214,      3.9259
      3.4003,      54.000,      10.000,     0.54086,     0.58516,      4.6332,      4.7388,     0.50000,      2.1400,   -0.084378,      2.0000,     0.53071,      4.1407,     0.46755,      4.2840,     0.51157,      4.4463,     0.52596,      4.4549,     0.51699,      4.0556,     0.49292,      4.1986,      1.5398,      3.8234,      3.9329
      3.4336,      56.000,      10.000,     0.56032,     0.60589,      4.6831,      4.7983,     0.60000,      2.1400,     0.13545,      2.0000,     0.53093,      3.8509,     0.43052,      3.6874,     0.48792,      4.0469,     0.51596,      4.1724,     0.51965,      3.4047,     0.49716,      3.9455,      1.3562,      3.8254,      3.9399
      3.4669,      60.000,      10.000,     0.55501,     0.60438,      4.6806,      4.8059,     0.80000,      2.1400,     0.49823,      2.0000,     0.48675,      3.4700,     0.36929,      3.1541,     0.43312,      3.5750,     0.46977,      3.7532,     0.47926,      2.8623,     0.46041,      3.6110,      2.1459,      3.8295,      3.9538
      3.5003,      54.000,      10.000,     0.56501,     0.61102,      4.7061,      4.8250,     0.80000,      2.1400,     0.65204,      2.0000,     0.51003,      3.6853,     0.41444,      3.4705,     0.46262,      3.7928,     0.48835,      3.9264,     0.49602,      3.1968,     0.47898,      3.8460,      1.5834,      3.8299,      3.9534
      3.5336,      56.000,      10.000,     0.57230,     0.61642,      4.7242,      4.8395,     0.80000,      2.1400,     0.69937,      2.0000,     0.56523,      4.0748,     0.49815,      4.0761,     0.53426,      4.2829,     0.54896,      4.3273,     0.54759,      3.8296,     0.52642,      4.2347,      1.7927,      3.8299,      3.9534
      3.5669,      58.000,      10.000,     0.57317,     0.61738,      4.7263,      4.8420,     0.80000,      2.1400,     0.69754,      2.0000,     0.59978,      4.5133,     0.53993,      4.5824,     0.57634,      4.7639,     0.58670,      4.7738,     0.57980,      4.3268,     0.55584,      4.6325,      2.8892,      3.8299,      3.9534
      3.6003,      55.000,      10.000,     0.57421,     0.61758,      4.7289,      4.8425,     0.80000,      2.1400,     0.68808,      2.0000,     0.64241,      4.9852,     0.58311,      5.0434,     0.61969,      5.2268,     0.62943,      5.2202,     0.62016,      4.7697,     0.59410,      5.0031,      1.7157,      3.8299,      3.9534
      3.6336,      57.000,      10.000,     0.57371,     0.61788,      4.7225,      4.8375,     0.70000,      2.1400,     0.67951,      2.0000,     0.71038,      5.4323,     0.63815,      5.4502,     0.68125,      5.6896,     0.69593,      5.6667,     0.68682,      5.1494,     0.65760,      5.4732,      2.4703,      3.8279,      3.9465
      3.6669,      56.000,      10.000,     0.57395,     0.61825,      4.7283,      4.8443,     0.80000,      2.1400,     0.68140,      2.0000,     0.77131,      5.9042,     0.69790,      5.8570,     0.74309,      6.1434,     0.75707,      6.1223,     0.74711,      5.5381,     0.71513,      5.8709,      2.1017,      3.8299,      3.9534
      3.7003,      55.000,      10.000,     0.57309,     0.61696,      4.7262,      4.8409,     0.80000,      2.1400,     0.68450,      2.0000,     0.81015,      6.3430,     0.72311,      6.2276,     0.77231,      6.5518,     0.78951,      6.5415,     0.78204,      5.8545,     0.75059,      6.2506,      2.3804,      3.8299,      3.9534
      3.7336,      58.000,      10.000,     0.56980,     0.61537,      4.7182,      4.8367,     0.80000,      2.1400,     0.66996,      2.0000,     0.84573,      6.7733,     0.74448,      6.5711,     0.80360,      6.9421,     0.82735,      6.9606,     0.81965,      6.1799,     0.78566,      6.6122,      1.0633,      3.8299,      3.9534
      3.7669,      56.000,      10.000,     0.57089,     0.61582,      4.7208,      4.8379,     0.80000,      2.1400,     0.70681,      2.0000,     0.89527,      8.5039,     0.78025,      6.9056,     0.84080,      7.3142,     0.86703,      7.3706,     0.86576,      6.4873,     0.83192,      6.9738,      1.5483,      3.8299,      3.9534
      3.8003,      52.000,      10.000,     0.56632,     0.61177,      4.7095,      4.8270,     0.80000,      2.1400,     0.67792,      2.0000,     0.89990,      9.0342,     0.77574,      7.1677,     0.84227,      7.6590,     0.87023,      7.7807,     0.87083,      6.7585,     0.83769,      7.2811,      1.4442,      3.8299,      3.9534
      3.8336,      56.000,      10.000,     0.56404,     0.60933,      4.6983,      4.8145,     0.70000,      2.1400,     0.64449,      2.0000,     0.95595,      9.7376,     0.82490,      7.5112,     0.89756,      8.1219,     0.92983,      8.3274,     0.92836,      7.1110,     0.89087,      7.7151,      2.5541,      3.8279,      3.9465
      3.8669,      60.000,      10.000,     0.55565,     0.60068,      4.6778,      4.7918,     0.70000,      2.1400,     0.53092,      2.0000,     0.95747,      10.235,     0.81177,      8.0265,     0.89160,      8.8933,     0.92703,      9.1474,     0.92835,      7.6082,     0.89055,      8.4021,      1.9652,      3.8279,      3.9465
      3.9003,      57.000,      10.000,     0.52550,     0.57230,      4.6165,      4.7242,     0.80000,      2.1400,     0.61848,      2.0000,     0.92520,      10.723,     0.76003,      9.1294,     0.85929,      9.5286,     0.90142,      9.5210,     0.90282,      8.7472,     0.86602,      9.2157,      2.7393,      3.8299,      3.9534
      3.9336,      55.000,      10.000,     0.53206,     0.58002,      4.6242,      4.7368,     0.70000,      2.1400,     0.48999,      2.0000,      1.1215,      3.0478,     0.94826,      10.838,      1.0665,      11.171,      1.1084,      10.952,      1.0971,      10.492,      1.0464,      10.147,      2.6485,      3.8274,      3.9468
      3.9669,      54.000,      10.000,     0.52907,     0.57527,      4.6229,      4.7305,     0.80000,      2.1400,     0.31555,      2.0000,      1.2899,      11.071,      1.0751,      11.353,      1.2196,      11.970,      1.2705,      11.735,      1.2625,      10.854,      1.2060,      10.644,      5.7183,      3.8295,      3.9538
      4.0003,      58.000,      10.000,     0.52741,     0.57407,      4.6196,      4.7276,     0.80000,      2.1400,     0.26421,      2.0000,      1.4182,      13.141,      1.1217,      10.576,      1.2940,      11.362,      1.3766,      11.589,      1.3901,      10.076,      1.3343,      10.789,      1.9598,      3.8295,      3.9538
      4.0336,      59.000,      10.000,     0.53133,     0.57688,      4.6322,      4.7397,     0.90000,      2.1400,     0.15621,      2.0000,      1.4521,      20.352,      1.1157,      9.9158,      1.3030,      11.081,      1.3965,      11.416,      1.4207,      9.0817,      1.3708,      10.951,      1.6937,      3.8315,      3.9607
      4.0669,      60.000,      10.000,     0.53099,     0.57568,      4.6315,      4.7367,     0.90000,      2.1400,    0.087856,      2.0000,      1.4194,      18.936,      1.0817,      9.8887,      1.2680,      11.280,      1.3631,      11.735,      1.3883,      9.2354,      1.3408,      11.376,      1.3601,      3.8315,      3.9607
      4.1003,      59.000,      10.000,     0.53051,     0.57737,      4.6305,      4.7410,     0.90000,      2.1400,     0.13692,      2.0000,      1.4648,      22.952,      1.1273,      10.440,      1.3095,      11.743,      1.4092,      12.191,      1.4346,      9.8320,      1.3821,      11.819,      1.0527,      3.8315,      3.9607
      4.1336,      57.000,      10.000,     0.52892,     0.57562,      4.6273,      4.7366,     0.90000,      2.1400,     0.10092,      2.0000,      1.5227,      16.063,      1.1871,      11.371,      1.3766,      12.533,      1.4705,      12.965,      1.4884,      10.745,      1.4348,      12.182,      1.7728,      3.8315,      3.9607
      4.1669,      60.000,      10.000,     0.52474,     0.57460,      4.6189,      4.7341,     0.90000,      2.1400,    0.011672,      2.0000,      1.5016,     0.24933,      1.1457,      12.772,      1.3509,      13.613,      1.4567,      13.776,      1.4789,      12.029,      1.4203,      12.777,      1.8817,      3.8315,      3.9607
      4.2003,      56.000,      10.000,     0.51887,     0.56694,      4.6075,      4.7155,     0.90000,      2.1400,   -0.059966,      2.0000,      1.5944,      5.6889,      1.2402,      12.908,      1.4665,      13.930,      1.5693,      14.150,      1.5726,      12.065,      1.5041,      13.021,      1.4342,      3.8315,      3.9607
      4.2336,      58.000,      10.000,     0.52279,     0.57260,      4.6197,      4.7345,      1.0000,      2.1400,    -0.12242,      2.0000,      1.5843,      10.483,      1.1544,      12.501,      1.4051,      13.803,      1.5396,      13.804,      1.5720,      11.504,      1.5076,      12.850,      4.8738,      3.8335,      3.9677
      4.2669,      54.000,      10.000,     0.52769,     0.57588,      4.6248,      4.7372,     0.90000,      2.1400,    -0.15483,      2.0000,      1.6635,      9.5471,      1.2290,      11.661,      1.4777,      13.168,      1.6123,      13.512,      1.6424,      10.863,      1.5790,      12.687,      1.4138,      3.8315,      3.9607
      4.3003,      59.000,      10.000,     0.53094,     0.57778,      4.6360,      4.7476,      1.0000,      2.1400,    -0.18248,      2.0000,      1.6656,      13.869,      1.2110,      11.163,      1.4517,      12.696,      1.5877,      13.348,      1.6367,      10.085,      1.5845,      12.859,      2.0344,      3.8335,      3.9677
      4.3336,      59.000,      10.000,     0.52770,     0.57503,      4.6346,      4.7454,      1.1000,      2.1400,    -0.18674,      2.0000,      1.6556,      18.920,      1.1716,      11.453,      1.4248,      12.941,      1.5735,      13.548,      1.6300,      10.320,      1.5828,      12.994,      2.8058,      3.8356,      3.9730
      4.3669,      56.000,      10.000,     0.52752,     0.57380,      4.6291,      4.7374,      1.0000,      2.1400,    -0.22234,      2.0000,      1.6359,      25.427,      1.1886,      11.362,      1.4223,      12.805,      1.5549,      13.521,      1.6048,      10.356,      1.5571,      13.094,      1.4061,      3.8335,      3.9677
      4.4003,      55.000,      10.000,     0.53401,     0.58200,      4.6424,      4.7584,      1.0000,      2.1400,    -0.23865,      2.0000,      1.6809,      5.6475,      1.2464,      11.561,      1.4660,      13.041,      1.5980,      13.767,      1.6434,      10.600,      1.5966,      13.139,      1.3289,      3.8335,      3.9677
      4.4336,      58.000,      10.000,     0.52879,     0.57550,      4.6317,      4.7417,      1.0000,      2.1400,    -0.23971,      2.0000,      1.7216,      14.002,      1.2879,      11.950,      1.5133,      13.322,      1.6418,      13.749,      1.6835,      11.007,      1.6335,      13.166,      1.6234,      3.8335,      3.9677
      4.4669,      58.000,      10.000,     0.52847,     0.57555,      4.6264,      4.7364,     0.90000,      2.1400,    -0.26527,      2.0000,      1.7173,      22.934,      1.3106,      12.013,      1.5349,      13.250,      1.6537,      13.804,      1.6856,      10.962,      1.6231,      13.148,      1.9530,      3.8315,      3.9607
      4.5003,      55.000,      10.000,     0.52679,     0.57349,      4.6276,      4.7367,      1.0000,      2.1400,    -0.25258,      2.0000,      1.6110,      13.820,      1.1943,      11.932,      1.4167,      13.304,      1.5415,      13.876,      1.5788,      10.980,      1.5296,      13.139,      1.7022,      3.8335,      3.9677
      4.5336,      59.000,      10.000,     0.53348,     0.57967,      4.6366,      4.7469,     0.90000,      2.1400,    -0.29325,      2.0000,      1.6874,      4.1892,      1.2515,      11.389,      1.4730,      13.014,      1.6054,      13.594,      1.6517,      10.655,      1.5985,      13.058,     0.99172,      3.8315,      3.9607
      4.5669,      55.000,      10.000,     0.52705,     0.57369,      4.6235,      4.7319,     0.90000,      2.1400,    -0.30587,      2.0000,      1.6426,      14.457,      1.2096,      11.733,      1.4358,      13.241,      1.5668,      13.703,      1.6131,      10.637,      1.5591,      13.139,      1.3606,      3.8315,      3.9607
      4.6003,      56.000,      10.000,     0.52765,     0.57609,      4.6294,      4.7432,      1.0000,      2.1400,    -0.30699,      2.0000,      1.6367,      20.128,      1.1892,      11.615,      1.4087,      12.996,      1.5418,      13.585,      1.6021,      10.628,      1.5594,      13.103,      1.5881,      3.8335,      3.9677
      4.6336,      57.000,      10.000,     0.53020,     0.57719,      4.6345,      4.7461,      1.0000,      2.1400,    -0.28813,      2.0000,      1.6534,   -0.015605,      1.2400,      11.679,      1.4631,      13.077,      1.5891,      13.694,      1.6199,      10.700,      1.5671,      13.112,      1.6697,      3.8335,      3.9677
      4.6669,      55.000,      10.000,     0.52483,     0.57128,      4.6237,      4.7312,      1.0000,      2.1400,    -0.30901,      2.0000,      1.7140,      1.1936,      1.2756,      11.661,      1.4991,      13.086,      1.6232,      13.676,      1.6721,      10.682,      1.6268,      13.157,      1.3823,      3.8335,      3.9677
      4.7003,      58.000,      10.000,     0.52252,     0.56831,      4.6192,      4.7240,      1.0000,      2.1400,    -0.29549,      2.0000,      1.5935,      5.7386,      1.1475,      11.525,      1.3809,      13.005,      1.5075,      13.658,      1.5623,      10.872,      1.5207,      13.094,      2.0946,      3.8335,      3.9677
      4.7336,      57.000,      10.000,     0.52502,     0.57159,      4.6241,      4.7320,      1.0000,      2.1400,    -0.29559,      2.0000,      1.7083,      11.933,      1.2501,      11.706,      1.4897,      13.195,      1.6207,      13.712,      1.6722,      10.872,      1.6245,      13.130,      1.0621,      3.8335,      3.9677
      4.7669,      56.000,      10.000,     0.52636,     0.57368,      4.6268,      4.7371,      1.0000,      2.1400,    -0.32474,      2.0000,      1.6489,      16.361,      1.2121,      11.805,      1.4507,      13.177,      1.5892,      13.630,      1.6234,      10.709,      1.5680,      13.193,      1.7984,      3.8335,      3.9677
      4.8003,      55.000,      10.000,     0.52357,     0.56957,      4.6213,      4.7270,      1.0000,      2.1400,    -0.30391,      2.0000,      1.6547,      23.862,      1.2316,      11.534,      1.4705,      13.041,      1.5944,      13.603,      1.6284,      10.817,      1.5719,      13.121,      1.7328,      3.8335,      3.9677
      4.8336,      58.000,      10.000,     0.52578,     0.57308,      4.6256,      4.7356,      1.0000,      2.1400,    -0.26854,      2.0000,      1.6381,      2.5841,      1.1950,      11.642,      1.4277,      13.168,      1.5618,      13.703,      1.6086,      10.826,      1.5604,      13.130,      1.2203,      3.8335,      3.9677
      4.8669,      53.000,      10.000,     0.52606,     0.57105,      4.6262,      4.7306,      1.0000,      2.1400,    -0.30314,      2.0000,      1.6696,      12.644,      1.2333,      11.561,      1.4653,      13.068,      1.5892,      13.649,      1.6321,      10.718,      1.5868,      13.157,      1.6983,      3.8335,      3.9677
      4.9003,      56.000,      10.000,     0.53444,     0.58286,      4.6432,      4.7606,      1.0000,      2.1400,    -0.28673,      2.0000,      1.7120,      19.549,      1.2568,      11.787,      1.4936,      13.231,      1.6314,      13.703,      1.6783,      10.709,      1.6269,      13.139,      1.5237,      3.8335,      3.9677
      4.9336,      53.000,      10.000,     0.52579,     0.57381,      4.6256,      4.7375,      1.0000,      2.1400,    -0.31644,      2.0000,      1.6594,      20.087,      1.2106,      11.480,      1.4426,      12.914,      1.5781,      13.530,      1.6288,      10.537,      1.5806,      13.148,      1.9664,      3.8335,      3.9677
      4.9669,      56.000,      10.000,     0.53572,     0.58439,      4.6459,      4.7645,      1.0000,      2.1400,    -0.30102,      2.0000,      1.6750,      1.8887,      1.2254,      11.534,      1.4562,      12.932,      1.5945,      13.548,      1.6437,      10.664,      1.5917,      13.067,      1.8903,      3.8335,      3.9677
      5.0003,      55.000,      10.000,     0.52299,     0.56903,      4.6201,      4.7257,      1.0000,      2.1400,    -0.28159,      2.0000,      1.6957,      6.6411,      1.2588,      11.633,      1.4986,      13.059,      1.6233,      13.694,      1.6638,      10.628,      1.6109,      13.121,      1.3586,      3.8335,      3.9677
      5.0336,      57.000,      10.000,     0.53096,     0.57898,      4.6360,      4.7507,      1.0000,      2.1400,    -0.28924,      2.0000,      1.7262,      8.0486,      1.2918,      11.796,      1.5307,      13.286,      1.6574,      13.758,      1.6919,      10.727,      1.6371,      13.166,      1.4617,      3.8335,      3.9677
      5.0669,      55.000,      10.000,     0.53221,     0.57893,      4.6386,      4.7505,      1.0000,      2.1400,    -0.27902,      2.0000,      1.7018,      15.088,      1.2689,      11.407,      1.5015,      12.968,      1.6378,      13.649,      1.6771,      10.709,      1.6136,      13.130,      1.9497,      3.8335,      3.9677
      5.1003,      58.000,      10.000,     0.52602,     0.57251,      4.6261,      4.7342,      1.0000,      2.1400,    -0.28604,      2.0000,      1.7108,      23.341,      1.2742,      11.778,      1.5185,      13.241,      1.6534,      13.776,      1.6870,      10.790,      1.6238,      13.166,      1.6690,      3.8335,      3.9677
      5.1336,      57.000,      10.000,     0.52631,     0.57402,      4.6267,      4.7380,      1.0000,      2.1400,    -0.28452,      2.0000,      1.7297,      5.3991,      1.2651,      11.670,      1.5122,      13.077,      1.6592,      13.603,      1.7019,      10.591,      1.6450,      13.049,      1.3604,      3.8335,      3.9677
      5.1669,      56.000,      10.000,     0.52161,     0.56764,      4.6175,      4.7224,      1.0000,      2.1400,    -0.31659,      2.0000,      1.6244,      8.8848,      1.1633,      11.371,      1.4031,      12.859,      1.5432,      13.530,      1.5991,      10.591,      1.5494,      13.058,      1.7955,      3.8335,      3.9677
      5.2003,      55.000,      10.000,     0.52750,     0.57371,      4.6291,      4.7372,      1.0000,      2.1400,    -0.27394,      2.0000,      1.7226,      14.764,      1.2534,      11.516,      1.4875,      13.059,      1.6235,      13.703,      1.6831,      10.763,      1.6397,      13.094,      1.9618,      3.8335,      3.9677
      5.2336,      56.000,      10.000,     0.53168,     0.57848,      4.6329,      4.7438,     0.90000,      2.1400,    -0.32638,      2.0000,      1.7326,      21.014,      1.2961,      11.787,      1.5308,      13.340,      1.6558,      13.995,      1.6994,      11.052,      1.6410,      13.112,      1.6241,      3.8315,      3.9607
      5.2669,      58.000,      10.000,     0.52916,     0.57629,      4.6324,      4.7438,      1.0000,      2.1400,    -0.31540,      2.0000,      1.7555,      22.736,      1.3279,      12.420,      1.5592,      13.749,      1.6811,      13.958,      1.7174,      11.495,      1.6624,      13.094,      2.0404,      3.8335,      3.9677
      5.3003,      57.000,      10.000,     0.53240,     0.58001,      4.6441,      4.7582,      1.1000,      2.1400,    -0.25248,      2.0000,      1.7247,      21.975,      1.2222,      11.100,      1.4623,      12.569,      1.6192,      13.284,      1.6881,      9.7778,      1.6491,      12.877,      1.3667,      3.8356,      3.9730
      5.3336,      57.000,      10.000,     0.52740,     0.57535,      4.6289,      4.7414,      1.0000,      2.1400,    -0.26837,      2.0000,      1.6793,      20.385,      1.1816,      10.503,      1.4289,      12.151,      1.5857,      12.965,      1.6520,      9.6693,      1.6031,      12.533,     0.95935,      3.8335,      3.9677
      5.3669,      57.000,      10.000,     0.53345,     0.58105,      4.6412,      4.7560,      1.0000,      2.1400,    -0.22061,      2.0000,      1.6946,      25.485,      1.2481,      10.205,      1.4794,      11.834,      1.6166,      12.601,      1.6641,      9.0998,      1.6097,      12.380,      1.1236,      3.8335,      3.9677
      5.4003,      58.000,      10.000,     0.52232,     0.56898,      4.6188,      4.7255,      1.0000,      2.1400,    -0.23477,      2.0000,      1.5655,      2.1039,      1.0887,      9.9430,      1.3212,      11.552,      1.4690,      12.309,      1.5358,      8.9009,      1.4991,      12.027,      1.1155,      3.8335,      3.9677
      5.4336,      61.000,      10.000,     0.53106,     0.57650,      4.6317,      4.7388,     0.90000,      2.1400,    -0.19207,      2.0000,      1.6113,      2.7591,      1.1519,      9.7983,      1.3792,      11.262,      1.5195,      12.045,      1.5767,      8.7924,      1.5331,      11.810,     0.91019,      3.8315,      3.9607
      5.4669,      57.000,      10.000,     0.52024,     0.56748,      4.6148,      4.7220,      1.0000,      2.1400,    -0.13918,      2.0000,      1.4759,      1.2843,     0.97499,      9.3463,      1.2257,      10.917,      1.3824,      11.763,      1.4559,      8.7201,      1.4206,      11.521,      1.5745,      3.8335,      3.9677
      5.5003,      55.000,      10.000,     0.53770,     0.58728,      4.6455,      4.7664,     0.90000,      2.1400,    0.039104,      2.0000,      1.5337,    0.049842,      1.0495,      9.4096,      1.2828,      10.845,      1.4392,      11.535,      1.5121,      8.5936,      1.4660,      11.241,      1.5146,      3.8315,      3.9607
      5.5336,      57.000,      10.000,     0.51928,     0.56556,      4.6129,      4.7174,      1.0000,      2.1400,    -0.11365,      2.0000,      1.4195,      4.2483,     0.95164,      8.9034,      1.1797,      10.500,      1.3242,      11.371,      1.3958,      7.9698,      1.3647,      11.222,     0.98655,      3.8335,      3.9677
      5.5669,      52.000,      10.000,     0.53824,     0.58730,      4.6513,      4.7720,      1.0000,      2.1400,    -0.12288,      2.0000,      1.4225,      25.792,     0.95154,      8.5870,      1.1724,      10.273,      1.3293,      11.198,      1.4025,      7.7981,      1.3654,      11.069,      1.0526,      3.8335,      3.9677
      5.6003,      61.000,      10.000,     0.53137,     0.57858,      4.6368,      4.7496,      1.0000,      2.1400,   -0.050438,      2.0000,      1.3686,      25.551,     0.90138,      8.4333,      1.1184,      10.109,      1.2668,      11.015,      1.3425,      7.4726,      1.3167,      10.897,      1.4565,      3.8335,      3.9677
      5.6336,      60.000,      10.000,     0.53636,     0.58244,      4.6473,      4.7595,      1.0000,      2.1400,   -0.011295,      2.0000,      1.3466,      25.411,     0.90830,      8.1441,      1.1112,      9.8463,      1.2467,      10.815,      1.3203,      7.2648,      1.2917,      10.671,     0.95612,      3.8335,      3.9677
      5.6669,      54.000,      10.000,     0.54567,     0.59599,      4.6684,      4.7957,      1.0000,      2.1400,     0.13335,      2.0000,      1.3477,      25.195,     0.88754,      7.9452,      1.0924,      9.5831,      1.2441,      10.423,      1.3247,      7.0297,      1.2977,      10.382,     0.72279,      3.8335,      3.9677
      5.7003,      58.000,      10.000,     0.54906,     0.60119,      4.6766,      4.8090,      1.0000,      2.1400,     0.27836,      2.0000,      1.3448,      24.906,     0.89288,      7.7011,      1.0883,      9.3108,      1.2350,      10.159,      1.3200,      6.8037,      1.2963,      10.138,     0.71311,      3.8335,      3.9677
      5.7336,      56.000,      10.000,     0.55605,     0.60699,      4.6936,      4.8247,      1.0000,      2.1400,     0.41658,      2.0000,      1.3480,      24.641,     0.90000,      7.4751,      1.0924,      9.0567,      1.2416,      9.8582,      1.3235,      6.6138,      1.2982,      9.8484,      1.1361,      3.8335,      3.9677
      5.7669,      54.000,      10.000,     0.55142,     0.60058,      4.6880,      4.8136,      1.1000,      2.1400,     0.55077,      2.0000,      1.2999,      24.359,     0.87256,      7.2491,      1.0609,      8.7663,      1.2004,      9.5757,      1.2762,      6.4421,      1.2532,      9.6134,     0.81901,      3.8360,      3.9725
      5.8003,      58.000,      10.000,     0.55417,     0.60283,      4.6898,      4.8145,      1.0000,      2.1400,     0.69408,      2.0000,      1.2476,      24.078,     0.83530,      7.0412,      1.0139,      8.5122,      1.1474,      9.2932,      1.2206,      6.2523,      1.2010,      9.3693,      1.0381,      3.8339,      3.9672
      5.8336,      56.000,      10.000,     0.55344,     0.60390,      4.6880,      4.8174,      1.0000,      2.1400,     0.81681,      2.0000,      1.2109,      23.813,     0.80399,      6.8604,     0.97670,      8.2580,      1.1103,      9.0199,      1.1874,      6.1076,      1.1655,      9.0981,     0.88534,      3.8339,      3.9672
      5.8669,      59.000,      10.000,     0.55368,     0.60376,      4.6935,      4.8224,      1.1000,      2.1400,     0.96736,      2.0000,      1.2325,      23.556,     0.82300,      6.6886,     0.99803,      8.0221,      1.1288,      8.7465,      1.2052,      5.9720,      1.1897,      8.8179,     0.72708,      3.8360,      3.9725
      5.9003,      54.000,      10.000,     0.55325,     0.60335,      4.6925,      4.8212,      1.1000,      2.1400,      1.1110,      2.0000,      1.1592,      23.258,     0.76563,      6.5169,     0.92923,      7.7770,      1.0515,      8.5005,      1.1257,      5.8455,      1.1190,      8.5829,      1.6380,      3.8360,      3.9725
      5.9336,      55.000,      10.000,     0.55497,     0.60519,      4.6966,      4.8263,      1.1000,      2.1400,      1.2422,      2.0000,      1.1242,      22.985,     0.75438,      6.3722,     0.90956,      7.5501,      1.0243,      8.2545,      1.0947,      5.7279,      1.0851,      8.3388,      1.2307,      3.8360,      3.9725
      5.9669,      57.000,      10.000,     0.55519,     0.60468,      4.6923,      4.8196,      1.0000,      2.1400,      1.4098,      2.0000,      1.1006,      22.695,     0.74297,      6.2276,     0.89140,      7.3142,      1.0034,      7.9629,      1.0712,      5.6104,      1.0575,      8.0857,      1.5817,      3.8339,      3.9672
      6.0003,      55.000,      10.000,     0.55481,     0.60308,      4.6971,      4.8218,      1.1000,      2.1400,      1.5402,      2.0000,      1.0774,      22.455,     0.73913,      6.0830,     0.87897,      7.0963,     0.98188,      7.6896,      1.0481,      5.5019,      1.0392,      7.8326,      1.2531,      3.8365,      3.9720
      6.0336,      60.000,      10.000,     0.55255,     0.60106,      4.6916,      4.8162,      1.1000,      2.1400,      1.7002,      2.0000,      1.0289,      22.183,     0.70096,      5.9474,     0.83513,      6.8876,     0.93337,      7.4709,     0.99551,      5.4025,     0.99044,      7.5704,      1.6879,      3.8365,      3.9720
      6.0669,      54.000,      10.000,     0.55856,     0.60717,      4.7015,      4.8278,      1.0000,      2.1400,      1.8827,      2.0000,      1.0042,      21.900,     0.69631,      5.7937,     0.82054,      6.6879,     0.91217,      7.2431,     0.97242,      5.2488,     0.96345,      7.3354,      1.3898,      3.8344,      3.9668
      6.1002,      60.000,      10.000,     0.55701,     0.60532,      4.6977,      4.8227,      1.0000,      2.1400,      2.0367,      2.0000,     0.97347,      21.644,     0.68317,      5.6581,     0.80138,      6.4974,     0.88776,      6.9879,     0.94471,      5.1584,     0.93284,      7.1184,      1.6231,      3.8344,      3.9668
      6.1336,      55.000,      10.000,     0.55467,     0.60389,      4.6919,      4.8187,      1.0000,      2.1400,      2.2286,      2.0000,     0.92342,      21.387,     0.64753,      5.5225,     0.76464,      6.3249,     0.84880,      6.7875,     0.89755,      5.0228,     0.88401,      6.8473,      1.4646,      3.8344,      3.9668
      6.1669,      59.000,      10.000,     0.55694,     0.60566,      4.6923,      4.8177,     0.90000,      2.1400,      2.3880,      2.0000,     0.89272,      21.147,     0.64808,      5.3959,     0.75707,      6.1525,     0.82981,      6.5688,     0.86901,      4.9415,     0.84892,      6.6484,      2.7045,      3.8324,      3.9599
      6.2002,      59.000,      10.000,     0.55847,     0.60610,      4.6969,      4.8202,     0.90000,      2.1400,      2.5828,      2.0000,     0.87423,      20.923,     0.63400,      5.2694,     0.73845,      5.9891,     0.80813,      6.3866,     0.84920,      4.8149,     0.83287,      6.4043,      2.1346,      3.8328,      3.9595
      6.2336,      58.000,      10.000,     0.55560,     0.60534,      4.6899,      4.8181,     0.90000,      2.1400,      2.7564,      2.0000,     0.83999,      20.682,     0.61190,      5.1699,     0.71050,      5.8167,     0.77829,      6.1861,     0.81756,      4.7516,     0.79968,      6.1873,      1.8782,      3.8328,      3.9595
      6.2669,      57.000,      10.000,     0.55715,     0.60520,      4.6937,      4.8177,     0.90000,      2.1400,      2.9421,      2.0000,     0.80502,      20.468,     0.59848,      5.0524,     0.69178,      5.6533,     0.75074,      6.0039,     0.78238,      4.6341,     0.76456,      5.9613,      1.6860,      3.8328,      3.9595
      6.3002,      57.000,      10.000,     0.55973,     0.60710,      4.7000,      4.8229,     0.90000,      2.1400,      3.1102,      2.0000,     0.78007,      20.236,     0.58350,      4.9259,     0.67422,      5.5172,     0.73243,      5.8307,     0.76021,      4.5437,     0.73976,      5.7805,      2.3754,      3.8328,      3.9595
      6.3336,      59.000,      10.000,     0.55867,     0.60694,      4.6974,      4.8225,     0.90000,      2.1400,      3.3177,      2.0000,     0.75084,      20.046,     0.57302,      4.8264,     0.66066,      5.3720,     0.71228,      5.6485,     0.73104,      4.4353,     0.71036,      5.5997,      1.3511,      3.8328,      3.9595
      6.3669,      57.000,      10.000,     0.56117,     0.60928,      4.6993,      4.8243,     0.80000,      2.1400,      3.5211,      2.0000,     0.72152,      19.847,     0.55667,      4.6908,     0.63930,      5.2358,     0.68897,      5.5027,     0.70575,      4.3177,     0.68226,      5.3828,      1.2850,      3.8313,      3.9524
      6.4002,      59.000,      10.000,     0.56008,     0.60816,      4.7018,      4.8272,     0.90000,      2.1400,      3.7058,      2.0000,     0.70396,      19.648,     0.54711,      4.5643,     0.62638,      5.0815,     0.67364,      5.3387,     0.68865,      4.2183,     0.66565,      5.2381,      2.2873,      3.8333,      3.9591
      6.4336,      57.000,      10.000,     0.56283,     0.61030,      4.6982,      4.8213,     0.70000,      2.1400,      3.8983,      2.0000,     0.68664,      19.491,     0.54208,      4.4739,     0.61479,      4.9545,     0.65615,      5.1838,     0.67062,      4.1279,     0.64686,      5.0574,      2.1912,      3.8292,      3.9456
      6.4669,      53.000,      10.000,     0.56035,     0.60760,      4.6973,      4.8197,     0.80000,      2.1400,      4.0900,      2.0000,     0.66377,      19.300,     0.52563,      4.3835,     0.59686,      4.8365,     0.63729,      5.0380,     0.64858,      4.0465,     0.62625,      4.9308,      1.9852,      3.8313,      3.9524
      6.5002,      57.000,      10.000,     0.56073,     0.60756,      4.6982,      4.8197,     0.80000,      2.1400,      4.2869,      2.0000,     0.63925,      19.176,     0.51431,      4.2840,     0.58023,      4.7185,     0.61488,      4.9104,     0.62446,      3.9652,     0.60239,      4.8042,      1.8941,      3.8313,      3.9524
      6.5336,      54.000,      10.000,     0.56428,     0.61085,      4.7018,      4.8228,     0.70000,      2.1400,      4.4860,      2.0000,     0.62943,      19.036,     0.50807,      4.1936,     0.57177,      4.6096,     0.60520,      4.7920,     0.61374,      3.8838,     0.59057,      4.6596,      2.2580,      3.8292,      3.9456
      6.5669,      55.000,      10.000,     0.56177,     0.60885,      4.7017,      4.8245,     0.80000,      2.1400,      4.6838,      2.0000,     0.60404,      18.920,     0.48566,      4.0942,     0.54748,      4.4916,     0.58016,      4.6644,     0.58864,      3.8025,     0.56822,      4.5421,      1.9089,      3.8317,      3.9520
      6.6002,      55.000,      10.000,     0.56141,     0.60876,      4.7008,      4.8243,     0.80000,      2.1400,      4.8764,      2.0000,     0.59355,      18.786,     0.48177,      4.0038,     0.54373,      4.3827,     0.57447,      4.5551,     0.58015,      3.7121,     0.55896,      4.4065,      2.6430,      3.8317,      3.9520
      6.6336,      61.000,      10.000,     0.56517,     0.61081,      4.7051,      4.8240,     0.70000,      2.1400,      5.0738,      2.0000,     0.57640,      18.671,     0.47213,      3.9224,     0.52806,      4.2829,     0.55616,      4.4457,     0.56204,      3.6398,     0.54078,      4.2801,      1.4317,      3.8297,      3.9453
      6.6669,      56.000,      10.000,     0.56300,     0.60970,      4.6996,      4.8210,     0.70000,      2.1400,      5.2754,      2.0000,     0.55982,      18.580,     0.46213,      3.8592,     0.51598,      4.2103,     0.54300,      4.3455,     0.54624,      3.5765,     0.52540,      4.1986,      2.2042,      3.8297,      3.9453
      6.7002,      56.000,      10.000,     0.56505,     0.61120,      4.7048,      4.8251,     0.70000,      2.1400,      5.4642,      2.0000,     0.55809,      18.431,     0.46549,      3.7688,     0.51843,      4.1105,     0.54298,      4.2453,     0.54497,      3.4951,     0.52377,      4.1082,      2.7142,      3.8297,      3.9453
      6.7336,      63.000,      10.000,     0.56270,     0.60983,      4.6998,      4.8228,     0.70000,      2.1400,      5.6533,      2.0000,     0.53242,      18.365,     0.44251,      3.7055,     0.49367,      4.0197,     0.51643,      4.1633,     0.51947,      3.4318,     0.49967,      4.0087,      1.7660,      3.8302,      3.9451
      6.7669,      58.000,      10.000,     0.56360,     0.60966,      4.7075,      4.8281,     0.80000,      2.1400,      5.8487,      2.0000,     0.52513,      18.241,     0.43829,      3.6422,     0.48927,      3.9562,     0.51204,      4.0813,     0.51277,      3.3686,     0.49323,      3.9183,      2.6009,      3.8322,      3.9517
      6.8002,      57.000,      10.000,     0.56479,     0.61030,      4.7051,      4.8240,     0.70000,      2.1400,      6.0320,      2.0000,     0.51644,      18.174,     0.43080,      3.5699,     0.47875,      3.8836,     0.50089,      3.9993,     0.50352,      3.3053,     0.48414,      3.8731,      2.7563,      3.8302,      3.9451
      6.8336,      54.000,      10.000,     0.56107,     0.60693,      4.7009,      4.8206,     0.80000,      2.1400,      6.2226,      2.0000,     0.50585,      18.083,     0.41851,      3.5066,     0.46808,      3.8110,     0.49094,      3.9173,     0.49261,      3.2420,     0.47407,      3.7827,      3.4530,      3.8322,      3.9517
      6.8669,      55.000,      10.000,     0.56350,     0.60949,      4.7018,      4.8218,     0.70000,      2.1400,      6.4028,      2.0000,     0.49495,      18.009,     0.41347,      3.4524,     0.46097,      3.7474,     0.48252,      3.8535,     0.48282,      3.1968,     0.46369,      3.7014,      2.6075,      3.8302,      3.9451
      6.9002,      55.000,      10.000,     0.56396,     0.60887,      4.7040,      4.8215,     0.70000,      2.1400,      6.5828,      2.0000,     0.48337,      17.934,     0.40598,      3.3891,     0.45063,      3.6839,     0.47039,      3.7806,     0.47076,      3.1426,     0.45242,      3.6381,      2.4012,      3.8306,      3.9448
      6.9336,      53.000,      10.000,     0.56160,     0.60772,      4.6981,      4.8184,     0.70000,      2.1400,      6.7625,      2.0000,     0.47649,      17.852,     0.40109,      3.3349,     0.44571,      3.6204,     0.46493,      3.7077,     0.46489,      3.0883,     0.44671,      3.5929,      2.6395,      3.8306,      3.9448
      6.9669,      58.000,      10.000,     0.56366,     0.60928,      4.7033,      4.8226,     0.70000,      2.1400,      6.9467,      2.0000,     0.46877,      17.777,     0.39511,      3.2806,     0.43731,      3.5568,     0.45542,      3.6530,     0.45630,      3.0522,     0.43913,      3.5206,      1.7429,      3.8306,      3.9448
      7.0002,      59.000,      10.000,     0.56556,     0.61086,      4.7082,      4.8269,     0.70000,      2.1400,      7.1129,      2.0000,     0.46194,      17.752,     0.39202,      3.2264,     0.43365,      3.5115,     0.45096,      3.5983,     0.45067,      2.9979,     0.43274,      3.4392,      1.7811,      3.8306,      3.9448
      7.0336,      56.000,      10.000,     0.56172,     0.60712,      4.6984,      4.8168,     0.70000,      2.1400,      7.2758,      2.0000,     0.44962,      17.678,     0.37780,      3.1812,     0.41963,      3.4479,     0.43782,      3.5346,     0.43774,      2.9618,     0.42092,      3.4302,      3.6378,      3.8306,      3.9448
      7.0669,      57.000,      10.000,     0.56303,     0.60876,      4.7017,      4.8212,     0.70000,      2.1400,      7.4461,      2.0000,     0.44214,      17.636,     0.37507,      3.1450,     0.41519,      3.4026,     0.43129,      3.4799,     0.43056,      2.9075,     0.41363,      3.3579,      3.3233,      3.8306,      3.9448
      7.1002,      55.000,      10.000,     0.56379,     0.60894,      4.7046,      4.8231,     0.70000,      2.1400,      7.6110,      2.0000,     0.44144,      17.570,     0.37552,      3.0908,     0.41463,      3.3481,     0.43083,      3.4252,     0.43036,      2.8804,     0.41384,      3.2856,      2.0669,      3.8311,      3.9445
      7.1336,      53.000,      10.000,     0.56124,     0.60699,      4.7034,      4.8235,     0.80000,      2.1400,      7.7738,      2.0000,     0.43064,      17.520,     0.36205,      3.0546,     0.40130,      3.2846,     0.41767,      3.3705,     0.41859,      2.8352,     0.40395,      3.2404,      2.5907,      3.8331,      3.9510
      7.1669,      57.000,      10.000,     0.56317,     0.60886,      4.7030,      4.8228,     0.70000,      2.1400,      7.9313,      2.0000,     0.43186,      17.471,     0.36361,      3.0094,     0.40381,      3.2392,     0.42140,      3.3250,     0.42111,      2.8081,     0.40488,      3.1861,      2.4234,      3.8311,      3.9445
      7.2002,      55.000,      10.000,     0.56250,     0.60843,      4.6962,      4.8160,     0.60000,      2.1400,      8.1012,      2.0000,     0.41790,      17.413,     0.35639,      2.9733,     0.39259,      3.2029,     0.40729,      3.2885,     0.40730,      2.7629,     0.39116,      3.1409,      2.9003,      3.8291,      3.9380
      7.2336,      59.000,      10.000,     0.56270,     0.60862,      4.7018,      4.8222,     0.70000,      2.1400,      8.2555,      2.0000,     0.41321,      17.355,     0.35503,      2.9281,     0.39050,      3.1575,     0.40336,      3.2339,     0.40244,      2.7267,     0.38732,      3.0867,      2.5232,      3.8311,      3.9445
      7.2669,      58.000,      10.000,     0.56217,     0.60867,      4.7004,      4.8223,     0.70000,      2.1400,      8.3291,      2.0000,     0.40556,      17.330,     0.34570,      2.9190,     0.38114,      3.1303,     0.39578,      3.1974,     0.39485,      2.7267,     0.37995,      3.0776,      2.3874,      3.8311,      3.9445
      7.3002,      56.000,      10.000,     0.56321,     0.60786,      4.6881,      4.8030,     0.40000,      2.1400,      8.0349,      2.0000,     0.42187,      17.454,     0.36328,      3.0727,     0.39851,      3.2755,     0.41366,      3.3341,     0.41158,      2.8623,     0.39432,      3.2042,      1.3629,      3.8251,      3.9250
      7.3336,      52.000,      10.000,     0.56647,     0.61237,      4.6861,      4.8038,     0.20000,      2.1400,      7.6325,      2.0000,     0.45030,      17.694,     0.38654,      3.2716,     0.42423,      3.5024,     0.44139,      3.5801,     0.44028,      3.0612,     0.42058,      3.4573,      1.9643,      3.8211,      3.9120
      7.3669,      53.000,      10.000,     0.53943,     0.58348,      4.6214,      4.7274,     0.20000,      2.1400,      7.0861,      2.0000,     0.42156,      17.918,     0.35767,      3.3620,     0.39679,      3.4752,     0.41249,      3.5437,     0.41271,      3.1878,     0.39369,      3.3217,      2.0669,      3.8206,      3.9120
      7.4002,      58.000,      10.000,     0.52451,     0.57380,      4.5894,      4.7016,     0.20000,      2.1400,      6.3982,      2.0000,     0.43171,      18.199,     0.36371,      3.8501,     0.41160,      3.9743,     0.42925,      4.0266,     0.42487,      3.6307,     0.40540,      3.8189,      2.9047,      3.8201,      3.9120
      7.4336,      52.000,      10.000,     0.51644,     0.57074,      4.5632,      4.6842,      0.0000,      2.1400,      5.6325,      2.0000,     0.41053,      18.539,     0.31470,      4.5191,     0.37968,      4.4826,     0.40943,      4.3728,     0.40802,      4.3720,     0.38797,      3.9274,      1068.9,      3.8161,      3.8988
      7.4669,      59.000,      10.000,     0.50893,     0.57138,      4.5474,      4.6834,      0.0000,      2.1400,      4.1315,      2.0000,     0.24078,      19.093,     0.14406,      3.1631,     0.19168,      5.1542,     0.22776,      5.2020,     0.24143,      2.6635,     0.22494,      4.7138,      1447.8,      3.8152,      3.8985
      7.5002,      56.000,      10.000,     0.75503,     0.77824,      5.2114,      5.2738,     0.80000,      2.1400,   -0.022902,      2.0000,    0.021331,      14.871,    0.022015,     0.64100,    0.022160,     0.82506,    0.021621,     0.97414,    0.020724,     0.54814,    0.019814,     0.97137,      559.47,      3.8295,      3.9538
      7.5336,      53.000,      10.000,     0.75449,     0.78039,      5.3718,      5.4491,      3.0000,      2.1400,   -0.013550,      2.0000,    0.024053,      13.836,    0.026556,  -0.0098617,    0.025847,  -0.0099008,    0.024158, -0.00082880,    0.022753,   -0.012328,    0.022312,   -0.013971,      151.46,      3.8743,      4.0603
      7.5669,      51.000,      10.000,     0.74383,     0.78310,      5.1332,      5.2388,      0.0000,      2.1400,  -0.0079885,      2.0000,    0.031376,      13.811,    0.031892, -0.00082224,    0.031893,  -0.0099008,    0.031473,  -0.0099412,    0.030525,   -0.012328,    0.029366,   0.0041086,      948.30,      3.8133,      3.8981
      7.6002,      58.000,      10.000,     0.73585,     0.77241,      5.1973,      5.2954,      1.5000,      2.1400,  -0.0037907,      2.0000,    0.032160,      13.828,    0.033036,  -0.0098617,    0.033301,  -0.0099008,    0.032384,  -0.0099412,    0.031282,   -0.012328,    0.030369,   0.0041086,      195.60,      3.8439,      3.9940
      7.6336,      60.000,      10.000,     0.75696,     0.77696,      5.2286,      5.2824,      1.0000,      2.1400, -0.00057076,      2.0000,    0.018700,      13.828,    0.018814,   -0.018902,    0.019179,   -0.018976,    0.018957,   -0.019053,    0.018266,   -0.021367,    0.017471,   -0.013928,      489.09,      3.8335,      3.9677
      7.6669,      59.000,      10.000,     0.75502,     0.78412,      5.1633,      5.2416,      0.0000,      2.1400,  0.00075323,      2.0000,    0.026475,      13.843,    0.026487,  -0.0098617,    0.026862,  -0.0099008,    0.026584,  -0.0099412,    0.025766,   -0.012328,    0.024817,   -0.013971,      342.65,      3.8133,      3.8981
      7.7002,      58.000,      10.000,     0.73208,     0.78206,      5.1016,      5.2361,      0.0000,      2.1400,   0.0026887,      2.0000,    0.031739,      13.828,    0.031579,  -0.0098617,    0.031882,   -0.018976,    0.031813,  -0.0099412,    0.031048,   -0.012328,    0.029793,  -0.0049317,      1364.7,      3.8133,      3.8981
      7.7336,      58.000,      10.000,     0.74782,     0.77582,      5.3017,      5.3810,      2.5000,      2.1400,   0.0028229,      2.0000,    0.023673,      13.827,    0.026810,  -0.0098617,    0.025653,   -0.018976,    0.023992,  -0.0099412,    0.022820,   -0.021367,    0.022560,  -0.0049317,      198.63,      3.8643,      4.0403
      7.7669,      58.000,      10.000,     0.75530,     0.78414,      5.1641,      5.2416,      0.0000,      2.1400,   0.0038109,      2.0000,    0.026074,      13.820,    0.026007,   -0.018902,    0.026463,   -0.018976,    0.026367,   -0.019053,    0.025643,   -0.021367,    0.024659,   0.0041086,      532.41,      3.8133,      3.8981
      7.8002,      56.000,      10.000,     0.75858,     0.78444,      5.1729,      5.2425,      0.0000,      2.1400,   0.0048793,      2.0000,    0.023288,      13.811,    0.023655,  -0.0098617,    0.023756,  -0.0099008,    0.023397,  -0.0099412,    0.022752,   -0.012328,    0.021909,   -0.013971,      670.89,      3.8133,      3.8981
      7.8336,      55.000,      10.000,     0.75742,     0.78434,      5.1698,      5.2422,      0.0000,      2.1400,   0.0046768,      2.0000,    0.025189,      13.820,    0.024960,  -0.0098617,    0.025321,  -0.0099008,    0.025223,  -0.0099412,    0.024613,   -0.012328,    0.023659,   0.0041086,      294.58,      3.8133,      3.8981
      7.8669,      56.000,      10.000,     0.76304,     0.78486,      5.1849,      5.2436,      0.0000,      2.1400,   0.0045736,      2.0000,    0.021727,      13.820,    0.019930,  -0.0098617,    0.021255,   -0.028052,    0.021752,   -0.019053,    0.021471,   -0.021367,    0.020540,  -0.0049317,      1097.4,      3.8133,      3.8981
      7.9002,      59.000,      10.000,     0.76351,     0.78491,      5.1861,      5.2437,      0.0000,      2.1400,   0.0059708,      2.0000,    0.019772,      13.828,    0.019771,   -0.018902,    0.019924,  -0.0099008,    0.019804,   -0.019053,    0.019305,   -0.021367,    0.018583,   -0.023011,      477.22,      3.8133,      3.8981
      7.9336,      59.000,      10.000,     0.75777,     0.78437,      5.1707,      5.2423,      0.0000,      2.1400,   0.0066735,      2.0000,    0.024240,      13.836,    0.024494,  -0.0098617,    0.024558,   -0.018976,    0.024297,  -0.0099412,    0.023663,   -0.012328,    0.022762,   -0.013971,      1304.8,      3.8133,      3.8981
      7.9669,      57.000,      10.000,     0.75675,     0.78428,      5.1680,      5.2420,      0.0000,      2.1400,   0.0057212,      2.0000,    0.019558,      13.811,    0.018125,  -0.0098617,    0.018937,  -0.0099008,    0.019296, -0.00082880,    0.019170,   -0.012328,    0.018320,   -0.013971,      559.85,      3.8133,      3.8981
      8.0002,      55.000,      10.000,     0.73564,     0.78237,      5.1111,      5.2369,      0.0000,      2.1400,   0.0062815,      2.0000,    0.037609,      13.820,    0.039196,  -0.0098617,    0.039258,   -0.018976,    0.038910,   -0.019053,    0.037824,   -0.012328,    0.036304,   -0.032051,      512.68,      3.8133,      3.8981
      8.0336,      57.000,      10.000,     0.75384,     0.78401,      5.1601,      5.2413,      0.0000,      2.1400,   0.0061514,      2.0000,    0.026593,      13.820,    0.027265,  -0.0098617,    0.027322,  -0.0099008,    0.026855,   -0.019053,    0.025996,   -0.021367,    0.025052,    0.013148,      1301.9,      3.8133,      3.8981
      8.0669,      58.000,      10.000,     0.75148,     0.78379,      5.1538,      5.2407,      0.0000,      2.1400,   0.0061106,      2.0000,    0.027535,      13.820,    0.027418,  -0.0098617,    0.027650,  -0.0099008,    0.027437,  -0.0099412,    0.026763,   -0.012328,    0.025715,   0.0041086,      1428.7,      3.8133,      3.8981
      8.1002,      56.000,      10.000,     0.76156,     0.78472,      5.1809,      5.2432,      0.0000,      2.1400,   0.0072171,      2.0000,    0.021386,      13.828,    0.021031,  -0.0098617,    0.021368,   -0.018976,    0.021388,  -0.0099412,    0.020938,   -0.021367,    0.020106,   0.0041086,      537.18,      3.8133,      3.8981
      8.1336,      59.000,      10.000,     0.75656,     0.78426,      5.1674,      5.2420,      0.0000,      2.1400,   0.0074913,      2.0000,    0.024066,      13.828,    0.024339,  -0.0098617,    0.024287,   -0.018976,    0.023972,   -0.019053,    0.023347,   -0.021367,    0.022465,   -0.041090,      923.53,      3.8133,      3.8981
      8.1669,      58.000,      10.000,     0.74409,     0.78312,      5.1339,      5.2389,      0.0000,      2.1400,   0.0057548,      2.0000,    0.034342,      13.818,    0.034829,  -0.0098617,    0.035045,  -0.0099008,    0.034661,  -0.0099412,    0.033740,   -0.012328,    0.032403,  -0.0049317,      1059.1,      3.8133,      3.8981
      8.2003,      56.000,      10.000,     0.74809,     0.78348,      5.1446,      5.2399,      0.0000,      2.1400,   0.0040978,      2.0000,    0.031444,      13.795,    0.030852,  -0.0098617,    0.031079,  -0.0099008,    0.031070,  -0.0099412,    0.030609,   -0.012328,    0.029277,   -0.013971,      1695.5,      3.8133,      3.8981
      8.2336,      58.000,      10.000,     0.76052,     0.78462,      5.1781,      5.2430,      0.0000,      2.1400,   0.0033869,      2.0000,    0.021803,      13.811,    0.021880,  -0.0098617,    0.022258,  -0.0099008,    0.022090,  -0.0099412,    0.021503,   -0.021367,    0.020685,   -0.023011,      1952.4,      3.8133,      3.8981
      8.2669,      53.000,      10.000,     0.73891,     0.78266,      5.1200,      5.2377,      0.0000,      2.1400,   0.0054605,      2.0000,    0.034351,      13.828,    0.035046,  -0.0098617,    0.034920,  -0.0099008,    0.034410,  -0.0099412,    0.033405,   -0.012328,    0.032117,    0.013148,      541.61,      3.8133,      3.8981
      8.3002,      61.000,      10.000,     0.76597,     0.78514,      5.1928,      5.2443,      0.0000,      2.1400,   0.0038115,      2.0000,    0.017627,      13.820,    0.017477,  -0.0098617,    0.017823,  -0.0099008,    0.017727,  -0.0099412,    0.017224,   -0.021281,    0.016610,    0.013062,      1133.4,      3.8133,      3.8981
      8.3336,      55.000,      10.000,     0.73093,     0.78196,      5.0985,      5.2358,      0.0000,      2.1400,   0.0020287,      2.0000,    0.037790,      13.836,    0.038772,  -0.0098617,    0.038328,  -0.0099008,    0.037663,  -0.0099412,    0.036546,   -0.012328,    0.035149,   -0.023011,      832.18,      3.8133,      3.8981
      8.3669,      54.000,      10.000,     0.75010,     0.78366,      5.1501,      5.2404,      0.0000,      2.1400, -0.00011782,      2.0000,    0.030957,      13.821,    0.030661,   -0.018902,    0.030935,   -0.028052,    0.030866,   -0.019053,    0.030129,   -0.021367,    0.028922,   -0.023011,      390.71,      3.8133,      3.8981
      8.4002,      58.000,      10.000,     0.76083,     0.78466,      5.1789,      5.2430,      0.0000,      2.1400,   0.0014784,      2.0000,    0.022267,      13.803,    0.021863,  -0.0098617,    0.022294,  -0.0099008,    0.022310,  -0.0099412,    0.021845,   -0.012328,    0.020988,   -0.023011,      1227.9,      3.8133,      3.8981
      8.4336,      59.000,      10.000,     0.73749,     0.78254,      5.1161,      5.2373,      0.0000,      2.1400, -0.00012867,      2.0000,    0.034532,      13.821,    0.035138,  -0.0098617,    0.035183,  -0.0099008,    0.034731, -0.00082880,    0.033733,   -0.012328,    0.032429,  -0.0049317,      1359.1,      3.8133,      3.8981
      8.4669,      56.000,      10.000,     0.74641,     0.78333,      5.1401,      5.2395,      0.0000,      2.1400, -0.00057164,      2.0000,    0.027788,      13.836,    0.027613,  -0.0098617,    0.027688,   -0.018976,    0.027610,   -0.019053,    0.027131,   -0.012328,    0.025994,  -0.0049317,      850.63,      3.8133,      3.8981
      8.5002,      52.000,      10.000,     0.75712,     0.78431,      5.1689,      5.2421,      0.0000,      2.1400, -0.00098804,      2.0000,    0.024578,      13.844,    0.024984,  -0.0098617,    0.025197,   -0.018976,    0.024871,   -0.019053,    0.024118,   -0.012328,    0.023231,  -0.0049317,      1314.9,      3.8133,      3.8981
      8.5336,      59.000,      10.000,     0.73789,     0.78257,      5.1172,      5.2374,      0.0000,      2.1400,  -0.0022830,      2.0000,    0.031172,      13.836,    0.031678,  -0.0098617,    0.031760,  -0.0099008,    0.031418,  -0.0099412,    0.030472,   -0.012328,    0.029317,   -0.023011,      830.55,      3.8133,      3.8981
      8.5669,      56.000,      10.000,     0.75388,     0.78401,      5.1602,      5.2413,      0.0000,      2.1400,  -0.0026955,      2.0000,    0.026651,      13.836,    0.026854,  -0.0098617,    0.027020,   -0.018976,    0.026735,  -0.0099412,    0.025966,   -0.012328,    0.024992,   -0.013971,      393.28,      3.8133,      3.8981
      8.6002,      51.000,      10.000,     0.75130,     0.78377,      5.1533,      5.2407,      0.0000,      2.1400,  -0.0017005,      2.0000,    0.028970,      13.829,    0.029396,  -0.0098617,    0.029442,  -0.0099008,    0.029054,  -0.0099412,    0.028226,   -0.012328,    0.027146,  -0.0049317,      844.81,      3.8133,      3.8981
      8.6336,      55.000,      10.000,     0.75247,     0.78388,      5.1564,      5.2409,      0.0000,      2.1400, -0.00066836,      2.0000,    0.026862,      13.820,    0.027135,  -0.0098617,    0.027167,  -0.0099008,    0.026845,  -0.0099412,    0.026101,   -0.012328,    0.025107,   -0.013971,      618.86,      3.8133,      3.8981
      8.6669,      56.000,      10.000,     0.74497,     0.78320,      5.1362,      5.2391,      0.0000,      2.1400,      0.0000,      2.0000,    0.032427,      13.828,    0.033037,  -0.0098617,    0.032920,  -0.0099008,    0.032445,  -0.0099412,    0.031474,   -0.012328,    0.030270,   -0.023011,      954.28,      3.8133,      3.8981
      8.7002,      58.000,      10.000,     0.76325,     0.78488,      5.1854,      5.2436,      0.0000,      2.1400,      0.0000,      2.0000,    0.019601,      13.803,    0.019272,  -0.0098617,    0.019608,   -0.028052,    0.019555,  -0.0099412,    0.019202,   -0.021367,    0.018425,   -0.013971,      1294.0,      3.8133,      3.8981
      8.7336,      57.000,      10.000,     0.76096,     0.78467,      5.1793,      5.2431,      0.0000,      2.1400,      0.0000,      2.0000,    0.021034,      13.820,    0.021468,   -0.018902,    0.021651,   -0.028052,    0.021460,   -0.019053,    0.020845,   -0.012328,    0.020075,  -0.0049317,      581.32,      3.8133,      3.8981
