# [Parameters]
# Name = tsmap_nel
# ShotNo = 174739
# Date = '01/25/2024 21:38'
# 
# DimNo = 1
# DimName = 'Time'
# DimSize = 191
# DimUnit = 's'
# 
# ValNo = 25
# ValName = 'laser', 'laser number', 'a99', 'a999', 'R99', 'R999', 'p0', 'pf', 'ip', 'ipf', 'nl_thomson_mid', 'nl_mmw_mid', 'nl_thomson_3579', 'nl_fir_3579', 'nl_thomson_3669', 'nl_fir_3669', 'nl_thomson_3759', 'nl_fir_3759', 'nl_thomson_3849', 'nl_fir_3849', 'nl_thomson_3939', 'nl_fir_3939', 'chi', 'geom_center', 'Rax_vmec'
# ValUnit = 'arb', 'arb', 'm', 'm', 'm', 'm', '%', 'arb', 'kA/T', 'arb', 'arb', 'e19m-2', 'arb', 'e19m-2', 'arb', 'e19m-2', 'arb', 'e19m-2', 'arb', 'e19m-2', 'arb', 'e19m-2', 'arb', 'm', 'm'
# 
# [Comments]
# Bt = -2.75000
# Rax = 3.60000
# Bq = 100.000
# Gamma = 1.25380
# phiedge = -3.2667143
# avac = 0.63700000
# ExpDate = 2.02112e+07
# Cycle = 23.0000
# t1 = 2.99900
# t2 = 9.30400
# density (ne) is only for very rough information
# Do not use data for ne_bar < 5*1-^12cm-3
# High Voltage is set at 0.90 times
# Te limit = 22keV
# Laser#1, #3, #5, 
# 
# [data]
  0.00028000,      48.000,      10.000,     0.72292,     0.73829,      4.8160,      4.8685,      0.0000,      1.4100,     -0.0000,      2.0000,    0.015923,   0.0050925,    0.015632,  8.6918E-07,    0.016084,   0.0049495,    0.016145,  -0.0016558,    0.015867,  -0.0065745,    0.015203,   0.0024650,      9999.0,      3.7210,      3.6350
      3.0003,      41.000,      10.000,     0.70477,     0.73666,      4.7557,      4.8630,      0.0000,      1.4100,   0.0058899,      2.0000,    0.026887,  -0.0031869,    0.026511,   0.0090412,    0.027195,   0.0049495,    0.027876,  -0.0016558,    0.027936,   0.0024650,    0.027316,    0.011505,      1455.8,      3.7210,      3.6350
      3.0336,      40.000,      10.000,     0.52253,     0.57310,      4.2813,      4.3843,     0.10000,      2.9530,   -0.072144,      2.0000,    0.073642,     0.72540,    0.073070,     0.69607,    0.075878,     0.71285,    0.076461,     0.72729,    0.073752,     0.66237,    0.064372,     0.66237,      15.075,      3.7212,      3.6414
      3.0669,      39.000,      10.000,     0.56809,     0.61450,      4.3828,      4.4931,     0.40000,      3.1333,   -0.075428,      2.0000,     0.11040,     0.96550,     0.10975,     0.92206,     0.11343,     0.95789,     0.11399,     0.96420,     0.10894,     0.88837,    0.095794,     0.81605,      11.989,      3.7217,      3.6613
      3.1003,      41.000,      10.000,     0.61490,     0.64640,      4.4939,      4.5858,     0.40000,      3.7243,    -0.15580,      2.0000,     0.12455,      1.1393,     0.12370,      1.1029,     0.12767,      1.1303,     0.12810,      1.1282,     0.12280,      1.0601,     0.10958,     0.97876,      18.184,      3.7215,      3.6627
      3.1336,      43.000,      10.000,     0.62447,     0.65325,      4.5177,      4.6029,     0.30000,      3.1433,    -0.26278,      2.0000,     0.14379,      1.2884,     0.14195,      1.2475,     0.14708,      1.2846,     0.14684,      1.2831,     0.14011,      1.2138,     0.12582,      1.1324,      8.1289,      3.7216,      3.6548
      3.1669,      43.000,      10.000,     0.62799,     0.65645,      4.5309,      4.6160,     0.40000,      3.8503,    -0.32000,      2.0000,     0.15588,      1.4289,     0.15424,      1.3650,     0.15965,      1.4026,     0.15940,      1.4016,     0.15185,      1.3313,     0.13585,      1.2409,      3.3738,      3.7215,      3.6630
      3.2003,      45.000,      10.000,     0.62567,     0.65470,      4.5242,      4.6105,     0.40000,      3.6945,    -0.33885,      2.0000,     0.16959,      1.5200,     0.16781,      1.4644,     0.17365,      1.5024,     0.17338,      1.5109,     0.16541,      1.4127,     0.14832,      1.3132,      10.832,      3.7215,      3.6627
      3.2336,      39.000,      10.000,     0.62504,     0.65383,      4.5257,      4.6113,     0.50000,      2.9967,    -0.33596,      2.0000,     0.17483,      1.5864,     0.17314,      1.5458,     0.17911,      1.5932,     0.17902,      1.5838,     0.17092,      1.4760,     0.15328,      1.3946,      5.2806,      3.7220,      3.6675
      3.2669,      42.000,      10.000,     0.62438,     0.65342,      4.5206,      4.6067,     0.40000,      3.5041,    -0.31810,      2.0000,     0.18013,      1.6525,     0.17835,      1.5910,     0.18458,      1.6386,     0.18454,      1.6385,     0.17587,      1.5212,     0.15659,      1.4308,      7.1372,      3.7216,      3.6622
      3.3003,      43.000,      10.000,     0.62338,     0.65348,      4.5172,      4.6065,     0.40000,      4.3062,    -0.29899,      2.0000,     0.18492,      1.6692,     0.18323,      1.6181,     0.18969,      1.6749,     0.18950,      1.6749,     0.17997,      1.5573,     0.15895,      1.4488,      2.6687,      3.7214,      3.6639
      3.3336,      42.000,      10.000,     0.62667,     0.65442,      4.5303,      4.6130,     0.50000,      3.4545,    -0.43329,      2.0000,     0.21367,      1.9756,     0.21095,      1.9255,     0.21857,      1.9744,     0.21753,      1.9392,     0.20679,      1.8375,     0.18565,      1.7200,      10.237,      3.7218,      3.6688
      3.3669,      39.000,      10.000,     0.62967,     0.65654,      4.5380,      4.6183,     0.50000,      2.3207,    -0.51069,      2.0000,     0.28032,      2.6048,     0.27795,      2.5402,     0.28562,      2.6187,     0.28669,      2.5679,     0.27754,      2.4432,     0.25558,      2.3619,      4.1802,      3.7223,      3.6619
      3.4003,      40.000,      10.000,     0.63015,     0.65717,      4.5424,      4.6230,     0.60000,      2.2705,    -0.56135,      2.0000,     0.33860,      3.1844,     0.33625,      3.0916,     0.34542,      3.1633,     0.34655,      3.1328,     0.33573,      2.9675,     0.31075,      2.8952,      2.3331,      3.7226,      3.6671
      3.4336,      44.000,      10.000,     0.62819,     0.65572,      4.5307,      4.6128,     0.40000,      2.4039,    -0.66291,      2.0000,     0.38118,      3.6892,     0.37769,      3.5617,     0.38905,      3.6352,     0.39104,      3.6157,     0.37909,      3.4105,     0.34958,      3.3291,      3.4092,      3.7220,      3.6567
      3.4669,      45.000,      10.000,     0.62600,     0.65369,      4.5305,      4.6129,     0.60000,      2.3196,    -0.59638,      2.0000,     0.40906,      3.8964,     0.40672,      3.7515,     0.41817,      3.8349,     0.42020,      3.8344,     0.40613,      3.6003,     0.37025,      3.4557,      2.0197,      3.7226,      3.6675
      3.5003,      42.000,      10.000,     0.62309,     0.65265,      4.5191,      4.6066,     0.50000,      2.4542,    -0.50701,      2.0000,     0.42113,      4.0042,     0.41789,      3.8058,     0.43088,      3.8984,     0.43264,      3.9164,     0.41711,      3.6636,     0.37715,      3.4918,      2.2621,      3.7222,      3.6628
      3.5336,      38.000,      10.000,     0.62096,     0.65161,      4.5169,      4.6074,     0.60000,      2.4459,    -0.39651,      2.0000,     0.43117,      4.0371,     0.42899,      3.8238,     0.44133,      3.9166,     0.44358,      3.9438,     0.42754,      3.6907,     0.38628,      3.4918,      5.5176,      3.7226,      3.6694
      3.5669,      43.000,      10.000,     0.62007,     0.65062,      4.5144,      4.6043,     0.60000,      2.3111,    -0.27467,      2.0000,     0.42785,      3.9957,     0.42489,      3.8148,     0.43812,      3.9075,     0.43987,      3.9347,     0.42299,      3.6817,     0.38128,      3.5009,      4.1327,      3.7227,      3.6682
      3.6003,      46.000,      10.000,     0.61914,     0.64912,      4.5149,      4.6028,     0.70000,      2.3447,    -0.15309,      2.0000,     0.43291,      3.9875,     0.43095,      3.7877,     0.44333,      3.8893,     0.44526,      3.9164,     0.43009,      3.6636,     0.38851,      3.4647,      2.6658,      3.7229,      3.6741
      3.6336,      44.000,      10.000,     0.62327,     0.65234,      4.5234,      4.6096,     0.60000,      2.3128,    -0.17541,      2.0000,     0.43110,      4.0123,     0.42835,      3.8238,     0.44118,      3.9166,     0.44329,      3.9620,     0.42854,      3.7088,     0.38893,      3.5189,      3.0581,      3.7227,      3.6682
      3.6669,      42.000,      10.000,     0.62086,     0.65204,      4.5166,      4.6087,     0.60000,      2.2427,   -0.030277,      2.0000,     0.43175,      4.0289,     0.42838,      3.8238,     0.44180,      3.9166,     0.44336,      3.9438,     0.42818,      3.6907,     0.38953,      3.5189,      3.5494,      3.7227,      3.6676
      3.7003,      43.000,      10.000,     0.62058,     0.65251,      4.5188,      4.6131,     0.70000,      2.1952,    0.088812,      2.0000,     0.43397,      4.0206,     0.43101,      3.8329,     0.44426,      3.9166,     0.44570,      3.9529,     0.43095,      3.6997,     0.39252,      3.5370,      2.1408,      3.7231,      3.6727
      3.7336,      45.000,      10.000,     0.61908,     0.65036,      4.5147,      4.6067,     0.70000,      2.1094,     0.18011,      2.0000,     0.43368,      4.0042,     0.43178,      3.8419,     0.44391,      3.9438,     0.44664,      3.9620,     0.43337,      3.7269,     0.39446,      3.5370,      2.5045,      3.7231,      3.6716
      3.7669,      43.000,      10.000,     0.62081,     0.65200,      4.5164,      4.6086,     0.60000,      2.2080,     0.25287,      2.0000,     0.43947,      4.0454,     0.43659,      3.8690,     0.44978,      3.9529,     0.45201,      3.9893,     0.43702,      3.7359,     0.39686,      3.5461,      2.6128,      3.7228,      3.6674
      3.8003,      43.000,      10.000,     0.61920,     0.65017,      4.5181,      4.6093,     0.80000,      2.1035,     0.30704,      2.0000,     0.44453,      4.0787,     0.44208,      3.9052,     0.45507,      4.0073,     0.45657,      4.0349,     0.44200,      3.7811,     0.40142,      3.5913,      3.3143,      3.7234,      3.6766
      3.8336,      48.000,      10.000,     0.62255,     0.65283,      4.5244,      4.6140,     0.70000,      2.1238,     0.22019,      2.0000,     0.44807,      4.1615,     0.44486,      3.9775,     0.45857,      4.0708,     0.46008,      4.0987,     0.44466,      3.8444,     0.40555,      3.6817,      3.6965,      3.7231,      3.6717
      3.8669,      40.000,      10.000,     0.62290,     0.65379,      4.5225,      4.6140,     0.60000,      2.0581,     0.31839,      2.0000,     0.45114,      4.1696,     0.44775,      3.9685,     0.46152,      4.0618,     0.46396,      4.0987,     0.44871,      3.8444,     0.40839,      3.6726,      2.6295,      3.7229,      3.6656
      3.9003,      48.000,      10.000,     0.62038,     0.65133,      4.5183,      4.6097,     0.70000,      2.1578,     0.39583,      2.0000,     0.44972,      4.1779,     0.44615,      3.9866,     0.46037,      4.0890,     0.46149,      4.1169,     0.44641,      3.8534,     0.40728,      3.6726,      1.6359,      3.7231,      3.6723
      3.9336,      49.000,      10.000,     0.62110,     0.65121,      4.5206,      4.6095,     0.70000,      1.9954,     0.45589,      2.0000,     0.44910,      4.1531,     0.44580,      4.0046,     0.45949,      4.1072,     0.46162,      4.1260,     0.44678,      3.8805,     0.40678,      3.6997,      2.4905,      3.7232,      3.6695
      3.9669,      43.000,      10.000,     0.62157,     0.65209,      4.5195,      4.6098,     0.60000,      2.0853,     0.50381,      2.0000,     0.45655,      4.2110,     0.45317,      4.0227,     0.46713,      4.1162,     0.46929,      4.1351,     0.45354,      3.8986,     0.41156,      3.7088,      3.0750,      3.7229,      3.6668
      4.0003,      42.000,      10.000,     0.62065,     0.65133,      4.5169,      4.6074,     0.60000,      2.0831,     0.54695,      2.0000,     0.45424,      4.2358,     0.45047,      4.0498,     0.46478,      4.1435,     0.46655,      4.1716,     0.45084,      3.9077,     0.40969,      3.7178,      2.3289,      3.7229,      3.6667
      4.0336,      38.000,      10.000,     0.62097,     0.65235,      4.5231,      4.6156,     0.80000,      2.0797,     0.46156,      2.0000,     0.46421,      4.2524,     0.46133,      4.0860,     0.47504,      4.1798,     0.47652,      4.2080,     0.46307,      3.9438,     0.42409,      3.7811,      3.0423,      3.7235,      3.6762
      4.0669,      42.000,      10.000,     0.61854,     0.65062,      4.5144,      4.6086,     0.70000,      1.9798,     0.54569,      2.0000,     0.45587,      4.2358,     0.45177,      4.0498,     0.46636,      4.1525,     0.46781,      4.1807,     0.45323,      3.9077,     0.41509,      3.7721,      3.3910,      3.7233,      3.6700
      4.1003,      47.000,      10.000,     0.62183,     0.65211,      4.5234,      4.6130,     0.70000,      2.0356,     0.61180,      2.0000,     0.45761,      4.2607,     0.45463,      4.0408,     0.46819,      4.1525,     0.47032,      4.1716,     0.45621,      3.9167,     0.41636,      3.7359,      5.1056,      3.7233,      3.6710
      4.1336,      45.000,      10.000,     0.61972,     0.64914,      4.5175,      4.6039,     0.70000,      2.0065,     0.65390,      2.0000,     0.46199,      4.2690,     0.45946,      4.0589,     0.47241,      4.1616,     0.47517,      4.1807,     0.46070,      3.9348,     0.42047,      3.7721,      2.3686,      3.7233,      3.6705
      4.1669,      42.000,      10.000,     0.62119,     0.65195,      4.5186,      4.6095,     0.60000,      2.0169,     0.68022,      2.0000,     0.45838,      4.2607,     0.45557,      4.0589,     0.46878,      4.1707,     0.47208,      4.1898,     0.45891,      3.9348,     0.41927,      3.7721,      5.6718,      3.7230,      3.6657
      4.2003,      42.000,      10.000,     0.62028,     0.65081,      4.5189,      4.6090,     0.70000,      2.1123,     0.70709,      2.0000,     0.45777,      4.2855,     0.45482,      4.0679,     0.46833,      4.1707,     0.47008,      4.2080,     0.45506,      3.9438,     0.41532,      3.7811,      2.8232,      3.7232,      3.6723
      4.2336,      43.000,      10.000,     0.62084,     0.65078,      4.5207,      4.6091,     0.70000,      2.0186,     0.60447,      2.0000,     0.46084,      4.2855,     0.45722,      4.0950,     0.47145,      4.1979,     0.47312,      4.2353,     0.45949,      3.9619,     0.42180,      3.8173,      2.3401,      3.7233,      3.6707
      4.2669,      46.000,      10.000,     0.61957,     0.65072,      4.5202,      4.6120,     0.80000,      1.9944,     0.66763,      2.0000,     0.46075,      4.2772,     0.45703,      4.0860,     0.47128,      4.1888,     0.47254,      4.2171,     0.45768,      3.9619,     0.41836,      3.7901,      6.1303,      3.7236,      3.6750
      4.3003,      42.000,      10.000,     0.62091,     0.65194,      4.5178,      4.6094,     0.60000,      2.0247,     0.71520,      2.0000,     0.45844,      4.2690,     0.45552,      4.0769,     0.46891,      4.1888,     0.47205,      4.2080,     0.45852,      3.9438,     0.41928,      3.7901,      4.7173,      3.7230,      3.6657
      4.3336,      46.000,      10.000,     0.62118,     0.65176,      4.5216,      4.6119,     0.70000,      2.0081,     0.74628,      2.0000,     0.45424,      4.2772,     0.45084,      4.0950,     0.46464,      4.1798,     0.46654,      4.2080,     0.45289,      3.9619,     0.41583,      3.7992,      3.2412,      3.7233,      3.6705
      4.3669,      45.000,      10.000,     0.61854,     0.64904,      4.5140,      4.6034,     0.70000,      2.1337,     0.71731,      2.0000,     0.47185,      4.2441,     0.47011,      4.2487,     0.48270,      4.3613,     0.48548,      4.3720,     0.47261,      4.1156,     0.43361,      3.9800,      1.5430,      3.7232,      3.6727
      4.4003,      37.000,      10.000,     0.61096,     0.64636,      4.4907,      4.5923,     0.60000,      2.5693,     0.78560,      2.0000,     0.49636,      4.4925,     0.49391,      4.5109,     0.50817,      4.6426,     0.51038,      4.6272,     0.48945,      4.3416,     0.43635,      4.0794,      3.2714,      3.7226,      3.6711
      4.4336,      43.000,      10.000,     0.61620,     0.64787,      4.5077,      4.6002,     0.70000,      2.8872,     0.67246,      2.0000,     0.52576,      4.6995,     0.52295,      4.6826,     0.53873,      4.8332,     0.53892,      4.8003,     0.51546,      4.5224,     0.45650,      4.1789,      2.6142,      3.7226,      3.6800
      4.4669,      41.000,      10.000,     0.60590,     0.64048,      4.4805,      4.5784,     0.70000,      3.0942,     0.75727,      2.0000,     0.53119,      4.9222,     0.52735,      4.9357,     0.54500,      5.0238,     0.54435,      5.0190,     0.51875,      4.7574,     0.45886,      4.3506,      1.4123,      3.7224,      3.6815
      4.5003,      45.000,      10.000,     0.58320,     0.62480,      4.4257,      4.5319,     0.70000,      3.1529,     0.80975,      2.0000,     0.54592,      5.1549,     0.54310,      5.1256,     0.56060,      5.2779,     0.56111,      5.3014,     0.53685,      4.9382,     0.47626,      4.5947,      1.4760,      3.7224,      3.6817
      4.5336,      46.000,      10.000,     0.56579,     0.61016,      4.3879,      4.4915,     0.70000,      3.0225,     0.77596,      2.0000,     0.55719,      5.5432,     0.55200,      5.4691,     0.57275,      5.6409,     0.57210,      5.6659,     0.54989,      5.2546,     0.49247,      4.8388,      4.8193,      3.7225,      3.6812
      4.5669,      44.000,      10.000,     0.54366,     0.59057,      4.3428,      4.4430,     0.70000,      3.0062,     0.73167,      2.0000,     0.57278,      5.7096,     0.56751,      5.8668,     0.58971,      6.0493,     0.58938,      6.1215,     0.56418,      5.6523,     0.49506,      5.2817,      20.482,      3.7225,      3.6811
      4.6003,      47.000,      10.000,     0.52311,     0.57038,      4.3046,      4.3982,     0.70000,      2.5837,     0.76215,      2.0000,     0.60519,      6.1318,     0.60214,      6.3188,     0.62314,      6.5394,     0.62618,      6.6409,     0.60024,      6.0682,     0.51624,      5.6795,      2.5919,      3.7228,      3.6771
      4.6336,      45.000,      10.000,     0.56971,     0.61314,      4.3963,      4.4994,     0.70000,      2.9633,     0.55603,      2.0000,     0.69220,      6.8439,     0.68810,      6.8070,     0.71254,      6.9570,     0.71376,      6.9598,     0.68169,      6.5654,     0.59186,      5.7518,      5.2414,      3.7225,      3.6807
      4.6669,      43.000,      10.000,     0.56207,     0.60618,      4.3803,      4.4813,     0.70000,      2.8370,     0.55568,      2.0000,     0.69765,      7.0674,     0.69299,      6.9154,     0.71811,      7.1657,     0.71926,      7.2240,     0.68596,      6.6467,     0.59244,      6.0049,      248.00,      3.7226,      3.6795
      4.7003,      34.000,      10.000,     0.55728,     0.60116,      4.3737,      4.4718,     0.80000,      2.7447,     0.56881,      2.0000,     0.71223,      7.2496,     0.70468,      7.2318,     0.73313,      7.4288,     0.73232,      7.4518,     0.69838,      6.9269,     0.60388,      6.2309,      284.69,      3.7229,      3.6847
      4.7336,      41.000,      10.000,     0.55420,     0.59722,      4.3641,      4.4591,     0.70000,      2.7766,     0.55571,      2.0000,     0.74456,      7.4637,     0.73495,      7.4850,     0.76676,      7.7102,     0.76532,      7.7434,     0.72500,      7.1891,     0.62613,      6.5202,      20.054,      3.7227,      3.6790
      4.7669,      42.000,      10.000,     0.54975,     0.59334,      4.3555,      4.4498,     0.70000,      2.5610,     0.56062,      2.0000,     0.76093,      7.6387,     0.75362,      7.7923,     0.78345,      8.0188,     0.78423,      8.0805,     0.74797,      7.4874,     0.64223,      6.7100,      6.1339,      3.7228,      3.6769
      4.8003,      43.000,      10.000,     0.54822,     0.59093,      4.3493,      4.4412,     0.60000,      2.5305,     0.57355,      2.0000,     0.78681,      7.9450,     0.78008,      8.2353,     0.81041,      8.4453,     0.81268,      8.4359,     0.77589,      7.9032,     0.66480,      6.9360,      33.148,      3.7226,      3.6708
      4.8336,      43.000,      10.000,     0.60174,     0.63580,      4.4695,      4.5634,     0.70000,      2.7965,     0.29514,      2.0000,     0.91307,      8.6157,     0.90565,      8.3166,     0.93857,      8.5724,     0.93903,      8.5908,     0.88966,      7.9846,     0.76993,      7.0806,      2.6812,      3.7226,      3.6785
      4.8669,      45.000,      10.000,     0.61158,     0.64339,      4.4945,      4.5863,     0.70000,      2.8892,     0.22012,      2.0000,     0.94035,      8.7150,     0.93004,      8.4161,     0.96623,      8.6813,     0.96387,      8.6728,     0.91064,      8.0840,     0.78485,      7.1891,     0.98797,      3.7225,      3.6794
      4.9003,      47.000,      10.000,     0.61166,     0.64263,      4.4948,      4.5841,     0.70000,      2.9169,     0.25756,      2.0000,     0.92772,      8.7395,     0.91538,      8.4793,     0.95299,      8.7630,     0.94892,      8.7548,     0.89523,      8.1292,     0.77836,      7.2343,      1.2638,      3.7225,      3.6797
      4.9336,      46.000,      10.000,     0.61115,     0.64272,      4.4934,      4.5842,     0.70000,      2.7765,     0.31657,      2.0000,     0.93746,      8.7316,     0.92756,      8.4612,     0.96303,      8.6994,     0.96126,      8.6910,     0.90640,      8.0931,     0.78364,      7.2433,      1.6827,      3.7226,      3.6784
      4.9669,      46.000,      10.000,     0.61124,     0.64272,      4.4937,      4.5842,     0.70000,      2.8160,     0.35605,      2.0000,     0.94414,      8.7398,     0.93337,      8.4793,     0.96981,      8.7357,     0.96715,      8.7092,     0.91232,      8.1383,     0.78947,      7.2614,      1.5950,      3.7225,      3.6787
      5.0003,      42.000,      10.000,     0.61451,     0.64532,      4.5023,      4.5917,     0.70000,      2.7491,     0.38547,      2.0000,     0.96444,      8.7398,     0.95590,      8.4612,     0.99060,      8.7357,     0.99009,      8.7184,     0.93303,      8.1292,     0.80268,      7.2343,      2.0770,      3.7226,      3.6781
      5.0336,      43.000,      10.000,     0.62039,     0.64982,      4.5215,      4.6084,     0.80000,      2.6412,     0.16676,      2.0000,     0.96150,      8.7150,     0.95005,      8.4341,     0.98738,      8.7539,     0.98488,      8.7092,     0.92700,      8.0931,     0.79578,      7.2162,     0.87075,      3.7229,      3.6830
      5.0669,      41.000,      10.000,     0.62016,     0.64940,      4.5209,      4.6072,     0.80000,      2.7199,     0.22681,      2.0000,     0.94800,      8.6078,     0.93671,      8.3347,     0.97343,      8.6450,     0.97068,      8.6090,     0.91496,      7.9846,     0.79038,      7.1439,      1.0302,      3.7229,      3.6839
      5.1002,      41.000,      10.000,     0.62182,     0.65177,      4.5256,      4.6144,     0.80000,      2.6957,     0.29873,      2.0000,     0.92736,      8.4994,     0.91596,      8.2262,     0.95241,      8.5179,     0.94945,      8.5088,     0.89375,      7.8852,     0.76796,      7.0354,      1.5777,      3.7229,      3.6837
      5.1336,      42.000,      10.000,     0.62262,     0.65185,      4.5279,      4.6147,     0.80000,      2.7177,     0.37871,      2.0000,     0.91229,      8.4004,     0.90116,      8.1177,     0.93687,      8.4362,     0.93370,      8.3904,     0.87992,      7.7767,     0.75876,      6.9090,     0.93242,      3.7229,      3.6839
      5.1669,      43.000,      10.000,     0.61917,     0.64888,      4.5181,      4.6055,     0.80000,      2.5929,     0.46313,      2.0000,     0.91955,      8.3010,     0.91096,      8.0454,     0.94426,      8.3183,     0.94358,      8.2992,     0.88977,      7.7134,     0.76330,      6.8366,     0.96014,      3.7230,      3.6824
      5.2002,      41.000,      10.000,     0.62146,     0.65115,      4.5222,      4.6101,     0.70000,      2.5978,     0.55652,      2.0000,     0.89500,      8.1930,     0.88616,      7.9369,     0.91898,      8.2275,     0.91845,      8.1990,     0.86619,      7.6140,     0.74475,      6.7733,      1.5710,      3.7228,      3.6773
      5.2336,      49.000,      10.000,     0.62201,     0.65120,      4.5260,      4.6125,     0.80000,      2.4517,     0.46441,      2.0000,     0.91383,      8.1437,     0.90213,      7.8646,     0.93828,      8.1640,     0.93609,      8.1534,     0.88322,      7.5507,     0.76223,      6.7552,      1.3302,      3.7231,      3.6809
      5.2669,      45.000,      10.000,     0.62129,     0.65044,      4.5248,      4.6111,     0.80000,      2.5416,     0.62145,      2.0000,     0.87568,      8.0113,     0.86711,      7.7561,     0.89892,      8.0551,     0.89813,      8.0441,     0.85094,      7.4603,     0.73520,      6.7010,      1.3153,      3.7231,      3.6825
      5.3002,      39.000,      10.000,     0.62116,     0.65230,      4.5243,      4.6164,     0.80000,      2.3089,     0.81883,      2.0000,     0.87348,      7.9036,     0.86390,      7.6567,     0.89633,      7.9462,     0.89616,      7.9530,     0.84808,      7.3609,     0.73078,      6.6286,      1.5608,      3.7233,      3.6800
      5.3336,      45.000,      10.000,     0.62260,     0.65180,      4.5254,      4.6120,     0.70000,      2.0895,      1.1438,      2.0000,     0.86426,      7.8374,     0.85284,      7.5482,     0.88694,      7.8554,     0.88626,      7.8436,     0.83690,      7.2705,     0.72419,      6.5111,      1.1836,      3.7232,      3.6719
      5.3669,      39.000,      10.000,     0.62132,     0.64957,      4.5224,      4.6055,     0.70000,      1.8748,      1.3533,      2.0000,     0.85326,      7.7215,     0.84358,      7.4669,     0.87525,      7.7919,     0.87815,      7.7616,     0.83018,      7.1801,     0.71486,      6.4569,      2.4890,      3.7234,      3.6680
      5.4002,      47.000,      10.000,     0.62036,     0.64869,      4.5167,      4.5994,     0.60000,      1.8440,      1.4986,      2.0000,     0.82461,      7.7049,     0.81399,      7.4398,     0.84629,      7.7374,     0.84763,      7.7069,     0.80023,      7.1439,     0.69326,      6.3755,      1.0192,      3.7231,      3.6630
      5.4336,      45.000,      10.000,     0.62123,     0.64919,      4.5167,      4.5986,     0.50000,      1.8386,      1.5976,      2.0000,     0.83463,      7.6383,     0.82438,      7.3765,     0.85700,      7.6830,     0.85795,      7.6614,     0.80573,      7.0716,     0.69266,      6.3032,      1.2591,      3.7229,      3.6593
      5.4669,      42.000,      10.000,     0.61427,     0.64394,      4.4978,      4.5829,     0.50000,      1.8621,      1.6609,      2.0000,     0.81878,      7.5807,     0.80813,      7.3584,     0.84112,      7.6104,     0.84089,      7.5885,     0.78557,      7.0354,     0.67085,      6.2399,      1.1782,      3.7229,      3.6596
      5.5002,      43.000,      10.000,     0.59090,     0.62880,      4.4465,      4.5447,     0.70000,      1.7324,      1.7064,      2.0000,     0.79304,      7.5153,     0.77775,      7.2047,     0.81400,      7.4470,     0.81185,      7.4609,     0.76330,      6.9179,     0.65755,      6.1766,      11.191,      3.7237,      3.6663
      5.5336,      44.000,      10.000,     0.54458,     0.58354,      4.3406,      4.4227,     0.50000,      1.8981,      1.6897,      2.0000,     0.69836,      7.3241,     0.68764,      7.1414,     0.71967,      7.4107,     0.71967,      7.3607,     0.68144,      6.8456,     0.57754,      5.9507,      28.845,      3.7228,      3.6601
      5.5669,      40.000,      10.000,     0.51372,     0.56980,      4.2857,      4.3958,     0.60000,      1.6525,      1.4432,      2.0000,     0.54558,      7.2330,     0.53305,      6.7527,     0.56335,      6.9478,     0.55856,      6.8595,     0.50441,      6.4840,     0.38869,      5.0376,      659.41,      3.7233,      3.6600
      5.6002,      42.000,      10.000,     0.71099,     0.74289,      4.7992,      4.9075,     0.70000,      1.4100,    -0.17540,      2.0000,    0.015777,      12.176,    0.015640,    -0.55143,    0.015966,      12.275,    0.016161,      4.0349,    0.016051,      9.1959,    0.015372,      2.6873,      603.22,      3.7238,      3.6588
      5.6336,      43.000,      10.000,     0.74451,     0.76006,      4.9887,      5.0389,      2.4000,      1.4100,    -0.17458,      2.0000,    0.017479,      8.4741,    0.017591,      24.579,    0.017686,      8.2729,    0.017560,     0.15324,    0.017365,      5.5619,    0.016791,     0.13789,      967.31,      3.7320,      3.7422
      5.6669,      43.000,      10.000,     0.71270,     0.73736,      4.7817,      4.8653,      0.0000,      1.4100,    -0.16768,      2.0000,    0.023350,      8.2845,    0.022918,      24.435,    0.023593,      8.1277,    0.023878,   0.0074557,    0.023841,      5.4263,    0.023353,    0.029584,      736.83,      3.7210,      3.6350
      5.7002,      43.000,      10.000,     0.73787,     0.75944,      4.9673,      5.0369,      2.4000,      1.4100,    -0.16192,      2.0000,    0.023898,      8.3010,    0.024132,      24.426,    0.024199,      8.1095,    0.024000,   -0.010768,    0.023716,      5.4173,    0.022979,    0.011505,      299.97,      3.7320,      3.7422
      5.7336,      43.000,      10.000,     0.74583,     0.76736,      5.2660,      5.3620,      4.3000,      1.4100,    -0.15900,      2.0000,    0.024270,      8.2845,    0.024285,      24.435,    0.023635,      8.1186,    0.023700,   -0.010768,    0.024079,      5.4173,    0.022642,  -0.0065745,      259.54,      3.7431,      3.8652
      5.7669,      45.000,      10.000,     0.74347,     0.75879,      4.9696,      5.0184,      2.2000,      1.4100,    -0.15294,      2.0000,    0.017469,      8.2762,    0.017490,      24.426,    0.017690,      8.1095,    0.017619,  -0.0016558,    0.017421,      5.4173,    0.016722,    0.020545,      366.12,      3.7310,      3.7296
      5.8002,      39.000,      10.000,     0.71572,     0.76188,      5.1627,      5.2730,      6.4000,      1.4100,    -0.14788,      2.0000,    0.027424,      8.2849,    0.029225,      24.435,    0.030284,      8.1186,    0.031432,  -0.0016558,    0.029250,      5.4263,    0.025358,   0.0024650,      159.72,      3.7584,      3.9644
      5.8336,      45.000,      10.000,     0.71463,     0.73795,      4.7913,      4.8704,     0.10000,      1.4100,   -0.094338,      2.0000,    0.022962,      9.6837,    0.022586,      26.360,    0.023181,      10.161,    0.023467,      1.7843,    0.023130,      7.1891,    0.022405,      1.0240,      1881.6,      3.7214,      3.6384
      5.8669,      43.000,      10.000,     0.71904,     0.73793,      4.8036,      4.8672,      0.0000,      1.4100,   -0.095428,      2.0000,    0.020025,      10.114,    0.019681,      15.648,    0.020307,      10.796,    0.020525,      2.4039,    0.020302,      7.7948,    0.019309,      1.6839,      1421.8,      3.7210,      3.6350
      5.9002,      43.000,      10.000,     0.70255,     0.73647,      4.7481,      4.8623,      0.0000,      1.4100,   -0.094359,      2.0000,    0.032026,      10.271,    0.031540,      7.0330,    0.032437,      11.005,    0.033140,      2.7319,    0.033245,      8.0569,    0.032398,      1.9551,      534.78,      3.7210,      3.6350
      5.9336,      46.000,      10.000,     0.72167,     0.73817,      4.8118,      4.8681,      0.0000,      1.4100,   -0.092942,      2.0000,    0.017793,      10.280,    0.017543,      5.9030,    0.018065,      11.068,    0.018309,      2.8048,    0.017880,      8.1021,    0.016552,      2.0545,      1833.9,      3.7210,      3.6350
      5.9669,      44.000,      10.000,     0.74794,     0.76769,      5.2728,      5.3559,      4.6000,      1.4100,   -0.090567,      2.0000,    0.025705,      10.238,    0.024994,      7.2409,    0.025416,      11.041,    0.026003,      2.8230,    0.026256,      8.0931,    0.024226,      2.0726,      1963.5,      3.7452,      3.8814
      6.0002,      45.000,      10.000,     0.70864,     0.73741,      4.7719,      4.8686,     0.10000,      1.4100,   -0.089092,      2.0000,    0.028775,      10.189,    0.028301,      9.1392,    0.029128,      11.005,    0.029404,      2.7957,    0.029165,      8.0117,    0.028321,      2.0816,      2205.7,      3.7214,      3.6384
      6.0336,      38.000,      10.000,     0.72104,     0.74115,      4.8224,      4.8910,     0.40000,      1.4100,   -0.085902,      2.0000,    0.020874,      10.470,    0.020569,      26.550,    0.021127,      10.324,    0.021262,      2.1852,    0.020943,      7.4332,    0.020221,      1.6025,      2379.5,      3.7226,      3.6486
      6.0669,      44.000,      10.000,     0.71062,     0.73717,      4.7751,      4.8647,      0.0000,      1.4100,   -0.081740,      2.0000,    0.024511,      10.329,    0.024089,      26.233,    0.024817,      10.124,    0.025076,      2.0485,    0.024782,      7.1168,    0.023822,      1.4760,      1342.6,      3.7210,      3.6350
      6.1002,      48.000,      10.000,     0.71636,     0.73769,      4.7940,      4.8664,      0.0000,      1.4100,   -0.078645,      2.0000,    0.020741,      10.180,    0.020403,      26.125,    0.020971,      10.024,    0.021339,      1.9392,    0.021210,      7.0173,    0.020559,      1.3856,      1467.3,      3.7210,      3.6350
      6.1336,      45.000,      10.000,     0.73149,     0.76530,      5.1156,      5.2048,      5.6000,      1.4100,   -0.074625,      2.0000,    0.033468,      10.089,    0.034742,      26.062,    0.034664,      9.9428,    0.035194,      1.8572,    0.034619,      6.9541,    0.029954,      1.3313,      1895.5,      3.7528,      3.9288
      6.1669,      47.000,      10.000,     0.69892,     0.73628,      4.7466,      4.8719,     0.30000,      3.5225,   -0.073070,      2.0000,    0.034354,      10.040,    0.033944,      26.007,    0.034740,      9.8974,    0.035073,      1.8025,    0.035275,      6.9089,    0.035211,      1.2680,      677.21,      3.7214,      3.6554
      6.2002,      44.000,      10.000,     0.74090,     0.76264,      5.0182,      5.0909,      2.9000,      1.4100,   -0.070923,      2.0000,    0.023176,      9.8907,    0.023542,      25.917,    0.023459,      9.7522,    0.023183,      1.6111,    0.022862,      6.8185,    0.022322,      1.0511,      1740.2,      3.7345,      3.7737
      6.2336,      41.000,      10.000,     0.72375,     0.75033,      4.8679,      4.9588,      1.4000,      1.4100,   -0.073744,      2.0000,    0.023345,      9.6171,    0.023413,      25.682,    0.023673,      9.4618,    0.023728,      1.2740,    0.023707,      6.5925,    0.023302,     0.77085,      1080.0,      3.7270,      3.6882
      6.2669,      39.000,      10.000,     0.73290,     0.76017,      4.9669,      5.0561,      2.6000,      1.4100,   -0.070949,      2.0000,    0.028035,      9.4353,    0.028460,      25.510,    0.028320,      9.2712,    0.028023,      1.0644,    0.027630,      6.4026,    0.027030,     0.56293,      825.69,      3.7330,      3.7548
      6.3002,      47.000,      10.000,     0.68464,     0.73854,      4.7076,      4.8853,     0.50000,      1.4100,   -0.070605,      2.0000,    0.022935,      9.2697,    0.022678,      25.366,    0.023231,      9.1351,    0.023526,     0.92775,    0.023423,      6.2761,    0.022561,     0.43637,      914.12,      3.7230,      3.6520
      6.3336,      43.000,      10.000,     0.70778,     0.73692,      4.7662,      4.8639,      0.0000,      1.7982,   -0.070141,      2.0000,    0.027335,      9.1704,    0.026938,      25.266,    0.027644,      9.0352,    0.028405,     0.82752,    0.028684,      6.1766,    0.027997,     0.33694,      541.02,      3.7210,      3.6350
      6.3669,      48.000,      10.000,     0.74607,     0.76771,      5.2627,      5.3476,      5.0000,      1.4100,   -0.069857,      2.0000,    0.027307,      9.0876,    0.027414,      25.185,    0.027331,      8.9536,    0.027670,     0.73640,    0.028146,      6.0953,    0.024993,     0.30078,      1868.5,      3.7480,      3.9030
      6.4002,      44.000,      10.000,     0.71130,     0.73765,      4.7803,      4.8694,     0.10000,      1.4100,   -0.068601,      2.0000,    0.023062,      9.0213,    0.022737,      25.122,    0.023322,      8.8810,    0.023857,     0.68173,    0.024086,      6.0410,    0.023682,     0.25558,      1398.3,      3.7214,      3.6384
      6.4336,      43.000,      10.000,     0.71502,     0.73756,      4.7890,      4.8660,      0.0000,      1.4100,   -0.066801,      2.0000,    0.022905,      8.9717,    0.022541,      25.067,    0.023181,      8.8265,    0.023604,     0.63617,    0.023433,      6.0049,    0.022725,     0.21038,      1263.1,      3.7210,      3.6350
      6.4669,      44.000,      10.000,     0.73566,     0.75691,      4.9298,      4.9965,      2.0000,      1.4100,   -0.064838,      2.0000,    0.023580,      8.9468,    0.023702,      25.031,    0.023927,      8.7811,    0.023884,     0.59061,    0.023684,      5.9597,    0.022880,     0.19230,      675.36,      3.7300,      3.7170
      6.5002,      46.000,      10.000,     0.70767,     0.74037,      4.8684,      4.9741,      2.4000,      3.1495,   -0.063229,      2.0000,    0.031856,      8.8972,    0.032981,      25.004,    0.032928,      8.7448,    0.031980,     0.55417,    0.030585,      5.9326,    0.029274,     0.18326,      711.94,      3.7270,      3.8187
      6.5336,      45.000,      10.000,     0.72063,     0.74463,      4.8337,      4.9173,     0.80000,      1.4100,   -0.060939,      2.0000,    0.024273,      8.8889,    0.024113,      24.968,    0.024605,      8.7176,    0.024878,     0.53594,    0.024674,      5.9055,    0.023751,     0.16518,      1303.9,      3.7242,      3.6622
      6.5669,      44.000,      10.000,     0.72750,     0.74613,      4.8596,      4.9263,     0.90000,      1.4100,   -0.061066,      2.0000,    0.020075,      8.8471,    0.019834,      24.941,    0.020357,      8.6904,    0.020447,     0.51772,    0.020177,      5.8783,    0.019294,     0.14710,      578.86,      3.7246,      3.6656
      6.6002,      42.000,      10.000,     0.72319,     0.74936,      4.8615,      4.9520,      1.3000,      1.4100,   -0.057936,      2.0000,    0.026735,      8.8223,    0.026755,      24.932,    0.027122,      8.6722,    0.027231,     0.49949,    0.027033,      5.8603,    0.026294,     0.13806,      1012.1,      3.7265,      3.6834
      6.6336,      42.000,      10.000,     0.73341,     0.75122,      4.9009,      4.9618,      1.4000,      1.4100,   -0.054692,      2.0000,    0.019164,      8.8144,    0.019154,      24.914,    0.019416,      8.6541,    0.019489,     0.48127,    0.019442,      5.8603,    0.018863,     0.12902,      727.95,      3.7270,      3.6882
      6.6669,      43.000,      10.000,     0.75064,     0.76625,      5.1784,      5.2418,      3.6000,      1.4100,   -0.053203,      2.0000,    0.018619,      8.8144,    0.018901,      24.905,    0.018617,      8.6541,    0.018397,     0.47216,    0.018257,      5.8512,    0.017689,     0.11998,      1031.6,      3.7386,      3.8214
      6.7002,      48.000,      10.000,     0.71031,     0.73714,      4.7742,      4.8646,      0.0000,      1.4464,   -0.049955,      2.0000,    0.026423,      8.8061,    0.025995,      24.905,    0.026703,      8.6450,    0.027263,     0.48127,    0.027541,      5.8512,    0.027083,     0.14710,      764.83,      3.7210,      3.6350
      6.7336,      42.000,      10.000,     0.72323,     0.75553,      5.7934,      5.9088,      8.0000,      1.4100,   -0.047708,      2.0000,    0.027859,      8.8226,    0.035256,      24.896,    0.037004,      8.6450,    0.038279,     0.47216,    0.035533,      5.8512,    0.031127,     0.14710,      1003.5,      3.7640,      4.0260
      6.7669,      40.000,      10.000,     0.72348,     0.75490,      4.8877,      4.9877,      1.9000,      1.4100,   -0.045580,      2.0000,    0.029256,      8.8144,    0.029636,      24.905,    0.029738,      8.6450,    0.029633,     0.47216,    0.029496,      5.8512,    0.028931,     0.14710,      819.98,      3.7295,      3.7122
      6.8002,      47.000,      10.000,     0.73907,     0.75631,      4.9373,      4.9922,      1.9000,      1.4100,   -0.042851,      2.0000,    0.019298,      8.8309,    0.019229,      24.914,    0.019569,      8.6450,    0.019530,     0.47216,    0.019211,      5.8603,    0.018287,     0.15614,      686.07,      3.7295,      3.7122
      6.8336,      43.000,      10.000,     0.72059,     0.73849,      4.8115,      4.8722,     0.10000,      1.4100,   -0.038893,      2.0000,    0.018858,      8.8144,    0.018563,      24.896,    0.019106,      8.6450,    0.019327,     0.47216,    0.019212,      5.8422,    0.018393,     0.12902,      911.72,      3.7214,      3.6384
      6.8669,      43.000,      10.000,     0.71714,     0.73776,      4.7969,      4.8667,      0.0000,      1.4100,   -0.036633,      2.0000,    0.021161,      8.8226,    0.020828,      24.905,    0.021439,      8.6450,    0.021766,     0.48127,    0.021555,      5.8422,    0.020804,     0.12902,      973.57,      3.7210,      3.6350
      6.9002,      47.000,      10.000,     0.71233,     0.73774,      4.7836,      4.8697,     0.10000,      1.4100,   -0.033387,      2.0000,    0.024270,      8.8392,    0.023805,      24.923,    0.024578,      8.6631,    0.024516,     0.49949,    0.023874,      5.8603,    0.022693,     0.13806,      1210.3,      3.7214,      3.6384
      6.9336,      39.000,      10.000,     0.73155,     0.76063,      4.9706,      5.0665,      2.7000,      1.4100,   -0.029691,      2.0000,    0.030022,      8.8309,    0.030394,      24.923,    0.030289,      8.6722,    0.029971,     0.49949,    0.029525,      5.8693,    0.028793,     0.13806,      302.36,      3.7335,      3.7611
      6.9669,      49.000,      10.000,     0.72334,     0.73833,      4.8174,      4.8686,      0.0000,      1.4100,   -0.026333,      2.0000,    0.015836,      8.8640,    0.015592,      24.923,    0.016028,      8.6813,    0.016244,     0.50861,    0.015970,      5.8693,    0.015283,     0.16518,      866.51,      3.7210,      3.6350
      7.0002,      43.000,      10.000,     0.75225,     0.76675,      5.2096,      5.2707,      3.7000,      1.4100,   -0.024052,      2.0000,    0.017799,      8.8715,    0.017892,      24.932,    0.017775,      8.6904,    0.017623,     0.51772,    0.017487,      5.8783,    0.016850,     0.17422,      318.30,      3.7392,      3.8283
      7.0336,      42.000,      10.000,     0.71444,     0.73751,      4.7872,      4.8658,      0.0000,      1.4100,   -0.021586,      2.0000,    0.022853,      8.8723,    0.022472,      24.941,    0.023118,      8.6994,    0.023451,     0.51772,    0.023429,      5.8783,    0.022791,     0.19230,      1100.3,      3.7210,      3.6350
      7.0669,      44.000,      10.000,     0.74436,     0.76496,      5.1101,      5.1886,      3.4000,      1.4100,   -0.016908,      2.0000,    0.023577,      8.8640,    0.024320,      24.950,    0.023788,      8.7085,    0.023305,     0.53594,    0.023066,      5.8964,    0.022573,     0.15614,      885.79,      3.7374,      3.8076
      7.1002,      48.000,      10.000,     0.71906,     0.74272,      4.8220,      4.9034,     0.60000,      1.4100,   -0.013906,      2.0000,    0.024699,      8.8806,    0.024529,      24.968,    0.025050,      8.7176,    0.025462,     0.54505,    0.025334,      5.9055,    0.024349,     0.19230,      2006.8,      3.7234,      3.6554
      7.1336,      45.000,      10.000,     0.71365,     0.73744,      4.7847,      4.8656,      0.0000,      1.4100,   -0.013343,      2.0000,    0.023073,      8.9050,    0.022688,      24.968,    0.023406,      8.7357,    0.023606,     0.55413,    0.023191,      5.9145,    0.021998,     0.20125,      968.60,      3.7210,      3.6350
      7.1669,      49.000,      10.000,     0.73580,     0.75509,      4.9235,      4.9857,      1.8000,      1.4100,   -0.010667,      2.0000,    0.020615,      8.9137,    0.020770,      24.968,    0.020920,      8.7357,    0.020854,     0.56328,    0.020708,      5.9235,    0.020146,     0.20134,      530.03,      3.7290,      3.7074
      7.2002,      45.000,      10.000,     0.74337,     0.76487,      5.1063,      5.1882,      3.4000,      1.4100,  -0.0091970,      2.0000,    0.025489,      8.9303,    0.025977,      24.977,    0.025679,      8.7357,    0.025368,     0.56328,    0.025057,      5.9235,    0.024269,     0.19230,      1871.5,      3.7374,      3.8076
      7.2336,      44.000,      10.000,     0.70426,     0.73879,      4.7642,      4.8796,     0.30000,      1.4100,  -0.0069610,      2.0000,    0.027993,      8.9137,    0.027558,      24.995,    0.028258,      8.7539,    0.028464,     0.57239,    0.028240,      5.9326,    0.027685,     0.21942,      822.85,      3.7222,      3.6452
      7.2669,      40.000,      10.000,     0.72309,     0.73831,      4.8165,      4.8685,      0.0000,      1.4100,  -0.0043712,      2.0000,    0.015973,      8.9551,    0.015694,      25.004,    0.016151,      8.7630,    0.016379,     0.59061,    0.016379,      5.9416,    0.015647,     0.21038,      1322.5,      3.7210,      3.6350
      7.3002,      48.000,      10.000,     0.73797,     0.76062,      4.9835,      5.0576,      2.6000,      1.4100, -0.00075708,      2.0000,    0.025500,      8.9220,    0.025225,      25.004,    0.025588,      8.7720,    0.025547,     0.58150,    0.024951,      5.9416,    0.023916,     0.21038,      1058.7,      3.7330,      3.7548
      7.3336,      41.000,      10.000,     0.72642,     0.73862,      4.8281,      4.8696,      0.0000,      1.4100,   0.0027033,      2.0000,    0.013437,      8.9386,    0.013235,      25.013,    0.013634,      8.7720,    0.013786,     0.59061,    0.013555,      5.9507,    0.012735,     0.23750,      1632.2,      3.7210,      3.6350
      7.3669,      43.000,      10.000,     0.70256,     0.73778,      4.7549,      4.8730,     0.20000,      1.4100,   0.0050013,      2.0000,    0.030365,      8.9382,    0.029842,      25.022,    0.030706,      8.7811,    0.030935,     0.60884,    0.030839,      5.9597,    0.030243,     0.25558,      1043.4,      3.7218,      3.6418
      7.4002,      47.000,      10.000,     0.73485,     0.75135,      4.9058,      4.9623,      1.4000,      1.4100,   0.0073521,      2.0000,    0.018435,      8.9303,    0.018207,      25.013,    0.018679,      8.7811,    0.018677,     0.60884,    0.018367,      5.9597,    0.017480,     0.22846,      655.23,      3.7270,      3.6882
      7.4336,      45.000,      10.000,     0.70891,     0.73702,      4.7698,      4.8642,      0.0000,      1.4100,    0.011071,      2.0000,    0.025554,      8.9468,    0.025106,      25.022,    0.025837,      8.7993,    0.026210,     0.60884,    0.026253,      5.9597,    0.025676,     0.24654,      956.89,      3.7210,      3.6350
      7.4669,      45.000,      10.000,     0.72181,     0.75107,      4.8657,      4.9641,      1.5000,      1.4100,    0.011640,      2.0000,    0.028833,      8.9634,    0.028901,      25.040,    0.029267,      8.8083,    0.029283,     0.61795,    0.029162,      5.9687,    0.028780,     0.22846,      954.79,      3.7275,      3.6930
      7.5002,      42.000,      10.000,     0.70514,     0.73669,      4.7570,      4.8631,      0.0000,      1.4100,    0.013251,      2.0000,    0.027941,      8.9468,    0.027501,      25.049,    0.028257,      8.8083,    0.028916,     0.62706,    0.029120,      5.9778,    0.028734,     0.25558,      885.44,      3.7210,      3.6350
      7.5336,      47.000,      10.000,     0.73842,     0.75533,      4.9320,      4.9865,      1.8000,      1.4100,    0.012883,      2.0000,    0.018517,      8.9795,    0.018696,      25.040,    0.018781,      8.8083,    0.018787,     0.62706,    0.018786,      5.9778,    0.018360,     0.23750,      375.86,      3.7290,      3.7074
      7.5669,      45.000,      10.000,     0.71256,     0.73734,      4.7812,      4.8653,      0.0000,      1.4100,    0.014551,      2.0000,    0.024951,      8.9717,    0.024530,      25.049,    0.025242,      8.8083,    0.025574,     0.62706,    0.025428,      5.9687,    0.024726,     0.22846,      1465.9,      3.7210,      3.6350
      7.6002,      44.000,      10.000,     0.71274,     0.73736,      4.7818,      4.8653,      0.0000,      1.4100,    0.017268,      2.0000,    0.024253,      8.9717,    0.023884,      25.058,    0.024562,      8.8265,    0.024985,     0.64528,    0.025022,      5.9868,    0.024112,     0.23750,      1175.9,      3.7210,      3.6350
      7.6336,      43.000,      10.000,     0.71312,     0.74941,      4.8323,      4.9556,      1.4000,      1.4100,    0.017711,      2.0000,    0.032229,      8.9882,    0.032282,      25.067,    0.032717,      8.8265,    0.032700,     0.63617,    0.032549,      5.9959,    0.032057,     0.24663,      1698.6,      3.7270,      3.6882
      7.6669,      40.000,      10.000,     0.73402,     0.75138,      4.9357,      4.9934,      2.1000,      1.9313,    0.018590,      2.0000,    0.019939,      8.9721,    0.019791,      25.058,    0.020174,      8.8356,    0.020132,     0.64528,    0.019394,      5.9959,    0.018397,     0.27366,      627.58,      3.7283,      3.7556
      7.7002,      45.000,      10.000,     0.71349,     0.73743,      4.7842,      4.8656,      0.0000,      1.4100,    0.021435,      2.0000,    0.023510,      8.9717,    0.023085,      25.067,    0.023733,      8.8265,    0.024055,     0.64528,    0.024035,      5.9959,    0.023750,     0.27366,      917.15,      3.7210,      3.6350
      7.7336,      45.000,      10.000,     0.72716,     0.75155,      4.8837,      4.9657,      1.5000,      1.4100,    0.023085,      2.0000,    0.023501,      8.9969,    0.023137,      25.076,    0.023824,      8.8265,    0.023737,     0.64528,    0.023211,      5.9959,    0.022429,     0.27366,      1579.5,      3.7275,      3.6930
      7.7669,      44.000,      10.000,     0.71494,     0.73756,      4.7887,      4.8660,      0.0000,      1.4100,    0.025846,      2.0000,    0.022743,      8.9882,    0.022321,      25.067,    0.022967,      8.8265,    0.023186,     0.64528,    0.023001,      5.9959,    0.022441,     0.27366,      1327.5,      3.7210,      3.6350
      7.8002,      45.000,      10.000,     0.71859,     0.74268,      4.8204,      4.9032,     0.60000,      1.4100,    0.030322,      2.0000,    0.023564,      8.9799,    0.023265,      25.067,    0.023852,      8.8265,    0.023991,     0.65440,    0.023842,      5.9959,    0.023174,     0.25558,      482.85,      3.7234,      3.6554
      7.8336,      50.000,      10.000,     0.73277,     0.75116,      4.8987,      4.9616,      1.4000,      1.4100,   -0.029522,      2.0000,    0.019753,      8.6322,    0.019886,      24.787,    0.020019,      8.4998,    0.020171,     0.35371,    0.020260,      5.7608,    0.019607,     0.16518,      1325.3,      3.7270,      3.6882
      7.8669,      44.000,      10.000,     0.72478,     0.74501,      4.8475,      4.9187,     0.80000,      1.4100,   -0.029072,      2.0000,    0.020774,      8.3673,    0.020671,      24.498,    0.021022,      8.1821,    0.021294,    0.071239,    0.021363,      5.4896,    0.020943,    0.074783,      1344.3,      3.7242,      3.6622
      7.9002,      48.000,      10.000,     0.71612,     0.73766,      4.7931,      4.8663,      0.0000,      1.4100,   -0.028098,      2.0000,    0.021663,      8.3180,    0.021272,      24.435,    0.021869,      8.1186,    0.022110,   0.0074557,    0.021960,      5.4263,    0.021509,    0.038625,      1613.2,      3.7210,      3.6350
      7.9336,      44.000,      10.000,     0.72703,     0.75246,      4.8874,      4.9717,      1.6000,      1.4100,   -0.027595,      2.0000,    0.027458,      8.2928,    0.027307,      24.435,    0.027864,      8.1186,    0.027855,   0.0074557,    0.027482,      5.4263,    0.026492,    0.011505,      337.93,      3.7280,      3.6978
      7.9669,      47.000,      10.000,     0.72337,     0.73963,      4.8240,      4.8793,     0.20000,      1.4100,   -0.026366,      2.0000,    0.017453,      8.3010,    0.017140,      24.435,    0.017693,      8.1186,    0.017782,  -0.0016558,    0.017542,      5.4263,    0.016679,    0.029584,      719.35,      3.7218,      3.6418
      8.0002,      45.000,      10.000,     0.73932,     0.75725,      4.9413,      4.9976,      2.0000,      1.4100,   -0.024429,      2.0000,    0.020147,      8.2928,    0.020022,      24.426,    0.020419,      8.1095,    0.020376,  -0.0016558,    0.019998,      5.4173,    0.019196,    0.011505,      301.88,      3.7300,      3.7170
      8.0336,      44.000,      10.000,     0.71003,     0.73932,      4.7888,      4.8880,     0.50000,      2.3308,   -0.023434,      2.0000,    0.027695,      8.2762,    0.027501,      24.426,    0.028060,      8.1186,    0.028293,  -0.0016558,    0.028291,      5.4173,    0.028092,    0.011505,      624.92,      3.7224,      3.6628
      8.0669,      41.000,      10.000,     0.72717,     0.74172,      4.8487,      4.8996,     0.60000,      2.1988,   -0.021282,      2.0000,    0.015683,      8.2845,    0.015616,      24.426,    0.015913,      8.1095,    0.016075,  -0.0016558,    0.015947,      5.4173,    0.015335,    0.011505,      783.92,      3.7228,      3.6673
      8.1002,      42.000,      10.000,     0.71075,     0.73718,      4.7755,      4.8647,      0.0000,      1.4100,   -0.021631,      2.0000,    0.024015,      8.2762,    0.023682,      24.416,    0.024329,      8.1095,    0.024925,   -0.010768,    0.025137,      5.4173,    0.024505,   0.0024650,      1028.9,      3.7210,      3.6350
      8.1336,      46.000,      10.000,     0.71763,     0.73773,      4.8272,      4.8937,     0.90000,      5.0000,   -0.021535,      2.0000,    0.020285,      8.3093,    0.020475,      24.416,    0.020633,      8.1095,    0.020665,  -0.0016558,    0.020691,      5.4173,    0.020689,    0.020545,      346.25,      3.7219,      3.7025
      8.1669,      48.000,      10.000,     0.72649,     0.74692,      4.8593,      4.9330,      1.0000,      1.4100,   -0.021348,      2.0000,    0.020995,      8.2921,    0.020783,      24.426,    0.021290,      8.1095,    0.021416,  -0.0016558,    0.021288,      5.4173,    0.020628,   0.0024650,      1199.3,      3.7250,      3.6690
      8.2002,      44.000,      10.000,     0.74658,     0.76200,      5.0202,      5.0710,      2.7000,      1.4100,   -0.020743,      2.0000,    0.017599,      8.2762,    0.017825,      24.426,    0.017797,      8.1186,    0.017596,   0.0074557,    0.017400,      5.4263,    0.016972,    0.011505,      370.60,      3.7335,      3.7611
      8.2336,      48.000,      10.000,     0.71476,     0.74955,      4.8379,      4.9561,      1.4000,      1.4100,   -0.021020,      2.0000,    0.031996,      8.2928,    0.032054,      24.416,    0.032476,      8.1095,    0.032513,   -0.010768,    0.032506,      5.4173,    0.032294,   0.0024650,      573.50,      3.7270,      3.6882
      8.2669,      45.000,      10.000,     0.72199,     0.75922,      4.9313,      5.0530,      2.6000,      1.4100,   -0.019493,      2.0000,    0.032302,      8.2928,    0.032987,      24.416,    0.032810,      8.1004,    0.032443,  -0.0016558,    0.032130,      5.4173,    0.031515,    0.011505,      737.15,      3.7330,      3.7548
      8.3002,      47.000,      10.000,     0.71596,     0.73765,      4.7925,      4.8663,      0.0000,      1.4100,   -0.019541,      2.0000,    0.021110,      8.2838,    0.020710,      24.426,    0.021298,      8.1095,    0.021496,  -0.0016558,    0.021386,      5.4263,    0.020976,   0.0027233,      357.25,      3.7210,      3.6350
      8.3336,      44.000,      10.000,     0.71874,     0.73790,      4.8026,      4.8672,      0.0000,      1.4100,   -0.017117,      2.0000,    0.019430,      8.2762,    0.019096,      24.426,    0.019664,      8.1095,    0.019884,  -0.0016558,    0.019731,      5.4173,    0.019050,    0.029584,      1147.0,      3.7210,      3.6350
      8.3669,      50.000,      10.000,     0.71245,     0.73733,      4.7809,      4.8652,      0.0000,      1.4100,   -0.016108,      2.0000,    0.025136,      8.2928,    0.024668,      24.407,    0.025430,      8.1095,    0.025477,   -0.010768,    0.025077,      5.4173,    0.024197,   -0.015615,      1633.7,      3.7210,      3.6350
      8.4002,      45.000,      10.000,     0.71699,     0.73774,      4.7964,      4.8666,      0.0000,      1.4100,   -0.016345,      2.0000,    0.020941,      8.2845,    0.020612,      24.416,    0.021201,      8.1095,    0.021567,  -0.0016558,    0.021533,      5.4263,    0.020895,    0.011505,      1381.7,      3.7210,      3.6350
      8.4336,      42.000,      10.000,     0.72175,     0.73818,      4.8121,      4.8681,      0.0000,      1.4100,   -0.014908,      2.0000,    0.016828,      8.2770,    0.016556,      24.426,    0.016991,      8.1004,    0.017307,   -0.010768,    0.017221,      5.4173,    0.016686,   0.0024650,      1083.8,      3.7210,      3.6350
      8.4669,      45.000,      10.000,     0.70807,     0.73695,      4.7671,      4.8639,      0.0000,      1.4100,   -0.015616,      2.0000,    0.027350,      8.2845,    0.026864,      24.416,    0.027587,      8.1095,    0.028093,   -0.010768,    0.028258,      5.4083,    0.027955,  -0.0065745,      1492.2,      3.7210,      3.6350
      8.5002,      47.000,      10.000,     0.71133,     0.73723,      4.7774,      4.8649,      0.0000,      1.4100,   -0.014114,      2.0000,    0.023369,      8.2928,    0.022953,      24.426,    0.023587,      8.1095,    0.023903,   -0.010768,    0.023868,      5.4173,    0.023479,  -0.0065745,      469.60,      3.7210,      3.6350
      8.5336,      47.000,      10.000,     0.71598,     0.73765,      4.7926,      4.8663,      0.0000,      1.4100,   -0.011274,      2.0000,    0.021977,      8.2679,    0.021709,      24.426,    0.022275,      8.1186,    0.023007,  -0.0016558,    0.023365,      5.4263,    0.022825,    0.029584,      389.94,      3.7210,      3.6350
      8.5669,      44.000,      10.000,     0.71282,     0.73737,      4.7821,      4.8654,      0.0000,      1.4100,   -0.010966,      2.0000,    0.023785,      8.3010,    0.023348,      24.426,    0.023982,      8.1186,    0.024428,   -0.010768,    0.024754,      5.4263,    0.024598,    0.029584,      1207.5,      3.7210,      3.6350
      8.6002,      48.000,      10.000,     0.71835,     0.73787,      4.8014,      4.8670,      0.0000,      1.4100,  -0.0096290,      2.0000,    0.020185,      8.2672,    0.019867,      24.416,    0.020456,      8.1186,    0.020774,   -0.010768,    0.020665,      5.4173,    0.019931,    0.020545,      1947.7,      3.7210,      3.6350
      8.6336,      42.000,      10.000,     0.71213,     0.73731,      4.7799,      4.8651,      0.0000,      1.4100,  -0.0081701,      2.0000,    0.024310,      8.2762,    0.023863,      24.416,    0.024525,      8.1004,    0.024867,   -0.010768,    0.024864,      5.4173,    0.024517,    0.020545,      1408.8,      3.7210,      3.6350
      8.6669,      43.000,      10.000,     0.70486,     0.73667,      4.7560,      4.8630,      0.0000,      1.4100,  -0.0086072,      2.0000,    0.028917,      8.2762,    0.028431,      24.416,    0.029219,      8.1004,    0.029796,   -0.010768,    0.030153,      5.4173,    0.029888,  -0.0065745,      800.34,      3.7210,      3.6350
      8.7002,      50.000,      10.000,     0.71968,     0.73799,      4.8056,      4.8674,      0.0000,      5.0000,  -0.0056424,      2.0000,    0.018540,      8.2679,    0.018250,      24.426,    0.018726,      8.1186,    0.019129,   -0.010768,    0.019185,      5.4173,    0.018786,    0.020545,      1757.1,      3.7210,      3.6350
      8.7336,      44.000,      10.000,     0.71023,     0.73714,      4.7739,      4.8646,      0.0000,      1.4100,  -0.0067501,      2.0000,    0.025233,      8.2679,    0.024779,      24.426,    0.025487,      8.1186,    0.025872,   -0.010768,    0.025869,      5.4173,    0.025395,   0.0024650,      1525.9,      3.7210,      3.6350
      8.7669,      45.000,      10.000,     0.71785,     0.73782,      4.7996,      4.8669,      0.0000,      1.4100,  -0.0055844,      2.0000,    0.020188,      8.2762,    0.019915,      24.426,    0.020498,      8.1186,    0.020900,   0.0074557,    0.020697,      5.4173,    0.019631,    0.020545,      842.85,      3.7210,      3.6350
      8.8002,      44.000,      10.000,     0.72535,     0.73852,      4.8244,      4.8692,      0.0000,      1.4100,  -0.0056754,      2.0000,    0.014204,      8.2762,    0.013969,      24.435,    0.014399,      8.1186,    0.014528,   0.0073689,    0.014270,      5.4174,    0.013478,    0.020459,      1288.6,      3.7210,      3.6350
      8.8336,      46.000,      10.000,     0.72048,     0.73806,      4.8081,      4.8677,      0.0000,      1.4100,  -0.0052327,      2.0000,    0.018464,      8.2845,    0.018206,      24.426,    0.018718,      8.1095,    0.019152,   -0.010768,    0.019061,      5.4173,    0.018211,  -0.0065745,      595.66,      3.7210,      3.6350
      8.8669,      47.000,      10.000,     0.70936,     0.73706,      4.7712,      4.8643,      0.0000,      1.4100,  -0.0037892,      2.0000,    0.027109,      8.2679,    0.026660,      24.426,    0.027393,      8.1095,    0.027850,  -0.0016558,    0.027771,      5.4173,    0.027245,    0.020545,      1142.7,      3.7210,      3.6350
      8.9002,      49.000,      10.000,     0.71128,     0.73723,      4.7772,      4.8649,      0.0000,      1.4100,  -0.0029149,      2.0000,    0.024300,      8.2845,    0.023909,      24.435,    0.024565,      8.1186,    0.025055,  -0.0016558,    0.025183,      5.4263,    0.024807,    0.020545,      2017.9,      3.7210,      3.6350
      8.9336,      43.000,      10.000,     0.71679,     0.73773,      4.7956,      4.8666,      0.0000,      1.6615,  -0.0035268,      2.0000,    0.021576,      8.2762,    0.021255,      24.416,    0.021878,      8.1095,    0.022272,   -0.019880,    0.022196,      5.4083,    0.021351,    0.011505,      867.58,      3.7210,      3.6350
      8.9669,      47.000,      10.000,     0.71826,     0.73786,      4.8011,      4.8670,      0.0000,      2.7764,  -0.0021593,      2.0000,    0.020836,      8.2679,    0.020474,      24.426,    0.021136,      8.1095,    0.021263,   -0.010768,    0.020907,      5.4173,    0.019892,  -0.0065745,      1176.5,      3.7210,      3.6350
      9.0002,      47.000,      10.000,     0.70449,     0.73664,      4.7546,      4.8629,      0.0000,      1.4100, -0.00029259,      2.0000,    0.029423,      8.2928,    0.028920,      24.426,    0.029696,      8.1095,    0.030226,   -0.010768,    0.030292,      5.4173,    0.030070,    0.020545,      485.81,      3.7210,      3.6350
      9.0336,      45.000,      10.000,     0.70991,     0.73711,      4.7729,      4.8645,      0.0000,      1.4100, -5.7216E-05,      2.0000,    0.026131,      8.2596,    0.025688,      24.426,    0.026399,      8.1186,    0.026765,  -0.0016558,    0.026641,      5.4173,    0.026052,    0.011505,      928.34,      3.7210,      3.6350
      9.0669,      46.000,      10.000,     0.70896,     0.73703,      4.7699,      4.8642,      0.0000,      1.4100, -0.00017953,      2.0000,    0.023049,      8.2679,    0.022687,      24.416,    0.023319,      8.1186,    0.023784,  -0.0016558,    0.023825,      5.4173,    0.023334,    0.020545,      1475.7,      3.7210,      3.6350
      9.1002,      42.000,      10.000,     0.71222,     0.73731,      4.7802,      4.8652,      0.0000,      1.4100, -0.00019177,      2.0000,    0.023027,      8.2762,    0.022627,      24.435,    0.023273,      8.1186,    0.023656,   0.0074557,    0.023801,      5.4173,    0.023475,    0.038625,      835.84,      3.7210,      3.6350
      9.1336,      45.000,      10.000,     0.72051,     0.73807,      4.8082,      4.8677,      0.0000,      1.4100,      0.0000,      2.0000,    0.018146,      8.2514,    0.017809,      24.426,    0.018327,      8.1095,    0.018430,   -0.010768,    0.018049,      5.4173,    0.017361,    0.038625,      1269.2,      3.7210,      3.6350
      9.1669,      47.000,      10.000,     0.71298,     0.73738,      4.7826,      4.8654,      0.0000,      3.2065,      0.0000,      2.0000,    0.024584,      8.2679,    0.024180,      24.435,    0.024955,      8.1186,    0.025212,   -0.010768,    0.025000,      5.4173,    0.023824,  -0.0065745,      646.14,      3.7210,      3.6350
      9.2002,      41.000,      10.000,     0.71413,     0.73748,      4.7862,      4.8657,      0.0000,      1.4100,      0.0000,      2.0000,    0.023886,      8.2679,    0.023558,      24.426,    0.024221,      8.1095,    0.024782,   -0.010768,    0.024899,      5.4173,    0.024295,    0.011505,      1092.2,      3.7210,      3.6350
      9.2336,      45.000,      10.000,     0.71598,     0.73765,      4.7926,      4.8663,      0.0000,      1.4100,      0.0000,      2.0000,    0.021855,      8.2928,    0.021455,      24.426,    0.022069,      8.1186,    0.022266,  -0.0016558,    0.021923,      5.4173,    0.021165,    0.029584,      1481.0,      3.7210,      3.6350
      9.2669,      44.000,      10.000,     0.70614,     0.73678,      4.7606,      4.8634,      0.0000,      1.4100,      0.0000,      2.0000,    0.028559,      8.2762,    0.027970,      24.426,    0.028777,      8.1186,    0.029025,   -0.010768,    0.029002,      5.4173,    0.028764,   0.0024650,      466.89,      3.7210,      3.6350
      9.3002,      44.000,      10.000,     0.70780,     0.73692,      4.7663,      4.8639,      0.0000,      5.0000,      0.0000,      2.0000,    0.028427,      8.2845,    0.027933,      24.426,    0.028715,      8.1185,    0.029208,   -0.010768,    0.029431,      5.4173,    0.029203,  -0.0065745,      1530.1,      3.7210,      3.6350
