# [Parameters]
# Name = tsmap_nel
# ShotNo = 174691
# Date = '01/25/2024 20:18'
# 
# DimNo = 1
# DimName = 'Time'
# DimSize = 164
# DimUnit = 's'
# 
# ValNo = 25
# ValName = 'laser', 'laser number', 'a99', 'a999', 'R99', 'R999', 'p0', 'pf', 'ip', 'ipf', 'nl_thomson_mid', 'nl_mmw_mid', 'nl_thomson_3579', 'nl_fir_3579', 'nl_thomson_3669', 'nl_fir_3669', 'nl_thomson_3759', 'nl_fir_3759', 'nl_thomson_3849', 'nl_fir_3849', 'nl_thomson_3939', 'nl_fir_3939', 'chi', 'geom_center', 'Rax_vmec'
# ValUnit = 'arb', 'arb', 'm', 'm', 'm', 'm', '%', 'arb', 'kA/T', 'arb', 'arb', 'e19m-2', 'arb', 'e19m-2', 'arb', 'e19m-2', 'arb', 'e19m-2', 'arb', 'e19m-2', 'arb', 'e19m-2', 'arb', 'm', 'm'
# 
# [Comments]
# Bt = -2.66490
# Rax = 3.85000
# Bq = 100.000
# Gamma = 1.25380
# phiedge = -2.8538961
# avac = 0.56000000
# ExpDate = 2.02112e+07
# Cycle = 23.0000
# t1 = 3.29800
# t2 = 8.70300
# density (ne) is only for very rough information
# Do not use data for ne_bar < 5*1-^12cm-3
# High Voltage is set at 0.90 times
# Te limit = 22keV
# Laser#1, #3, #5, 
# 
# [data]
  0.00028100,      46.000,      10.000,     0.75165,     0.77823,      5.0883,      5.1595,      0.0000,      2.1400,     -0.0000,      2.0000,    0.024331,  -0.0032483,    0.024171,  -0.0057531,    0.024437, -0.00082551,    0.024242,  -0.0049701,    0.023734,   0.0049309,    0.023072,  -0.0032864,      9999.0,      3.7865,      3.8481
      3.3003,      42.000,      10.000,     0.75236,     0.77264,      5.1395,      5.1941,     0.80000,      2.1400, -0.00035061,      2.0000,    0.019132,  -0.0024204,    0.018989,    0.012327,    0.019330,   0.0082507,    0.019116,    0.013254,    0.018417,    0.013970,    0.017600,   0.0057531,      847.20,      3.8023,      3.9125
      3.3336,      44.000,      10.000,     0.61662,     0.65376,      4.7318,      4.8264,      0.0000,      2.1400,   -0.042765,      2.0000,    0.065131,     0.61854,    0.059963,     0.59087,    0.063109,     0.56187,    0.064567,     0.56907,    0.063801,     0.57444,    0.060458,     0.53910,      214.21,      3.7865,      3.8481
      3.3669,      42.000,      10.000,     0.58895,     0.63131,      4.6813,      4.7862,     0.30000,      2.1400,   -0.079549,      2.0000,     0.15847,      1.4381,     0.15273,      1.3773,     0.15723,      1.3878,     0.15753,      1.4074,     0.15355,      1.3519,     0.14687,      1.3165,      20.830,      3.7924,      3.8723
      3.4003,      45.000,      10.000,     0.59397,     0.63449,      4.7041,      4.8057,     0.50000,      2.1400,   -0.012619,      2.0000,     0.19497,      2.0343,     0.18825,      1.9378,     0.19405,      1.9867,     0.19398,      1.9905,     0.18806,      1.8671,     0.17946,      1.8318,      13.477,      3.7964,      3.8883
      3.4336,      44.000,      10.000,     0.59769,     0.63765,      4.7077,      4.8081,     0.40000,      2.1400,     0.11736,      2.0000,     0.22383,      2.2329,     0.21288,      2.1367,     0.22152,      2.2046,     0.22282,      2.2183,     0.21642,      2.0660,     0.20677,      2.0578,      2.8313,      3.7944,      3.8803
      3.4669,      43.000,      10.000,     0.59634,     0.63614,      4.7098,      4.8099,     0.50000,      2.1400,     0.24036,      2.0000,     0.22924,      2.2495,     0.21459,      2.1638,     0.22356,      2.2409,     0.22659,      2.2639,     0.22173,      2.0750,     0.21041,      2.0668,      8.8584,      3.7964,      3.8883
      3.5003,      44.000,      10.000,     0.59696,     0.63607,      4.7168,      4.8155,     0.60000,      2.1400,     0.32330,      2.0000,     0.23336,      2.3155,     0.21894,      2.1819,     0.22830,      2.2772,     0.23070,      2.2912,     0.22492,      2.0931,     0.21346,      2.1030,      12.133,      3.7984,      3.8964
      3.5336,      46.000,      10.000,     0.60854,     0.64326,      4.7287,      4.8167,     0.30000,      2.1400,     0.38095,      2.0000,     0.24115,      2.3574,     0.22676,      2.2361,     0.23684,      2.3225,     0.23986,      2.3550,     0.23398,      2.1474,     0.22341,      2.1391,      22.495,      3.7924,      3.8723
      3.5669,      44.000,      10.000,     0.60331,     0.64058,      4.7214,      4.8156,     0.40000,      2.1400,     0.42461,      2.0000,     0.24259,      2.4234,     0.22863,      2.3175,     0.23825,      2.3952,     0.24048,      2.4188,     0.23442,      2.2197,     0.22335,      2.2115,      18.750,      3.7944,      3.8803
      3.6003,      43.000,      10.000,     0.60593,     0.64200,      4.7332,      4.8249,     0.50000,      2.1400,     0.46747,      2.0000,     0.25042,      2.4979,     0.23762,      2.3898,     0.24695,      2.4678,     0.24870,      2.5008,     0.24173,      2.2920,     0.23027,      2.2928,      9.8943,      3.7964,      3.8883
      3.6336,      46.000,      10.000,     0.60217,     0.64028,      4.7253,      4.8219,     0.50000,      2.1400,     0.50640,      2.0000,     0.26124,      2.5641,     0.24880,      2.4531,     0.25807,      2.5404,     0.25960,      2.5646,     0.25230,      2.3462,     0.24046,      2.3380,      7.2489,      3.7968,      3.8883
      3.6669,      40.000,      10.000,     0.60238,     0.64147,      4.7203,      4.8192,     0.40000,      2.1400,     0.53836,      2.0000,     0.25925,      2.6304,     0.24608,      2.5254,     0.25595,      2.6039,     0.25783,      2.6375,     0.25111,      2.4186,     0.23961,      2.4284,      7.7350,      3.7948,      3.8803
      3.7003,      42.000,      10.000,     0.60243,     0.63911,      4.7204,      4.8132,     0.40000,      2.1400,     0.57451,      2.0000,     0.26939,      2.7049,     0.25423,      2.5887,     0.26422,      2.6765,     0.26678,      2.7012,     0.26023,      2.4818,     0.24804,      2.4917,      16.095,      3.7948,      3.8803
      3.7336,      39.000,      10.000,     0.60277,     0.63929,      4.7321,      4.8251,     0.60000,      2.1400,     0.64304,      2.0000,     0.28028,      2.8043,     0.26743,      2.6700,     0.27732,      2.7491,     0.27853,      2.7832,     0.26984,      2.5632,     0.25700,      2.5731,      17.862,      3.7988,      3.8963
      3.7669,      40.000,      10.000,     0.56346,     0.60634,      4.6327,      4.7353,     0.50000,      2.1400,     0.83873,      2.0000,     0.29370,      3.1768,     0.28514,      3.5559,     0.29094,      3.4389,     0.29035,      3.3937,     0.28277,      3.4220,     0.26923,      3.3595,      33.328,      3.7968,      3.8883
      3.8003,      45.000,      10.000,     0.51315,     0.56322,      4.5287,      4.6313,     0.50000,      2.1400,     0.40412,      2.0000,     0.38894,      6.6463,     0.36068,      4.5684,     0.39154,      4.6913,     0.39463,      4.7423,     0.38092,      4.3440,     0.36384,      4.5166,      5.4705,      3.7964,      3.8883
      3.8336,      45.000,      10.000,     0.50567,     0.55766,      4.5205,      4.6238,     0.60000,      2.1400,     0.37070,      2.0000,     0.48914,      7.5152,     0.43229,      5.1289,     0.48555,      5.2994,     0.49752,      5.3983,     0.48138,      4.8774,     0.45756,      5.0771,      9.6851,      3.7984,      3.8964
      3.8669,      42.000,      10.000,     0.50465,     0.55728,      4.5238,      4.6281,     0.70000,      2.1400,     0.45830,      2.0000,     0.57414,      10.082,     0.49527,      5.4362,     0.56230,      5.5898,     0.58126,      5.6444,     0.56556,      5.2842,     0.53511,      5.3935,      9.1184,      3.8004,      3.9044
      3.9003,      46.000,      10.000,     0.49875,     0.55306,      4.5186,      4.6236,     0.80000,      2.1400,     0.46013,      2.0000,     0.63047,      12.310,     0.51731,      5.8340,     0.60473,      6.0708,     0.63719,      6.1455,     0.62419,      5.5192,     0.58868,      5.8003,      5.2350,      3.8023,      3.9125
      3.9336,      40.000,      10.000,     0.49891,     0.55455,      4.5189,      4.6270,     0.80000,      2.1400,     0.46058,      2.0000,     0.68221,      12.252,     0.54968,      6.0057,     0.64790,      6.4338,     0.68849,      6.5920,     0.67683,      5.6006,     0.63793,      6.0805,      77.949,      3.8023,      3.9125
      3.9669,      44.000,      10.000,     0.50384,     0.55901,      4.5272,      4.6372,     0.80000,      2.1400,     0.48621,      2.0000,     0.71420,      13.104,     0.56540,      6.0780,     0.66644,      6.5881,     0.71358,      6.7833,     0.70789,      5.5825,     0.66625,      6.2794,      10.295,      3.8023,      3.9125
      4.0003,      43.000,      10.000,     0.49440,     0.55076,      4.5162,      4.6235,     0.90000,      2.1400,     0.49818,      2.0000,     0.72725,      15.125,     0.56217,      6.1323,     0.67852,      6.7152,     0.73117,      6.9565,     0.72379,      5.6096,     0.68080,      6.4421,      38.546,      3.8043,      3.9205
      4.0336,      46.000,      10.000,     0.49986,     0.55530,      4.5259,      4.6347,     0.90000,      2.1400,     0.54578,      2.0000,     0.76086,      15.621,     0.58276,      6.1142,     0.70149,      6.8332,     0.76050,      7.1023,     0.75654,      5.6186,     0.71189,      6.5958,      159.82,      3.8047,      3.9202
      4.0669,      42.000,      10.000,     0.49720,     0.55266,      4.5215,      4.6286,     0.90000,      2.1400,     0.59789,      2.0000,     0.75797,      14.777,     0.57063,      6.1684,     0.69108,      6.8695,     0.75226,      7.1843,     0.75417,      5.6096,     0.70945,      6.6771,      102.63,      3.8047,      3.9202
      4.1003,      42.000,      10.000,     0.50407,     0.56013,      4.5283,      4.6408,     0.80000,      2.1400,     0.63420,      2.0000,     0.79975,      15.613,     0.60999,      6.2227,     0.73253,      6.9602,     0.79483,      7.2572,     0.79401,      5.7271,     0.74670,      6.7314,      5.7181,      3.8028,      3.9122
      4.1336,      46.000,      10.000,     0.49611,     0.55185,      4.5355,      4.6424,      1.2000,      2.1400,     0.71833,      2.0000,     0.78033,      16.979,     0.55690,      6.1775,     0.69134,      6.9058,     0.76753,      7.2754,     0.77898,      5.6638,     0.73699,      6.7857,      62.397,      3.8109,      3.9404
      4.1669,      44.000,      10.000,     0.50535,     0.55981,      4.5305,      4.6401,     0.80000,      2.1400,     0.81858,      2.0000,     0.79748,      16.855,     0.59595,      6.0690,     0.72031,      6.8332,     0.78680,      7.2572,     0.79259,      5.5554,     0.74417,      6.8308,      4.7675,      3.8028,      3.9122
      4.2003,      42.000,      10.000,     0.50182,     0.55519,      4.5292,      4.6345,     0.90000,      2.1400,     0.93328,      2.0000,     0.78510,      16.954,     0.58275,      6.0871,     0.70424,      6.8059,     0.77199,      7.2116,     0.78052,      5.6006,     0.73400,      6.7675,      4.2206,      3.8047,      3.9202
      4.2336,      45.000,      10.000,     0.50756,     0.56125,      4.5343,      4.6436,     0.80000,      2.1400,      1.0931,      2.0000,     0.77169,      17.434,     0.56856,      5.9515,     0.69525,      6.6789,     0.76467,      7.0931,     0.76850,      5.4740,     0.72187,      6.6138,      3.1835,      3.8028,      3.9122
      4.2669,      38.000,      10.000,     0.54356,     0.59992,      4.6035,      4.7360,     0.80000,      2.1400,      1.2226,      2.0000,     0.79533,      17.178,     0.59293,      5.8701,     0.70851,      6.6698,     0.77733,      7.0749,     0.78768,      5.3384,     0.73969,      6.6771,      2.4898,      3.8028,      3.9122
      4.3003,      41.000,      10.000,     0.55204,     0.60577,      4.6280,      4.7574,     0.90000,      2.1400,      1.5471,      2.0000,     0.72419,      16.582,     0.52305,      5.2554,     0.62776,      6.1616,     0.69814,      6.6011,     0.71669,      4.6875,     0.67423,      6.2342,      3.0176,      3.8051,      3.9198
      4.3336,      39.000,      10.000,     0.55349,     0.60726,      4.6262,      4.7555,     0.80000,      2.1400,      1.9255,      2.0000,     0.64252,      15.861,     0.46020,      4.6317,     0.55322,      5.4809,     0.61782,      5.9268,     0.63593,      4.1271,     0.59600,      5.5381,      1.3698,      3.8032,      3.9119
      4.3669,      41.000,      10.000,     0.56056,     0.61346,      4.6372,      4.7658,     0.70000,      2.1400,      2.3276,      2.0000,     0.55934,      15.108,     0.41125,      4.1345,     0.49031,      4.8456,     0.54048,      5.2252,     0.55282,      3.7203,     0.51666,      4.8511,      1.7919,      3.8012,      3.9040
      4.4003,      40.000,      10.000,     0.56900,     0.62060,      4.6583,      4.7853,     0.70000,      2.1400,      2.7143,      2.0000,     0.48738,      14.355,     0.37867,      3.7458,     0.43733,      4.2738,     0.47440,      4.5145,     0.48033,      3.3949,     0.45042,      4.1912,      3.1592,      3.8016,      3.9038
      4.4336,      44.000,      10.000,     0.57694,     0.62467,      4.6770,      4.7958,     0.70000,      2.1400,      3.0411,      2.0000,     0.42033,      13.709,     0.33967,      3.3661,     0.38403,      3.7020,     0.41050,      3.8676,     0.41226,      3.1056,     0.38779,      3.6036,      5.3727,      3.8016,      3.9038
      4.4669,      36.000,      10.000,     0.59016,     0.63372,      4.6981,      4.8077,     0.50000,      2.1400,      3.2905,      2.0000,     0.36421,      13.170,     0.31404,      2.9864,     0.34262,      3.2120,     0.35809,      3.3208,     0.35579,      2.8163,     0.33507,      3.1064,      4.8464,      3.7977,      3.8882
      4.5003,      45.000,      10.000,     0.59838,     0.63972,      4.7182,      4.8232,     0.50000,      2.1400,      3.3920,      2.0000,     0.31510,      12.740,     0.28553,      2.6881,     0.30382,      2.8399,     0.31161,      2.9108,     0.30645,      2.5451,     0.29035,      2.7177,      5.5344,      3.7977,      3.8882
      4.5336,      34.000,      10.000,     0.59985,     0.63929,      4.7164,      4.8163,     0.40000,      2.1400,      3.3807,      2.0000,     0.28745,      12.507,     0.26597,      2.5344,     0.27984,      2.6402,     0.28502,      2.6830,     0.27932,      2.4186,     0.26549,      2.4917,      10.176,      3.7957,      3.8803
      4.5669,      41.000,      10.000,     0.59646,     0.63471,      4.7135,      4.8103,     0.50000,      2.1400,      3.3450,      2.0000,     0.28189,      12.541,     0.26720,      2.5977,     0.27677,      2.6765,     0.27887,      2.7195,     0.27177,      2.4909,     0.25902,      2.5459,      11.068,      3.7977,      3.8882
      4.6003,      42.000,      10.000,     0.59512,     0.63378,      4.7047,      4.8022,     0.40000,      2.1400,      3.3510,      2.0000,     0.30492,      12.740,     0.29092,      2.8147,     0.30029,      2.8580,     0.30160,      2.8926,     0.29422,      2.7169,     0.28059,      2.7719,      6.4662,      3.7957,      3.8803
      4.6336,      43.000,      10.000,     0.58606,     0.62675,      4.6829,      4.7841,     0.40000,      2.1400,      3.3925,      2.0000,     0.32299,      12.980,     0.30690,      3.0587,     0.31761,      3.0849,     0.31930,      3.1386,     0.31171,      2.9609,     0.29718,      2.9888,      10.000,      3.7957,      3.8803
      4.6669,      41.000,      10.000,     0.57478,     0.61767,      4.6613,      4.7665,     0.50000,      2.1400,      3.4823,      2.0000,     0.34653,      13.237,     0.32606,      3.2757,     0.33938,      3.3299,     0.34238,      3.3755,     0.33427,      3.1508,     0.31793,      3.1697,      4.0889,      3.7977,      3.8882
      4.7003,      45.000,      10.000,     0.57619,     0.62082,      4.6604,      4.7702,     0.40000,      2.1400,      3.5487,      2.0000,     0.36118,      13.303,     0.33969,      3.3932,     0.35484,      3.4661,     0.35819,      3.5122,     0.34945,      3.2683,     0.33337,      3.3053,      3.8512,      3.7961,      3.8804
      4.7336,      42.000,      10.000,     0.59047,     0.63154,      4.6999,      4.8035,     0.50000,      2.1400,      3.5952,      2.0000,     0.36208,      13.212,     0.33613,      3.2576,     0.35318,      3.3299,     0.35809,      3.4120,     0.35008,      3.1237,     0.33295,      3.2058,      4.9739,      3.7981,      3.8881
      4.7669,      45.000,      10.000,     0.59540,     0.63655,      4.7120,      4.8163,     0.50000,      2.1400,      3.6705,      2.0000,     0.32856,      12.939,     0.30397,      2.9322,     0.31984,      3.0395,     0.32535,      3.1204,     0.31846,      2.8163,     0.30276,      2.9166,      6.8204,      3.7981,      3.8881
      4.8003,      45.000,      10.000,     0.60134,     0.63966,      4.7212,      4.8186,     0.40000,      2.1400,      3.7059,      2.0000,     0.30665,      12.641,     0.28636,      2.7062,     0.29983,      2.8036,     0.30374,      2.8653,     0.29720,      2.5994,     0.28292,      2.6635,      5.8124,      3.7961,      3.8804
      4.8336,      44.000,      10.000,     0.60027,     0.63908,      4.7132,      4.8115,     0.30000,      2.1400,      3.6914,      2.0000,     0.29184,      12.574,     0.27479,      2.6339,     0.28717,      2.7310,     0.29004,      2.7741,     0.28273,      2.5361,     0.27051,      2.6002,      12.961,      3.7942,      3.8726
      4.8669,      45.000,      10.000,     0.60141,     0.63839,      4.7160,      4.8097,     0.30000,      2.1400,      3.6771,      2.0000,     0.30287,      12.666,     0.28588,      2.7423,     0.29720,      2.8036,     0.30011,      2.8379,     0.29296,      2.6355,     0.27996,      2.6725,      15.513,      3.7942,      3.8726
      4.9003,      44.000,      10.000,     0.59307,     0.63274,      4.7062,      4.8065,     0.50000,      2.1400,      3.6803,      2.0000,     0.31039,      12.823,     0.29640,      2.9231,     0.30625,      2.9488,     0.30718,      2.9837,     0.29919,      2.8253,     0.28526,      2.8442,      4.3103,      3.7981,      3.8881
      4.9336,      45.000,      10.000,     0.59496,     0.63338,      4.7054,      4.8025,     0.40000,      2.1400,      3.7034,      2.0000,     0.32618,      12.972,     0.31062,      3.0497,     0.32118,      3.0758,     0.32273,      3.1204,     0.31439,      2.9609,     0.30027,      2.9708,      4.6599,      3.7961,      3.8804
      4.9669,      39.000,      10.000,     0.59299,     0.63380,      4.7060,      4.8093,     0.50000,      2.1400,      3.7315,      2.0000,     0.32789,      13.013,     0.31040,      3.0949,     0.32259,      3.1394,     0.32498,      3.1933,     0.31696,      2.9971,     0.30191,      3.0341,      3.5276,      3.7981,      3.8881
      5.0003,      44.000,      10.000,     0.59585,     0.63486,      4.7076,      4.8063,     0.40000,      2.1400,      3.7696,      2.0000,     0.33259,      12.964,     0.31493,      3.0316,     0.32756,      3.0940,     0.33007,      3.1477,     0.32171,      2.9248,     0.30719,      2.9618,      6.6951,      3.7961,      3.8804
      5.0336,      42.000,      10.000,     0.59676,     0.63583,      4.7099,      4.8088,     0.40000,      2.1400,      3.8113,      2.0000,     0.31718,      12.864,     0.29898,      2.9231,     0.31180,      2.9941,     0.31485,      3.0475,     0.30704,      2.8163,     0.29305,      2.8623,      4.3155,      3.7961,      3.8804
      5.0669,      46.000,      10.000,     0.59712,     0.63503,      4.7162,      4.8124,     0.50000,      2.1400,      3.8486,      2.0000,     0.30632,      12.706,     0.28789,      2.7695,     0.30092,      2.8580,     0.30360,      2.9017,     0.29576,      2.6536,     0.28192,      2.7177,      7.7082,      3.7981,      3.8881
      5.1003,      40.000,      10.000,     0.59891,     0.63886,      4.7152,      4.8166,     0.40000,      2.1400,      3.8685,      2.0000,     0.28893,      12.533,     0.27195,      2.6158,     0.28407,      2.7037,     0.28697,      2.7468,     0.28009,      2.5090,     0.26721,      2.5640,      5.1478,      3.7961,      3.8804
      5.1336,      44.000,      10.000,     0.59758,     0.63692,      4.7173,      4.8173,     0.50000,      2.1400,      3.8744,      2.0000,     0.27427,      12.376,     0.25822,      2.4802,     0.27006,      2.5585,     0.27257,      2.6010,     0.26536,      2.3734,     0.25309,      2.4284,      3.5830,      3.7981,      3.8881
      5.1669,      45.000,      10.000,     0.59458,     0.63416,      4.7099,      4.8102,     0.50000,      2.1400,      3.8676,      2.0000,     0.26106,      12.293,     0.24591,      2.3808,     0.25553,      2.4496,     0.25811,      2.4917,     0.25203,      2.2920,     0.23998,      2.3471,      10.299,      3.7981,      3.8881
      5.2002,      42.000,      10.000,     0.59662,     0.63639,      4.7095,      4.8102,     0.40000,      2.1400,      3.8551,      2.0000,     0.25478,      12.210,     0.23830,      2.2904,     0.24892,      2.3770,     0.25198,      2.4188,     0.24661,      2.2197,     0.23478,      2.2476,      3.4000,      3.7961,      3.8804
      5.2336,      47.000,      10.000,     0.59964,     0.63755,      4.7170,      4.8132,     0.40000,      2.1400,      3.8793,      2.0000,     0.24296,      12.119,     0.22837,      2.2271,     0.23771,      2.2953,     0.24030,      2.3277,     0.23529,      2.1474,     0.22395,      2.1753,      15.800,      3.7961,      3.8804
      5.2669,      41.000,      10.000,     0.59160,     0.63173,      4.7134,      4.8153,     0.70000,      2.1400,      4.0188,      2.0000,     0.23266,      12.045,     0.21808,      2.1367,     0.22718,      2.2046,     0.22952,      2.2365,     0.22411,      2.0660,     0.21293,      2.0759,      14.096,      3.8020,      3.9036
      5.3002,      42.000,      10.000,     0.59673,     0.63495,      4.7152,      4.8122,     0.50000,      2.1400,      4.2078,      2.0000,     0.22826,      11.962,     0.21451,      2.0824,     0.22329,      2.1501,     0.22562,      2.1819,     0.22046,      2.0118,     0.20983,      2.0035,      6.3572,      3.7981,      3.8881
      5.3336,      40.000,      10.000,     0.57494,     0.61574,      4.6679,      4.7684,     0.60000,      2.1400,      4.4103,      2.0000,     0.23218,      12.103,     0.21956,      2.1909,     0.22710,      2.2499,     0.22833,      2.2639,     0.22339,      2.1112,     0.21223,      2.1753,      4.7964,      3.8001,      3.8959
      5.3669,      39.000,      10.000,     0.53978,     0.58638,      4.5841,      4.6911,     0.50000,      2.1400,      4.7109,      2.0000,     0.21644,      13.237,     0.19819,      2.2542,     0.21254,      2.2862,     0.21598,      2.3094,     0.21183,      2.2197,     0.20114,      2.1663,      3.4752,      3.7985,      3.8881
      5.4002,      41.000,      10.000,     0.53978,     0.58497,      4.5841,      4.6877,     0.50000,      2.1400,      4.8599,      2.0000,     0.29340,      13.676,     0.26203,      2.6519,     0.28565,      2.7763,     0.29269,      2.8106,     0.28744,      2.5451,     0.27257,      2.6544,      2.4248,      3.7985,      3.8881
      5.4336,      40.000,      10.000,     0.53871,     0.58365,      4.5868,      4.6897,     0.60000,      2.1400,      5.1941,      2.0000,     0.29284,      13.717,     0.24844,      2.7785,     0.27805,      3.0214,     0.29036,      3.1204,     0.28780,      2.6174,     0.27161,      2.9618,      1.9270,      3.8005,      3.8957
      5.4669,      42.000,      10.000,     0.56303,     0.60767,      4.6362,      4.7445,     0.50000,      2.1400,      5.5461,      2.0000,     0.33944,      13.775,     0.29079,      2.8147,     0.31825,      2.9851,     0.33281,      3.0748,     0.33135,      2.6446,     0.31204,      2.9346,      2.2166,      3.7990,      3.8880
      5.5002,      36.000,      10.000,     0.56787,     0.61168,      4.6532,      4.7604,     0.60000,      2.1400,      5.8839,      2.0000,     0.33633,      13.783,     0.28755,      2.8418,     0.31454,      2.9941,     0.32883,      3.0839,     0.32783,      2.6717,     0.30900,      2.9527,      2.0765,      3.8009,      3.8956
      5.5336,      47.000,      10.000,     0.57486,     0.61934,      4.6696,      4.7802,     0.60000,      2.1400,      6.2302,      2.0000,     0.33115,      13.717,     0.28809,      2.8056,     0.31263,      2.9397,     0.32514,      3.0384,     0.32324,      2.6355,     0.30500,      2.8714,      4.4234,      3.8009,      3.8956
      5.5669,      39.000,      10.000,     0.57667,     0.61954,      4.6750,      4.7819,     0.60000,      2.1400,      6.5775,      2.0000,     0.31623,      13.618,     0.27467,      2.6971,     0.29889,      2.8399,     0.31036,      2.9381,     0.30795,      2.5270,     0.29103,      2.7900,      3.5002,      3.8013,      3.8955
      5.6002,      45.000,      10.000,     0.57819,     0.62146,      4.6786,      4.7868,     0.60000,      2.1400,      6.9378,      2.0000,     0.30434,      13.527,     0.26344,      2.5887,     0.28596,      2.7400,     0.29742,      2.8197,     0.29647,      2.4186,     0.27958,      2.6544,      2.0284,      3.8013,      3.8955
      5.6336,      45.000,      10.000,     0.57905,     0.62106,      4.6807,      4.7858,     0.60000,      2.1400,      7.3084,      2.0000,     0.29148,      13.411,     0.25486,      2.4892,     0.27572,      2.6220,     0.28536,      2.7104,     0.28327,      2.3462,     0.26771,      2.5552,      2.7126,      3.8013,      3.8955
      5.6669,      43.000,      10.000,     0.58293,     0.62572,      4.6859,      4.7936,     0.50000,      2.1400,      7.6817,      2.0000,     0.28061,      13.328,     0.24485,      2.4079,     0.26458,      2.5313,     0.27510,      2.6192,     0.27374,      2.2739,     0.25811,      2.4917,      2.8279,      3.7998,      3.8879
      5.7002,      42.000,      10.000,     0.58089,     0.62346,      4.6862,      4.7933,     0.60000,      2.1400,      8.0603,      2.0000,     0.27179,      13.220,     0.23916,      2.3356,     0.25789,      2.4496,     0.26652,      2.5372,     0.26456,      2.2106,     0.25014,      2.3923,      3.8819,      3.8018,      3.8953
      5.7336,      42.000,      10.000,     0.58027,     0.62362,      4.6846,      4.7938,     0.60000,      2.1400,      8.4476,      2.0000,     0.26316,      13.162,     0.23290,      2.2723,     0.25037,      2.3770,     0.25830,      2.4643,     0.25561,      2.1564,     0.24197,      2.3380,      1.6284,      3.8018,      3.8953
      5.7669,      46.000,      10.000,     0.57922,     0.62094,      4.6779,      4.7825,     0.50000,      2.1400,      8.8391,      2.0000,     0.25851,      13.063,     0.23004,      2.2361,     0.24664,      2.3316,     0.25397,      2.4097,     0.25134,      2.1202,     0.23794,      2.2747,      4.1971,      3.8002,      3.8878
      5.8002,      40.000,      10.000,     0.58064,     0.62226,      4.6866,      4.7914,     0.60000,      2.1400,      9.2385,      2.0000,     0.25059,      13.021,     0.22236,      2.1909,     0.23763,      2.2681,     0.24501,      2.3368,     0.24332,      2.0750,     0.23015,      2.2115,      5.6388,      3.8022,      3.8952
      5.8336,      45.000,      10.000,     0.57927,     0.62114,      4.6842,      4.7898,     0.60000,      2.1400,      9.6416,      2.0000,     0.24266,      12.980,     0.21770,      2.1367,     0.23133,      2.2136,     0.23751,      2.2912,     0.23523,      2.0298,     0.22284,      2.1843,      2.1895,      3.8026,      3.8951
      5.8669,      47.000,      10.000,     0.58353,     0.62495,      4.6947,      4.8000,     0.60000,      2.1400,      10.051,      2.0000,     0.24269,      12.922,     0.21820,      2.1005,     0.23164,      2.1683,     0.23782,      2.2365,     0.23542,      1.9937,     0.22311,      2.1482,      2.8809,      3.8026,      3.8951
      5.9002,      43.000,      10.000,     0.58313,     0.62386,      4.6937,      4.7971,     0.60000,      2.1400,      10.465,      2.0000,     0.23752,      12.881,     0.21247,      2.0644,     0.22620,      2.1410,     0.23194,      2.2092,     0.23011,      1.9756,     0.21777,      2.1120,      4.5527,      3.8026,      3.8951
      5.9336,      40.000,      10.000,     0.58450,     0.62554,      4.6981,      4.8028,     0.60000,      2.1400,      10.878,      2.0000,     0.23038,      12.839,     0.20668,      2.0372,     0.21972,      2.1047,     0.22559,      2.1728,     0.22334,      1.9394,     0.21171,      2.0759,      3.4322,      3.8030,      3.8949
      5.9669,      45.000,      10.000,     0.58312,     0.62328,      4.6895,      4.7911,     0.50000,      2.1400,      11.297,      2.0000,     0.22910,      12.815,     0.20695,      2.0101,     0.21953,      2.0684,     0.22515,      2.1454,     0.22246,      1.9123,     0.21100,      2.0487,      3.2030,      3.8011,      3.8877
      6.0002,      43.000,      10.000,     0.58428,     0.62458,      4.6934,      4.7959,     0.50000,      2.1400,      11.709,      2.0000,     0.22747,      12.757,     0.20550,      1.9830,     0.21800,      2.0594,     0.22300,      2.1090,     0.22070,      1.8942,     0.20919,      1.9945,      6.1134,      3.8015,      3.8876
      6.0336,      40.000,      10.000,     0.58327,     0.62359,      4.6961,      4.7990,     0.60000,      2.1400,      12.111,      2.0000,     0.22381,      12.747,     0.20320,      1.9559,     0.21549,      2.0230,     0.22008,      2.0816,     0.21678,      1.8581,     0.20604,      1.9674,      6.8926,      3.8035,      3.8948
      6.0669,      46.000,      10.000,     0.58232,     0.62381,      4.6948,      4.8010,     0.60000,      2.1400,      12.500,      2.0000,     0.21687,      12.715,     0.19625,      1.9288,     0.20848,      1.9867,     0.21315,      2.0452,     0.21044,      1.8400,     0.19989,      1.9403,      2.1355,      3.8039,      3.8947
      6.1002,      42.000,      10.000,     0.57963,     0.62111,      4.6882,      4.7936,     0.60000,      2.1400,      12.899,      2.0000,     0.21589,      12.707,     0.19650,      1.9107,     0.20678,      1.9867,     0.21117,      2.0361,     0.20909,      1.8219,     0.19841,      1.9493,      3.5617,      3.8039,      3.8947
      6.1336,      43.000,      10.000,     0.58274,     0.62402,      4.6959,      4.8015,     0.60000,      2.1400,      13.283,      2.0000,     0.21367,      12.666,     0.19213,      1.8836,     0.20434,      1.9504,     0.20953,      2.0087,     0.20737,      1.8039,     0.19674,      1.9222,      3.9701,      3.8039,      3.8947
      6.1669,      43.000,      10.000,     0.57766,     0.62046,      4.6844,      4.7932,     0.60000,      2.1400,      13.661,      2.0000,     0.21304,      12.616,     0.19197,      1.8564,     0.20333,      1.9232,     0.20849,      1.9814,     0.20701,      1.7767,     0.19629,      1.8951,      3.5096,      3.8043,      3.8945
      6.2002,      42.000,      10.000,     0.58589,     0.62676,      4.6995,      4.8045,     0.50000,      2.1400,      14.039,      2.0000,     0.21207,      12.624,     0.19068,      1.8474,     0.20222,      1.9141,     0.20772,      1.9632,     0.20615,      1.7587,     0.19530,      1.8860,      2.9040,      3.8024,      3.8875
      6.2336,      43.000,      10.000,     0.58196,     0.62224,      4.6950,      4.7981,     0.60000,      2.1400,      14.410,      2.0000,     0.20579,      12.608,     0.18552,      1.8293,     0.19708,      1.8960,     0.20182,      1.9358,     0.19968,      1.7406,     0.18964,      1.8589,      3.9154,      3.8043,      3.8945
      6.2669,      42.000,      10.000,     0.58238,     0.62302,      4.6971,      4.8016,     0.60000,      2.1400,      14.780,      2.0000,     0.20610,      12.591,     0.18540,      1.8112,     0.19656,      1.8778,     0.20125,      1.9176,     0.19945,      1.7225,     0.18929,      1.8228,      6.3478,      3.8047,      3.8944
      6.3002,      37.000,      10.000,     0.58175,     0.62263,      4.6903,      4.7947,     0.50000,      2.1400,      15.138,      2.0000,     0.19993,      12.558,     0.18141,      1.7932,     0.19206,      1.8415,     0.19612,      1.8994,     0.19368,      1.7135,     0.18403,      1.8228,      2.4841,      3.8028,      3.8874
      6.3336,      43.000,      10.000,     0.58072,     0.62090,      4.6930,      4.7958,     0.60000,      2.1400,      15.498,      2.0000,     0.20197,      12.550,     0.18281,      1.7841,     0.19357,      1.8325,     0.19777,      1.8812,     0.19549,      1.6863,     0.18571,      1.7776,      5.3594,      3.8047,      3.8944
      6.3669,      37.000,      10.000,     0.57914,     0.62004,      4.6901,      4.7948,     0.60000,      2.1400,      15.836,      2.0000,     0.19716,      12.533,     0.17931,      1.7660,     0.18935,      1.8234,     0.19317,      1.8630,     0.19095,      1.6773,     0.18156,      1.7956,      3.6786,      3.8052,      3.8942
      6.4002,      45.000,      10.000,     0.57985,     0.62079,      4.6918,      4.7968,     0.60000,      2.1400,      16.178,      2.0000,     0.19585,      12.500,     0.17957,      1.7389,     0.18894,      1.7962,     0.19229,      1.8447,     0.18989,      1.6502,     0.18063,      1.7685,      4.1962,      3.8052,      3.8942
      6.4336,      44.000,      10.000,     0.58196,     0.62294,      4.6982,      4.8040,     0.60000,      2.1400,      16.515,      2.0000,     0.19365,      12.483,     0.17441,      1.7299,     0.18419,      1.7780,     0.18830,      1.8265,     0.18753,      1.6411,     0.17778,      1.7324,      6.5643,      3.8056,      3.8941
      6.4669,      40.000,      10.000,     0.58161,     0.62145,      4.6921,      4.7943,     0.50000,      2.1400,      16.840,      2.0000,     0.19440,      12.459,     0.17674,      1.7208,     0.18655,      1.7689,     0.19010,      1.8174,     0.18832,      1.6321,     0.17882,      1.7233,      3.3384,      3.8036,      3.8873
      6.5002,      42.000,      10.000,     0.58151,     0.62213,      4.6918,      4.7962,     0.50000,      2.1400,      17.163,      2.0000,     0.19060,      12.434,     0.17452,      1.6937,     0.18411,      1.7508,     0.18740,      1.7992,     0.18472,      1.6231,     0.17591,      1.6962,      2.2724,      3.8036,      3.8873
      6.5336,      38.000,      10.000,     0.57691,     0.61910,      4.6908,      4.7993,     0.70000,      2.1400,      17.487,      2.0000,     0.18813,      12.442,     0.16960,      1.6937,     0.17991,      1.7326,     0.18388,      1.7901,     0.18198,      1.6140,     0.17318,      1.6962,      4.2081,      3.8075,      3.9009
      6.5669,      41.000,      10.000,     0.57903,     0.62059,      4.6867,      4.7933,     0.50000,      2.1400,      17.801,      2.0000,     0.18510,      12.417,     0.16935,      1.6756,     0.17877,      1.7236,     0.18178,      1.7809,     0.17940,      1.5959,     0.17073,      1.7052,      4.9652,      3.8041,      3.8873
      6.6002,      38.000,      10.000,     0.57846,     0.61953,      4.6905,      4.7961,     0.60000,      2.1400,      18.102,      2.0000,     0.18699,      12.417,     0.17032,      1.6756,     0.17979,      1.7145,     0.18311,      1.7627,     0.18087,      1.5779,     0.17212,      1.6691,      1.6767,      3.8060,      3.8940
      6.6336,      45.000,      10.000,     0.58188,     0.62208,      4.6939,      4.7974,     0.50000,      2.1400,      18.403,      2.0000,     0.18466,      12.384,     0.16942,      1.6485,     0.17879,      1.6872,     0.18181,      1.7445,     0.17921,      1.5688,     0.17069,      1.6780,      7.8771,      3.8041,      3.8873
      6.6669,      43.000,      10.000,     0.57905,     0.61978,      4.6879,      4.7924,     0.50000,      2.1400,      18.694,      2.0000,     0.18368,      12.376,     0.17000,      1.6305,     0.17804,      1.6782,     0.18058,      1.7263,     0.17813,      1.5507,     0.16969,      1.6600,      4.9722,      3.8045,      3.8872
      6.7002,      48.000,      10.000,     0.57812,     0.61907,      4.6907,      4.7962,     0.60000,      2.1400,      18.980,      2.0000,     0.18196,      12.343,     0.16706,      1.6214,     0.17520,      1.6691,     0.17803,      1.7172,     0.17612,      1.5417,     0.16769,      1.6329,      6.4656,      3.8064,      3.8938
      6.7336,      48.000,      10.000,     0.58193,     0.62334,      4.6899,      4.7966,     0.40000,      2.1400,      19.263,      2.0000,     0.17907,      12.343,     0.16144,      1.6124,     0.17148,      1.6509,     0.17605,      1.6989,     0.17429,      1.5327,     0.16550,      1.6329,      3.2874,      3.8026,      3.8806
      6.7669,      53.000,      10.000,     0.57674,     0.61824,      4.6883,      4.7953,     0.60000,      2.1400,      19.540,      2.0000,     0.17456,      12.333,     0.16033,      1.6033,     0.16807,      1.6419,     0.17130,      1.6898,     0.16915,      1.5146,     0.16126,      1.6329,      3.0450,      3.8068,      3.8937
      6.8002,      49.000,      10.000,     0.57966,     0.62018,      4.6956,      4.8008,     0.60000,      2.1400,      19.810,      2.0000,     0.17727,      12.326,     0.16351,      1.5943,     0.17172,      1.6328,     0.17423,      1.6807,     0.17158,      1.5146,     0.16370,      1.5968,      2.7020,      3.8068,      3.8937
      6.8336,      50.000,      10.000,     0.57730,     0.61991,      4.6949,      4.8054,     0.70000,      2.1400,      20.075,      2.0000,     0.17577,      12.318,     0.16098,      1.5853,     0.17021,      1.6237,     0.17253,      1.6807,     0.17001,      1.5055,     0.16224,      1.6058,      9.3752,      3.8088,      3.9003
      6.8669,      50.000,      10.000,     0.57820,     0.61967,      4.6868,      4.7935,     0.50000,      2.1400,      20.340,      2.0000,     0.17243,      12.310,     0.15674,      1.5672,     0.16563,      1.6056,     0.16906,      1.6534,     0.16722,      1.4875,     0.15910,      1.5968,      2.3465,      3.8049,      3.8872
      6.9002,      51.000,      10.000,     0.57729,     0.61930,      4.6907,      4.7997,     0.60000,      2.1400,      20.593,      2.0000,     0.17255,      12.285,     0.15768,      1.5672,     0.16596,      1.5965,     0.16895,      1.6443,     0.16734,      1.4784,     0.15939,      1.5787,      5.2396,      3.8073,      3.8936
      6.9336,      44.000,      10.000,     0.58051,     0.62015,      4.6885,      4.7905,     0.40000,      2.1400,      20.840,      2.0000,     0.17230,      12.301,     0.15746,      1.5491,     0.16614,      1.5874,     0.16935,      1.6352,     0.16710,      1.4694,     0.15918,      1.5877,      4.1639,      3.8034,      3.8806
      6.9669,      47.000,      10.000,     0.57863,     0.62022,      4.6890,      4.7965,     0.50000,      2.1400,      21.080,      2.0000,     0.17438,      12.260,     0.15977,      1.5401,     0.16792,      1.5693,     0.17076,      1.6260,     0.16905,      1.4603,     0.16087,      1.5696,      5.8599,      3.8053,      3.8871
      7.0002,      42.000,      10.000,     0.58232,     0.62287,      4.6983,      4.8038,     0.50000,      2.1400,      21.320,      2.0000,     0.17427,      12.260,     0.15915,      1.5310,     0.16770,      1.5602,     0.17122,      1.6169,     0.16896,      1.4603,     0.16110,      1.5516,      7.2213,      3.8053,      3.8871
      7.0336,      41.000,      10.000,     0.58125,     0.62263,      4.6915,      4.7990,     0.40000,      2.1400,      21.552,      2.0000,     0.17114,      12.260,     0.15778,      1.5220,     0.16620,      1.5602,     0.16877,      1.6078,     0.16629,      1.4513,     0.15862,      1.5335,      2.2463,      3.8039,      3.8806
      7.0669,      40.000,      10.000,     0.58386,     0.62388,      4.6981,      4.8024,     0.40000,      2.1400,      21.781,      2.0000,     0.16910,      12.252,     0.15485,      1.5220,     0.16302,      1.5511,     0.16571,      1.6078,     0.16386,      1.4423,     0.15605,      1.5516,      4.4019,      3.8039,      3.8806
      7.1002,      43.000,      10.000,     0.57821,     0.62106,      4.6941,      4.8057,     0.60000,      2.1400,      22.004,      2.0000,     0.16779,      12.260,     0.15471,      1.5129,     0.16275,      1.5420,     0.16518,      1.5805,     0.16280,      1.4332,     0.15545,      1.5064,      8.5755,      3.8077,      3.8934
      7.1336,      40.000,      10.000,     0.57738,     0.61792,      4.6869,      4.7914,     0.50000,      2.1400,      22.218,      2.0000,     0.16597,      12.235,     0.15215,      1.5039,     0.15984,      1.5239,     0.16251,      1.5805,     0.16070,      1.4332,     0.15305,      1.5155,      2.4225,      3.8058,      3.8870
      7.1669,      42.000,      10.000,     0.57270,     0.61387,      4.6854,      4.7915,     0.70000,      2.1400,      22.430,      2.0000,     0.16916,      12.235,     0.15685,      1.4949,     0.16416,      1.5148,     0.16586,      1.5714,     0.16321,      1.4151,     0.15609,      1.4883,      6.0833,      3.8096,      3.8999
      7.2002,      37.000,      10.000,     0.57636,     0.61822,      4.6905,      4.7995,     0.60000,      2.1400,      22.640,      2.0000,     0.16535,      12.210,     0.14938,      1.4768,     0.15804,      1.5057,     0.16152,      1.5623,     0.16016,      1.4061,     0.15267,      1.5154,      3.9250,      3.8081,      3.8933
      7.2336,      42.000,      10.000,     0.56974,     0.61199,      4.6691,      4.7773,     0.50000,      2.1400,      22.637,      2.0000,     0.16812,      12.227,     0.15579,      1.5039,     0.16345,      1.5148,     0.16494,      1.5623,     0.16277,      1.4332,     0.15531,      1.4973,      8.5010,      3.8062,      3.8870
      7.2669,      41.000,      10.000,     0.56788,     0.60953,      4.6586,      4.7638,     0.40000,      2.1400,      22.407,      2.0000,     0.16838,      12.276,     0.15595,      1.5853,     0.16365,      1.5965,     0.16586,      1.6169,     0.16334,      1.5055,     0.15590,      1.5787,      5.5884,      3.8039,      3.8806
      7.3002,      36.000,      10.000,     0.53625,     0.58378,      4.5857,      4.6979,     0.40000,      2.1400,      22.048,      2.0000,     0.15539,      12.310,     0.14141,      1.6485,     0.15258,      1.6600,     0.15494,      1.7172,     0.15171,      1.5779,     0.14539,      1.6600,      3.1892,      3.8039,      3.8806
      7.3336,      42.000,      10.000,     0.53133,     0.57874,      4.5699,      4.6792,     0.30000,      2.1400,      21.359,      2.0000,     0.19216,      12.591,     0.17416,      1.7751,     0.18812,      1.7871,     0.19124,      1.7901,     0.18797,      1.6954,     0.17963,      1.7414,      9.9209,      3.8015,      3.8741
      7.3670,      44.000,      10.000,     0.51493,     0.56593,      4.5371,      4.6467,     0.30000,      2.1400,      20.368,      2.0000,     0.22223,      12.897,     0.19223,      1.9288,     0.21459,      2.0321,     0.22173,      2.0725,     0.21889,      1.7948,     0.20820,      1.9764,      3.6052,      3.8011,      3.8740
      7.4002,      44.000,      10.000,     0.51675,     0.56951,      4.5397,      4.6545,     0.30000,      2.1400,      19.283,      2.0000,     0.25415,      13.030,     0.20701,      2.0282,     0.23751,      2.2136,     0.25128,      2.3185,     0.25102,      1.8581,     0.23614,      2.2205,      42.650,      3.8006,      3.8739
      7.4336,      42.000,      10.000,     0.52336,     0.57490,      4.5516,      4.6666,     0.30000,      2.1400,      17.942,      2.0000,     0.28943,      13.253,     0.23653,      2.1457,     0.27003,      2.3861,     0.28575,      2.5099,     0.28579,      1.9756,     0.26851,      2.3923,      59.881,      3.8002,      3.8738
      7.4669,      45.000,      10.000,     0.51782,     0.57419,      4.5344,      4.6578,     0.20000,      2.1400,      15.755,      2.0000,     0.27905,      13.402,     0.21185,      2.1186,     0.25258,      2.4587,     0.27529,      2.6375,     0.27686,      1.8942,     0.25732,      2.4827,      302.22,      3.7974,      3.8668
      7.5002,      42.000,      10.000,     0.52648,     0.59026,      4.5546,      4.6984,     0.40000,      2.1400,      8.0792,      2.0000,     0.14992,      13.402,    0.094311,      1.8112,     0.11811,      2.1320,     0.13875,      2.6101,     0.14980,      1.6140,     0.13297,      2.4917,      523.47,      3.7979,      3.8804
      7.5336,      42.000,      10.000,     0.74320,     0.77878,      5.1264,      5.2219,      1.0000,      2.1400,   -0.076088,      2.0000,    0.024607,      12.351,    0.024678,      1.1513,    0.024946,      1.4331,    0.024590,      1.6443,    0.023637,      1.0264,    0.022454,      1.5154,      605.37,      3.8063,      3.9286
      7.5669,      40.000,      10.000,     0.72137,     0.74380,      5.4010,      5.4458,      6.3000,      1.4100,   -0.058655,      2.0000,    0.018072,      11.134,    0.015397,     0.37392,    0.015935,     0.42573,    0.017196,     0.50529,    0.019664,     0.32132,    0.015943,     0.46678,      193.32,      3.9515,      4.1361
      7.6002,      43.000,      10.000,     0.75685,     0.77801,      5.1082,      5.1649,     0.10000,      2.1400,   -0.040162,      2.0000,    0.020178,      10.736,    0.019413,    0.093685,    0.019886,    0.099008,    0.020012,     0.12260,    0.019708,    0.086289,    0.018898,     0.11423,      732.57,      3.7885,      3.8562
      7.6336,      46.000,      10.000,     0.73956,     0.77713,      5.0559,      5.1565,      0.0000,      2.1400,   -0.026804,      2.0000,    0.030421,      10.645,    0.030408,    0.030406,    0.030358,    0.035478,    0.030199,    0.031521,    0.029611,    0.032050,    0.028681,    0.032872,      1115.8,      3.7865,      3.8481
      7.6669,      47.000,      10.000,     0.75077,     0.77815,      5.0859,      5.1592,      0.0000,      2.1400,   -0.017569,      2.0000,    0.023135,      10.629,    0.022967,    0.012327,    0.023105,    0.017326,    0.022984,   0.0041413,    0.022565,    0.013970,    0.021850,    0.032872,      1345.8,      3.7865,      3.8481
      7.7002,      46.000,      10.000,     0.74885,     0.77678,      5.1656,      5.2407,      1.4000,      2.1400,  -0.0094203,      2.0000,    0.025818,      10.645,    0.026325,    0.012327,    0.026436,   0.0082507,    0.025736,    0.013254,    0.024552,    0.013970,    0.023344,    0.014793,      671.78,      3.8147,      3.9533
      7.7336,      46.000,      10.000,     0.75876,     0.77890,      5.1073,      5.1613,      0.0000,      2.1400,  -0.0046951,      2.0000,    0.019071,      10.644,    0.018700,    0.012327,    0.019042,   0.0082507,    0.019016,    0.013254,    0.018679,    0.013970,    0.018073,    0.014793,      1249.1,      3.7865,      3.8481
      7.7669,      47.000,      10.000,     0.75395,     0.77844,      5.0944,      5.1600,      0.0000,      2.1400, -0.00085410,      2.0000,    0.022497,      10.621,    0.022460,    0.012327,    0.022606,   0.0082507,    0.022429,    0.013254,    0.021992,    0.013970,    0.021341,    0.014793,      1249.6,      3.7865,      3.8481
      7.8002,      45.000,      10.000,     0.75370,     0.77842,      5.0937,      5.1600,      0.0000,      2.1400,   0.0043713,      2.0000,    0.022090,      10.604,    0.022345,    0.021367,    0.022317, -0.00082551,    0.022014,    0.013254,    0.021529,    0.013970,    0.020999,    0.014793,      1460.6,      3.7865,      3.8481
      7.8336,      40.000,      10.000,     0.74972,     0.77805,      5.0831,      5.1590,      0.0000,      2.1400,   0.0084426,      2.0000,    0.025264,      10.637,    0.025314,    0.012327,    0.025454,    0.017326,    0.025181,    0.013254,    0.024628,    0.023010,    0.023990,    0.032872,      1229.4,      3.7865,      3.8481
      7.8669,      46.000,      10.000,     0.75764,     0.77879,      5.1043,      5.1610,      0.0000,      2.1400,   0.0099666,      2.0000,    0.020533,      10.629,    0.019615,    0.021367,    0.020252,   0.0082507,    0.020436,    0.022365,    0.020121,    0.013970,    0.019329,    0.014793,      1401.4,      3.7865,      3.8481
      7.9002,      42.000,      10.000,     0.75502,     0.77855,      5.0973,      5.1603,      0.0000,      2.1400,    0.010056,      2.0000,    0.021855,      10.637,    0.021504,    0.021367,    0.021742,    0.017326,    0.021714,   0.0041413,    0.021327,    0.013970,    0.020620,    0.032872,      525.60,      3.7865,      3.8481
      7.9336,      44.000,      10.000,     0.74762,     0.77786,      5.0775,      5.1585,      0.0000,      2.1400,    0.010439,      2.0000,    0.025613,      10.612,    0.025381,   0.0032872,    0.025539, -0.00082551,    0.025434,   0.0041413,    0.024970,    0.013970,    0.024159,  -0.0032864,      1369.2,      3.7865,      3.8481
      7.9669,      44.000,      10.000,     0.73987,     0.77715,      5.0567,      5.1566,      0.0000,      2.1400,    0.012920,      2.0000,    0.029207,      10.620,    0.028896,    0.012327,    0.029061, -0.00082551,    0.028972,   0.0041413,    0.028426,    0.023010,    0.027481,    0.014793,      1666.2,      3.7865,      3.8481
      8.0002,      46.000,      10.000,     0.75727,     0.77876,      5.1033,      5.1609,      0.0000,      2.1400,    0.012309,      2.0000,    0.019855,      10.604,    0.019900,    0.012327,    0.019934,   0.0082507,    0.019766,   0.0041413,    0.019390,    0.013970,    0.018834,  -0.0032864,      1343.8,      3.7865,      3.8481
      8.0336,      46.000,      10.000,     0.75071,     0.77814,      5.0858,      5.1592,      0.0000,      2.1400,    0.015496,      2.0000,    0.024896,      10.612,    0.024486,    0.012327,    0.024858,   0.0082507,    0.024830,    0.013254,    0.024352,    0.013970,    0.023551,    0.023833,      1091.0,      3.7865,      3.8481
      8.0669,      46.000,      10.000,     0.74327,     0.77746,      5.0658,      5.1574,      0.0000,      2.1400,    0.015939,      2.0000,    0.029913,      10.621,    0.029856,    0.012327,    0.029965,   0.0082507,    0.029771,    0.013254,    0.029114,    0.013970,    0.028303,    0.023833,      430.26,      3.7865,      3.8481
      8.1002,      50.000,      10.000,     0.74696,     0.77780,      5.0757,      5.1583,      0.0000,      2.1400,    0.016219,      2.0000,    0.028798,      10.612,    0.027933,    0.012327,    0.028608,   0.0082507,    0.028674,    0.013254,    0.028144,    0.013970,    0.027156,   0.0057531,      1109.2,      3.7865,      3.8481
      8.1336,      44.000,      10.000,     0.74388,     0.77751,      5.0675,      5.1575,      0.0000,      2.1400,    0.016133,      2.0000,    0.029072,      10.629,    0.028778,    0.021367,    0.029149,   0.0082507,    0.029005,    0.013254,    0.028416,    0.013970,    0.027543,    0.023833,      938.05,      3.7865,      3.8481
      8.1669,      44.000,      10.000,     0.75438,     0.77849,      5.0956,      5.1601,      0.0000,      2.1400,    0.016522,      2.0000,    0.022003,      10.612,    0.021405,    0.012327,    0.021777,   0.0082507,    0.021903,    0.013254,    0.021485,    0.023010,    0.020750,    0.023833,      589.48,      3.7865,      3.8481
      8.2002,      42.000,      10.000,     0.73140,     0.77640,      5.0340,      5.1546,      0.0000,      2.1400,    0.016730,      2.0000,    0.036425,      10.612,    0.036200,    0.021367,    0.036290,    0.017326,    0.036091,    0.013254,    0.035409,    0.013970,    0.034220,    0.023833,      1165.1,      3.7865,      3.8481
      8.2336,      43.000,      10.000,     0.75258,     0.77832,      5.0908,      5.1597,      0.0000,      2.1400,    0.016838,      2.0000,    0.023170,      10.621,    0.022965,    0.012327,    0.023099, -0.00082551,    0.023016,   0.0041413,    0.022615,    0.023010,    0.021862,   0.0057531,      594.88,      3.7865,      3.8481
      8.2669,      41.000,      10.000,     0.74649,     0.77775,      5.0744,      5.1582,      0.0000,      2.1400,    0.015247,      2.0000,    0.028040,      10.621,    0.028101,   0.0032872,    0.028082, -0.00082551,    0.027865,   0.0041413,    0.027312,    0.013970,    0.026498,   0.0057531,      869.45,      3.7865,      3.8481
      8.3002,      44.000,      10.000,     0.73991,     0.77716,      5.0568,      5.1566,      0.0000,      2.1400,    0.014986,      2.0000,    0.032692,      10.635,    0.033052,    0.021367,    0.033019,   0.0082507,    0.032633,    0.013254,    0.031892,    0.013970,    0.031063,  -0.0030281,      720.28,      3.7865,      3.8481
      8.3336,      41.000,      10.000,     0.75982,     0.77900,      5.1102,      5.1615,      0.0000,      2.1400,    0.014646,      2.0000,    0.018343,      10.612,    0.018188,    0.012327,    0.018588,   0.0082507,    0.018380,   0.0041413,    0.017948,   0.0049309,    0.017536,  -0.0032864,      1762.1,      3.7865,      3.8481
      8.3669,      42.000,      10.000,     0.74285,     0.77742,      5.0647,      5.1573,      0.0000,      2.1400,    0.014711,      2.0000,    0.029309,      10.613,    0.029215,    0.012327,    0.029454,   0.0082507,    0.029162,    0.013254,    0.028556,    0.013970,    0.027742,    0.014793,      837.12,      3.7865,      3.8481
      8.4002,      43.000,      10.000,     0.75349,     0.77840,      5.0932,      5.1599,      0.0000,      2.1400,    0.014100,      2.0000,    0.023260,      10.629,    0.022651,   0.0032872,    0.023138, -0.00082551,    0.023174,   0.0041413,    0.022717,    0.013970,    0.021976,    0.023833,      264.84,      3.7865,      3.8481
      8.4336,      44.000,      10.000,     0.75093,     0.77816,      5.0863,      5.1593,      0.0000,      2.1400,    0.012011,      2.0000,    0.023461,      10.637,    0.023244,    0.021367,    0.023400,   0.0082507,    0.023335,    0.013254,    0.022894,    0.013970,    0.022170,   0.0057531,      300.83,      3.7865,      3.8481
      8.4669,      43.000,      10.000,     0.74971,     0.77805,      5.0831,      5.1590,      0.0000,      2.1400,    0.012016,      2.0000,    0.026803,      10.612,    0.025921,    0.012327,    0.026560, -0.00082551,    0.026687,    0.013254,    0.026243,   0.0049309,    0.025252,    0.014793,      765.55,      3.7865,      3.8481
      8.5002,      43.000,      10.000,     0.75507,     0.77855,      5.0974,      5.1603,      0.0000,      2.1400,    0.012787,      2.0000,    0.021683,      10.612,    0.021368,   0.0032872,    0.021652, -0.00082551,    0.021580,   0.0041413,    0.021194,   0.0049309,    0.020514,    0.023833,      1468.6,      3.7865,      3.8481
      8.5336,      39.000,      10.000,     0.75827,     0.77885,      5.1060,      5.1611,      0.0000,      2.1400,    0.013408,      2.0000,    0.019082,      10.612,    0.018843,    0.012327,    0.019043,   0.0082507,    0.018998,    0.013254,    0.018665,    0.013970,    0.018076,    0.014793,      1388.5,      3.7865,      3.8481
      8.5669,      45.000,      10.000,     0.74268,     0.77740,      5.0642,      5.1572,      0.0000,      2.1400,    0.011572,      2.0000,    0.029890,      10.612,    0.029349,    0.012327,    0.029750,   0.0082507,    0.029709,   0.0041413,    0.029136,    0.013970,    0.028167,    0.014793,      1030.2,      3.7865,      3.8481
      8.6002,      45.000,      10.000,     0.75144,     0.77821,      5.0877,      5.1594,      0.0000,      2.1400,    0.010815,      2.0000,    0.024316,      10.620,    0.024357,    0.012327,    0.024370,   0.0082507,    0.024210,   0.0041413,    0.023711,    0.013970,    0.023029,   0.0057531,      1275.5,      3.7865,      3.8481
      8.6336,      43.000,      10.000,     0.75197,     0.77826,      5.0891,      5.1595,      0.0000,      2.1400,   0.0089588,      2.0000,    0.023811,      10.621,    0.023397,    0.021367,    0.023885,   0.0082507,    0.023799,   0.0041413,    0.023313,    0.013970,    0.022613,    0.014793,      381.94,      3.7865,      3.8481
      8.6669,      43.000,      10.000,     0.76337,     0.77934,      5.1197,      5.1624,      0.0000,      2.1400,   0.0079031,      2.0000,    0.014955,      10.621,    0.014731,   0.0032872,    0.014853, -0.00082551,    0.014848,    0.013254,    0.014622,   0.0049309,    0.014128,   0.0057531,      1116.4,      3.7865,      3.8481
      8.7002,      38.000,      10.000,     0.75041,     0.77812,      5.0849,      5.1591,      0.0000,      2.1400,   0.0064362,      2.0000,    0.023955,      10.621,    0.023838,    0.012327,    0.024132,   0.0082507,    0.023960,    0.013254,    0.023437,    0.013970,    0.022797,    0.023833,      1288.6,      3.7865,      3.8481
