# [Parameters]
# Name = tsmap_nel
# ShotNo = 189303
# Date = '04/10/2024 15:03'
# 
# DimNo = 1
# DimName = 'Time'
# DimSize = 164
# DimUnit = 's'
# 
# ValNo = 25
# ValName = 'laser', 'laser number', 'a99', 'a999', 'R99', 'R999', 'p0', 'pf', 'ip', 'ipf', 'nl_thomson_mid', 'nl_mmw_mid', 'nl_thomson_3579', 'nl_fir_3579', 'nl_thomson_3669', 'nl_fir_3669', 'nl_thomson_3759', 'nl_fir_3759', 'nl_thomson_3849', 'nl_fir_3849', 'nl_thomson_3939', 'nl_fir_3939', 'chi', 'geom_center', 'Rax_vmec'
# ValUnit = 'arb', 'arb', 'm', 'm', 'm', 'm', '%', 'arb', 'kA/T', 'arb', 'arb', 'e19m-2', 'arb', 'e19m-2', 'arb', 'e19m-2', 'arb', 'e19m-2', 'arb', 'e19m-2', 'arb', 'e19m-2', 'arb', 'm', 'm'
# 
# [Comments]
# Bt = -2.53850
# Rax = 3.90000
# Bq = 100.000
# Gamma = 1.25380
# phiedge = -2.8685000
# avac = 0.55800000
# ExpDate = 2.02404e+07
# Cycle = 25.0000
# t1 = 3.29800
# t2 = 8.70300
# density (ne) is only for very rough information
# Do not use data for ne_bar < 5*1-^12cm-3
# High Voltage is set at 0.90 times
# Te limit = 22keV
# Laser#1, #3, #5, 
# 
# [data]
  0.00028500,      56.000,      10.000,     0.76353,     0.78521,      5.1862,      5.2445,      0.0000,      2.1400,     -0.0000,      2.0000,    0.020572,   -0.016227,    0.020263,  -0.0024659,    0.020723,   0.0033012,    0.020635,      0.0000,    0.020116,   0.0041086,    0.019360,   0.0041086,      9999.0,      3.8133,      3.8981
      3.3003,      47.000,      10.000,     0.75132,     0.77820,      5.2014,      5.2737,     0.80000,      2.1400,   -0.066385,      2.0000,    0.024128,   -0.012087,    0.024562,    0.015614,    0.025055,   0.0033012,    0.024777,      0.0000,    0.023870,   0.0041086,    0.022805,  -0.0049309,      683.21,      3.8295,      3.9538
      3.3336,      51.000,      10.000,     0.56654,     0.61101,      4.6826,      4.7943,     0.30000,      2.1400,   -0.083341,      2.0000,     0.12792,      1.2877,     0.12442,      1.2631,     0.12767,      1.2739,     0.12708,      1.2301,     0.12364,      1.2154,     0.11817,      1.2245,      8.8661,      3.8194,      3.9190
      3.3669,      50.000,      10.000,     0.57222,     0.61472,      4.6963,      4.8041,     0.30000,      2.1400,     0.10581,      2.0000,     0.21356,      2.1405,     0.20411,      2.0857,     0.21008,      2.1542,     0.21056,      2.1048,     0.20639,      2.0561,     0.19711,      2.0561,      9.6929,      3.8194,      3.9190
      3.4003,      51.000,      10.000,     0.56945,     0.61259,      4.6949,      4.8043,     0.40000,      2.1400,     0.35188,      2.0000,     0.24964,      2.4634,     0.23559,      2.3298,     0.24484,      2.4537,     0.24644,      2.4237,     0.24198,      2.3725,     0.23112,      2.3454,      5.0531,      3.8214,      3.9259
      3.4336,      49.000,      10.000,     0.56803,     0.61193,      4.6925,      4.8040,     0.40000,      2.1400,     0.55277,      2.0000,     0.26619,      2.6209,     0.24751,      2.4383,     0.25949,      2.5626,     0.26276,      2.5604,     0.25867,      2.5081,     0.24725,      2.4810,      7.4961,      3.8218,      3.9258
      3.4669,      50.000,      10.000,     0.57140,     0.61443,      4.6955,      4.8048,     0.30000,      2.1400,     0.70571,      2.0000,     0.28210,      2.7366,     0.26001,      2.5558,     0.27247,      2.6625,     0.27729,      2.6698,     0.27408,      2.6256,     0.26168,      2.5895,      5.0216,      3.8198,      3.9189
      3.5003,      50.000,      10.000,     0.56792,     0.61172,      4.6923,      4.8034,     0.40000,      2.1400,     0.81588,      2.0000,     0.29505,      2.9103,     0.27288,      2.6824,     0.28637,      2.7895,     0.29090,      2.7973,     0.28727,      2.7793,     0.27458,      2.7432,      4.4362,      3.8218,      3.9258
      3.5336,      49.000,      10.000,     0.57270,     0.61550,      4.6985,      4.8077,     0.30000,      2.1400,     0.91389,      2.0000,     0.31153,      3.0597,     0.28662,      2.8451,     0.29998,      2.9529,     0.30488,      2.9431,     0.30242,      2.9330,     0.28872,      2.8878,      3.3043,      3.8198,      3.9189
      3.5669,      50.000,      10.000,     0.57374,     0.61664,      4.7010,      4.8109,     0.30000,      2.1400,      1.0066,      2.0000,     0.32983,      3.2417,     0.30612,      3.0078,     0.32015,      3.1163,     0.32428,      3.1071,     0.32010,      3.0867,     0.30565,      3.0596,      3.4165,      3.8198,      3.9189
      3.6003,      49.000,      10.000,     0.57301,     0.61572,      4.6992,      4.8084,     0.30000,      2.1400,      1.1004,      2.0000,     0.34829,      3.4404,     0.32302,      3.2067,     0.33797,      3.3068,     0.34234,      3.2894,     0.33812,      3.2675,     0.32285,      3.2223,      5.8969,      3.8198,      3.9189
      3.6336,      49.000,      10.000,     0.57629,     0.61862,      4.7020,      4.8103,     0.20000,      2.1400,      1.1978,      2.0000,     0.38100,      3.6805,     0.35699,      3.4327,     0.37186,      3.5156,     0.37590,      3.5263,     0.37014,      3.4844,     0.35323,      3.4392,      3.9664,      3.8178,      3.9120
      3.6669,      47.000,      10.000,     0.57105,     0.61301,      4.6897,      4.7952,     0.20000,      2.1400,      1.2921,      2.0000,     0.38995,      3.9206,     0.35976,      3.6587,     0.37622,      3.7425,     0.38200,      3.7358,     0.37803,      3.7104,     0.36047,      3.6923,      2.2009,      3.8178,      3.9120
      3.7003,      49.000,      10.000,     0.57383,     0.61659,      4.7012,      4.8107,     0.30000,      2.1400,      1.3912,      2.0000,     0.42912,      4.1193,     0.40162,      3.8666,     0.41923,      3.9694,     0.42360,      3.9728,     0.41737,      3.9274,     0.39857,      3.8822,      3.6681,      3.8198,      3.9189
      3.7336,      49.000,      10.000,     0.57277,     0.61559,      4.6987,      4.8080,     0.30000,      2.1400,      1.4734,      2.0000,     0.44831,      4.4091,     0.41499,      4.0835,     0.43540,      4.2144,     0.44102,      4.2188,     0.43424,      4.1624,     0.41458,      4.1263,      3.0332,      3.8198,      3.9189
      3.7669,      47.000,      10.000,     0.56981,     0.61264,      4.6928,      4.8014,     0.30000,      2.1400,      1.5352,      2.0000,     0.46593,      4.6575,     0.42754,      4.3005,     0.45024,      4.4413,     0.45711,      4.4557,     0.45181,      4.3974,     0.43151,      4.3703,      1.3746,      3.8203,      3.9189
      3.8003,      50.000,      10.000,     0.57013,     0.61395,      4.6935,      4.8050,     0.30000,      2.1400,      1.6154,      2.0000,     0.48558,      4.8891,     0.44909,      4.5265,     0.47303,      4.6682,     0.47968,      4.6835,     0.47293,      4.6234,     0.45173,      4.5963,      1.2590,      3.8203,      3.9189
      3.8336,      49.000,      10.000,     0.57087,     0.61510,      4.6953,      4.8081,     0.30000,      2.1400,      1.6735,      2.0000,     0.51313,      5.1209,     0.47235,      4.7434,     0.49841,      4.9132,     0.50644,      4.9204,     0.49931,      4.8675,     0.47690,      4.8133,      1.9036,      3.8203,      3.9189
      3.8669,      48.000,      10.000,     0.57289,     0.61799,      4.7000,      4.8160,     0.30000,      2.1400,      1.7159,      2.0000,     0.55719,      5.3860,     0.50669,      4.9242,     0.53854,      5.1311,     0.55012,      5.1664,     0.54363,      5.0935,     0.51908,      5.0483,     0.78873,      3.8203,      3.9189
      3.9003,      47.000,      10.000,     0.56787,     0.61165,      4.6881,      4.7988,     0.30000,      2.1400,      1.7626,      2.0000,     0.55543,      5.6593,     0.50124,      5.1231,     0.53416,      5.3489,     0.54617,      5.4306,     0.54133,      5.3557,     0.51675,      5.2833,      1.2689,      3.8203,      3.9189
      3.9336,      49.000,      10.000,     0.56593,     0.60997,      4.6886,      4.8001,     0.40000,      2.1400,      1.7990,      2.0000,     0.58470,      5.8994,     0.52470,      5.3129,     0.56044,      5.5848,     0.57358,      5.6767,     0.56784,      5.5997,     0.54275,      5.5455,      1.2452,      3.8223,      3.9257
      3.9669,      49.000,      10.000,     0.56425,     0.60825,      4.6843,      4.7956,     0.40000,      2.1400,      1.8384,      2.0000,     0.59977,      6.1809,     0.53040,      5.5389,     0.57097,      5.8117,     0.58713,      5.9227,     0.58331,      5.8438,     0.55723,      5.7805,      1.4224,      3.8223,      3.9257
      4.0003,      48.000,      10.000,     0.56549,     0.60967,      4.6874,      4.7993,     0.40000,      2.1400,      1.8585,      2.0000,     0.62781,      6.4044,     0.55012,      5.7288,     0.59429,      6.0568,     0.61320,      6.1687,     0.61064,      6.0789,     0.58349,      5.9975,      1.4023,      3.8223,      3.9257
      4.0336,      42.000,      10.000,     0.56400,     0.60803,      4.6837,      4.7951,     0.40000,      2.1400,      1.8552,      2.0000,     0.66776,      6.6445,     0.58166,      5.8824,     0.63040,      6.2655,     0.65162,      6.3874,     0.65043,      6.3139,     0.62149,      6.2235,      1.7301,      3.8223,      3.9257
      4.0669,      42.000,      10.000,     0.56419,     0.60838,      4.6842,      4.7960,     0.40000,      2.1400,      1.8815,      2.0000,     0.67915,      6.8681,     0.58733,      6.0723,     0.63868,      6.4833,     0.66230,      6.6243,     0.66057,      6.5308,     0.63095,      6.4676,     0.98807,      3.8223,      3.9257
      4.1003,      49.000,      10.000,     0.55890,     0.60230,      4.6712,      4.7799,     0.40000,      2.1400,      1.8637,      2.0000,     0.68982,      7.0999,     0.59040,      6.2802,     0.64545,      6.6830,     0.67132,      6.8612,     0.67169,      6.7840,     0.64158,      6.6845,      2.0974,      3.8223,      3.9257
      4.1336,      50.000,      10.000,     0.55670,     0.60082,      4.6710,      4.7817,     0.50000,      2.1400,      1.8378,      2.0000,     0.71265,      7.3814,     0.60618,      6.4970,     0.66433,      6.9099,     0.68971,      7.1072,     0.69350,      7.0009,     0.66420,      6.8833,      1.9547,      3.8243,      3.9325
      4.1669,      40.000,      10.000,     0.55678,     0.59974,      4.6712,      4.7787,     0.50000,      2.1400,      1.7373,      2.0000,     0.73620,      7.5553,     0.63534,      6.8226,     0.69644,      7.1640,     0.72164,      7.3624,     0.71668,      7.2540,     0.68498,      7.1094,      1.5695,      3.8243,      3.9325
      4.2003,      47.000,      10.000,     0.54928,     0.59141,      4.6538,      4.7572,     0.50000,      2.1400,      1.6604,      2.0000,     0.74519,      7.8616,     0.63915,      7.1932,     0.70211,      7.5361,     0.72831,      7.6630,     0.72615,      7.5795,     0.69432,      7.3263,      1.5820,      3.8243,      3.9325
      4.2336,      50.000,      10.000,     0.54802,     0.59090,      4.6510,      4.7559,     0.50000,      2.1400,      1.5489,      2.0000,     0.77382,      8.1431,     0.66251,      7.6271,     0.72857,      7.9899,     0.75496,      8.0275,     0.75362,      7.8597,     0.72066,      7.5975,      1.9230,      3.8243,      3.9325
      4.2669,      48.000,      10.000,     0.54093,     0.58456,      4.6351,      4.7397,     0.50000,      2.1400,      1.7673,      2.0000,     0.78456,      8.5571,     0.66049,      7.2113,     0.73949,      7.7176,     0.77143,      8.0913,     0.76834,      8.1670,     0.73334,      8.1490,      2.4711,      3.8243,      3.9325
      4.3003,      51.000,      10.000,     0.53649,     0.57979,      4.6304,      4.7332,     0.60000,      2.1400,      1.7471,      2.0000,     0.80948,      16.216,     0.66979,      7.1842,     0.75814,      7.9717,     0.79547,      8.5560,     0.79235,      8.7637,     0.75712,      8.7004,      2.9220,      3.8263,      3.9394
      4.3336,      48.000,      10.000,     0.53832,     0.58123,      4.6343,      4.7367,     0.60000,      2.1400,      1.7724,      2.0000,     0.83618,      23.609,     0.69033,      7.3198,     0.78046,      8.1442,     0.81971,      8.6471,     0.81911,      8.7908,     0.78258,      8.8541,      2.4649,      3.8263,      3.9394
      4.3669,      49.000,      10.000,     0.53842,     0.58228,      4.6345,      4.7393,     0.60000,      2.1400,      1.8044,      2.0000,     0.85777,      11.083,     0.69928,      7.5548,     0.79854,      8.4255,     0.84217,      8.9934,     0.84208,      9.1433,     0.80381,      9.1072,      1.7844,      3.8263,      3.9394
      4.4003,      50.000,      10.000,     0.53620,     0.58327,      4.6298,      4.7418,     0.60000,      2.1400,      1.8210,      2.0000,     0.88502,      15.065,     0.71794,      7.9435,     0.82423,      8.8884,     0.87186,      9.5219,     0.87107,      9.8756,     0.83131,      10.002,      2.3015,      3.8263,      3.9394
      4.4336,      47.000,      10.000,     0.52523,     0.57056,      4.6071,      4.7104,     0.60000,      2.1400,      1.6319,      2.0000,     0.94553,      19.643,     0.77723,      8.5040,     0.89087,      9.8141,     0.93653,      10.324,     0.93082,      10.472,     0.88778,      10.662,      1.7379,      3.8263,      3.9394
      4.4669,      50.000,      10.000,     0.52144,     0.56742,      4.5998,      4.7023,     0.60000,      2.1400,      1.5289,      2.0000,      1.0050,      22.674,     0.79190,      8.9198,     0.93491,      10.268,     0.99507,      11.053,     0.99322,      11.458,     0.94729,      11.476,      2.4824,      3.8263,      3.9394
      4.5003,      49.000,      10.000,     0.51980,     0.56580,      4.5958,      4.6974,     0.60000,      2.1400,      1.4068,      2.0000,      1.0601,      21.150,     0.83468,      8.7661,     0.98489,      10.204,      1.0511,      11.135,      1.0504,      11.557,     0.99958,      11.557,      2.2138,      3.8259,      3.9396
      4.5336,      49.000,      10.000,     0.52185,     0.56729,      4.6046,      4.7065,     0.70000,      2.1400,      1.3148,      2.0000,      1.0670,      21.010,     0.82595,      8.7571,     0.98751,      10.377,      1.0603,      11.362,      1.0574,      11.602,      1.0075,      11.503,      2.6863,      3.8279,      3.9465
      4.5669,      51.000,      10.000,     0.52542,     0.57055,      4.6115,      4.7148,     0.70000,      2.1400,      1.2946,      2.0000,      1.1062,      22.202,     0.82957,      8.6034,     0.99988,      10.277,      1.0860,      11.280,      1.0978,      11.467,      1.0477,      11.530,      2.5411,      3.8279,      3.9465
      4.6003,      57.000,      10.000,     0.52579,     0.57313,      4.6123,      4.7211,     0.70000,      2.1400,      1.2602,      2.0000,      1.1143,      22.475,     0.81561,      8.5311,     0.99842,      10.286,      1.0938,      11.180,      1.1083,      11.521,      1.0574,      11.575,      1.7851,      3.8279,      3.9465
      4.6336,      49.000,      10.000,     0.51685,     0.56291,      4.5951,      4.6956,     0.70000,      2.1400,      1.2533,      2.0000,      1.0885,      22.881,     0.78958,      8.3683,     0.96918,      10.068,      1.0623,      11.080,      1.0812,      11.494,      1.0340,      11.647,      2.7545,      3.8279,      3.9465
      4.6669,      48.000,      10.000,     0.51841,     0.56438,      4.6027,      4.7045,     0.80000,      2.1400,      1.1999,      2.0000,      1.0896,      23.435,     0.76290,      8.2147,     0.95001,      9.8867,      1.0548,      10.962,      1.0831,      11.439,      1.0396,      11.593,      2.5701,      3.8299,      3.9534
      4.7003,      54.000,      10.000,     0.52315,     0.56841,      4.6118,      4.7148,     0.80000,      2.1400,      1.2029,      2.0000,      1.1110,      23.237,     0.79559,      8.1334,     0.97720,      9.7233,      1.0793,      10.825,      1.1027,      11.412,      1.0570,      11.611,      2.9566,      3.8299,      3.9534
      4.7336,      50.000,      10.000,     0.52159,     0.56820,      4.6087,      4.7143,     0.80000,      2.1400,      1.1654,      2.0000,      1.0834,      23.724,     0.76402,      7.9164,     0.94748,      9.3966,      1.0561,      10.415,      1.0797,      11.042,      1.0322,      11.159,      1.9536,      3.8299,      3.9534
      4.7669,      48.000,      10.000,     0.52089,     0.56632,      4.6074,      4.7095,     0.80000,      2.1400,      1.1102,      2.0000,      1.0709,      23.618,     0.73557,      7.6904,     0.91850,      9.2423,      1.0271,      10.296,      1.0644,      10.843,      1.0229,      11.051,      2.1347,      3.8299,      3.9534
      4.8003,      50.000,      10.000,     0.52160,     0.56683,      4.6088,      4.7108,     0.80000,      2.1400,      1.0670,      2.0000,      1.0617,      23.833,     0.72464,      7.7537,     0.90942,      9.1879,      1.0204,      10.251,      1.0549,      10.617,      1.0145,      10.861,      2.2084,      3.8299,      3.9534
      4.8336,      49.000,      10.000,     0.53547,     0.57860,      4.6369,      4.7397,     0.80000,      2.1400,      1.0414,      2.0000,      1.0606,      23.974,     0.73016,      7.8983,     0.89342,      9.2423,     0.99932,      10.105,      1.0463,      10.210,      1.0119,      9.9479,      2.2433,      3.8299,      3.9534
      4.8669,      49.000,      10.000,     0.54971,     0.59691,      4.6636,      4.7815,     0.70000,      2.1400,      1.2566,      2.0000,      1.0722,      23.982,     0.72328,      7.4554,     0.88515,      8.8521,      1.0020,      9.7497,      1.0581,      9.9569,      1.0222,      9.8213,      1.5846,      3.8279,      3.9465
      4.9003,      50.000,      10.000,     0.54400,     0.58825,      4.6555,      4.7645,     0.80000,      2.1400,      1.3977,      2.0000,      1.0342,      23.618,     0.68965,      7.1028,     0.84819,      8.5798,     0.96240,      9.4672,      1.0193,      9.6857,     0.98904,      9.5682,      1.5253,      3.8299,      3.9534
      4.9336,      50.000,      10.000,     0.54952,     0.59526,      4.6640,      4.7783,     0.70000,      2.1400,      1.6042,      2.0000,      1.0109,      23.527,     0.66652,      6.8045,     0.81672,      8.2803,     0.93163,      9.2667,     0.99463,      9.5411,     0.96452,      9.4597,      1.2142,      3.8283,      3.9462
      4.9669,      50.000,      10.000,     0.54830,     0.59480,      4.6662,      4.7830,     0.80000,      2.1400,      1.6915,      2.0000,     0.99959,      23.328,     0.65480,      6.7593,     0.80624,      8.1351,     0.92295,      9.1209,     0.98523,      9.4145,     0.95784,      9.3061,      1.4727,      3.8304,      3.9531
      5.0003,      50.000,      10.000,     0.55105,     0.59573,      4.6677,      4.7796,     0.70000,      2.1400,      1.8161,      2.0000,     0.98698,      23.320,     0.66706,      6.7683,     0.79913,      8.0262,     0.90047,      9.0207,     0.96474,      9.3513,     0.93962,      9.2789,     0.85672,      3.8283,      3.9462
      5.0336,      51.000,      10.000,     0.54742,     0.59224,      4.6593,      4.7704,     0.70000,      2.1400,      1.8457,      2.0000,     0.97673,      23.278,     0.66675,      6.9672,     0.80110,      8.0443,     0.89980,      8.9843,     0.95649,      9.3061,     0.92861,      9.2066,      1.7254,      3.8283,      3.9462
      5.0669,      52.000,      10.000,     0.54744,     0.59072,      4.6593,      4.7665,     0.70000,      2.1400,      1.8266,      2.0000,     0.98417,      23.336,     0.68448,      7.2294,     0.80700,      8.1714,     0.89789,      9.0754,     0.95887,      9.3332,     0.93392,      9.1885,      1.7416,      3.8283,      3.9462
      5.1003,      52.000,      10.000,     0.54280,     0.58541,      4.6488,      4.7528,     0.70000,      2.1400,      1.7886,      2.0000,     0.96570,      23.278,     0.68674,      7.4192,     0.80644,      8.3801,     0.89048,      9.1756,     0.94113,      9.3603,     0.91485,      9.1795,      2.2410,      3.8283,      3.9462
      5.1336,      49.000,      10.000,     0.52858,     0.57286,      4.6187,      4.7214,     0.70000,      2.1400,      2.0803,      2.0000,     0.92073,      23.758,     0.64118,      6.9853,     0.76873,      8.0262,     0.85260,      9.1755,     0.90066,      9.6044,     0.87461,      9.6947,      2.0802,      3.8283,      3.9462
      5.1669,      51.000,      10.000,     0.53395,     0.57741,      4.6298,      4.7326,     0.70000,      2.1400,      2.2291,      2.0000,     0.95076,    -0.20251,     0.68146,      7.3378,     0.80804,      8.3529,     0.88731,      9.3123,     0.93061,      9.8394,     0.90139,      9.7942,      2.4129,      3.8283,      3.9462
      5.2003,      50.000,      10.000,     0.52580,     0.57071,      4.6131,      4.7161,     0.70000,      2.1400,      2.3170,      2.0000,     0.95834,      2.5722,     0.69748,      7.7718,     0.82980,      8.8158,     0.90786,      9.6859,     0.94162,      10.273,     0.90800,      10.291,      3.1092,      3.8283,      3.9462
      5.2336,      51.000,      10.000,     0.54538,     0.59316,      4.6595,      4.7784,     0.80000,      2.1400,      2.2119,      2.0000,      1.0420,      5.5185,     0.79132,      8.2418,     0.92014,      9.0880,     0.99718,      9.5583,      1.0231,      9.6767,     0.98645,      9.5773,      1.4657,      3.8304,      3.9531
      5.2669,      52.000,      10.000,     0.55417,     0.60140,      4.6812,      4.8019,     0.80000,      2.1400,      2.6741,      2.0000,      1.0112,      4.9472,     0.74989,      7.5186,     0.87486,      8.5344,     0.95359,      9.1118,     0.99040,      9.2609,     0.95909,      9.2157,     0.94878,      3.8308,      3.9527
      5.3003,      51.000,      10.000,     0.55736,     0.60548,      4.6890,      4.8127,     0.80000,      2.1400,      2.9893,      2.0000,     0.98113,      4.5747,     0.72676,      7.2113,     0.84544,      8.0897,     0.92336,      8.7018,     0.95981,      8.9445,     0.93140,      8.8541,      1.8722,      3.8308,      3.9527
      5.3336,      49.000,      10.000,     0.56223,     0.61203,      4.7064,      4.8363,     0.90000,      2.1400,      3.1999,      2.0000,     0.95003,      4.3594,     0.73004,      7.2294,     0.83376,      8.0716,     0.89895,      8.4649,     0.92752,      8.6914,     0.90217,      8.6371,      2.5678,      3.8328,      3.9595
      5.3669,      49.000,      10.000,     0.56226,     0.60872,      4.7065,      4.8273,     0.90000,      2.1400,      3.4218,      2.0000,     0.92518,      4.1276,     0.73392,      7.2746,     0.82573,      8.0897,     0.87953,      8.3464,     0.89996,      8.4744,     0.87396,      8.4563,      1.8171,      3.8328,      3.9595
      5.4003,      47.000,      10.000,     0.56419,     0.60702,      4.7168,      4.8286,      1.0000,      2.1400,      3.4741,      2.0000,     0.91480,      4.0034,     0.77045,      7.5277,     0.84430,      8.1442,     0.87647,      8.3373,     0.88304,      8.3840,     0.85586,      8.3026,      1.8280,      3.8348,      3.9663
      5.4336,      50.000,      10.000,     0.56927,     0.61204,      4.7198,      4.8318,     0.80000,      2.1400,      3.5399,      2.0000,     0.92209,      3.9534,     0.80584,      7.7175,     0.87090,      8.2259,     0.89488,      8.3738,     0.89347,      8.3478,     0.86075,      8.2303,      1.5291,      3.8313,      3.9524
      5.4669,      53.000,      10.000,     0.56778,     0.61039,      4.7212,      4.8332,     0.90000,      2.1400,      3.5964,      2.0000,     0.89912,      3.9868,     0.80024,      7.8441,     0.86381,      8.3166,     0.88063,      8.4467,     0.86898,      8.3930,     0.83557,      8.2484,      2.3227,      3.8333,      3.9591
      5.5003,      52.000,      10.000,     0.57177,     0.61507,      4.7259,      4.8400,     0.80000,      2.1400,      3.7592,      2.0000,     0.92853,      4.0531,     0.82822,      7.9254,     0.89214,      8.3983,     0.91113,      8.5104,     0.90107,      8.4382,     0.86513,      8.2846,      1.7540,      3.8313,      3.9524
      5.5336,      47.000,      10.000,     0.56926,     0.61183,      4.7197,      4.8312,     0.80000,      2.1400,      3.8470,      2.0000,     0.91504,      4.0531,     0.81513,      7.9345,     0.87918,      8.3892,     0.89795,      8.5104,     0.88697,      8.4202,     0.85060,      8.2755,     0.84154,      3.8313,      3.9524
      5.5669,      49.000,      10.000,     0.57033,     0.61271,      4.7223,      4.8336,     0.80000,      2.1400,      4.0056,      2.0000,     0.91813,      4.0945,     0.82602,      7.9526,     0.88407,      8.4437,     0.89749,      8.5469,     0.88713,      8.4563,     0.85240,      8.3117,      1.4182,      3.8313,      3.9524
      5.6003,      50.000,      10.000,     0.56861,     0.61124,      4.7233,      4.8356,     0.90000,      2.1400,      4.2778,      2.0000,     0.91976,      3.9868,     0.82544,      7.8893,     0.88921,      8.3711,     0.90297,      8.4831,     0.88949,      8.3659,     0.85436,      8.2122,      1.2710,      3.8333,      3.9591
      5.6336,      49.000,      10.000,     0.56801,     0.60948,      4.7227,      4.8321,     0.90000,      2.1400,      4.5234,      2.0000,     0.89178,      3.9040,     0.79805,      7.8441,     0.85749,      8.3257,     0.87300,      8.4193,     0.86193,      8.3117,     0.82806,      8.1219,      2.1549,      3.8337,      3.9587
      5.6669,      42.000,      10.000,     0.56780,     0.60976,      4.7171,      4.8270,     0.80000,      2.1400,      4.7541,      2.0000,     0.89498,      3.8212,     0.80319,      7.7718,     0.86123,      8.2259,     0.87605,      8.3647,     0.86507,      8.2574,     0.83171,      8.0676,      1.3839,      3.8317,      3.9520
      5.7003,      49.000,      10.000,     0.57094,     0.61293,      4.7197,      4.8298,     0.70000,      2.1400,      4.8415,      2.0000,     0.90647,      3.8875,     0.80811,      7.7718,     0.86854,      8.1986,     0.88585,      8.3829,     0.87706,      8.2936,     0.84258,      8.1218,      2.2068,      3.8297,      3.9453
      5.7336,      51.000,      10.000,     0.56877,     0.61100,      4.7195,      4.8304,     0.80000,      2.1400,      4.7937,      2.0000,     0.90787,      4.0282,     0.81770,      7.9435,     0.87595,      8.3983,     0.88942,      8.5287,     0.87681,      8.3840,     0.84266,      8.2574,      1.4499,      3.8317,      3.9520
      5.7669,      48.000,      10.000,     0.57195,     0.61383,      4.7222,      4.8322,     0.70000,      2.1400,      4.7508,      2.0000,     0.93080,      4.1938,     0.83645,      8.1153,     0.89571,      8.5798,     0.91244,      8.7109,     0.90089,      8.5377,     0.86480,      8.4292,      1.3377,      3.8297,      3.9453
      5.8003,      49.000,      10.000,     0.57054,     0.61246,      4.7187,      4.8285,     0.70000,      2.1400,      4.7547,      2.0000,     0.95448,      4.3768,     0.86045,      8.2328,     0.92220,      8.6978,     0.93763,      8.8294,     0.92537,      8.6823,     0.88741,      8.5196,      1.6838,      3.8297,      3.9453
      5.8336,      49.000,      10.000,     0.57179,     0.61323,      4.7218,      4.8306,     0.70000,      2.1400,      4.7662,      2.0000,     0.98289,      4.4836,     0.88612,      8.3232,     0.94741,      8.7976,     0.96264,      8.9205,     0.95013,      8.7908,     0.91226,      8.6371,      1.1124,      3.8297,      3.9453
      5.8669,      50.000,      10.000,     0.57091,     0.61264,      4.7196,      4.8290,     0.70000,      2.1400,      4.7973,      2.0000,     0.99648,      4.5581,     0.89064,      8.3503,     0.95830,      8.8430,     0.97744,      8.9934,     0.96497,      8.8360,     0.92574,      8.7185,      1.6458,      3.8297,      3.9453
      5.9003,      48.000,      10.000,     0.56962,     0.61214,      4.7216,      4.8335,     0.80000,      2.1400,      4.8359,      2.0000,     0.97856,      4.5829,     0.87006,      8.3684,     0.93834,      8.8884,     0.95789,      9.0480,     0.94735,      8.8721,     0.91015,      8.7275,      1.6167,      3.8317,      3.9520
      5.9336,      47.000,      10.000,     0.57403,     0.61630,      4.7273,      4.8389,     0.70000,      2.1400,      4.9013,      2.0000,     0.98602,      4.6078,     0.87838,      8.3774,     0.94666,      8.8884,     0.96621,      9.0572,     0.95558,      8.9173,     0.91691,      8.7456,      1.2993,      3.8297,      3.9453
      5.9669,      50.000,      10.000,     0.57222,     0.61532,      4.7280,      4.8421,     0.80000,      2.1400,      4.9561,      2.0000,     0.97907,      4.6075,     0.87610,      8.3593,     0.94373,      8.8793,     0.96391,      9.0663,     0.95021,      8.9264,     0.91128,      8.7546,      1.4956,      3.8317,      3.9520
      6.0003,      52.000,      10.000,     0.57141,     0.61330,      4.7208,      4.8308,     0.70000,      2.1400,      5.0267,      2.0000,     0.97469,      4.5912,     0.86821,      8.3503,     0.93770,      8.8884,     0.95746,      9.0572,     0.94527,      8.9173,     0.90635,      8.7637,      1.0400,      3.8297,      3.9453
      6.0336,      48.000,      10.000,     0.57179,     0.61350,      4.7218,      4.8313,     0.70000,      2.1400,      5.0964,      2.0000,     0.96326,      4.5916,     0.85828,      8.3322,     0.92507,      8.8702,     0.94524,      9.0572,     0.93279,      8.9264,     0.89431,      8.7546,      1.3526,      3.8297,      3.9453
      6.0669,      49.000,      10.000,     0.57168,     0.61350,      4.7266,      4.8372,     0.80000,      2.1400,      5.1635,      2.0000,     0.96509,      4.5829,     0.86165,      8.3322,     0.92900,      8.8612,     0.94699,      9.0389,     0.93407,      8.9083,     0.89675,      8.7546,      1.2096,      3.8317,      3.9520
      6.1003,      51.000,      10.000,     0.57090,     0.61287,      4.7196,      4.8296,     0.70000,      2.1400,      5.2304,      2.0000,     0.96803,      4.5747,     0.86229,      8.3232,     0.93327,      8.8702,     0.95212,      9.0207,     0.93966,      8.8993,     0.90093,      8.7366,      1.9580,      3.8297,      3.9453
      6.1336,      57.000,      10.000,     0.56798,     0.61029,      4.7123,      4.8226,     0.70000,      2.1400,      5.2910,      2.0000,     0.96586,      4.5415,     0.85340,      8.3141,     0.92410,      8.8612,     0.94632,      9.0389,     0.93662,      8.8902,     0.89878,      8.7366,      1.3403,      3.8297,      3.9453
      6.1669,      47.000,      10.000,     0.56907,     0.61118,      4.7202,      4.8309,     0.80000,      2.1400,      5.3444,      2.0000,     0.95059,      4.5250,     0.84806,      8.3141,     0.91665,      8.8430,     0.93399,      9.0389,     0.92121,      8.8812,     0.88388,      8.7275,      1.3955,      3.8317,      3.9520
      6.2003,      50.000,      10.000,     0.56868,     0.61093,      4.7193,      4.8302,     0.80000,      2.1400,      5.4125,      2.0000,     0.95861,      4.5498,     0.85327,      8.3051,     0.92428,      8.8612,     0.94100,      9.0298,     0.92905,      8.8812,     0.89189,      8.7004,      1.5356,      3.8317,      3.9520
      6.2336,      48.000,      10.000,     0.56790,     0.61097,      4.7174,      4.8303,     0.80000,      2.1400,      5.4744,      2.0000,     0.94188,      4.5502,     0.83853,      8.2961,     0.90739,      8.8339,     0.92680,      9.0389,     0.91444,      8.8721,     0.87699,      8.7366,      1.5140,      3.8317,      3.9520
      6.2669,      51.000,      10.000,     0.56959,     0.61200,      4.7225,      4.8345,     0.80000,      2.1400,      5.5334,      2.0000,     0.94779,      4.5498,     0.84335,      8.3141,     0.91213,      8.8248,     0.92944,      9.0298,     0.91794,      8.8721,     0.88232,      8.7094,      1.5409,      3.8322,      3.9517
      6.3003,      50.000,      10.000,     0.56880,     0.61237,      4.7206,      4.8355,     0.80000,      2.1400,      5.6044,      2.0000,     0.95055,      4.5250,     0.84801,      8.2961,     0.91814,      8.8339,     0.93673,      9.0298,     0.92372,      8.8631,     0.88744,      8.7185,      1.1927,      3.8322,      3.9517
      6.3336,      48.000,      10.000,     0.57037,     0.61345,      4.7244,      4.8384,     0.80000,      2.1400,      5.6589,      2.0000,     0.95228,      4.5415,     0.84984,      8.2961,     0.91989,      8.8248,     0.93931,      9.0298,     0.92575,      8.8721,     0.88872,      8.7094,      2.7097,      3.8322,      3.9517
      6.3669,      47.000,      10.000,     0.56993,     0.61248,      4.7233,      4.8358,     0.80000,      2.1400,      5.7079,      2.0000,     0.95693,      4.5581,     0.85073,      8.3051,     0.91956,      8.8339,     0.94000,      9.0298,     0.92804,      8.8812,     0.89149,      8.7094,      2.0179,      3.8322,      3.9517
      6.4003,      50.000,      10.000,     0.56798,     0.60998,      4.7185,      4.8289,     0.80000,      2.1400,      5.7719,      2.0000,     0.95630,      4.5747,     0.84954,      8.3141,     0.91827,      8.8521,     0.93686,      9.0480,     0.92546,      8.8902,     0.89001,      8.7275,      1.6796,      3.8322,      3.9517
      6.4336,      49.000,      10.000,     0.56876,     0.61044,      4.7205,      4.8302,     0.80000,      2.1400,      5.8218,      2.0000,     0.94760,      4.5664,     0.83987,      8.3232,     0.90823,      8.8521,     0.92781,      9.0298,     0.91651,      8.8993,     0.88080,      8.7366,      1.5237,      3.8322,      3.9517
      6.4669,      49.000,      10.000,     0.56953,     0.61201,      4.7223,      4.8345,     0.80000,      2.1400,      5.8736,      2.0000,     0.95764,      4.5912,     0.84833,      8.3322,     0.91969,      8.8612,     0.94096,      9.0207,     0.92916,      8.8993,     0.89191,      8.7546,      2.6525,      3.8322,      3.9517
      6.5003,      48.000,      10.000,     0.56845,     0.61130,      4.7197,      4.8326,     0.80000,      2.1400,      5.9202,      2.0000,     0.93791,      4.5747,     0.83065,      8.3413,     0.90145,      8.8702,     0.92112,      9.0389,     0.90815,      8.9173,     0.87175,      8.7366,      2.4394,      3.8322,      3.9517
      6.5336,      55.000,      10.000,     0.56876,     0.61117,      4.7204,      4.8322,     0.80000,      2.1400,      5.9766,      2.0000,     0.96786,      4.5747,     0.85966,      8.3503,     0.92826,      8.8793,     0.94776,      9.0480,     0.93702,      8.9173,     0.90093,      8.7456,      1.1494,      3.8322,      3.9517
      6.5669,      49.000,      10.000,     0.56700,     0.60897,      4.7161,      4.8262,     0.80000,      2.1400,      6.0124,      2.0000,     0.96046,      4.6071,     0.84860,      8.3413,     0.92089,      8.8702,     0.94111,      9.0480,     0.92956,      8.9083,     0.89256,      8.7817,      1.6847,      3.8322,      3.9517
      6.6003,      51.000,      10.000,     0.56856,     0.61042,      4.7200,      4.8302,     0.80000,      2.1400,      6.0547,      2.0000,     0.98834,      4.6161,     0.87930,      8.3593,     0.95159,      8.8884,     0.97326,      9.0572,     0.95856,      8.9354,     0.91979,      8.7817,      1.5764,      3.8322,      3.9517
      6.6336,      47.000,      10.000,     0.56827,     0.61058,      4.7192,      4.8306,     0.80000,      2.1400,      6.0995,      2.0000,     0.98853,      4.6161,     0.88076,      8.3684,     0.95350,      8.8884,     0.97331,      9.0754,     0.95768,      8.9445,     0.91944,      8.7637,      1.9445,      3.8322,      3.9517
      6.6669,      49.000,      10.000,     0.56875,     0.61064,      4.7204,      4.8308,     0.80000,      2.1400,      6.1480,      2.0000,     0.98202,      4.6326,     0.86811,      8.3593,     0.94234,      8.8975,     0.96625,      9.0754,     0.95281,      8.9445,     0.91412,      8.7998,      1.3403,      3.8322,      3.9517
      6.7003,      47.000,      10.000,     0.57063,     0.61263,      4.7250,      4.8362,     0.80000,      2.1400,      6.1798,      2.0000,     0.99434,      4.6326,     0.88287,      8.3684,     0.95387,      8.8975,     0.97516,      9.1027,     0.96357,      8.9535,     0.92609,      8.7727,      1.5664,      3.8322,      3.9517
      6.7336,      47.000,      10.000,     0.56880,     0.61014,      4.7206,      4.8294,     0.80000,      2.1400,      6.2207,      2.0000,     0.97476,      4.6326,     0.87078,      8.3684,     0.93930,      8.8975,     0.95736,      9.1027,     0.94321,      8.9445,     0.90546,      8.7908,      1.7150,      3.8322,      3.9517
      6.7669,      48.000,      10.000,     0.56867,     0.61076,      4.7202,      4.8311,     0.80000,      2.1400,      6.2652,      2.0000,     0.98059,      4.6082,     0.86323,      8.3684,     0.93600,      8.8884,     0.95757,      9.1118,     0.94859,      8.9445,     0.91249,      8.8089,      1.3875,      3.8322,      3.9517
      6.8003,      48.000,      10.000,     0.56958,     0.61172,      4.7173,      4.8279,     0.70000,      2.1400,      6.3095,      2.0000,     0.97747,      4.6326,     0.86687,      8.3684,     0.93951,      8.9156,     0.96040,      9.1027,     0.94855,      8.9535,     0.90976,      8.7727,      1.2282,      3.8302,      3.9451
      6.8336,      50.000,      10.000,     0.56963,     0.61200,      4.7175,      4.8287,     0.70000,      2.1400,      6.3521,      2.0000,     0.98186,      4.6492,     0.87541,      8.3774,     0.94516,      8.9065,     0.96534,      9.0845,     0.95302,      8.9716,     0.91389,      8.8089,      1.7253,      3.8302,      3.9451
      6.8669,      47.000,      10.000,     0.56791,     0.60928,      4.7184,      4.8270,     0.80000,      2.1400,      6.3919,      2.0000,     0.95601,      4.6409,     0.84785,      8.3774,     0.91662,      8.9156,     0.93429,      9.1118,     0.92391,      8.9716,     0.88827,      8.8179,      1.6201,      3.8322,      3.9517
      6.9003,      48.000,      10.000,     0.56797,     0.60992,      4.7185,      4.8288,     0.80000,      2.1400,      6.4255,      2.0000,     0.98203,      4.6409,     0.87068,      8.3774,     0.94273,      8.9065,     0.96185,      9.1300,     0.95051,      8.9625,     0.91396,      8.8179,      1.8120,      3.8322,      3.9517
      6.9336,      48.000,      10.000,     0.56892,     0.61071,      4.7157,      4.8251,     0.70000,      2.1400,      6.2599,      2.0000,     0.98454,      4.7899,     0.86864,      8.4678,     0.93719,      9.0336,     0.96043,      9.2029,     0.95367,      9.0439,     0.91689,      8.8902,      1.5587,      3.8302,      3.9451
      6.9669,      48.000,      10.000,     0.56899,     0.61183,      4.7106,      4.8224,     0.60000,      2.1400,      6.0496,      2.0000,      1.0020,      4.9721,     0.89514,      8.6215,     0.96518,      9.2514,     0.98492,      9.4034,     0.97209,      9.2066,     0.93228,      9.0529,     0.94523,      3.8282,      3.9384
      7.0003,      55.000,      10.000,     0.56475,     0.60715,      4.6947,      4.8040,     0.50000,      2.1400,      5.8474,      2.0000,     0.99228,      5.1708,     0.87679,      8.6938,     0.94797,      9.3875,     0.97249,      9.5492,     0.96374,      9.3693,     0.92353,      9.1705,      1.4526,      3.8261,      3.9318
      7.0336,      50.000,      10.000,     0.55842,     0.60269,      4.6791,      4.7922,     0.50000,      2.1400,      5.7928,      2.0000,     0.96898,      4.7899,     0.83403,      8.4859,     0.91953,      9.2242,     0.95195,      9.4125,     0.94506,      9.1976,     0.90429,      9.0349,     0.94694,      3.8261,      3.9318
      7.0669,      47.000,      10.000,     0.54927,     0.59376,      4.6622,      4.7738,     0.60000,      2.1400,      5.5704,      2.0000,     0.91116,      4.5995,     0.75996,      8.6577,     0.84977,      9.1879,     0.89004,      9.3123,     0.89028,      9.1162,     0.85280,      8.9806,      1.2770,      3.8282,      3.9384
      7.1003,      50.000,      10.000,     0.53771,     0.58444,      4.6403,      4.7538,     0.70000,      2.1400,      5.4348,      2.0000,     0.90814,      4.5002,     0.75256,      7.9345,     0.85057,      8.7976,     0.89189,      9.1665,     0.88877,      9.0168,     0.85068,      8.7546,      1.2514,      3.8297,      3.9453
      7.1336,      50.000,      10.000,     0.52781,     0.57621,      4.6204,      4.7339,     0.70000,      2.1400,      5.5628,      2.0000,     0.90942,      8.7957,     0.73600,      7.8532,     0.84792,      8.8430,     0.89512,      9.5310,     0.89361,      9.7761,     0.85572,      9.7672,      2.2234,      3.8302,      3.9451
      7.1669,      57.000,      10.000,     0.52676,     0.57277,      4.6126,      4.7191,     0.60000,      2.1400,      5.2794,      2.0000,     0.97904,      21.399,     0.80745,      8.7390,     0.92668,      9.9321,     0.97124,      10.570,     0.96447,      10.834,     0.92077,      10.626,      1.7076,      3.8277,      3.9387
      7.2003,      57.000,      10.000,     0.52108,     0.56971,      4.6015,      4.7114,     0.60000,      2.1400,      5.0120,      2.0000,      1.0355,      25.472,     0.83649,      9.1096,     0.97725,      10.286,      1.0328,      10.943,      1.0226,      11.412,     0.97524,      11.394,      2.0705,      3.8277,      3.9387
      7.2336,      50.000,      10.000,     0.49331,     0.54953,      4.5468,      4.6571,     0.50000,      2.1400,      4.8025,      2.0000,     0.95211,   -0.028646,     0.67557,      9.4803,     0.85354,      10.640,     0.94332,      11.262,     0.95247,      11.069,     0.90709,      10.888,      27.192,      3.8257,      3.9320
      7.2669,      48.000,      10.000,     0.49722,     0.56359,      4.5266,      4.6642,      0.0000,      2.1400,      3.9968,      2.0000,     0.42197,      23.783,     0.21847,      4.5174,     0.30619,      14.479,     0.38313,      11.499,     0.42370,      11.521,     0.38827,      10.924,      689.09,      3.8152,      3.8985
      7.3003,      50.000,      10.000,     0.75590,     0.78384,      5.1740,      5.2494,     0.10000,      2.1400,      1.1748,      2.0000,    0.024630,      14.692,    0.024699,    -0.88837,    0.024779,    0.021452,    0.024585,      6.4056,    0.023980,    0.031229,    0.023032,      4.6325,      828.10,      3.8158,      3.9051
      7.3336,      50.000,      10.000,     0.76457,     0.78538,      5.1914,      5.2475,      0.0000,      2.1400,      1.1786,      2.0000,    0.019394,      14.659,    0.019165,    -0.89740,    0.019519,  -0.0057751,    0.019456,      6.3783,    0.019017,   0.0041086,    0.018286,      4.6325,      425.02,      3.8138,      3.8982
      7.3669,      55.000,      10.000,     0.74921,     0.77460,      5.2318,      5.3004,      1.4000,      2.1400,      1.1789,      2.0000,    0.021655,      14.626,    0.023287,    -0.89740,    0.022843,  -0.0057751,    0.021793,      6.3783,    0.020771,  -0.0049309,    0.020075,      4.6415,      542.55,      3.8423,      3.9881
      7.4003,      49.000,      10.000,     0.74614,     0.77483,      5.2174,      5.2948,      1.3000,      2.1400,      1.1794,      2.0000,    0.025165,      14.651,    0.025793,    -0.89740,    0.026075,  -0.0057751,    0.025370,      6.3692,    0.024338,  -0.0049309,    0.023424,      4.6054,      694.92,      3.8402,      3.9829
      7.4336,      48.000,      10.000,     0.76363,     0.78529,      5.1889,      5.2473,      0.0000,      2.1400,      1.1771,      2.0000,    0.020559,      14.634,    0.020210,    -0.89740,    0.020564,  -0.0057751,    0.020534,      6.3692,    0.020122,  -0.0049309,    0.019330,      4.6234,      457.32,      3.8138,      3.8982
      7.4669,      46.000,      10.000,     0.74139,     0.77575,      5.2855,      5.3830,      2.5000,      2.1400,      1.1751,      2.0000,    0.026009,      14.642,    0.028445,    -0.89740,    0.027913,  -0.0057751,    0.026238,      6.3783,    0.024881,  -0.0049309,    0.024378,      4.6054,      286.05,      3.8647,      4.0394
      7.5002,      55.000,      10.000,     0.74291,     0.77246,      5.2313,      5.3114,      1.7000,      2.1400,      1.1721,      2.0000,    0.024552,      14.643,    0.025578,    -0.89740,    0.025652,  -0.0057751,    0.024663,      6.3692,    0.023503,   -0.013970,    0.022695,      4.6234,      551.60,      3.8485,      4.0038
      7.5336,      57.000,      10.000,     0.75917,     0.78487,      5.1768,      5.2462,      0.0000,      2.1400,      1.1677,      2.0000,    0.024514,      14.643,    0.024109,    -0.89740,    0.024722,  -0.0057751,    0.024578,      6.3692,    0.023886,   -0.013970,    0.022994,      4.5963,      836.06,      3.8138,      3.8982
      7.5669,      49.000,      10.000,     0.73236,     0.77433,      5.2364,      5.3348,      4.3000,      2.1400,      1.1624,      2.0000,    0.032243,      14.643,    0.036392,    -0.89740,    0.034882,  -0.0057751,    0.032931,      6.3783,    0.031363,  -0.0049309,    0.031162,      4.6325,      587.10,      3.8955,      4.0998
      7.6002,      48.000,      10.000,     0.76370,     0.78530,      5.1891,      5.2473,      0.0000,      2.1400,      1.1602,      2.0000,    0.019378,      14.634,    0.019489,    -0.89740,    0.019528,   0.0033012,    0.019328,      6.3692,    0.018833,  -0.0049309,    0.018146,      4.6144,      1549.3,      3.8138,      3.8982
      7.6336,      49.000,      10.000,     0.76246,     0.78518,      5.1857,      5.2470,      0.0000,      2.1400,      1.1571,      2.0000,    0.020781,      14.618,    0.020768,    -0.89740,    0.021116,  -0.0057751,    0.021004,      6.3692,    0.020478,  -0.0049309,    0.019695,      4.6234,      1284.9,      3.8138,      3.8982
      7.6669,      48.000,      10.000,     0.76351,     0.78528,      5.1886,      5.2473,      0.0000,      2.1400,      1.1550,      2.0000,    0.020387,      14.651,    0.020390,    -0.89740,    0.020752,  -0.0057751,    0.020582,      6.3692,    0.019987,  -0.0049309,    0.019258,      4.6234,      1007.4,      3.8138,      3.8982
      7.7002,      49.000,      10.000,     0.76427,     0.78463,      5.1966,      5.2515,     0.10000,      2.1400,      1.1544,      2.0000,    0.018654,      14.651,    0.018583,    -0.89740,    0.018796,  -0.0057751,    0.018713,      6.3783,    0.018308,  -0.0049309,    0.017603,      4.6144,      1287.4,      3.8158,      3.9051
      7.7336,      49.000,      10.000,     0.76503,     0.78542,      5.1927,      5.2477,      0.0000,      2.1400,      1.1498,      2.0000,    0.019568,      14.643,    0.019216,    -0.90645,    0.019589,  -0.0057751,    0.019528,      6.3692,    0.019087,   -0.013970,    0.018362,      4.6144,      1096.7,      3.8138,      3.8982
      7.7669,      49.000,      10.000,     0.76083,     0.78503,      5.1813,      5.2466,      0.0000,      2.1400,      1.1443,      2.0000,    0.022015,      14.659,    0.021928,    -0.90645,    0.022312,   -0.014850,    0.022180,      6.3692,    0.021590,   -0.013970,    0.020783,      4.6144,      909.79,      3.8138,      3.8982
      7.8002,      49.000,      10.000,     0.76536,     0.78546,      5.1936,      5.2477,      0.0000,      2.1400,      1.1389,      2.0000,    0.018458,      14.643,    0.018824,    -0.89740,    0.018909,  -0.0057751,    0.018630,      6.3783,    0.018031,  -0.0049309,    0.017420,      4.6234,      1056.3,      3.8138,      3.8982
      7.8336,      46.000,      10.000,     0.75289,     0.78429,      5.1599,      5.2446,      0.0000,      2.1400,      1.1323,      2.0000,    0.027724,      14.634,    0.027412,    -0.89740,    0.027769,  -0.0057751,    0.027631,      6.3692,    0.026947,  -0.0049309,    0.025898,      4.6325,      1005.7,      3.8138,      3.8982
      7.8669,      47.000,      10.000,     0.76128,     0.78507,      5.1825,      5.2467,      0.0000,      2.1400,      1.1269,      2.0000,    0.022332,      14.668,    0.022063,    -0.89740,    0.022186,  -0.0057751,    0.022081,      6.3692,    0.021712,  -0.0049309,    0.020823,      4.6325,      1320.8,      3.8138,      3.8982
      7.9002,      46.000,      10.000,     0.76599,     0.78552,      5.1952,      5.2479,      0.0000,      2.1400,      1.1210,      2.0000,    0.018481,      14.643,    0.018132,    -0.89740,    0.018458,   0.0033012,    0.018405,      6.3783,    0.018067,  -0.0049309,    0.017358,      4.6234,      1065.9,      3.8138,      3.8982
      7.9336,      47.000,      10.000,     0.76883,     0.78579,      5.2029,      5.2486,      0.0000,      2.1400,      1.1152,      2.0000,    0.016408,      14.659,    0.015792,    -0.90645,    0.016326,  -0.0057751,    0.016457,      6.3692,    0.016142,  -0.0049309,    0.015520,      4.6144,      1082.8,      3.8138,      3.8982
      7.9669,      48.000,      10.000,     0.75305,     0.78430,      5.1603,      5.2446,      0.0000,      2.1400,      1.1089,      2.0000,    0.028203,      14.643,    0.028376,    -0.89740,    0.028661,   0.0033012,    0.028338,      6.3783,    0.027521,  -0.0049309,    0.026486,      4.6234,      523.05,      3.8138,      3.8982
      8.0002,      48.000,      10.000,     0.76499,     0.78542,      5.1926,      5.2476,      0.0000,      2.1400,      1.1039,      2.0000,    0.019059,      14.634,    0.018805,    -0.90645,    0.019009,  -0.0057751,    0.018982,      6.3692,    0.018662,  -0.0049309,    0.017915,      4.6234,      1492.7,      3.8138,      3.8982
      8.0336,      47.000,      10.000,     0.76112,     0.78505,      5.1821,      5.2467,      0.0000,      2.1400,      1.0995,      2.0000,    0.021832,      14.618,    0.021773,    -0.89740,    0.021870,  -0.0057751,    0.021695,      6.3783,    0.021209,  -0.0049309,    0.020380,      4.6054,      771.68,      3.8138,      3.8982
      8.0669,      50.000,      10.000,     0.76411,     0.78534,      5.1902,      5.2474,      0.0000,      2.1400,      1.0916,      2.0000,    0.017754,      14.643,    0.017555,    -0.89740,    0.017761,  -0.0057751,    0.017712,      6.3692,    0.017374,  -0.0049309,    0.016700,      4.6234,      686.33,      3.8138,      3.8982
      8.1002,      48.000,      10.000,     0.75809,     0.78477,      5.1740,      5.2459,      0.0000,      2.1400,      1.0848,      2.0000,    0.023103,      14.626,    0.022912,    -0.89740,    0.023160,   0.0033012,    0.023020,      6.3783,    0.022511,  -0.0049309,    0.021635,      4.6144,      1091.7,      3.8138,      3.8982
      8.1336,      47.000,      10.000,     0.75261,     0.78426,      5.1592,      5.2445,      0.0000,      2.1400,      1.0778,      2.0000,    0.027565,      14.651,    0.027470,    -0.89740,    0.027747,  -0.0057751,    0.027464,      6.3692,    0.026723,  -0.0049309,    0.025713,      4.6054,      993.65,      3.8138,      3.8982
      8.1669,      47.000,      10.000,     0.76031,     0.78498,      5.1799,      5.2464,      0.0000,      2.1400,      1.0729,      2.0000,    0.022397,      14.643,    0.022658,    -0.88837,    0.022803,   0.0033012,    0.022544,      6.3783,    0.021871,  -0.0049309,    0.021064,      4.6234,      1115.3,      3.8138,      3.8982
      8.2002,      50.000,      10.000,     0.75271,     0.78427,      5.1595,      5.2446,      0.0000,      2.1400,      1.0659,      2.0000,    0.025975,      14.643,    0.025032,    -0.88837,    0.025522,   0.0033012,    0.025759,      6.3874,    0.025437,  -0.0049309,    0.024321,      4.6144,      1246.2,      3.8138,      3.8982
      8.2336,      49.000,      10.000,     0.75771,     0.78474,      5.1729,      5.2458,      0.0000,      2.1400,      1.0601,      2.0000,    0.023945,      14.651,    0.023548,    -0.89740,    0.024007,  -0.0057751,    0.023911,      6.3783,    0.023364,   -0.013970,    0.022454,      4.6054,      833.40,      3.8138,      3.8982
      8.2669,      49.000,      10.000,     0.76395,     0.78532,      5.1898,      5.2474,      0.0000,      2.1400,      1.0543,      2.0000,    0.020400,      14.643,    0.019786,    -0.89740,    0.020295,  -0.0057751,    0.020299,      6.3692,    0.019883,   -0.013970,    0.019099,      4.6054,      1282.5,      3.8138,      3.8982
      8.3002,      47.000,      10.000,     0.75700,     0.78467,      5.1710,      5.2456,      0.0000,      2.1400,      1.0478,      2.0000,    0.023705,      14.643,    0.023764,    -0.89749,    0.024057,  -0.0057751,    0.023747,      6.3783,    0.023017,  -0.0049309,    0.022191,      4.6324,      1145.4,      3.8138,      3.8982
      8.3336,      50.000,      10.000,     0.75438,     0.78443,      5.1639,      5.2450,      0.0000,      2.1400,      1.0411,      2.0000,    0.026931,      14.626,    0.027015,    -0.89740,    0.027108,  -0.0057751,    0.026977,      6.3783,    0.026315,   -0.013970,    0.025282,      4.6234,      854.77,      3.8138,      3.8982
      8.3669,      50.000,      10.000,     0.76114,     0.78506,      5.1822,      5.2467,      0.0000,      2.1400,      1.0320,      2.0000,    0.022339,      14.626,    0.022262,    -0.89740,    0.022488,   -0.014850,    0.022325,      6.3692,    0.021749,   -0.013970,    0.020935,      4.6054,      1903.5,      3.8138,      3.8982
      8.4002,      47.000,      10.000,     0.74121,     0.78324,      5.1284,      5.2418,      0.0000,      2.1400,      1.0255,      2.0000,    0.034976,      14.651,    0.035839,    -0.88837,    0.035774,  -0.0057751,    0.035474,      6.3783,    0.034531,  -0.0049309,    0.033163,      4.6325,      1531.5,      3.8138,      3.8982
      8.4336,      48.000,      10.000,     0.77062,     0.78596,      5.2077,      5.2491,      0.0000,      2.1400,      1.0180,      2.0000,    0.014572,      14.642,    0.014320,    -0.89740,    0.014577,  -0.0057751,    0.014582,      6.3783,    0.014235,  -0.0049309,    0.013724,      4.6325,      1120.6,      3.8138,      3.8982
      8.4669,      48.000,      10.000,     0.75365,     0.78436,      5.1620,      5.2448,      0.0000,      2.1400,      1.0126,      2.0000,    0.027262,      14.634,    0.027289,    -0.89740,    0.027426,   0.0033012,    0.027338,      6.3874,    0.026830,  -0.0049309,    0.025720,      4.6144,      1283.0,      3.8138,      3.8982
      8.5002,      50.000,      10.000,     0.75737,     0.78470,      5.1720,      5.2457,      0.0000,      2.1400,      1.0047,      2.0000,    0.025443,      14.626,    0.025453,    -0.89740,    0.025679,  -0.0057751,    0.025429,      6.3874,    0.024740,  -0.0049309,    0.023809,      4.6144,      1497.5,      3.8138,      3.8982
      8.5336,      48.000,      10.000,     0.76062,     0.78501,      5.1808,      5.2465,      0.0000,      2.1400,      1.0003,      2.0000,    0.021609,      14.643,    0.021562,    -0.89740,    0.021793,  -0.0057751,    0.021607,      6.3783,    0.021054,   -0.013970,    0.020277,      4.6325,      1047.5,      3.8138,      3.8982
      8.5669,      51.000,      10.000,     0.76250,     0.78518,      5.1858,      5.2470,      0.0000,      2.1400,     0.99263,      2.0000,    0.021433,      14.626,    0.021124,    -0.90645,    0.021606,   -0.014850,    0.021528,      6.3692,    0.020983,   -0.013970,    0.020191,      4.6054,      1556.3,      3.8138,      3.8982
      8.6002,      51.000,      10.000,     0.76212,     0.78515,      5.1848,      5.2469,      0.0000,      2.1400,     0.98700,      2.0000,    0.021388,      14.618,    0.021025,    -0.89740,    0.021319,   0.0033012,    0.021279,      6.3783,    0.020830,  -0.0049309,    0.020019,      4.6144,      1221.2,      3.8138,      3.8982
      8.6336,      50.000,      10.000,     0.76200,     0.78514,      5.1845,      5.2469,      0.0000,      2.1400,     0.98073,      2.0000,    0.020855,      14.643,    0.021326,    -0.89740,    0.021238,  -0.0057751,    0.020871,      6.3783,    0.020289,   -0.013970,    0.019553,      4.6054,      214.75,      3.8138,      3.8982
      8.6669,      48.000,      10.000,     0.75814,     0.78478,      5.1741,      5.2459,      0.0000,      2.1400,     0.97194,      2.0000,    0.023471,      14.626,    0.023233,    -0.89740,    0.023463,  -0.0057751,    0.023440,      6.3783,    0.022992,   -0.013970,    0.022065,      4.6144,      1819.2,      3.8138,      3.8982
      8.7002,      47.000,      10.000,     0.75402,     0.78439,      5.1630,      5.2449,      0.0000,      2.1400,     0.96694,      2.0000,    0.028543,      14.651,    0.028239,    -0.89740,    0.029075,   -0.014850,    0.028947,      6.3783,    0.028082,   -0.013970,    0.027020,      4.6054,      1021.1,      3.8138,      3.8982
