# [Parameters]
# Name = tsmap_nel
# ShotNo = 163379
# Date = '07/05/2021 11:10'
# 
# DimNo = 1
# DimName = 'Time'
# DimSize = 186
# DimUnit = 's'
# 
# ValNo = 25
# ValName = 'laser', 'laser number', 'a99', 'a999', 'R99', 'R999', 'p0', 'pf', 'ip', 'ipf', 'nl_thomson_mid', 'nl_mmw_mid', 'nl_thomson_3579', 'nl_fir_3579', 'nl_thomson_3669', 'nl_fir_3669', 'nl_thomson_3759', 'nl_fir_3759', 'nl_thomson_3849', 'nl_fir_3849', 'nl_thomson_3939', 'nl_fir_3939', 'chi', 'geom_center', 'Rax_vmec'
# ValUnit = 'arb', 'arb', 'm', 'm', 'm', 'm', '%', 'arb', 'kA/T', 'arb', 'arb', 'e19m-2', 'arb', 'e19m-2', 'arb', 'e19m-2', 'arb', 'e19m-2', 'arb', 'e19m-2', 'arb', 'e19m-2', 'arb', 'm', 'm'
# 
# [Comments]
# Bt = -2.53850
# Rax = 3.90000
# Bq = 100.000
# Gamma = 1.25380
# phiedge = -2.8685000
# avac = 0.55800000
# ExpDate = 2.02011e+07
# Cycle = 22.0000
# t1 = 3.29900
# t2 = 9.47500
# density (ne) is only for very rough information
# Do not use data for ne_bar < 5*1-^12cm-3
# High Voltage is set at 0.90 times
# Te limit = 22keV
# Laser#1, #3, #5, 
# 
# [data]
    0.016944,     -401.00,      10.000,     0.77581,     0.78579,      5.2232,      5.2504,      0.0000,      2.1400,     -0.0000,      2.0000,    0.010547,   -0.014112,   0.0092043,   0.0016436,   0.0099839,   0.0066006,    0.010440,   0.0033134,    0.010404,      0.0000,   0.0099846,    0.013970,      9999.0,      3.8133,      3.8981
      3.3169,     -390.00,      10.000,     0.54773,     0.59797,      4.6282,      4.7493,     0.10000,      2.1400,    0.010065,      2.0000,    0.041259,     0.47437,    0.037186,     0.43555,    0.040046,     0.45131,    0.041114,     0.45890,    0.040472,     0.43391,    0.038679,     0.43884,      145.36,      3.8153,      3.9051
      3.3503,     -392.00,      10.000,     0.55108,     0.59918,      4.6512,      4.7691,     0.40000,      2.1400,     0.12437,      2.0000,    0.069659,     0.84656,    0.060734,     0.82427,    0.065976,     0.83249,    0.068087,     0.83249,    0.067998,     0.81358,    0.064952,     0.80947,      14.374,      3.8214,      3.9259
      3.3836,     -382.00,      10.000,     0.56544,     0.61146,      4.6956,      4.8131,     0.60000,      2.1400,     0.28679,      2.0000,     0.10642,      1.1119,    0.098086,      1.0864,     0.10365,      1.1229,     0.10480,      1.1150,     0.10288,      1.1029,    0.098223,      1.0535,      11.683,      3.8254,      3.9399
      3.4169,     -389.00,      10.000,     0.57821,     0.61981,      4.7220,      4.8295,     0.50000,      2.1400,     0.47559,      2.0000,     0.14451,      1.4513,     0.13569,      1.3395,     0.14096,      1.3770,     0.14205,      1.3701,     0.13940,      1.3469,     0.13328,      1.3247,      12.238,      3.8234,      3.9329
      3.4503,     -407.00,      10.000,     0.57214,     0.61469,      4.7239,      4.8349,     0.80000,      2.1400,     0.66947,      2.0000,     0.16298,      1.6666,     0.15428,      1.5836,     0.16038,      1.6311,     0.16065,      1.6252,     0.15650,      1.5820,     0.14954,      1.5417,      9.1992,      3.8299,      3.9534
      3.4836,     -403.00,      10.000,     0.57425,     0.61552,      4.7343,      4.8429,     0.90000,      2.1400,     0.78918,      2.0000,     0.18738,      1.8984,     0.17855,      1.8277,     0.18395,      1.8762,     0.18313,      1.8621,     0.17895,      1.8170,     0.17173,      1.7858,      12.405,      3.8319,      3.9603
      3.5169,     -403.00,      10.000,     0.57437,     0.61605,      4.7293,      4.8385,     0.80000,      2.1400,     0.98383,      2.0000,     0.20138,      2.2130,     0.18988,      2.1350,     0.19653,      2.1666,     0.19713,      2.1537,     0.19290,      2.1244,     0.18510,      2.0931,      4.7582,      3.8299,      3.9534
      3.5503,     -400.00,      10.000,     0.56823,     0.61079,      4.7196,      4.8304,     0.90000,      2.1400,      1.1570,      2.0000,     0.23767,      2.5107,     0.22699,      2.5689,     0.23490,      2.5750,     0.23324,      2.6913,     0.22714,      2.6215,     0.21752,      2.5813,      5.7030,      3.8319,      3.9603
      3.5836,     -390.00,      10.000,     0.56810,     0.61069,      4.7193,      4.8301,     0.90000,      2.1400,      1.3451,      2.0000,     0.26849,      2.8671,     0.25684,      2.9125,     0.26568,      2.9199,     0.26490,      3.0649,     0.25796,      2.9922,     0.24694,      2.9067,      5.1038,      3.8319,      3.9603
      3.6169,     -406.00,      10.000,     0.56409,     0.60605,      4.7156,      4.8248,      1.0000,      2.1400,      1.5368,      2.0000,     0.29311,      3.1815,     0.27559,      3.1746,     0.28940,      3.2285,     0.28908,      3.3747,     0.28113,      3.2995,     0.26888,      3.2141,      3.7725,      3.8344,      3.9668
      3.6503,     -392.00,      10.000,     0.57007,     0.61242,      4.7198,      4.8302,     0.80000,      2.1400,      1.7106,      2.0000,     0.32691,      3.4798,     0.30288,      3.4187,     0.31728,      3.4826,     0.31970,      3.6207,     0.31351,      3.5707,     0.30054,      3.4401,      5.8366,      3.8304,      3.9531
      3.6836,     -389.00,      10.000,     0.56874,     0.61154,      4.7217,      4.8337,     0.90000,      2.1400,      1.8692,      2.0000,     0.34934,      3.7282,     0.31650,      3.5904,     0.33476,      3.7004,     0.33950,      3.8212,     0.33514,      3.7334,     0.32224,      3.5847,      3.9374,      3.8324,      3.9599
      3.7169,     -393.00,      10.000,     0.56777,     0.61105,      4.7194,      4.8324,     0.90000,      2.1400,      2.0383,      2.0000,     0.36778,      3.8689,     0.33470,      3.6899,     0.35376,      3.7821,     0.35868,      3.9123,     0.35301,      3.8148,     0.33903,      3.6751,      3.9965,      3.8324,      3.9599
      3.7503,     -406.00,      10.000,     0.57111,     0.61402,      4.7327,      4.8461,      1.0000,      2.1400,      2.2141,      2.0000,     0.38397,      3.9683,     0.34568,      3.6989,     0.36609,      3.8365,     0.37222,      3.9123,     0.36816,      3.8419,     0.35487,      3.6841,      6.4689,      3.8344,      3.9668
      3.7836,     -401.00,      10.000,     0.56895,     0.61209,      4.7222,      4.8352,     0.90000,      2.1400,      2.3857,      2.0000,     0.37758,      4.0014,     0.33741,      3.7260,     0.35947,      3.8638,     0.36636,      3.9578,     0.36288,      3.8781,     0.34918,      3.7293,      5.7851,      3.8324,      3.9599
      3.8169,     -406.00,      10.000,     0.57041,     0.61480,      4.7267,      4.8437,     0.90000,      2.1400,      2.5522,      2.0000,     0.38580,      4.0593,     0.34660,      3.7622,     0.36938,      3.9091,     0.37681,      3.9852,     0.37271,      3.9052,     0.35834,      3.7926,      3.9338,      3.8328,      3.9595
      3.8503,     -396.00,      10.000,     0.57096,     0.61314,      4.7281,      4.8393,     0.90000,      2.1400,      2.7123,      2.0000,     0.38866,      4.1090,     0.35127,      3.7893,     0.37268,      3.9273,     0.37833,      4.0216,     0.37338,      3.9414,     0.35935,      3.7926,      4.7191,      3.8328,      3.9595
      3.8836,     -396.00,      10.000,     0.56661,     0.61038,      4.7226,      4.8378,      1.0000,      2.1400,      2.8706,      2.0000,     0.37771,      4.1504,     0.33483,      3.8074,     0.35846,      3.9636,     0.36547,      4.0399,     0.36259,      3.9685,     0.35037,      3.8378,      4.9061,      3.8348,      3.9663
      3.9169,     -405.00,      10.000,     0.56773,     0.61031,      4.7253,      4.8376,      1.0000,      2.1400,      3.0167,      2.0000,     0.39316,      4.1833,     0.35250,      3.8526,     0.37568,      3.9999,     0.38191,      4.0945,     0.37793,      4.0046,     0.36428,      3.8830,      4.6326,      3.8348,      3.9663
      3.9503,     -395.00,      10.000,     0.56676,     0.61026,      4.7229,      4.8374,      1.0000,      2.1400,      3.1562,      2.0000,     0.39375,      4.2169,     0.34872,      3.8978,     0.37282,      4.0543,     0.38106,      4.1492,     0.37831,      4.0769,     0.36500,      3.9282,      7.7440,      3.8348,      3.9663
      3.9836,     -402.00,      10.000,     0.57004,     0.61411,      4.7310,      4.8476,      1.0000,      2.1400,      3.2938,      2.0000,     0.39736,      4.2581,     0.35713,      3.9701,     0.38022,      4.1179,     0.38707,      4.2039,     0.38253,      4.1312,     0.36866,      3.9915,      5.9189,      3.8348,      3.9663
      4.0169,     -411.00,      10.000,     0.56997,     0.61420,      4.7256,      4.8421,     0.90000,      2.1400,      3.4207,      2.0000,     0.41403,      4.3408,     0.37177,      4.0334,     0.39682,      4.1814,     0.40449,      4.2950,     0.39946,      4.2125,     0.38372,      4.0548,      3.2050,      3.8328,      3.9595
      4.0503,     -397.00,      10.000,     0.57200,     0.61537,      4.7317,      4.8466,     0.90000,      2.1400,      3.5341,      2.0000,     0.43192,      4.4402,     0.38777,      4.1057,     0.41362,      4.2631,     0.42165,      4.3770,     0.41747,      4.2758,     0.40209,      4.1542,      2.0313,      3.8333,      3.9591
      4.0836,     -403.00,      10.000,     0.56696,     0.61109,      4.7243,      4.8410,      1.0000,      2.1400,      3.6484,      2.0000,     0.41240,      4.5147,     0.36591,      4.2232,     0.39130,      4.3811,     0.39906,      4.5501,     0.39592,      4.4928,     0.38310,      4.3169,      3.2861,      3.8353,      3.9658
      4.1169,     -396.00,      10.000,     0.56892,     0.61251,      4.7240,      4.8390,     0.90000,      2.1400,      3.7442,      2.0000,     0.43213,      4.6306,     0.39050,      4.3317,     0.41474,      4.5172,     0.42139,      4.7688,     0.41555,      4.7007,     0.39990,      4.5158,      4.9704,      3.8333,      3.9591
      4.1503,     -410.00,      10.000,     0.56783,     0.61200,      4.7214,      4.8376,     0.90000,      2.1400,      3.8317,      2.0000,     0.44737,      4.6969,     0.40318,      4.5035,     0.42823,      4.7259,     0.43612,      4.9784,     0.43206,      4.8996,     0.41661,      4.7327,      3.8330,      3.8333,      3.9591
      4.1836,     -397.00,      10.000,     0.56202,     0.60640,      4.7123,      4.8283,      1.0000,      2.1400,      3.8963,      2.0000,     0.44575,      4.8624,     0.39269,      4.6752,     0.42257,      4.9438,     0.43226,      5.1424,     0.42809,      5.0352,     0.41356,      4.9859,      5.0923,      3.8353,      3.9658
      4.2169,     -400.00,      10.000,     0.56364,     0.60794,      4.7056,      4.8207,     0.80000,      2.1400,      3.9405,      2.0000,     0.46907,      5.0612,     0.41733,      4.8651,     0.44626,      5.0890,     0.45578,      5.3702,     0.45216,      5.1798,     0.43557,      5.1576,      5.8464,      3.8313,      3.9524
      4.2503,     -411.00,      10.000,     0.55527,     0.60004,      4.6899,      4.8053,     0.90000,      2.1400,      3.9657,      2.0000,     0.46927,      5.2599,     0.40288,      5.0368,     0.44037,      5.2796,     0.45519,      5.5980,     0.45348,      5.4239,     0.43710,      5.4469,      3.8162,      3.8333,      3.9591
      4.2836,     -397.00,      10.000,     0.55392,     0.59900,      4.6918,      4.8082,      1.0000,      2.1400,      3.9571,      2.0000,     0.50378,      5.1026,     0.43488,      5.3351,     0.47252,      5.5972,     0.48690,      5.8167,     0.48485,      5.6228,     0.46883,      5.6910,      4.4170,      3.8353,      3.9658
      4.3169,     -398.00,      10.000,     0.55269,     0.59851,      4.6785,      4.7956,     0.80000,      2.1400,      3.9740,      2.0000,     0.51766,      5.8643,     0.44012,      5.5069,     0.48172,      5.8150,     0.49993,      6.0445,     0.50054,      5.8939,     0.48170,      5.9079,      6.1485,      3.8313,      3.9524
      4.3503,     -407.00,      10.000,     0.56528,     0.61124,      4.7152,      4.8355,     0.90000,      2.1400,      4.0161,      2.0000,     0.57177,      6.0306,     0.49710,      5.7510,     0.53688,      6.0510,     0.55335,      6.4727,     0.55157,      6.2194,     0.53286,      6.1158,      3.4122,      3.8333,      3.9591
      4.3836,     -386.00,      10.000,     0.55659,     0.60341,      4.6932,      4.8141,     0.90000,      2.1400,      4.0858,      2.0000,     0.54322,      6.0298,     0.45891,      5.9138,     0.50582,      6.2510,     0.52592,      6.6278,     0.52604,      6.4002,     0.50750,      6.2606,      2.4318,      3.8333,      3.9591
      4.4169,     -404.00,      10.000,     0.56078,     0.60765,      4.7036,      4.8258,     0.90000,      2.1400,      4.1123,      2.0000,     0.59613,      5.8146,     0.51007,      6.1306,     0.55777,      6.5502,     0.57742,      6.9010,     0.57746,      6.7618,     0.55668,      6.6221,      3.1479,      3.8333,      3.9591
      4.4503,     -385.00,      10.000,     0.54909,     0.59485,      4.6749,      4.7917,     0.90000,      2.1400,      4.0764,      2.0000,     0.58925,      5.2350,     0.50520,      6.3024,     0.55302,      6.8406,     0.57161,      7.0832,     0.56973,      6.6714,     0.54899,      6.6221,      3.1832,      3.8333,      3.9591
      4.4836,     -398.00,      10.000,     0.52039,     0.56529,      4.6088,      4.7098,     0.80000,      2.1400,      4.0065,      2.0000,     0.58035,      16.594,     0.47527,      7.1160,     0.54554,      7.3125,     0.57141,      7.4112,     0.56853,      7.0601,     0.54478,      6.9837,      4.0157,      3.8313,      3.9524
      4.5169,     -393.00,      10.000,     0.51775,     0.56455,      4.6083,      4.7134,     0.90000,      2.1400,      4.0721,      2.0000,     0.70421,      22.871,     0.56372,      8.1284,     0.64757,      8.3834,     0.68596,      8.5867,     0.68887,      8.2262,     0.66282,      8.0232,      5.8567,      3.8333,      3.9591
      4.5503,     -401.00,      10.000,     0.51578,     0.56223,      4.6047,      4.7074,     0.90000,      2.1400,      3.8155,      2.0000,     0.76968,      5.9557,     0.58529,      8.2188,     0.69213,      9.2275,     0.74347,      9.5981,     0.75509,      9.2477,     0.72952,      9.0176,      4.6735,      3.8333,      3.9591
      4.5836,     -400.00,      10.000,     0.51471,     0.56236,      4.6020,      4.7068,     0.90000,      2.1400,      3.4918,      2.0000,     0.84534,      13.159,     0.63666,      9.1499,     0.75735,      9.7176,     0.81768,      10.145,     0.83251,      9.9980,     0.80183,      9.7318,      3.5911,      3.8328,      3.9595
      4.6169,     -400.00,      10.000,     0.51516,     0.56310,      4.6028,      4.7086,     0.90000,      2.1400,      3.3539,      2.0000,     0.87877,      12.190,     0.65447,      9.3126,     0.78930,      10.262,     0.85770,      10.619,     0.86837,      10.477,     0.83417,      10.084,      3.7422,      3.8328,      3.9595
      4.6503,     -399.00,      10.000,     0.50765,     0.55609,      4.5937,      4.6963,      1.0000,      2.1400,      3.2485,      2.0000,     0.88114,      7.5781,     0.61033,      9.4302,     0.76165,      10.480,     0.84546,      10.965,     0.87544,      10.775,     0.84487,      10.455,      4.6272,      3.8348,      3.9663
      4.6836,     -397.00,      10.000,     0.50434,     0.55260,      4.5880,      4.6877,      1.0000,      2.1400,      3.1206,      2.0000,     0.86992,      3.1403,     0.57704,      9.5296,     0.73643,      10.671,     0.83059,      11.092,     0.86376,      11.029,     0.83852,      10.708,      3.4221,      3.8348,      3.9663
      4.7169,     -392.00,      10.000,     0.50337,     0.55244,      4.5915,      4.6922,      1.1000,      2.1400,      2.9442,      2.0000,     0.90078,    -0.60195,     0.59712,      9.5386,     0.76521,      10.770,     0.86315,      11.284,     0.90011,      11.218,     0.87000,      10.943,      3.0697,      3.8369,      3.9715
      4.7503,     -381.00,      10.000,     0.52659,     0.57588,      4.6395,      4.7556,      1.2000,      2.1400,      2.7749,      2.0000,     0.99699,      20.784,     0.68030,      9.3036,     0.83680,      10.807,     0.93381,      11.539,     0.97724,      11.508,     0.95964,      11.142,      3.3316,      3.8390,      3.9766
      4.7836,     -409.00,      10.000,     0.54314,     0.59285,      4.6750,      4.8008,      1.2000,      2.1400,      2.5020,      2.0000,      1.0188,      17.174,     0.70214,      9.1047,     0.85200,      10.725,     0.95221,      11.493,     0.99842,      11.616,     0.97825,      11.232,      3.1207,      3.8390,      3.9766
      4.8169,     -399.00,      10.000,     0.55795,     0.60972,      4.7152,      4.8514,      1.3000,      2.1400,      2.7200,      2.0000,      1.0787,      14.550,     0.76350,      8.9872,     0.90201,      10.553,     0.99700,      11.338,      1.0499,      11.553,      1.0385,      11.151,      2.4108,      3.8411,      3.9818
      4.8503,     -395.00,      10.000,     0.50995,     0.55714,      4.6131,      4.7133,      1.3000,      2.1400,      2.7491,      2.0000,     0.91357,      15.610,     0.58579,      8.3725,     0.74838,      9.9082,     0.84805,      10.509,     0.89775,      10.577,     0.88862,      10.383,      4.7168,      3.8411,      3.9818
      4.8836,     -393.00,      10.000,     0.55188,     0.60453,      4.7049,      4.8428,      1.4000,      2.1400,      2.9098,      2.0000,     0.94648,      13.349,     0.63493,      8.0198,     0.77013,      9.6087,     0.86343,      10.409,     0.91967,      10.694,     0.91693,      10.383,      1.9860,      3.8431,      3.9870
      4.9169,     -391.00,      10.000,     0.53445,     0.58438,      4.6605,      4.7832,      1.3000,      2.1400,      2.8352,      2.0000,     0.90935,      12.795,     0.56434,      7.6945,     0.70865,      9.3273,     0.81922,      10.345,     0.88711,      10.405,     0.88784,      10.057,      4.7578,      3.8411,      3.9818
      4.9503,     -412.00,      10.000,     0.53947,     0.59011,      4.6716,      4.7986,      1.3000,      2.1400,      3.0120,      2.0000,     0.87678,      12.306,     0.55450,      7.0798,     0.69216,      8.7555,     0.79620,      9.8532,     0.85922,      9.9619,     0.85344,      9.7046,      4.1518,      3.8411,      3.9818
      4.9836,     -399.00,      10.000,     0.54954,     0.60332,      4.7038,      4.8447,      1.5000,      2.1400,      3.2757,      2.0000,     0.85011,      11.818,     0.52613,      6.4741,     0.65336,      8.0567,     0.75310,      9.0514,     0.82350,      9.3562,     0.83569,      9.1351,      2.3619,      3.8452,      3.9921
      5.0169,     -399.00,      10.000,     0.54384,     0.59553,      4.6822,      4.8141,      1.3000,      2.1400,      3.5190,      2.0000,     0.80705,      11.279,     0.49290,      5.9589,     0.61327,      7.3579,     0.71057,      8.3680,     0.78149,      8.7144,     0.79129,      8.5295,      3.4472,      3.8415,      3.9812
      5.0503,     -393.00,      10.000,     0.53912,     0.59007,      4.6715,      4.7996,      1.3000,      2.1400,      3.7358,      2.0000,     0.76767,      10.774,     0.45354,      5.5882,     0.57056,      6.8406,     0.67013,      7.9033,     0.74399,      8.3257,     0.75431,      8.1498,      4.1123,      3.8415,      3.9812
      5.0836,     -398.00,      10.000,     0.54516,     0.59723,      4.6852,      4.8188,      1.3000,      2.1400,      3.9733,      2.0000,     0.73083,      10.352,     0.45085,      5.3080,     0.55475,      6.4231,     0.64068,      7.3292,     0.70678,      7.7742,     0.71562,      7.6436,      3.6776,      3.8415,      3.9812
      5.1169,     -391.00,      10.000,     0.54433,     0.59575,      4.6833,      4.8147,      1.3000,      2.1400,      4.1720,      2.0000,     0.69842,      9.9212,     0.42581,      5.0458,     0.52201,      6.0691,     0.60254,      6.9101,     0.66792,      7.3765,     0.68468,      7.2368,      4.7815,      3.8415,      3.9812
      5.1503,     -407.00,      10.000,     0.54666,     0.59793,      4.6840,      4.8154,      1.2000,      2.1400,      4.3191,      2.0000,     0.67401,      9.4906,     0.42091,      4.8289,     0.50910,      5.7243,     0.58234,      6.4636,     0.64388,      6.8883,     0.65868,      6.8029,      2.7149,      3.8394,      3.9761
      5.1836,     -377.00,      10.000,     0.54988,     0.59933,      4.6916,      4.8193,      1.2000,      2.1400,      4.4700,      2.0000,     0.63715,      9.1429,     0.40175,      4.6843,     0.48354,      5.4702,     0.55015,      6.1173,     0.60753,      6.5267,     0.62074,      6.4593,      4.8176,      3.8394,      3.9761
      5.2169,     -406.00,      10.000,     0.55235,     0.60326,      4.6983,      4.8315,      1.2000,      2.1400,      4.6908,      2.0000,     0.61344,      8.7869,     0.40804,      4.5125,     0.48135,      5.1888,     0.54007,      5.7529,     0.58736,      6.1290,     0.59632,      6.1249,      3.1896,      3.8399,      3.9756
      5.2503,     -393.00,      10.000,     0.55132,     0.60183,      4.6911,      4.8222,      1.1000,      2.1400,      4.8202,      2.0000,     0.58289,      8.4226,     0.38135,      4.3859,     0.45161,      4.9438,     0.50956,      5.4704,     0.55750,      5.7764,     0.56508,      5.7542,      3.8706,      3.8378,      3.9705
      5.2836,     -411.00,      10.000,     0.55662,     0.60536,      4.6994,      4.8268,      1.0000,      2.1400,      4.8920,      2.0000,     0.56144,      8.1080,     0.38707,      4.3136,     0.44869,      4.8076,     0.49871,      5.2517,     0.53829,      5.5233,     0.53910,      5.4921,      3.7380,      3.8357,      3.9654
      5.3169,     -399.00,      10.000,     0.54923,     0.59856,      4.6811,      4.8082,      1.0000,      2.1400,      4.8720,      2.0000,     0.52060,      7.8016,     0.36895,      4.3136,     0.42634,      4.7350,     0.46818,      5.1788,     0.50006,      5.3968,     0.49778,      5.3384,      3.5011,      3.8357,      3.9654
      5.3503,     -407.00,      10.000,     0.53938,     0.58925,      4.6439,      4.7663,     0.70000,      2.1400,      4.5875,      2.0000,     0.48831,      7.7934,     0.36225,      4.4763,     0.41566,      4.9256,     0.45265,      5.2335,     0.47414,      5.3154,     0.46068,      5.2390,      1.9628,      3.8297,      3.9453
      5.3836,     -421.00,      10.000,     0.50084,     0.55173,      4.5687,      4.6711,     0.70000,      2.1400,      4.1965,      2.0000,     0.43768,      8.2988,     0.29669,      4.9735,     0.36706,      5.2161,     0.40981,      5.3428,     0.43110,      5.3155,     0.41790,      5.2571,      5.1956,      3.8292,      3.9456
      5.4169,     -400.00,      10.000,     0.48873,     0.54290,      4.5435,      4.6461,     0.60000,      2.1400,      3.8283,      2.0000,     0.41822,      8.3812,     0.26298,      5.1634,     0.35001,      5.8423,     0.40369,      5.9898,     0.42021,      5.8216,     0.40173,      5.5734,      15.126,      3.8272,      3.9389
      5.4503,     -400.00,      10.000,     0.46821,     0.52989,      4.5062,      4.6133,     0.50000,      2.1400,      3.5393,      2.0000,     0.34568,      10.352,     0.17830,      6.9352,     0.25944,      6.2870,     0.32042,      6.3451,     0.34818,      6.0476,     0.33331,      5.8356,      201.15,      3.8252,      3.9322
      5.4836,     -398.00,      10.000,     0.75144,     0.78348,      5.1569,      5.2441,      0.0000,      2.1400,    -0.17640,      2.0000,    0.010571,      3.7696,   0.0099515,      22.402,    0.010431,      12.123,    0.010601,      2.6913,    0.010443,      2.8927,    0.010064,      2.7440,      223.90,      3.8133,      3.8981
      5.5169,     -397.00,      10.000,     0.77242,     0.78546,      5.2140,      5.2495,      0.0000,      2.1400,    -0.15011,      2.0000,    0.015080,      2.6104,    0.012255,      22.682,    0.013849,      11.841,    0.014792,      2.0535,    0.014931,      1.8622,    0.014206,      1.7948,      809.86,      3.8133,      3.8981
      5.5503,     -403.00,      10.000,     0.76222,     0.77613,      5.2585,      5.2964,      1.2000,      2.1400,    -0.20534,      2.0000,    0.016567,      3.8441,    0.012220,      24.129,    0.014173,      14.863,    0.015433,      6.8098,    0.016160,      6.5900,    0.015979,      5.8356,      453.81,      3.8377,      3.9782
      5.5836,     -415.00,      10.000,     0.77017,     0.78524,      5.2079,      5.2489,      0.0000,      2.1400,    -0.19696,      2.0000,    0.017430,      3.7282,    0.013930,      23.406,    0.015904,      13.929,    0.017064,      5.9169,    0.017248,      6.4635,    0.016392,      5.5825,      1230.2,      3.8133,      3.8981
      5.6169,     -398.00,      10.000,     0.76338,     0.78459,      5.1894,      5.2471,      0.0000,      2.1400,    -0.19042,      2.0000,    0.015385,      3.1577,    0.012997,      22.330,    0.014333,      12.703,    0.015054,      4.3314,    0.015182,      5.0171,    0.014456,      4.1180,      830.02,      3.8133,      3.8981
      5.6503,     -408.00,      10.000,     0.76394,     0.78464,      5.1909,      5.2473,      0.0000,      2.1400,    -0.19282,      2.0000,    0.016489,      3.1072,    0.013088,      21.932,    0.014969,      12.032,    0.016145,      3.3656,    0.016338,      3.9052,    0.015525,      3.1598,      934.44,      3.8133,      3.8981
      5.6836,     -402.00,      10.000,     0.76565,     0.77823,      5.2511,      5.2854,     0.90000,      2.1400,    -0.18424,      2.0000,    0.013557,      3.0493,    0.011490,      22.158,    0.012704,      11.959,    0.013360,      2.9738,    0.013330,      3.3266,    0.012860,      2.7440,      874.45,      3.8315,      3.9607
      5.7169,     -401.00,      10.000,     0.77114,     0.78533,      5.2105,      5.2491,      0.0000,      2.1400,    -0.16770,      2.0000,    0.014645,      2.4531,    0.013330,      21.806,    0.014386,      11.505,    0.014689,      2.2722,    0.014412,      2.4859,    0.013870,      2.0841,      1137.5,      3.8133,      3.8981
      5.7503,     -406.00,      10.000,     0.76587,     0.77971,      5.2395,      5.2773,     0.70000,      2.1400,    -0.16739,      2.0000,    0.014975,      1.7411,    0.012684,      21.010,    0.013880,      10.589,    0.014591,      1.2334,    0.014680,      1.3921,    0.014137,      1.1259,      1430.8,      3.8274,      3.9468
      5.7836,     -400.00,      10.000,     0.73463,     0.75199,      5.4516,      5.4868,      6.0000,      1.4100,    -0.16262,      2.0000,    0.015264,      1.0212,    0.010452,      20.865,    0.012025,      10.108,    0.013989,     0.38601,    0.016722,     0.47911,    0.015124,     0.38460,      504.07,      3.9621,      4.1424
      5.8169,     -406.00,      10.000,     0.76883,     0.78364,      5.2164,      5.2567,     0.20000,      2.1400,    -0.15947,      2.0000,    0.015900,     0.86350,    0.013565,      20.838,    0.014895,      9.9535,    0.015469,    0.021537,    0.015573,    0.018080,    0.014886,    0.032050,      411.65,      3.8173,      3.9120
      5.8503,     -413.00,      10.000,     0.77653,     0.78586,      5.2252,      5.2506,      0.0000,      2.1400,    -0.15835,      2.0000,   0.0099256,     0.83946,   0.0087402,      20.820,   0.0095369,      9.9354,   0.0099068,   0.0033134,   0.0097990,      0.0000,   0.0094327,  -0.0041095,      229.60,      3.8133,      3.8981
      5.8836,     -398.00,      10.000,     0.76412,     0.77683,      5.2584,      5.2930,      1.1000,      2.1400,    -0.15744,      2.0000,    0.013315,     0.84735,    0.011683,      20.820,    0.012826,      9.9445,    0.013345,   0.0033134,    0.013152,      0.0000,    0.012599,    0.013841,      1051.8,      3.8356,      3.9730
      5.9169,     -412.00,      10.000,     0.76858,     0.78362,      5.2157,      5.2566,     0.20000,      2.1400,    -0.15625,      2.0000,    0.015893,     0.84695,    0.014029,      20.820,    0.015118,      9.9354,    0.015678,   0.0033134,    0.015613,  -0.0090395,    0.014965,  -0.0041095,      1030.8,      3.8173,      3.9120
      5.9503,     -393.00,      10.000,     0.76026,     0.77543,      5.2576,      5.2989,      1.3000,      2.1400,    -0.15432,      2.0000,    0.015841,     0.82211,    0.013917,      20.811,    0.015103,      9.9354,    0.015502,  -0.0057981,    0.015438,   -0.018080,    0.014975,   0.0049309,      199.60,      3.8398,      3.9835
      5.9836,     -395.00,      10.000,     0.77342,     0.78555,      5.2167,      5.2497,      0.0000,      2.1400,    -0.15257,      2.0000,    0.012992,     0.83907,    0.011777,      20.820,    0.012612,      9.9354,    0.012893,   0.0033134,    0.012767,  -0.0090395,    0.012262,  -0.0041095,      707.77,      3.8133,      3.8981
      6.0169,     -408.00,      10.000,     0.77319,     0.78553,      5.2161,      5.2497,      0.0000,      2.1400,    -0.15131,      2.0000,    0.013151,     0.83039,    0.011649,      20.820,    0.012601,      9.9354,    0.013083,   0.0033134,    0.012937,      0.0000,    0.012426,    0.013970,      820.42,      3.8133,      3.8981
      6.0503,     -403.00,      10.000,     0.76171,     0.77608,      5.2571,      5.2963,      1.2000,      2.1400,    -0.15221,      2.0000,    0.016223,     0.84620,    0.012862,      20.811,    0.014552,      9.9445,    0.015438,   0.0033134,    0.015819,  -0.0090395,    0.015518,  -0.0041095,      746.05,      3.8377,      3.9782
      6.0836,     -398.00,      10.000,     0.76289,     0.77517,      5.2701,      5.3035,      1.4000,      2.1400,    -0.15001,      2.0000,    0.013111,     0.84695,    0.011217,      20.811,    0.012202,      9.9445,    0.012673,   0.0033134,    0.012764,      0.0000,    0.012474,    0.023010,      1308.2,      3.8419,      3.9887
      6.1169,     -414.00,      10.000,     0.76631,     0.77829,      5.2529,      5.2856,     0.90000,      2.1400,    -0.15057,      2.0000,    0.013183,     0.83039,    0.011039,      20.811,    0.012181,      9.9354,    0.012750,   0.0033134,    0.012911,      0.0000,    0.012524,   -0.013149,      816.22,      3.8315,      3.9607
      6.1503,     -402.00,      10.000,     0.76669,     0.77976,      5.3123,      5.3479,      2.0000,      2.1400,    -0.14918,      2.0000,    0.014326,     0.84695,    0.011974,      20.820,    0.013359,      9.9354,    0.014125,   0.0033134,    0.014145,  -0.0090395,    0.013743,    0.023010,      1051.7,      3.8544,      4.0203
      6.1836,     -389.00,      10.000,     0.77287,     0.78258,      5.2404,      5.2668,     0.40000,      2.1400,    -0.14802,      2.0000,    0.010320,     0.85522,   0.0090902,      20.811,   0.0098242,      9.9263,    0.010185,  -0.0057981,    0.010172,   -0.018080,   0.0097892,  -0.0041095,      862.87,      3.8214,      3.9259
      6.2169,     -418.00,      10.000,     0.77482,     0.78569,      5.2205,      5.2501,      0.0000,      2.1400,    -0.14422,      2.0000,    0.011381,     0.83828,    0.010010,      20.820,    0.010761,      9.9354,    0.011185,  -0.0057981,    0.011218,  -0.0090395,    0.010738,   0.0049309,      1397.0,      3.8133,      3.8981
      6.2503,     -410.00,      10.000,     0.76749,     0.77772,      5.3512,      5.3801,      2.4000,      2.1400,    -0.14305,      2.0000,    0.011164,     0.82211,   0.0093821,      20.820,    0.010362,      9.9445,    0.010826,   0.0033134,    0.010882,      0.0000,    0.010740,  -0.0041095,      1379.8,      3.8624,      4.0363
      6.2836,     -408.00,      10.000,     0.75949,     0.77536,      5.3563,      5.4023,      2.7000,      2.1400,    -0.14114,      2.0000,    0.014483,     0.83946,    0.011922,      20.829,    0.013285,      9.9445,    0.014063,   0.0033134,    0.014235,      0.0000,    0.014039,   0.0049309,      962.15,      3.8683,      4.0483
      6.3169,     -408.00,      10.000,     0.77717,     0.78592,      5.2269,      5.2507,      0.0000,      2.1400,    -0.14046,      2.0000,   0.0094333,     0.84695,   0.0081164,      20.820,   0.0088768,      9.9354,   0.0092980,   0.0033134,   0.0093376,  -0.0090395,   0.0089484,  -0.0041095,      1294.4,      3.8133,      3.8981
      6.3503,     -398.00,      10.000,     0.77514,     0.78572,      5.2214,      5.2502,      0.0000,      2.1400,    -0.13911,      2.0000,    0.011628,     0.83867,   0.0098612,      20.820,    0.010890,      9.9354,    0.011441,   0.0033134,    0.011480,  -0.0090395,    0.010978,   -0.013149,      850.84,      3.8133,      3.8981
      6.3836,     -399.00,      10.000,     0.76180,     0.77717,      5.0735,      5.0835,      8.0000,      2.1400,    -0.13833,      2.0000,    0.014738,     0.83039,    0.012561,      20.820,    0.013495,      9.9354,    0.014473,   0.0033134,    0.016201,  -0.0090395,    0.014811,  -0.0040665,      207.29,      3.9441,      4.1950
      6.4169,     -396.00,      10.000,     0.76034,     0.77671,      5.1429,      5.1636,      4.4000,      1.4100,    -0.13672,      2.0000,    0.015882,     0.85560,    0.013057,      20.811,    0.014279,      9.9354,    0.014998,   0.0033134,    0.016303,  -0.0090395,    0.016619,   0.0049309,      188.79,      3.9283,      4.0929
      6.4503,     -399.00,      10.000,     0.76128,     0.77296,      5.2870,      5.3187,      1.8000,      2.1400,    -0.13622,      2.0000,    0.012859,     0.83867,    0.010376,      20.811,    0.011648,      9.9354,    0.012339,  -0.0057981,    0.012650,  -0.0090395,    0.012387,  -0.0041095,      129.14,      3.8502,      4.0098
      6.4836,     -408.00,      10.000,     0.77034,     0.78306,      5.2266,      5.2612,     0.30000,      2.1400,    -0.13280,      2.0000,    0.014217,     0.84695,    0.012070,      20.829,    0.013465,      9.9445,    0.014034,   0.0033134,    0.014014,   0.0090395,    0.013438,   0.0049309,      97.035,      3.8194,      3.9190
      6.5169,     -407.00,      10.000,     0.76881,     0.78055,      5.3999,      5.4337,      3.2000,      2.1400,    -0.13133,      2.0000,    0.012640,     0.86350,    0.010655,      20.820,    0.011542,      9.9445,    0.011844,   0.0033134,    0.012042,      0.0000,    0.012312,   0.0049309,      1019.0,      3.8776,      4.0667
      6.5503,     -419.00,      10.000,     0.76668,     0.77906,      5.2478,      5.2816,     0.80000,      2.1400,    -0.12874,      2.0000,    0.013089,     0.84695,    0.011333,      20.811,    0.012301,      9.9354,    0.012849,   0.0033134,    0.012832,  -0.0090395,    0.012369,   0.0049309,      911.02,      3.8295,      3.9538
      6.5836,     -401.00,      10.000,     0.76194,     0.77713,      5.2471,      5.2885,      1.0000,      2.1400,    -0.12555,      2.0000,    0.014944,     0.83942,    0.012845,      20.820,    0.014223,      9.9445,    0.014814,   0.0033134,    0.014687,      0.0000,    0.014076,    0.013970,      1066.6,      3.8335,      3.9677
      6.6169,     -405.00,      10.000,     0.76446,     0.77711,      5.1481,      5.1641,      4.4000,      1.4100,    -0.12303,      2.0000,    0.012929,     0.85522,   0.0093222,      20.820,    0.010443,      9.9445,    0.011594,   0.0033134,    0.013052,      0.0000,    0.013612,    0.013970,      325.62,      3.9283,      4.0929
      6.6503,     -394.00,      10.000,     0.76841,     0.78507,      5.2031,      5.2484,      0.0000,      2.1400,    -0.11979,      2.0000,    0.017988,     0.83867,    0.015131,      20.829,    0.016597,      9.9445,    0.017503,    0.012426,    0.017755,   0.0090395,    0.016845,   0.0049309,      1141.9,      3.8133,      3.8981
      6.6836,     -403.00,      10.000,     0.77241,     0.78399,      5.2261,      5.2576,     0.20000,      2.1400,    -0.11838,      2.0000,    0.012092,     0.85522,    0.011120,      20.820,    0.011797,      9.9354,    0.011999,  -0.0057981,    0.011819,  -0.0090395,    0.011370,   0.0049309,      1197.5,      3.8173,      3.9120
      6.7169,     -411.00,      10.000,     0.75677,     0.78397,      5.1714,      5.2454,      0.0000,      2.1400,    -0.11657,      2.0000,    0.015858,     0.85522,    0.013661,      20.820,    0.015187,      9.9354,    0.015826,   0.0033134,    0.015635,  -0.0090395,    0.014996,    0.023010,      632.90,      3.8133,      3.8981
      6.7502,     -403.00,      10.000,     0.75803,     0.77213,      5.2834,      5.3218,      1.9000,      2.1400,    -0.11427,      2.0000,    0.014308,     0.84735,    0.012899,      20.820,    0.013837,      9.9445,    0.014107,   0.0033134,    0.014061,  -0.0090395,    0.013649,   0.0049309,      401.91,      3.8523,      4.0150
      6.7836,     -408.00,      10.000,     0.75530,     0.77496,      5.3442,      5.4011,      2.7000,      2.1400,    -0.11495,      2.0000,    0.020677,     0.83867,    0.018051,      20.811,    0.019312,      9.9354,    0.019674,  -0.0057981,    0.019806,      0.0000,    0.019888,    0.023010,      138.22,      3.8683,      4.0483
      6.8169,     -401.00,      10.000,     0.77007,     0.78230,      5.2327,      5.2661,     0.40000,      2.1400,    -0.11400,      2.0000,    0.013489,     0.83907,    0.011219,      20.811,    0.012534,      9.9445,    0.013312,   0.0033134,    0.013339,      0.0000,    0.012798,  -0.0041095,      207.64,      3.8214,      3.9259
      6.8502,     -407.00,      10.000,     0.76283,     0.77619,      5.2601,      5.2966,      1.2000,      2.1400,    -0.11236,      2.0000,    0.013615,     0.84695,    0.012063,      20.820,    0.013055,      9.9445,    0.013412,   0.0033134,    0.013354,      0.0000,    0.012949,    0.023010,      457.55,      3.8377,      3.9782
      6.8836,     -399.00,      10.000,     0.76856,     0.78174,      5.1993,      5.2205,      4.0000,      1.4100,    -0.11170,      2.0000,    0.012646,     0.85522,    0.011164,      20.820,    0.011799,      9.9354,    0.012429,  -0.0057547,    0.013041,  -0.0090395,    0.013749,    0.013841,      763.20,      3.9203,      4.0803
      6.9169,     -387.00,      10.000,     0.77316,     0.78553,      5.2160,      5.2497,      0.0000,      2.1400,    -0.11118,      2.0000,    0.012679,     0.83867,    0.011665,      20.811,    0.012512,      9.9445,    0.012712,   0.0033134,    0.012458,  -0.0090395,    0.012007,   0.0049309,      785.04,      3.8133,      3.8981
      6.9502,     -403.00,      10.000,     0.76799,     0.77670,      5.2742,      5.2980,      1.2000,      2.1400,    -0.10993,      2.0000,   0.0089806,     0.84658,   0.0080487,      20.829,   0.0087451,      9.9354,   0.0089300,  -0.0057981,   0.0088289,  -0.0090395,   0.0085046,  -0.0041095,      693.49,      3.8377,      3.9782
      6.9836,     -406.00,      10.000,     0.77584,     0.78433,      5.2355,      5.2586,     0.20000,      2.1400,    -0.10858,      2.0000,   0.0092746,     0.85522,   0.0078281,      20.829,   0.0085837,      9.9535,   0.0090348,   0.0033134,   0.0091556,   0.0090395,   0.0087922,   0.0049309,      611.99,      3.8173,      3.9120
      7.0169,     -402.00,      10.000,     0.76145,     0.77503,      5.2661,      5.3031,      1.4000,      2.1400,    -0.10775,      2.0000,    0.013553,     0.86350,    0.012179,      20.820,    0.013081,      9.9445,    0.013459,   0.0033134,    0.013401,      0.0000,    0.013018,    0.023010,      630.45,      3.8419,      3.9887
      7.0502,     -401.00,      10.000,     0.76742,     0.77986,      5.2438,      5.2777,     0.70000,      2.1400,    -0.10688,      2.0000,    0.012490,     0.83867,    0.011328,      20.811,    0.012051,      9.9445,    0.012347,   0.0033134,    0.012244,  -0.0090395,    0.011797,    0.013970,      1328.4,      3.8274,      3.9468
      7.0836,     -394.00,      10.000,     0.75751,     0.77114,      5.1074,      5.1209,      4.9000,      1.4100,    -0.10517,      2.0000,    0.013058,     0.83039,    0.010262,      20.820,    0.011352,      9.9535,    0.012441,   0.0033134,    0.013936,      0.0000,    0.013452,    0.023010,      474.58,      3.9384,      4.1086
      7.1169,     -401.00,      10.000,     0.76775,     0.78208,      5.2264,      5.2655,     0.40000,      2.1400,    -0.10460,      2.0000,    0.015825,     0.82211,    0.013288,      20.811,    0.014808,      9.9445,    0.015625,  -0.0057981,    0.015600,  -0.0090395,    0.014954,   -0.013149,      609.67,      3.8214,      3.9259
      7.1502,     -403.00,      10.000,     0.77399,     0.78561,      5.2183,      5.2499,      0.0000,      2.1400,    -0.10313,      2.0000,    0.012843,     0.82211,    0.010857,      20.820,    0.012065,      9.9445,    0.012666,   0.0033134,    0.012719,      0.0000,    0.012147,    0.023010,      646.49,      3.8133,      3.8981
      7.1836,     -409.00,      10.000,     0.76631,     0.77902,      5.2468,      5.2815,     0.80000,      2.1400,    -0.10238,      2.0000,    0.013807,     0.86311,    0.011701,      20.820,    0.012950,      9.9535,    0.013651,   0.0033134,    0.013616,      0.0000,    0.013082,    0.023010,      187.16,      3.8295,      3.9538
      7.2169,     -419.00,      10.000,     0.76617,     0.77601,      5.3757,      5.4042,      2.7000,      2.1400,    -0.10259,      2.0000,    0.010240,     0.83867,   0.0089566,      20.820,   0.0097537,      9.9445,    0.010069,   0.0033134,    0.010109,      0.0000,   0.0099457,    0.023010,      659.37,      3.8683,      4.0483
      7.2502,     -417.00,      10.000,     0.75718,     0.77668,      5.2341,      5.2873,      1.0000,      2.1400,    -0.10107,      2.0000,    0.015485,     0.85522,    0.012505,      20.820,    0.014246,      9.9445,    0.015105,   0.0033134,    0.015240,  -0.0090395,    0.014693,   0.0049309,      1070.0,      3.8335,      3.9677
      7.2836,     -403.00,      10.000,     0.76697,     0.77820,      5.3393,      5.3706,      2.3000,      2.1400,   -0.099822,      2.0000,    0.012046,     0.83039,    0.010336,      20.820,    0.011336,      9.9354,    0.011698,  -0.0057981,    0.011764,  -0.0090395,    0.011608,   0.0049309,      367.29,      3.8604,      4.0323
      7.3169,     -419.00,      10.000,     0.77519,     0.78573,      5.2215,      5.2502,      0.0000,      2.1400,   -0.096846,      2.0000,    0.011585,     0.85522,   0.0097588,      20.820,    0.010757,      9.9445,    0.011373,   0.0033134,    0.011444,      0.0000,    0.010936,  -0.0041095,      105.12,      3.8133,      3.8981
      7.3502,     -402.00,      10.000,     0.76093,     0.77344,      5.2807,      5.3147,      1.7000,      2.1400,   -0.096822,      2.0000,    0.013496,     0.83867,    0.011176,      20.811,    0.012433,      9.9445,    0.013124,  -0.0057981,    0.013222,  -0.0090395,    0.012962,  -0.0041095,      435.83,      3.8481,      4.0045
      7.3836,     -405.00,      10.000,     0.76858,     0.78508,      5.2035,      5.2485,      0.0000,      2.1400,   -0.096331,      2.0000,    0.018514,     0.86390,    0.015676,      20.811,    0.017266,      9.9354,    0.018209,  -0.0057981,    0.018249,   -0.018037,    0.017403,    0.022967,      843.53,      3.8133,      3.8981
      7.4169,     -387.00,      10.000,     0.76332,     0.77732,      5.3395,      5.3790,      2.4000,      2.1400,   -0.094005,      2.0000,    0.014794,     0.84695,    0.012671,      20.820,    0.013863,      9.9354,    0.014368,   0.0033134,    0.014508,      0.0000,    0.014382,  -0.0041095,      570.27,      3.8624,      4.0363
      7.4502,     -389.00,      10.000,     0.76508,     0.77693,      5.2610,      5.2933,      1.1000,      2.1400,   -0.092404,      2.0000,    0.013379,     0.82211,    0.010724,      20.820,    0.012295,      9.9445,    0.013110,   0.0033134,    0.013214,  -0.0090395,    0.012766,  -0.0041095,      873.13,      3.8356,      3.9730
      7.4836,     -404.00,      10.000,     0.76769,     0.77843,      5.2567,      5.2860,     0.90000,      2.1400,   -0.089519,      2.0000,    0.011689,     0.86350,   0.0096809,      20.811,    0.010851,      9.9354,    0.011507,   0.0033134,    0.011573,  -0.0090395,    0.011151,    0.013970,      616.45,      3.8315,      3.9607
      7.5169,     -397.00,      10.000,     0.77225,     0.78544,      5.2135,      5.2494,      0.0000,      2.1400,   -0.087302,      2.0000,    0.014970,     0.83867,    0.012335,      20.811,    0.013743,      9.9354,    0.014588,  -0.0057981,    0.014801,  -0.0090395,    0.014075,    0.023010,      551.19,      3.8133,      3.8981
      7.5502,     -402.00,      10.000,     0.77592,     0.78580,      5.2235,      5.2504,      0.0000,      2.1400,   -0.086085,      2.0000,    0.010273,     0.84695,   0.0092983,      20.811,   0.0099193,      9.9445,    0.010200,   0.0033134,    0.010110,  -0.0090395,   0.0097394,    0.013970,      705.97,      3.8133,      3.8981
      7.5836,     -408.00,      10.000,     0.75053,     0.76305,      5.1881,      5.2032,      5.4000,      1.4100,   -0.085282,      2.0000,    0.011609,     0.83039,   0.0084691,      20.811,   0.0096625,      9.9354,    0.010926,  -0.0057981,    0.012684,  -0.0090395,    0.011744,    0.013970,      540.25,      3.9491,      4.1240
      7.6169,     -398.00,      10.000,     0.76402,     0.77579,      5.2678,      5.2999,      1.3000,      2.1400,   -0.084329,      2.0000,    0.012289,     0.82211,    0.010773,      20.802,    0.011644,      9.9263,    0.012031,   -0.014910,    0.012012,   -0.018080,    0.011670,   0.0049309,      661.05,      3.8398,      3.9835
      7.6502,     -393.00,      10.000,     0.76931,     0.78515,      5.2055,      5.2486,      0.0000,      2.1400,   -0.081766,      2.0000,    0.017650,     0.83830,    0.015100,      20.820,    0.016535,      9.9354,    0.017271,  -0.0057981,    0.017392,      0.0000,    0.016555,   0.0049309,      1116.0,      3.8133,      3.8981
      7.6836,     -398.00,      10.000,     0.76399,     0.78026,      5.2275,      5.2718,     0.60000,      2.1400,   -0.079903,      2.0000,    0.018411,     0.82211,    0.014813,      20.820,    0.016717,      9.9445,    0.017699,  -0.0057981,    0.018117,  -0.0090395,    0.017429,   0.0049309,      194.07,      3.8254,      3.9399
      7.7169,     -399.00,      10.000,     0.77078,     0.78014,      5.3234,      5.3489,      2.0000,      2.1400,   -0.076379,      2.0000,    0.015164,     0.83907,    0.012968,      20.811,    0.014181,      9.9354,    0.014750,   -0.014910,    0.014887,   -0.018080,    0.014588,   -0.013149,      126.51,      3.8544,      4.0203
      7.7502,     -394.00,      10.000,     0.76208,     0.77406,      5.2794,      5.3121,      1.6000,      2.1400,   -0.074750,      2.0000,    0.012480,     0.81383,    0.010890,      20.811,    0.011812,      9.9354,    0.012203,  -0.0057981,    0.012187,  -0.0090395,    0.011928,   0.0049309,      444.18,      3.8460,      3.9993
      7.7836,     -383.00,      10.000,     0.77044,     0.78526,      5.2086,      5.2489,      0.0000,      2.1400,   -0.078200,      2.0000,    0.017047,      1.2357,    0.013910,      21.146,    0.015559,      10.489,    0.016527,     0.32223,    0.016830,     0.35255,    0.015965,     0.41172,      611.69,      3.8133,      3.8981
      7.8169,     -408.00,      10.000,     0.76248,     0.77462,      5.2752,      5.3083,      1.5000,      2.1400,   -0.071264,      2.0000,    0.012201,      2.1130,    0.010907,      21.887,    0.011685,      11.170,    0.012035,      1.3154,    0.011971,      1.2837,    0.011700,      1.2434,      375.12,      3.8439,      3.9940
      7.8502,     -401.00,      10.000,     0.76812,     0.78504,      5.2023,      5.2483,      0.0000,      2.1400,   -0.070295,      2.0000,    0.018367,      2.3944,    0.015825,      22.122,    0.017395,      11.424,    0.018130,      1.7801,    0.018116,      1.7356,    0.017280,      1.5327,      1962.2,      3.8133,      3.8981
      7.8836,     -406.00,      10.000,     0.76844,     0.77855,      5.1629,      5.1763,      4.3000,      1.4100,   -0.072040,      2.0000,   0.0099625,      2.6187,   0.0075875,      22.339,   0.0084640,      11.669,   0.0091942,      2.0535,    0.010150,      2.0701,    0.010425,      1.9215,      814.99,      3.9263,      4.0897
      7.9169,     -400.00,      10.000,     0.76111,     0.77551,      5.2599,      5.2991,      1.3000,      2.1400,   -0.070402,      2.0000,    0.010247,      2.7098,   0.0090818,      22.456,   0.0099390,      11.814,    0.010315,      2.2357,    0.010139,      2.2599,   0.0097152,      2.0118,      892.05,      3.8398,      3.9835
      7.9502,     -390.00,      10.000,     0.76404,     0.77880,      5.2406,      5.2809,     0.80000,      2.1400,   -0.068651,      2.0000,    0.014997,      2.8671,    0.012952,      22.556,    0.014161,      11.914,    0.014713,      2.2813,    0.014678,      2.2690,    0.014129,      2.0570,      377.44,      3.8295,      3.9538
      7.9836,     -399.00,      10.000,     0.77507,     0.78571,      5.2212,      5.2502,      0.0000,      2.1400,   -0.066920,      2.0000,    0.011276,      2.3952,   0.0099922,      22.014,    0.010812,      11.369,    0.011210,      1.6252,    0.011120,      1.6362,    0.010689,      1.5688,      1071.5,      3.8133,      3.8981
      8.0169,     -407.00,      10.000,     0.76891,     0.77945,      5.3273,      5.3562,      2.1000,      2.1400,   -0.064592,      2.0000,    0.011325,     0.93802,   0.0096886,      20.875,    0.010632,      10.008,    0.011184,    0.076208,    0.011309,    0.081358,    0.010951,    0.086289,      424.03,      3.8564,      4.0243
      8.0502,     -401.00,      10.000,     0.76813,     0.78211,      5.2274,      5.2656,     0.40000,      2.1400,   -0.062297,      2.0000,    0.015380,     0.83039,    0.013099,      20.811,    0.014406,      9.9444,    0.015029,  -0.0057981,    0.015101,  -0.0089534,    0.014497,   -0.013235,      342.29,      3.8214,      3.9259
      8.0836,     -394.00,      10.000,     0.76166,     0.77556,      5.2614,      5.2993,      1.3000,      2.1400,   -0.058813,      2.0000,    0.012659,     0.83039,    0.011690,      20.802,    0.012390,      9.9354,    0.012559,   -0.014910,    0.012407,   -0.018080,    0.011973,   -0.022189,      620.81,      3.8398,      3.9835
      8.1169,     -404.00,      10.000,     0.77442,     0.78565,      5.2195,      5.2500,      0.0000,      2.1400,   -0.057334,      2.0000,    0.012335,     0.83867,    0.010559,      20.802,    0.011614,      9.9354,    0.012142,  -0.0057981,    0.012180,  -0.0090395,    0.011643,   -0.013149,      1369.6,      3.8133,      3.8981
      8.1502,     -398.00,      10.000,     0.76375,     0.77628,      5.2626,      5.2968,      1.2000,      2.1400,   -0.056426,      2.0000,    0.012608,     0.83039,    0.011443,      20.802,    0.012243,      9.9263,    0.012505,   -0.014910,    0.012343,   -0.018080,    0.011911,   -0.022189,      404.06,      3.8377,      3.9782
      8.1836,     -408.00,      10.000,     0.76712,     0.77736,      5.1515,      5.1644,      4.4000,      1.4100,   -0.054234,      2.0000,    0.010354,     0.83039,   0.0077124,      20.802,   0.0087619,      9.9263,   0.0097973,   -0.014910,    0.010741,  -0.0090395,    0.010906,   -0.022189,      195.42,      3.9283,      4.0929
      8.2169,     -404.00,      10.000,     0.76870,     0.78509,      5.2039,      5.2485,      0.0000,      2.1400,   -0.050754,      2.0000,    0.017990,     0.84695,    0.015555,      20.802,    0.017015,      9.9354,    0.017616,   -0.014910,    0.017679,  -0.0090395,    0.016842,   0.0049309,      1371.1,      3.8133,      3.8981
      8.2502,     -399.00,      10.000,     0.77580,     0.78579,      5.2232,      5.2504,      0.0000,      2.1400,   -0.048816,      2.0000,    0.010803,     0.83867,   0.0095319,      20.811,    0.010348,      9.9354,    0.010712,  -0.0057981,    0.010660,  -0.0090395,    0.010233,  -0.0041095,      1034.4,      3.8133,      3.8981
      8.2836,     -391.00,      10.000,     0.76101,     0.77709,      5.0730,      5.0835,      8.0000,      2.1400,   -0.048877,      2.0000,    0.014875,     0.83867,    0.013617,      20.820,    0.014133,      9.9354,    0.014512,  -0.0057981,    0.016182,  -0.0090395,    0.014364,   -0.013149,      82.820,      3.9441,      4.1950
      8.3169,     -400.00,      10.000,     0.77052,     0.78662,      5.2769,      5.3100,      3.4000,      1.4100,   -0.047066,      2.0000,    0.016207,     0.83867,    0.014011,      20.802,    0.014907,      9.9263,    0.015626,   -0.014910,    0.016261,   -0.018080,    0.016912,   -0.013149,      997.96,      3.9071,      4.0604
      8.3502,     -405.00,      10.000,     0.77133,     0.78535,      5.2110,      5.2492,      0.0000,      2.1400,   -0.045200,      2.0000,    0.015800,     0.85522,    0.012998,      20.802,    0.014593,      9.9263,    0.015470,  -0.0057981,    0.015600,   -0.018080,    0.014824,   -0.022189,      161.56,      3.8133,      3.8981
      8.3836,     -401.00,      10.000,     0.77737,     0.78594,      5.2275,      5.2508,      0.0000,      2.1400,   -0.042186,      2.0000,   0.0093993,     0.83867,   0.0078135,      20.811,   0.0086808,      9.9354,   0.0092285,  -0.0057981,   0.0093168,  -0.0090395,   0.0089133,  -0.0041095,      1078.0,      3.8133,      3.8981
      8.4169,     -402.00,      10.000,     0.77096,     0.78432,      5.2357,      5.2598,      3.7000,      1.4100,   -0.040567,      2.0000,    0.012811,     0.83039,    0.011688,      20.811,    0.012091,      9.9354,    0.012436,   -0.014910,    0.012968,  -0.0090395,    0.013629,   0.0049309,      19.753,      3.9137,      4.0704
      8.4502,     -411.00,      10.000,     0.77299,     0.78551,      5.2156,      5.2496,      0.0000,      2.1400,   -0.036573,      2.0000,    0.013889,     0.83867,    0.011600,      20.802,    0.012820,      9.9354,    0.013647,   -0.014910,    0.013725,   -0.018080,    0.013078,  -0.0041095,      500.33,      3.8133,      3.8981
      8.4836,     -401.00,      10.000,     0.77628,     0.78583,      5.2245,      5.2505,      0.0000,      2.1400,   -0.031100,      2.0000,   0.0096506,     0.83039,   0.0089582,      20.802,   0.0095421,      9.9263,   0.0097076,  -0.0057981,   0.0095078,   -0.018080,   0.0091976,   -0.022189,      830.62,      3.8133,      3.8981
      8.5169,     -406.00,      10.000,     0.76322,     0.78457,      5.1890,      5.2471,      0.0000,      2.1400,   -0.028830,      2.0000,    0.016781,     0.86350,    0.014706,      20.811,    0.016012,      9.9263,    0.016638,  -0.0057981,    0.016508,   -0.018080,    0.015803,   -0.013149,      1018.6,      3.8133,      3.8981
      8.5502,     -397.00,      10.000,     0.77140,     0.78536,      5.2112,      5.2492,      0.0000,      2.1400,   -0.029975,      2.0000,    0.015663,     0.83792,    0.013102,      20.802,    0.014659,      9.9173,    0.015461,  -0.0058849,    0.015457,   -0.017994,    0.014760,  -0.0041956,      695.27,      3.8133,      3.8981
      8.5836,     -407.00,      10.000,     0.77693,     0.78590,      5.2263,      5.2507,      0.0000,      2.1400,   -0.029489,      2.0000,    0.010159,     0.82211,   0.0083059,      20.811,   0.0092434,      9.9354,   0.0098818,  -0.0057981,    0.010066,  -0.0090395,   0.0095858,   0.0049309,      905.92,      3.8133,      3.8981
      8.6169,     -399.00,      10.000,     0.77411,     0.78562,      5.2186,      5.2499,      0.0000,      2.1400,   -0.029077,      2.0000,    0.012109,     0.82286,    0.010575,      20.811,    0.011439,      9.9354,    0.011992,  -0.0057981,    0.011981,      0.0000,    0.011472,  -0.0041095,      800.92,      3.8133,      3.8981
      8.6502,     -392.00,      10.000,     0.77107,     0.78532,      5.2103,      5.2491,      0.0000,      2.1400,   -0.028848,      2.0000,    0.015871,     0.85522,    0.013328,      20.802,    0.014865,      9.9263,    0.015597,   -0.014910,    0.015658,   -0.027119,    0.014926,   0.0049309,      1790.8,      3.8133,      3.8981
      8.6836,     -402.00,      10.000,     0.77363,     0.78557,      5.2173,      5.2498,      0.0000,      2.1400,   -0.029160,      2.0000,    0.012949,     0.83039,    0.011102,      20.802,    0.012250,      9.9263,    0.012816,   -0.014910,    0.012791,   -0.018080,    0.012229,  -0.0041095,      917.44,      3.8133,      3.8981
      8.7169,     -405.00,      10.000,     0.77392,     0.78560,      5.2181,      5.2499,      0.0000,      2.1400,   -0.027166,      2.0000,    0.012009,     0.85522,    0.011127,      20.802,    0.011761,      9.9263,    0.011950,   -0.014910,    0.011767,  -0.0090395,    0.011327,  -0.0041095,      1493.4,      3.8133,      3.8981
      8.7502,     -407.00,      10.000,     0.77537,     0.78574,      5.2220,      5.2503,      0.0000,      2.1400,   -0.026841,      2.0000,    0.011429,     0.84695,   0.0097500,      20.811,    0.010767,      9.9354,    0.011306,  -0.0057981,    0.011294,  -0.0090395,    0.010823,  -0.0041095,      1721.5,      3.8133,      3.8981
      8.7836,     -415.00,      10.000,     0.77510,     0.78572,      5.2213,      5.2502,      0.0000,      2.1400,   -0.025681,      2.0000,    0.011768,     0.86350,    0.010124,      20.802,    0.011260,      9.9445,    0.011721,  -0.0057981,    0.011637,  -0.0090395,    0.011173,  -0.0041095,      1263.6,      3.8133,      3.8981
      8.8169,     -402.00,      10.000,     0.77175,     0.78539,      5.2122,      5.2493,      0.0000,      2.1400,   -0.024081,      2.0000,    0.014910,     0.84695,    0.012346,      20.802,    0.013782,      9.9354,    0.014648,  -0.0057981,    0.014732,  -0.0090395,    0.014027,   0.0049309,      893.80,      3.8133,      3.8981
      8.8502,     -408.00,      10.000,     0.77206,     0.78542,      5.2130,      5.2494,      0.0000,      2.1400,   -0.022322,      2.0000,    0.015015,     0.85522,    0.012717,      20.802,    0.013958,      9.9354,    0.014695,  -0.0057981,    0.014822,  -0.0090395,    0.014130,   0.0049309,      971.93,      3.8133,      3.8981
      8.8836,     -414.00,      10.000,     0.76716,     0.78495,      5.1997,      5.2481,      0.0000,      2.1400,   -0.018423,      2.0000,    0.020577,     0.83039,    0.016531,      20.811,    0.018552,      9.9263,    0.019920,  -0.0057981,    0.020322,   -0.018080,    0.019214,    0.013970,      1657.0,      3.8133,      3.8981
      8.9169,     -400.00,      10.000,     0.76776,     0.78500,      5.2013,      5.2482,      0.0000,      2.1400,   -0.018492,      2.0000,    0.018576,     0.85447,    0.015970,      20.802,    0.017611,      9.9263,    0.018398,  -0.0057981,    0.018308,  -0.0090395,    0.017492,   -0.013149,      1432.2,      3.8133,      3.8981
      8.9502,     -402.00,      10.000,     0.77043,     0.78526,      5.2086,      5.2489,      0.0000,      2.1400,   -0.014537,      2.0000,    0.016174,     0.84695,    0.014072,      20.811,    0.015398,      9.9354,    0.016005,  -0.0057981,    0.015923,  -0.0090395,    0.015221,   -0.013149,      1284.8,      3.8133,      3.8981
      8.9836,     -402.00,      10.000,     0.77501,     0.78571,      5.2211,      5.2502,      0.0000,      2.1400,   -0.012278,      2.0000,    0.011961,     0.86275,    0.010126,      20.811,    0.011238,      9.9263,    0.011839,   -0.014910,    0.011832,   -0.018080,    0.011331,    0.013970,      1030.3,      3.8133,      3.8981
      9.0169,     -405.00,      10.000,     0.77459,     0.78567,      5.2199,      5.2500,      0.0000,      2.1400,  -0.0074695,      2.0000,    0.011677,     0.84695,    0.010376,      20.802,    0.011144,      9.9263,    0.011526,   -0.014910,    0.011494,   -0.018080,    0.011017,  -0.0041095,      329.92,      3.8133,      3.8981
      9.0502,     -412.00,      10.000,     0.77534,     0.78574,      5.2219,      5.2502,      0.0000,      2.1400,  -0.0058255,      2.0000,    0.011293,     0.85597,   0.0096716,      20.793,    0.010661,      9.9263,    0.011175,   -0.014910,    0.011158,   -0.027119,    0.010694,   0.0047587,      702.61,      3.8133,      3.8981
      9.0836,     -418.00,      10.000,     0.77414,     0.78562,      5.2187,      5.2499,      0.0000,      2.1400,  -0.0039632,      2.0000,    0.012250,     0.85522,    0.010806,      20.811,    0.011670,      9.9263,    0.012096,   -0.014910,    0.012048,   -0.018080,    0.011555,  -0.0041095,      840.12,      3.8133,      3.8981
      9.1169,     -410.00,      10.000,     0.77484,     0.78569,      5.2206,      5.2501,      0.0000,      2.1400,  -0.0025785,      2.0000,    0.010906,     0.82286,    0.010145,      20.793,    0.010693,      9.9263,    0.010893,   -0.014910,    0.010699,  -0.0090395,    0.010320,   -0.013149,      537.03,      3.8133,      3.8981
      9.1502,     -396.00,      10.000,     0.77210,     0.78543,      5.2131,      5.2494,      0.0000,      2.1400,  -0.0019024,      2.0000,    0.014475,     0.83867,    0.012528,      20.802,    0.013686,      9.9263,    0.014269,   -0.014910,    0.014257,  -0.0090395,    0.013621,   -0.022189,      1406.6,      3.8133,      3.8981
      9.1836,     -415.00,      10.000,     0.77319,     0.78553,      5.2161,      5.2497,      0.0000,      2.1400, -0.00055233,      2.0000,    0.013467,     0.86350,    0.011471,      20.802,    0.012540,      9.9263,    0.013142,  -0.0057981,    0.013277,  -0.0090395,    0.012648,   0.0049309,      1300.3,      3.8133,      3.8981
      9.2169,     -403.00,      10.000,     0.77033,     0.78525,      5.2083,      5.2489,      0.0000,      2.1400, -0.00026739,      2.0000,    0.016368,     0.85522,    0.013846,      20.811,    0.015225,      9.9354,    0.016116,  -0.0057981,    0.016141,  -0.0090395,    0.015412,  -0.0041095,      498.47,      3.8133,      3.8981
      9.2502,     -406.00,      10.000,     0.77300,     0.78551,      5.2156,      5.2496,      0.0000,      2.1400,  0.00063113,      2.0000,    0.013260,     0.85522,    0.011915,      20.802,    0.012820,      9.9172,    0.013179,   -0.014910,    0.013053,   -0.018080,    0.012529,  -0.0041095,      1211.2,      3.8133,      3.8981
      9.2836,     -391.00,      10.000,     0.77329,     0.78554,      5.2164,      5.2497,      0.0000,      2.1400,      0.0000,      2.0000,    0.013960,     0.84695,    0.011303,      20.802,    0.012789,      9.9263,    0.013694,   -0.014910,    0.013810,   -0.018080,    0.013160,   -0.013149,      1533.5,      3.8133,      3.8981
      9.3169,     -405.00,      10.000,     0.77187,     0.78540,      5.2125,      5.2493,      0.0000,      2.1400,      0.0000,      2.0000,    0.014747,     0.86350,    0.012448,      20.802,    0.013692,      9.9263,    0.014432,  -0.0057981,    0.014539,  -0.0090395,    0.013858,   0.0049309,      1452.5,      3.8133,      3.8981
      9.3502,     -399.00,      10.000,     0.77032,     0.78525,      5.2083,      5.2489,      0.0000,      2.1400,      0.0000,      2.0000,    0.017034,     0.86350,    0.013928,      20.802,    0.015629,      9.9263,    0.016747,   -0.014910,    0.016843,  -0.0090395,    0.016045,   -0.022189,      1155.2,      3.8133,      3.8981
      9.3836,     -412.00,      10.000,     0.75670,     0.78396,      5.1712,      5.2454,      0.0000,      2.1400,      0.0000,      2.0000,    0.017922,     0.86425,    0.015647,      20.802,    0.017131,      9.9263,    0.017747,  -0.0057981,    0.017636,   -0.018080,    0.016868,   -0.022189,      874.41,      3.8133,      3.8981
      9.4169,     -407.00,      10.000,     0.77445,     0.78565,      5.2195,      5.2500,      0.0000,      2.1400,      0.0000,      2.0000,    0.012855,     0.84018,    0.010195,      20.811,    0.011378,      9.9263,    0.012348,   -0.014910,    0.012721,  -0.0090395,    0.012046,   -0.013149,      1385.6,      3.8133,      3.8981
      9.4502,     -414.00,      10.000,     0.77348,     0.78556,      5.2169,      5.2498,      0.0000,      2.1400,      0.0000,      2.0000,    0.013180,     0.83039,    0.011190,      20.802,    0.012402,      9.9263,    0.012992,   -0.014910,    0.013037,   -0.018080,    0.012452,  -0.0041095,      628.37,      3.8133,      3.8981
