# [Parameters]
# Name = tsmap_nel
# ShotNo = 176745
# Date = '01/29/2024 23:35'
# 
# DimNo = 1
# DimName = 'Time'
# DimSize = 174
# DimUnit = 's'
# 
# ValNo = 25
# ValName = 'laser', 'laser number', 'a99', 'a999', 'R99', 'R999', 'p0', 'pf', 'ip', 'ipf', 'nl_thomson_mid', 'nl_mmw_mid', 'nl_thomson_3579', 'nl_fir_3579', 'nl_thomson_3669', 'nl_fir_3669', 'nl_thomson_3759', 'nl_fir_3759', 'nl_thomson_3849', 'nl_fir_3849', 'nl_thomson_3939', 'nl_fir_3939', 'chi', 'geom_center', 'Rax_vmec'
# ValUnit = 'arb', 'arb', 'm', 'm', 'm', 'm', '%', 'arb', 'kA/T', 'arb', 'arb', 'e19m-2', 'arb', 'e19m-2', 'arb', 'e19m-2', 'arb', 'e19m-2', 'arb', 'e19m-2', 'arb', 'e19m-2', 'arb', 'm', 'm'
# 
# [Comments]
# Bt = -1.36000
# Rax = 3.90000
# Bq = 100.000
# Gamma = 1.25380
# phiedge = -2.8685000
# avac = 0.55800000
# ExpDate = 2.02201e+07
# Cycle = 23.0000
# t1 = 2.99900
# t2 = 8.75400
# density (ne) is only for very rough information
# Do not use data for ne_bar < 5*1-^12cm-3
# High Voltage is set at 0.90 times
# Te limit = 22keV
# Laser#1, #3, #5, 
# 
# [data]
  0.00028000,      59.000,      10.000,     0.76016,     0.78459,      5.1771,      5.2429,      0.0000,      2.1400,     -0.0000,      2.0000,    0.021807,   0.0071685,    0.022414,      0.0000,    0.022238,   0.0090762,    0.021832, -0.00082880,    0.021163,  -0.0049309,    0.020412,   -0.017258,      9999.0,      3.8133,      3.8981
      3.0003,      55.000,      10.000,     0.69565,     0.76969,      5.1430,      5.3435,      4.4000,      5.0000,  -0.0037147,      2.0000,    0.046671,  -0.0011109,    0.054778,   -0.018080,    0.052969,   -0.018151,    0.049442,   -0.019053,    0.046299,  -0.0049309,    0.044301,  0.00082137,      652.69,      3.7902,      4.0446
      3.0336,      53.000,      10.000,     0.54363,     0.59372,      4.6442,      4.7662,     0.60000,      2.1400,     0.26937,      2.0000,    0.067563,     0.58672,    0.058355,     0.48815,    0.063566,     0.52639,    0.065646,     0.54588,    0.065592,     0.43802,    0.062924,     0.55225,      4.8515,      3.8254,      3.9399
      3.0669,      56.000,      10.000,     0.54480,     0.59745,      4.6428,      4.7715,     0.50000,      2.1400,     0.52990,      2.0000,    0.071099,     0.69435,    0.061341,     0.64183,    0.066634,     0.68975,    0.069206,     0.70989,    0.069218,     0.59170,    0.066276,     0.67881,      4.6397,      3.8239,      3.9327
      3.1003,      60.000,      10.000,     0.55022,     0.60159,      4.6550,      4.7824,     0.50000,      2.1400,     0.68171,      2.0000,    0.075840,     0.76887,    0.065483,     0.66894,    0.070872,     0.71698,    0.073587,     0.73723,    0.073968,     0.61881,    0.070842,     0.70593,      8.6601,      3.8239,      3.9327
      3.1336,      56.000,      10.000,     0.54861,     0.59932,      4.6562,      4.7821,     0.60000,      2.1400,     0.82400,      2.0000,    0.077331,     0.75231,    0.066001,     0.66894,    0.071397,     0.72605,    0.074498,     0.75545,    0.075306,     0.60978,    0.072401,     0.69689,      13.781,      3.8259,      3.9396
      3.1669,      53.000,      10.000,     0.54309,     0.59646,      4.6439,      4.7745,     0.60000,      2.1400,     0.94532,      2.0000,    0.069255,     0.72767,    0.060556,     0.65087,    0.066050,     0.70790,    0.068388,     0.72812,    0.067818,     0.60074,    0.064910,     0.69689,      13.200,      3.8259,      3.9396
      3.2003,      52.000,      10.000,     0.54380,     0.59560,      4.6406,      4.7667,     0.50000,      2.1400,      1.0541,      2.0000,    0.071922,     0.71072,    0.063021,     0.64183,    0.068801,     0.68975,    0.071032,     0.71901,    0.070337,     0.58266,    0.067219,     0.69689,      11.842,      3.8239,      3.9327
      3.2336,      56.000,      10.000,     0.54496,     0.59971,      4.6432,      4.7773,     0.50000,      2.1400,      1.1528,      2.0000,    0.070173,     0.69435,    0.060608,     0.61471,    0.066378,     0.66252,    0.069135,     0.69167,    0.069043,     0.56458,    0.066072,     0.62457,      18.670,      3.8239,      3.9327
      3.2669,      53.000,      10.000,     0.53519,     0.58704,      4.6268,      4.7503,     0.60000,      2.1400,      1.2436,      2.0000,    0.071048,     0.68608,    0.060417,     0.60567,    0.066592,     0.64437,    0.069620,     0.67345,    0.069446,     0.54650,    0.066438,     0.64265,      10.155,      3.8259,      3.9396
      3.3003,      56.000,      10.000,     0.55274,     0.60153,      4.6559,      4.7764,     0.40000,      2.1400,      1.3305,      2.0000,    0.074897,     0.65296,    0.065876,     0.58759,    0.070489,     0.63530,    0.072584,     0.67345,    0.073120,     0.54650,    0.069946,     0.65169,      12.953,      3.8218,      3.9258
      3.3336,      56.000,      10.000,     0.55375,     0.59648,      4.6784,      4.7864,     0.80000,      2.1400,      1.4051,      2.0000,     0.15043,      1.6299,     0.15125,      1.8532,     0.15487,      1.8968,     0.15125,      1.7304,     0.14393,      1.8573,     0.13670,      1.5647,      13.159,      3.8299,      3.9534
      3.3669,      54.000,      10.000,     0.55965,     0.60672,      4.6989,      4.8206,     0.90000,      2.1400,      1.8097,      2.0000,     0.32497,      3.9979,     0.30144,      3.1097,     0.32055,      3.3308,     0.32415,      3.2248,     0.31529,      3.0415,     0.30076,      2.8936,      4.1436,      3.8324,      3.9599
      3.4003,      58.000,      10.000,     0.55884,     0.60424,      4.7257,      4.8458,      1.5000,      2.1400,      2.4785,      2.0000,     0.32694,      4.2794,     0.27813,      3.0555,     0.30901,      3.3671,     0.31985,      3.4161,     0.31759,      2.8516,     0.30717,      3.2190,      2.4388,      3.8448,      3.9927
      3.4336,      56.000,      10.000,     0.56227,     0.60846,      4.7400,      4.8646,      1.6000,      2.1400,      3.0578,      2.0000,     0.33718,      4.2961,     0.28733,      3.0193,     0.31648,      3.3035,     0.32711,      3.3432,     0.32648,      2.7974,     0.31846,      3.2461,      3.1226,      3.8473,      3.9973
      3.4669,      60.000,      10.000,     0.56240,     0.60809,      4.7451,      4.8689,      1.7000,      2.1400,      3.2027,      2.0000,     0.36467,      4.5609,     0.31746,      3.3357,     0.34547,      3.5849,     0.35341,      3.6166,     0.35162,      3.1048,     0.34325,      3.4992,      4.9252,      3.8494,      4.0025
      3.5003,      56.000,      10.000,     0.56561,     0.61037,      4.7485,      4.8698,      1.6000,      2.1400,      3.0781,      2.0000,     0.41203,      5.0990,     0.35762,      3.8148,     0.38717,      4.0659,     0.39625,      4.1086,     0.39530,      3.5567,     0.38723,      3.9964,      1.8639,      3.8473,      3.9973
      3.5336,      57.000,      10.000,     0.56983,     0.61359,      4.7545,      4.8733,      1.5000,      2.1400,      3.0332,      2.0000,     0.46885,      5.6455,     0.40495,      4.1945,     0.43879,      4.5197,     0.44943,      4.5551,     0.44901,      3.9183,     0.44129,      4.5298,      2.4918,      3.8452,      3.9921
      3.5669,      59.000,      10.000,     0.57038,     0.61492,      4.7510,      4.8716,      1.4000,      2.1400,      2.6481,      2.0000,     0.53116,      6.2581,     0.46382,      4.7730,     0.50172,      5.0461,     0.51237,      5.1109,     0.51076,      4.4969,     0.49877,      5.0541,      1.6330,      3.8431,      3.9870
      3.6003,      54.000,      10.000,     0.56954,     0.61340,      4.7537,      4.8728,      1.5000,      2.1400,      2.6211,      2.0000,     0.56995,      6.6721,     0.49608,      5.1075,     0.53675,      5.4545,     0.54681,      5.5209,     0.54464,      4.7952,     0.53506,      5.4247,      3.1187,      3.8452,      3.9921
      3.6336,      59.000,      10.000,     0.56739,     0.61035,      4.7530,      4.8698,      1.6000,      2.1400,      2.5262,      2.0000,     0.58712,      6.9867,     0.49417,      5.3696,     0.54170,      5.7540,     0.55766,      5.8216,     0.55911,      5.0302,     0.55143,      5.6959,      1.8998,      3.8473,      3.9973
      3.6669,      60.000,      10.000,     0.56596,     0.60910,      4.7541,      4.8717,      1.7000,      2.1400,      2.5337,      2.0000,     0.61645,      7.3179,     0.52377,      5.6408,     0.57087,      6.0444,     0.58518,      6.1132,     0.58700,      5.2833,     0.57898,      5.9852,      1.9109,      3.8494,      4.0025
      3.7003,      54.000,      10.000,     0.56827,     0.61377,      4.7602,      4.8845,      1.7000,      2.1400,      2.5618,      2.0000,     0.64216,      7.4918,     0.54707,      5.7493,     0.59690,      6.2894,     0.61177,      6.2954,     0.61320,      5.3557,     0.60568,      6.1931,      2.5662,      3.8494,      4.0025
      3.7336,      57.000,      10.000,     0.56894,     0.61440,      4.7619,      4.8862,      1.7000,      2.1400,      2.6092,      2.0000,     0.67843,      7.7729,     0.57885,      5.9934,     0.63010,      6.5163,     0.64546,      6.5779,     0.64645,      5.5907,     0.63860,      6.4372,      3.0529,      3.8494,      4.0025
      3.7669,      54.000,      10.000,     0.56632,     0.61200,      4.7600,      4.8850,      1.8000,      2.1400,      2.5382,      2.0000,     0.69055,      8.0713,     0.58322,      6.2827,     0.63928,      6.8521,     0.65759,      6.8513,     0.65940,      5.8529,     0.65195,      6.7264,      2.6661,      3.8514,      4.0076
      3.8003,      59.000,      10.000,     0.56710,     0.61163,      4.7562,      4.8772,      1.7000,      2.1400,      2.4833,      2.0000,     0.72843,      8.4518,     0.62168,      6.5900,     0.67563,      7.2152,     0.69171,      7.1884,     0.69290,      6.1692,     0.68450,      7.0699,      2.3046,      3.8490,      4.0031
      3.8336,      55.000,      10.000,     0.57030,     0.61583,      4.7645,      4.8886,      1.7000,      2.1400,      2.3507,      2.0000,     0.77793,      8.8579,     0.66364,      6.9154,     0.72077,      7.5691,     0.73881,      7.5529,     0.74207,      6.4676,     0.73425,      7.4135,      2.0000,      3.8490,      4.0031
      3.8669,      53.000,      10.000,     0.56943,     0.61493,      4.7622,      4.8861,      1.7000,      2.1400,      2.2740,      2.0000,     0.79979,      9.1808,     0.67933,      7.2047,     0.74114,      7.9231,     0.76073,      7.9265,     0.76246,      6.7207,     0.75357,      7.7208,      2.7388,      3.8490,      4.0031
      3.9003,      55.000,      10.000,     0.56972,     0.61607,      4.7681,      4.8946,      1.8000,      2.1400,      2.1654,      2.0000,     0.81404,      9.5782,     0.68547,      7.4669,     0.74951,      8.2589,     0.77074,      8.2727,     0.77420,      7.0100,     0.76923,      8.0643,      3.1371,      3.8510,      4.0083
      3.9336,      58.000,      10.000,     0.56660,     0.61186,      4.7549,      4.8778,      1.7000,      2.1400,      2.0235,      2.0000,     0.85468,      9.9259,     0.71619,      7.7652,     0.78602,      8.5402,     0.81181,      8.6281,     0.81754,      7.3263,     0.80633,      8.3626,      2.5822,      3.8490,      4.0031
      3.9669,      58.000,      10.000,     0.56763,     0.61323,      4.7576,      4.8815,      1.7000,      2.1400,      1.8808,      2.0000,     0.87852,      10.456,     0.73126,      7.9460,     0.80333,      8.8488,     0.83133,      8.9743,     0.83975,      7.5071,     0.83135,      8.6881,      2.2857,      3.8490,      4.0031
      4.0003,      59.000,      10.000,     0.56866,     0.61543,      4.7602,      4.8875,      1.7000,      2.1400,      1.7832,      2.0000,     0.92827,      12.327,     0.77422,      8.3528,     0.85320,      9.1664,     0.88621,      9.3388,     0.89178,      7.7512,     0.87822,      9.0587,      2.8682,      3.8490,      4.0031
      4.0336,      54.000,      10.000,     0.56514,     0.61180,      4.7560,      4.8829,      1.8000,      2.1400,      1.8204,      2.0000,     0.92634,      17.874,     0.75361,      8.3618,     0.83710,      9.3116,     0.87395,      9.5119,     0.88924,      7.7964,     0.88094,      9.1401,      4.0321,      3.8510,      4.0083
      4.0669,      61.000,      10.000,     0.55199,     0.60158,      4.7228,      4.8546,      1.8000,      2.1400,      2.1932,      2.0000,     0.86622,      16.906,     0.67539,      7.9912,     0.76342,      9.3570,     0.80931,      9.5393,     0.83012,      7.5071,     0.82922,      8.9773,      2.9518,      3.8510,      4.0083
      4.1003,      53.000,      10.000,     0.53538,     0.58521,      4.6758,      4.7995,      1.6000,      2.1400,      2.1673,      2.0000,     0.90804,      17.071,     0.71512,      9.2206,     0.81634,      10.564,     0.86393,      10.733,     0.87870,      8.5558,     0.86253,      9.8180,      1.6188,      3.8469,      3.9979
      4.1336,      56.000,      10.000,     0.52037,     0.57316,      4.6411,      4.7621,      1.5000,      2.1400,      2.0932,      2.0000,     0.97990,      3.4680,     0.74018,      10.180,     0.87986,      11.508,     0.94768,      11.690,     0.96316,      9.6134,     0.93449,      11.319,      3.5005,      3.8448,      3.9927
      4.1669,      56.000,      10.000,     0.51632,     0.56686,      4.6336,      4.7459,      1.5000,      2.1400,      2.0313,      2.0000,      1.1279,      9.5782,     0.81811,      10.929,     0.99441,      12.561,      1.0829,      13.166,      1.1109,      10.120,      1.0827,      12.403,      2.7040,      3.8448,      3.9927
      4.2003,      57.000,      10.000,     0.50991,     0.56717,      4.6313,      4.7564,      1.7000,      2.1400,      1.9662,      2.0000,      1.1811,      3.6087,     0.73208,      11.291,     0.94532,      13.278,      1.0942,      14.150,      1.1739,      10.526,      1.1635,      13.741,      34.859,      3.8490,      4.0031
      4.2336,      58.000,      10.000,     0.49794,     0.55443,      4.6243,      4.7385,      2.0000,      2.1400,      1.9466,      2.0000,      1.1829,      11.698,     0.60354,      10.974,     0.85560,      16.146,      1.0422,      15.635,      1.1609,      8.2665,      1.1962,      15.197,      26.162,      3.8552,      4.0187
      4.2669,      56.000,      10.000,     0.50430,     0.55954,      4.6397,      4.7557,      2.1000,      2.1400,      1.9639,      2.0000,      1.3427,      21.625,     0.68869,      7.6205,     0.96272,      16.736,      1.1751,      16.528,      1.3184,      20.913,      1.3600,      16.607,      12.176,      3.8572,      4.0227
      4.3003,      58.000,      10.000,     0.48787,     0.54901,      4.6538,      4.7675,      3.0000,      2.1400,      1.7139,      2.0000,      1.2599,      12.137,     0.42410,      7.1143,     0.67218,      16.890,     0.93159,      16.965,      1.1803,      20.976,      1.3425,      16.914,      330.32,      3.8749,      4.0584
      4.3336,      53.000,      10.000,     0.49484,     0.55089,      4.6382,      4.7464,      2.4000,      2.1400,      1.2558,      2.0000,      1.6952,      11.408,     0.75195,      6.8883,      1.1099,      17.153,      1.4198,      17.549,      1.6469,      12.470,      1.7529,      18.397,      15.761,      3.8627,      4.0354
      4.3669,      58.000,      10.000,     0.50680,     0.55934,      4.6621,      4.7722,      2.5000,      2.1400,     0.73429,      2.0000,      1.9726,      5.5875,      1.0482,      5.9572,      1.4468,      16.645,      1.7411,      16.646,      1.9307,    -0.58348,      2.0007,      17.782,      2.8165,      3.8647,      4.0394
      4.4003,      60.000,      10.000,     0.51996,     0.57420,      4.6971,      4.8257,      2.8000,      2.1400,     0.22285,      2.0000,      1.4997,      7.0033,     0.74448,      3.5707,      1.0311,      14.802,      1.2701,      14.970,      1.4487,      15.697,      1.5383,      16.571,      4.3325,      3.8703,      4.0523
      4.4336,      56.000,      10.000,     0.53599,     0.58901,      4.7325,      4.8725,      2.9000,      2.1400,    -0.43641,      2.0000,      1.2417,      6.5314,     0.62468,      2.0792,     0.83920,      13.314,      1.0216,      13.612,      1.1775,      26.093,      1.2733,      15.622,      2.0607,      3.8723,      4.0563
      4.4669,      57.000,      10.000,     0.52421,     0.57884,      4.7125,      4.8479,      3.0000,      2.1400,     -1.0611,      2.0000,      1.1342,      5.5118,     0.51182,      1.2565,     0.71125,      12.279,     0.89907,      12.528,      1.0689,      25.243,      1.1791,      14.745,      1.7463,      3.8740,      4.0614
      4.5003,      50.000,      10.000,     0.52896,     0.58350,      4.7253,      4.8616,      3.1000,      2.1400,     -1.8265,      2.0000,      1.1000,      4.4284,     0.50384,     0.72318,     0.69666,      11.453,     0.88110,      11.580,      1.0424,      25.117,      1.1457,      13.949,      1.2569,      3.8753,      4.0658
      4.5336,      53.000,      10.000,     0.52137,     0.57746,      4.7067,      4.8426,      3.0000,      2.1400,     -2.3095,      2.0000,      1.1058,      3.6568,     0.46210,     0.53335,     0.65110,      10.991,     0.84039,      10.906,      1.0240,      24.963,      1.1543,      13.280,      2.0475,      3.8736,      4.0626
      4.5669,      59.000,      10.000,     0.52847,     0.58122,      4.7157,      4.8471,      2.9000,      2.1400,     -2.9243,      2.0000,      1.0430,      3.1616,     0.50703,     0.78646,     0.68596,      10.963,     0.83919,      10.551,     0.97199,      25.207,      1.0702,      12.693,      1.1215,      3.8713,      4.0597
      4.6003,      59.000,      10.000,     0.52871,     0.58386,      4.7121,      4.8496,      2.8000,      2.1400,     -3.3429,      2.0000,      1.1497,      2.7725,     0.54095,      1.1209,     0.73345,      11.009,     0.91293,      10.314,      1.0765,      25.532,      1.1860,      12.196,      1.4354,      3.8693,      4.0556
      4.6336,      58.000,      10.000,     0.52877,     0.58446,      4.7117,      4.8501,      2.8000,      2.1400,     -3.7256,      2.0000,      1.1252,      2.4744,     0.52418,      1.3649,     0.70563,      11.045,     0.88114,      10.132,      1.0427,      25.831,      1.1575,      11.789,      2.3340,      3.8689,      4.0568
      4.6669,      60.000,      10.000,     0.53391,     0.58821,      4.7137,      4.8505,      2.6000,      2.1400,     -3.9014,      2.0000,      1.1289,      2.2103,     0.57195,      1.7537,     0.74509,      11.354,     0.90073,      10.314,      1.0492,      26.256,      1.1527,      11.436,      2.5176,      3.8649,      4.0487
      4.7003,      59.000,      10.000,     0.53187,     0.58388,      4.7008,      4.8288,      2.4000,      2.1400,     -3.8387,      2.0000,      1.0591,      1.7210,     0.56638,      1.8351,     0.74214,      11.254,     0.88029,      9.8946,     0.99839,      26.301,      1.0720,      10.984,      1.4432,      3.8609,      4.0406
      4.7336,      56.000,      10.000,     0.53348,     0.58552,      4.6997,      4.8285,      2.3000,      2.1400,     -3.8967,      2.0000,      1.0260,      1.3981,     0.55798,      1.9888,     0.71934,      11.236,     0.85461,      9.7853,     0.96534,      26.500,      1.0366,      10.659,      2.0758,      3.8589,      4.0366
      4.7669,      55.000,      10.000,     0.53312,     0.58457,      4.6989,      4.8259,      2.3000,      2.1400,     -3.9568,      2.0000,      1.0077,      1.1166,     0.56331,      1.8260,     0.71962,      11.154,     0.84679,      9.6030,     0.95615,      26.436,      1.0129,      10.351,      1.1853,      3.8589,      4.0366
      4.8003,      59.000,      10.000,     0.53864,     0.58963,      4.7061,      4.8351,      2.2000,      2.1400,     -3.8363,      2.0000,     0.98408,    0.073404,     0.56862,      2.0159,     0.71265,      11.109,     0.82979,      9.4026,     0.92424,      26.635,     0.98313,      10.053,      2.0790,      3.8569,      4.0325
      4.8336,      55.000,      10.000,     0.53844,     0.58815,      4.7056,      4.8310,      2.2000,      2.1400,     -3.9131,      2.0000,     0.95062,   -0.067346,     0.56737,      1.9707,     0.70553,      11.118,     0.81063,      9.3023,     0.89405,      26.726,     0.94446,      9.8542,      1.3585,      3.8569,      4.0325
      4.8669,      54.000,      10.000,     0.54077,     0.59081,      4.7060,      4.8335,      2.1000,      2.1400,     -3.9777,      2.0000,     0.92223,    -0.33229,     0.56482,      2.1967,     0.69374,      11.172,     0.79380,      9.2203,     0.87632,      26.952,     0.91451,      9.6101,      1.3741,      3.8549,      4.0285
      4.9003,      60.000,      10.000,     0.53388,     0.58379,      4.6732,      4.7944,      1.7000,      2.1400,     -4.0472,      2.0000,     0.99711,     0.43845,     0.71316,      3.8781,     0.83703,      12.207,     0.91287,      10.341,     0.95335,    -0.54732,     0.96190,      10.207,      2.3835,      3.8465,      4.0084
      4.9336,      59.000,      10.000,     0.52866,     0.57996,      4.6580,      4.7791,      1.6000,      2.1400,     -3.9408,      2.0000,      1.0043,     0.58672,     0.71477,      4.0227,     0.84821,      12.452,     0.93186,      10.159,     0.97272,    -0.42076,     0.96824,      9.9265,      1.3231,      3.8444,      4.0030
      4.9669,      59.000,      10.000,     0.52349,     0.57552,      4.6478,      4.7673,      1.6000,      2.1400,     -3.5972,      2.0000,     0.99486,     0.45425,     0.71088,      4.0769,     0.85227,      12.570,     0.93355,      10.305,     0.96774,    -0.53828,     0.95731,      9.8632,      2.7840,      3.8444,      4.0030
      5.0003,      56.000,      10.000,     0.52903,     0.58249,      4.6639,      4.7921,      1.7000,      2.1400,     -3.4639,      2.0000,     0.95611,      1.5472,     0.65843,      3.3718,     0.80061,      12.052,     0.89186,      9.9402,     0.93227,      5.9161,     0.92585,      9.6101,      1.8785,      3.8469,      4.0074
      5.0336,      58.000,      10.000,     0.53297,     0.58371,      4.6764,      4.8002,      1.8000,      2.1400,     -3.3653,      2.0000,     0.91757,      1.1497,     0.60861,      2.6215,     0.74332,      11.290,     0.83379,      9.3297,     0.88685,      23.417,     0.89491,      9.2214,      1.5049,      3.8490,      4.0127
      5.0669,      59.000,      10.000,     0.53869,     0.59151,      4.6884,      4.8209,      1.8000,      2.1400,     -3.3555,      2.0000,     0.88492,     0.64508,     0.56445,      1.9255,     0.70273,      10.854,     0.80268,      8.9196,     0.86189,      26.373,     0.86862,      8.8417,      1.1507,      3.8490,      4.0127
      5.1003,      59.000,      10.000,     0.53020,     0.57869,      4.6708,      4.7873,      1.8000,      2.1400,     -3.3358,      2.0000,     0.85012,     0.52877,     0.54689,      2.2328,     0.67638,      10.936,     0.76442,      8.9288,     0.81963,      26.744,     0.83287,      8.7694,      1.7157,      3.8490,      4.0127
      5.1336,      56.000,      10.000,     0.54415,     0.59588,      4.7004,      4.8329,      1.8000,      2.1400,     -3.2991,      2.0000,     0.87489,     0.45425,     0.59738,      2.4496,     0.71441,      10.936,     0.79324,      8.7556,     0.84387,      26.104,     0.85147,      8.6700,      1.7033,      3.8490,      4.0127
      5.1669,      59.000,      10.000,     0.53283,     0.58259,      4.6717,      4.7924,      1.7000,      2.1400,     -3.2309,      2.0000,     0.86644,     0.42941,     0.59211,      2.7752,     0.70700,      11.145,     0.78086,      9.0199,     0.82770,      18.581,     0.84108,      8.7152,      1.4500,      3.8469,      4.0074
      5.2003,      57.000,      10.000,     0.53352,     0.58275,      4.6731,      4.7928,      1.7000,      2.1400,     -3.0180,      2.0000,     0.85750,     0.57923,     0.60499,      2.9831,     0.71558,      11.508,     0.78724,      9.3297,     0.82463,      14.658,     0.82724,      8.8327,      2.2567,      3.8469,      4.0074
      5.2336,      56.000,      10.000,     0.52379,     0.57346,      4.6490,      4.7629,      1.6000,      2.1400,     -3.0325,      2.0000,     0.81564,     0.40458,     0.56617,      2.9379,     0.68469,      11.381,     0.75732,      9.0381,     0.79355,      14.260,     0.78806,      8.5796,      2.9656,      3.8448,      4.0021
      5.2669,      55.000,      10.000,     0.53402,     0.58281,      4.6696,      4.7879,      1.6000,      2.1400,     -2.8736,      2.0000,     0.81550,     0.18103,     0.58001,      2.6306,     0.68872,      11.045,     0.75325,      8.7465,     0.78676,      25.108,     0.78532,      8.4078,      2.1577,      3.8448,      4.0021
      5.3003,      60.000,      10.000,     0.54871,     0.59998,      4.7158,      4.8491,      1.9000,      2.1400,     -2.5579,      2.0000,     0.82653,    -0.10875,     0.57412,      1.9526,     0.68257,      10.700,     0.75548,      8.4367,     0.79750,      26.744,     0.80448,      8.1547,      2.6195,      3.8511,      4.0181
      5.3336,      61.000,      10.000,     0.53747,     0.58661,      4.6769,      4.7977,      1.6000,      2.1400,     -2.7634,      2.0000,     0.78683,   -0.059066,     0.55697,      2.4136,     0.66315,      10.700,     0.72998,      8.1998,     0.76223,      26.997,     0.75857,      7.9287,      1.0496,      3.8448,      4.0021
      5.3669,      58.000,      10.000,     0.53887,     0.59010,      4.6713,      4.7978,      1.4000,      2.1400,     -2.4888,      2.0000,     0.78387,     0.12308,     0.55782,      2.3684,     0.66035,      10.718,     0.72502,      8.5096,     0.76090,      26.870,     0.75363,      8.0010,      2.5473,      3.8411,      3.9905
      5.4003,      61.000,      10.000,     0.53339,     0.58326,      4.6643,      4.7849,      1.5000,      2.1400,     -2.3458,      2.0000,     0.76815,    -0.15014,     0.55326,      2.0882,     0.65415,      10.392,     0.71416,      8.0814,     0.74354,      26.644,     0.73778,      7.7570,      2.6065,      3.8432,      3.9958
      5.4336,      60.000,      10.000,     0.53867,     0.58804,      4.6756,      4.7975,      1.5000,      2.1400,     -2.2178,      2.0000,     0.78239,    -0.32401,     0.55071,      1.6904,     0.65783,      9.9923,     0.72577,      7.8262,     0.76139,      26.337,     0.75367,      7.6214,      1.5920,      3.8432,      3.9958
      5.4669,      59.000,      10.000,     0.53343,     0.58431,      4.6643,      4.7878,      1.5000,      2.1400,     -2.0363,      2.0000,     0.72734,    -0.53928,     0.49987,      1.6000,     0.60455,      9.8199,     0.67094,      7.6713,     0.70598,      26.247,     0.70380,      7.4677,      3.3605,      3.8432,      3.9958
      5.5003,      59.000,      10.000,     0.53235,     0.58341,      4.6621,      4.7853,      1.5000,      2.1400,     -1.9164,      2.0000,     0.71398,    -0.97809,     0.47887,      1.3650,     0.58270,      9.6202,     0.65375,      7.4162,     0.69428,      25.957,     0.69294,      7.2055,      1.8488,      3.8432,      3.9958
      5.5336,      58.000,      10.000,     0.54257,     0.59394,      4.6841,      4.8128,      1.5000,      2.1400,     -1.7918,      2.0000,     0.70376,     -1.0195,     0.47947,      1.0667,     0.58046,      9.3661,     0.64838,      7.1155,     0.68668,      25.749,     0.68207,      6.9976,      1.0696,      3.8432,      3.9958
      5.5669,      58.000,      10.000,     0.54741,     0.59975,      4.6950,      4.8286,      1.5000,      2.1400,     -1.6932,      2.0000,     0.68045,      3.5094,     0.46148,     0.81358,     0.55630,      9.1029,     0.62205,      6.9333,     0.66074,      25.605,     0.66097,      6.8891,      1.9666,      3.8432,      3.9958
      5.6003,      56.000,      10.000,     0.54451,     0.59366,      4.6884,      4.8121,      1.5000,      2.1400,     -1.5003,      2.0000,     0.66200,      12.149,     0.45372,     0.68702,     0.54186,      8.9758,     0.60259,      6.7146,     0.64032,      25.469,     0.64104,      6.6180,      1.6952,      3.8432,      3.9958
      5.6336,      56.000,      10.000,     0.54741,     0.59555,      4.6958,      4.8184,      1.5000,      2.1400,     -1.3008,      2.0000,     0.65241,      15.589,     0.46083,     0.56951,     0.54270,      8.6763,     0.59671,      6.4503,     0.62892,      25.361,     0.62952,      6.4733,      1.2011,      3.8435,      3.9949
      5.6669,      58.000,      10.000,     0.54631,     0.59402,      4.6933,      4.8142,      1.5000,      2.1400,     -1.0665,      2.0000,     0.61816,      21.252,     0.43134,     0.47911,     0.50924,      8.4767,     0.56061,      6.2499,     0.59335,      25.316,     0.59759,      6.3196,     0.99320,      3.8435,      3.9949
      5.7003,      54.000,      10.000,     0.55045,     0.59780,      4.7076,      4.8299,      1.6000,      2.1400,    -0.82693,      2.0000,     0.61396,      25.192,     0.43289,     0.32543,     0.50714,      8.3496,     0.55528,      6.0859,     0.58789,      25.225,     0.59435,      6.1388,      1.5148,      3.8456,      4.0002
      5.7336,      53.000,      10.000,     0.56001,     0.60804,      4.7357,      4.8634,      1.7000,      2.1400,    -0.56633,      2.0000,     0.61256,      25.011,     0.43530,     0.23503,     0.50551,      8.2226,     0.55298,      5.9127,     0.58503,      25.144,     0.59380,      6.0123,      3.3658,      3.8477,      4.0055
      5.7669,      56.000,      10.000,     0.55159,     0.59960,      4.7065,      4.8308,      1.5000,      2.1400,    -0.27064,      2.0000,     0.58694,      24.846,     0.42369,     0.17176,     0.49152,      8.1136,     0.53530,      5.7487,     0.56071,      25.090,     0.56447,      5.8225,      1.0704,      3.8439,      3.9940
      5.8003,      56.000,      10.000,     0.54939,     0.59739,      4.7011,      4.8247,      1.5000,      2.1400,   0.0077800,      2.0000,     0.57279,      24.730,     0.41328,     0.12656,     0.48028,      8.0138,     0.52347,      5.6303,     0.55033,      25.071,     0.55104,      5.6869,      2.9206,      3.8439,      3.9940
      5.8336,      56.000,      10.000,     0.55389,     0.60105,      4.7167,      4.8400,      1.6000,      2.1400,     0.26337,      2.0000,     0.55324,      24.622,     0.40646,    0.045199,     0.46787,      7.9503,     0.50512,      5.5847,     0.52879,      25.099,     0.53233,      5.5422,      3.4949,      3.8460,      3.9993
      5.8669,      58.000,      10.000,     0.55663,     0.60276,      4.7241,      4.8458,      1.6000,      2.1400,     0.58792,      2.0000,     0.54979,      24.490,     0.40653,    0.027119,     0.46693,      7.8686,     0.50392,      5.4480,     0.52573,      25.017,     0.52804,      5.4970,      4.1838,      3.8465,      3.9986
      5.9002,      53.000,      10.000,     0.56077,     0.60702,      4.7345,      4.8577,      1.6000,      2.1400,     0.91997,      2.0000,     0.53669,      24.415,     0.40571,   -0.045199,     0.46295,      7.7869,     0.49633,      5.3660,     0.51451,      24.954,     0.51426,      5.3885,      2.6966,      3.8465,      3.9986
      5.9336,      56.000,      10.000,     0.56093,     0.60681,      4.7301,      4.8514,      1.5000,      2.1400,      1.2188,      2.0000,     0.52712,      24.274,     0.40203,   -0.063278,     0.45707,      7.7325,     0.48908,      5.2658,     0.50578,      24.927,     0.50354,      5.2529,      2.3607,      3.8444,      3.9934
      5.9669,      57.000,      10.000,     0.55968,     0.60655,      4.7269,      4.8506,      1.5000,      2.1400,      1.4693,      2.0000,     0.52799,      24.174,     0.41307,   -0.081358,     0.46510,      7.6599,     0.49379,      5.1838,     0.50721,      24.891,     0.50316,      5.1445,      3.6035,      3.8444,      3.9934
      6.0002,      55.000,      10.000,     0.56458,     0.61163,      4.7354,      4.8612,      1.4000,      2.1400,      1.8136,      2.0000,     0.51287,      24.084,     0.41013,    -0.13560,     0.45985,      7.6145,     0.48649,      5.1200,     0.49656,      24.882,     0.48699,      5.0631,      3.0296,      3.8427,      3.9876
      6.0336,      54.000,      10.000,     0.56083,     0.60687,      4.7259,      4.8476,      1.4000,      2.1400,      2.1441,      2.0000,     0.50163,      23.976,     0.39878,    -0.17176,     0.44947,      7.5419,     0.47659,      5.0289,     0.48588,      24.800,     0.47643,      4.9817,      3.6759,      3.8427,      3.9876
      6.0669,      55.000,      10.000,     0.56304,     0.61034,      4.7315,      4.8574,      1.4000,      2.1400,      2.4721,      2.0000,     0.50238,      23.918,     0.39408,    -0.22599,     0.44573,      7.4784,     0.47516,      4.9469,     0.48679,      24.755,     0.47880,      4.8733,      3.2590,      3.8427,      3.9876
      6.1002,      57.000,      10.000,     0.56008,     0.60802,      4.7296,      4.8578,      1.5000,      2.1400,      2.7952,      2.0000,     0.49691,      23.803,     0.39431,    -0.27119,     0.44236,      7.4148,     0.46823,      4.8740,     0.47966,      24.728,     0.47492,      4.8100,      3.3892,      3.8452,      3.9921
      6.1336,      58.000,      10.000,     0.56067,     0.60782,      4.7218,      4.8463,      1.3000,      2.1400,      3.1145,      2.0000,     0.48891,      23.728,     0.39368,    -0.34347,     0.44253,      7.3694,     0.46672,      4.8193,     0.47454,      24.692,     0.46429,      4.7467,      4.1586,      3.8411,      3.9818
      6.1669,      55.000,      10.000,     0.56243,     0.60862,      4.7308,      4.8539,      1.4000,      2.1400,      3.4429,      2.0000,     0.47641,      23.645,     0.38749,    -0.37967,     0.43288,      7.3059,     0.45384,      4.7464,     0.46007,      24.629,     0.45137,      4.6563,      2.4969,      3.8431,      3.9870
      6.2002,      56.000,      10.000,     0.56008,     0.60661,      4.7258,      4.8495,      1.4000,      2.1400,      3.7570,      2.0000,     0.46884,      23.562,     0.38107,    -0.43391,     0.42527,      7.2333,     0.44672,      4.6735,     0.45347,      24.574,     0.44478,      4.5930,      4.0749,      3.8436,      3.9864
      6.2336,      55.000,      10.000,     0.55634,     0.60212,      4.7212,      4.8428,      1.5000,      2.1400,      4.0525,      2.0000,     0.45456,      23.521,     0.36389,    -0.48815,     0.40852,      7.1789,     0.43049,      4.6098,     0.43861,      24.538,     0.43252,      4.5478,      2.6032,      3.8456,      3.9915
      6.2669,      54.000,      10.000,     0.55956,     0.60606,      4.7245,      4.8481,      1.4000,      2.1400,      4.3496,      2.0000,     0.44830,      23.471,     0.36031,    -0.51527,     0.40422,      7.1153,     0.42480,      4.5824,     0.43202,      24.493,     0.42513,      4.4936,      3.5817,      3.8436,      3.9864
      6.3002,      57.000,      10.000,     0.56007,     0.60501,      4.7266,      4.8466,      1.4000,      2.1400,      4.6316,      2.0000,     0.44356,      23.430,     0.36224,    -0.56047,     0.40450,      7.0881,     0.42415,      4.5186,     0.42894,      24.466,     0.41984,      4.4574,      3.0238,      3.8440,      3.9858
      6.3336,      50.000,      10.000,     0.56353,     0.61054,      4.7354,      4.8624,      1.4000,      2.1400,      4.9458,      2.0000,     0.45039,      23.389,     0.36746,    -0.55143,     0.41209,      7.0609,     0.43265,      4.5004,     0.43734,      24.448,     0.42748,      4.4213,      2.6267,      3.8440,      3.9858
      6.3669,      57.000,      10.000,     0.56215,     0.60869,      4.7271,      4.8514,      1.3000,      2.1400,      5.1325,      2.0000,     0.44795,      23.364,     0.36794,    -0.57855,     0.41140,      7.0246,     0.43012,      4.4822,     0.43402,      24.430,     0.42387,      4.3851,      4.4809,      3.8419,      3.9807
      6.4002,      56.000,      10.000,     0.56139,     0.60804,      4.7300,      4.8551,      1.4000,      2.1400,      5.4997,      2.0000,     0.44574,      23.306,     0.36161,    -0.61471,     0.40459,      6.9973,     0.42495,      4.4275,     0.43090,      24.393,     0.42326,      4.3761,      2.5703,      3.8440,      3.9858
      6.4336,      54.000,      10.000,     0.55687,     0.60196,      4.7196,      4.8398,      1.4000,      2.1400,      5.7573,      2.0000,     0.44194,      23.281,     0.35602,    -0.64183,     0.39855,      6.9520,     0.41850,      4.4093,     0.42480,      24.375,     0.41902,      4.3309,      2.4232,      3.8444,      3.9852
      6.4669,      55.000,      10.000,     0.56360,     0.61019,      4.7270,      4.8516,      1.2000,      2.1400,      6.0376,      2.0000,     0.44003,      23.240,     0.35901,    -0.68702,     0.40203,      6.9247,     0.42178,      4.3637,     0.42668,      24.321,     0.41660,      4.2857,      3.9815,      3.8403,      3.9750
      6.5002,      58.000,      10.000,     0.56140,     0.60703,      4.7262,      4.8482,      1.3000,      2.1400,      6.2732,      2.0000,     0.43408,      23.214,     0.35582,    -0.70510,     0.39690,      6.8975,     0.41645,      4.3273,     0.42025,      24.321,     0.41035,      4.2586,      2.9174,      3.8424,      3.9801
      6.5336,      55.000,      10.000,     0.55936,     0.60616,      4.7266,      4.8526,      1.4000,      2.1400,      6.5716,      2.0000,     0.42409,      23.157,     0.34585,    -0.74126,     0.38693,      6.8521,     0.40547,      4.2817,     0.41090,      24.267,     0.40271,      4.2134,      3.0934,      3.8448,      3.9846
      6.5669,      55.000,      10.000,     0.56023,     0.60541,      4.7242,      4.8451,      1.3000,      2.1400,      6.7986,      2.0000,     0.42416,      23.124,     0.34642,    -0.77742,     0.38643,      6.8158,     0.40502,      4.2179,     0.40958,      24.240,     0.40146,      4.1862,      3.9803,      3.8428,      3.9795
      6.6002,      55.000,      10.000,     0.56059,     0.60656,      4.7250,      4.8482,      1.3000,      2.1400,      7.0804,      2.0000,     0.41672,      23.057,     0.33973,    -0.81358,     0.38097,      6.7795,     0.39917,      4.2088,     0.40375,      24.195,     0.39426,      4.1320,      2.1783,      3.8428,      3.9795
      6.6336,      54.000,      10.000,     0.55873,     0.60473,      4.7250,      4.8485,      1.4000,      2.1400,      7.3375,      2.0000,     0.41880,      23.041,     0.33644,    -0.84070,     0.37955,      6.7432,     0.40004,      4.1815,     0.40595,      24.177,     0.39762,      4.0778,      3.7600,      3.8448,      3.9846
      6.6669,      53.000,      10.000,     0.56519,     0.61292,      4.7377,      4.8679,      1.3000,      2.1400,      7.5793,      2.0000,     0.42540,      22.991,     0.34387,    -0.86782,     0.38490,      6.7069,     0.40317,      4.1359,     0.41028,      24.131,     0.40460,      4.0416,      4.5673,      3.8432,      3.9790
      6.7002,      56.000,      10.000,     0.55577,     0.60040,      4.7186,      4.8381,      1.4000,      2.1400,      7.8473,      2.0000,     0.40990,      22.958,     0.33611,    -0.88590,     0.37597,      6.6888,     0.39232,      4.0995,     0.39516,      24.131,     0.38796,      4.0145,      2.1882,      3.8453,      3.9840
      6.7336,      54.000,      10.000,     0.55806,     0.60303,      4.7242,      4.8452,      1.4000,      2.1400,      8.0620,      2.0000,     0.40693,      22.941,     0.33050,    -0.90398,     0.37155,      6.6615,     0.38947,      4.0722,     0.39354,      24.104,     0.38572,      4.0055,      1.6481,      3.8453,      3.9840
      6.7669,      56.000,      10.000,     0.56030,     0.60584,      4.7252,      4.8476,      1.3000,      2.1400,      8.2525,      2.0000,     0.40507,      22.949,     0.33037,    -0.92206,     0.37019,      6.6252,     0.38765,      4.0539,     0.39130,      24.131,     0.38356,      3.9512,      4.6399,      3.8432,      3.9790
      6.8002,      53.000,      10.000,     0.55895,     0.60353,      4.7227,      4.8427,      1.3000,      2.1400,      8.5838,      2.0000,     0.39854,      22.867,     0.32770,    -0.98534,     0.36535,      6.5889,     0.38066,      4.0084,     0.38494,      24.041,     0.37692,      3.9060,      4.0824,      3.8436,      3.9784
      6.8336,      54.000,      10.000,     0.55873,     0.60489,      4.7222,      4.8464,      1.3000,      2.1400,      8.8564,      2.0000,     0.40023,      22.859,     0.32469,     -1.0034,     0.36460,      6.5799,     0.38240,      3.9810,     0.38675,      24.014,     0.37956,      3.9151,      3.4929,      3.8436,      3.9784
      6.8669,      58.000,      10.000,     0.56179,     0.60765,      4.7252,      4.8487,      1.2000,      2.1400,      9.0881,      2.0000,     0.38422,      22.768,     0.31445,     -1.0396,     0.35272,      6.5436,     0.36796,      3.9446,     0.37197,      23.987,     0.36336,      3.8699,      4.8911,      3.8416,      3.9734
      6.9002,      52.000,      10.000,     0.55991,     0.60612,      4.7251,      4.8498,      1.3000,      2.1400,      9.3297,      2.0000,     0.38764,      22.718,     0.31546,     -1.0757,     0.35311,      6.4891,     0.37016,      3.9081,     0.37472,      23.960,     0.36740,      3.8247,      2.1511,      3.8436,      3.9784
      6.9336,      53.000,      10.000,     0.55955,     0.60433,      4.7251,      4.8462,      1.3000,      2.1400,      9.5833,      2.0000,     0.38520,      22.710,     0.31776,     -1.0938,     0.35326,      6.4619,     0.36696,      3.8626,     0.37082,      23.969,     0.36465,      3.7885,      2.8017,      3.8441,      3.9779
      6.9669,      61.000,      10.000,     0.55907,     0.60651,      4.7239,      4.8524,      1.3000,      2.1400,      9.8688,      2.0000,     0.38446,      22.660,     0.31411,     -1.1300,     0.35349,      6.4437,     0.37068,      3.8444,     0.37445,      23.905,     0.36563,      3.7614,      2.2811,      3.8441,      3.9779
      7.0002,      58.000,      10.000,     0.55864,     0.60421,      4.7183,      4.8407,      1.2000,      2.1400,      10.128,      2.0000,     0.38440,      22.635,     0.31635,     -1.1571,     0.35307,      6.4074,     0.36921,      3.8079,     0.37285,      23.896,     0.36371,      3.7252,      3.7433,      3.8420,      3.9729
      7.0336,      56.000,      10.000,     0.55727,     0.60179,      4.7195,      4.8393,      1.3000,      2.1400,      10.348,      2.0000,     0.37560,      22.610,     0.31030,     -1.1933,     0.34644,      6.3620,     0.36075,      3.7441,     0.36319,      23.869,     0.35522,      3.6981,      5.2183,      3.8441,      3.9779
      7.0669,      57.000,      10.000,     0.56016,     0.60514,      4.7230,      4.8446,      1.2000,      2.1400,      10.652,      2.0000,     0.37322,      22.561,     0.30483,     -1.2475,     0.34140,      6.3439,     0.35668,      3.7259,     0.36086,      23.815,     0.35354,      3.6529,      4.8711,      3.8425,      3.9724
      7.1002,      53.000,      10.000,     0.55747,     0.60237,      4.7208,      4.8422,      1.3000,      2.1400,      10.910,      2.0000,     0.37331,      22.527,     0.30785,     -1.2656,     0.34315,      6.2985,     0.35701,      3.6895,     0.36010,      23.806,     0.35402,      3.6258,      2.6224,      3.8445,      3.9773
      7.1336,      53.000,      10.000,     0.55929,     0.60591,      4.7208,      4.8467,      1.2000,      2.1400,      11.173,      2.0000,     0.37166,      22.478,     0.31056,     -1.3017,     0.34656,      6.2531,     0.36032,      3.6530,     0.36082,      23.761,     0.35166,      3.5895,      2.8242,      3.8425,      3.9724
      7.1669,      53.000,      10.000,     0.55594,     0.60182,      4.7170,      4.8407,      1.3000,      2.1400,      11.460,      2.0000,     0.36455,      22.436,     0.29793,     -1.3379,     0.33449,      6.2168,     0.34965,      3.6075,     0.35247,      23.734,     0.34518,      3.5535,      2.6579,      3.8445,      3.9773
      7.2002,      53.000,      10.000,     0.55445,     0.59920,      4.7142,      4.8347,      1.3000,      2.1400,      11.713,      2.0000,     0.35512,      22.420,     0.29012,     -1.3650,     0.32547,      6.1805,     0.33947,      3.5801,     0.34293,      23.706,     0.33668,      3.5083,      3.0937,      3.8449,      3.9767
      7.2336,      55.000,      10.000,     0.55531,     0.60075,      4.7208,      4.8443,      1.4000,      2.1400,      11.981,      2.0000,     0.35019,      22.378,     0.28406,     -1.3921,     0.31995,      6.1442,     0.33445,      3.5528,     0.33814,      23.688,     0.33283,      3.4811,      2.7110,      3.8470,      3.9816
      7.2669,      56.000,      10.000,     0.55994,     0.60524,      4.7091,      4.8299,     0.90000,      2.1400,      11.883,      2.0000,     0.35523,      22.420,     0.29826,     -1.3379,     0.33136,      6.1805,     0.34450,      3.5892,     0.34562,      23.752,     0.33480,      3.5263,      4.2741,      3.8368,      3.9558
      7.3002,      55.000,      10.000,     0.54526,     0.59071,      4.6529,      4.7668,     0.50000,      2.1400,      11.146,      2.0000,     0.35635,      22.627,     0.29349,     -1.0757,     0.32940,      6.4982,     0.34587,      3.8717,     0.34804,      23.987,     0.33435,      3.7162,      2.5132,      3.8284,      3.9309
      7.3336,      53.000,      10.000,     0.52267,     0.57356,      4.6038,      4.7212,     0.50000,      2.1400,      10.045,      2.0000,     0.37585,      22.966,     0.30918,    -0.75934,     0.35501,      6.8068,     0.37355,      4.1359,     0.37013,      24.276,     0.35403,      3.9060,      38.527,      3.8280,      3.9311
      7.3669,      55.000,      10.000,     0.51425,     0.57447,      4.5608,      4.6956,      0.0000,      2.1400,      8.1430,      2.0000,     0.31178,      23.575,     0.19761,    0.036160,     0.25933,      7.4148,     0.30092,      4.6280,     0.31224,      25.053,     0.29333,      4.1230,      1185.8,      3.8171,      3.8990
      7.4002,      49.000,      10.000,     0.76546,     0.78509,      5.1914,      5.2442,      0.0000,      2.1400,     0.29028,      2.0000,    0.016226,      21.716,    0.015721,      25.257,    0.016024,      3.7392,    0.016073,      1.1928,    0.015896,      21.519,    0.015240,      1.1941,      864.72,      3.8133,      3.8981
      7.4336,      54.000,      10.000,     0.74368,     0.77312,      5.2183,      5.2973,      1.5000,      2.1400,     0.30603,      2.0000,    0.025331,      20.400,    0.026374,      24.444,    0.026434,      2.7227,    0.025648,   0.0082827,    0.024578,      20.805,    0.023740,    0.027942,      93.375,      3.8439,      3.9940
      7.4669,      53.000,      10.000,     0.75094,     0.77379,      5.2378,      5.2992,      1.5000,      2.1400,     0.31863,      2.0000,    0.020255,      20.408,    0.021535,      24.444,    0.021353,      2.7136,    0.020525, -0.00082880,    0.019632,      20.796,    0.018936,  0.00082137,      397.11,      3.8439,      3.9940
      7.5002,      54.000,      10.000,     0.74423,     0.78313,      5.1343,      5.2389,      0.0000,      2.1400,     0.33299,      2.0000,    0.030593,      20.400,    0.030882,      24.435,    0.030732,      2.7045,    0.030377, -0.00082880,    0.029577,      20.796,    0.028425,   0.0098617,      593.88,      3.8133,      3.8981
      7.5336,      56.000,      10.000,     0.74800,     0.78200,      5.1564,      5.2479,     0.20000,      2.1400,     0.33798,      2.0000,    0.028343,      20.391,    0.028376,      24.426,    0.028739,      2.6955,    0.028544,  -0.0099412,    0.027804,      20.787,    0.026672,  0.00082137,      936.24,      3.8173,      3.9120
      7.5669,      55.000,      10.000,     0.76027,     0.78460,      5.1774,      5.2429,      0.0000,      2.1400,     0.34040,      2.0000,    0.021802,      20.391,    0.021137,      24.426,    0.021556,      2.6955,    0.021624,  -0.0099412,    0.021263,      20.787,    0.020389,    0.018901,      1131.1,      3.8133,      3.8981
      7.6002,      59.000,      10.000,     0.74791,     0.78346,      5.1442,      5.2398,      0.0000,      2.1400,     0.34428,      2.0000,    0.030117,      20.416,    0.029571,      24.435,    0.030085,      2.7136,    0.030068, -0.00082880,    0.029429,      20.796,    0.028226,  -0.0082181,      898.24,      3.8133,      3.8981
      7.6336,      51.000,      10.000,     0.75259,     0.77728,      5.2108,      5.2772,     0.90000,      2.1400,     0.34955,      2.0000,    0.023430,      20.391,    0.022977,      24.426,    0.023544,      2.7045,    0.023331,  -0.0099412,    0.022654,      20.796,    0.021727,   0.0097326,      1283.4,      3.8315,      3.9607
      7.6669,      57.000,      10.000,     0.75536,     0.78415,      5.1642,      5.2417,      0.0000,      2.1400,     0.35376,      2.0000,    0.026781,      20.400,    0.026893,      24.426,    0.027131,      2.6955,    0.026823,  -0.0099412,    0.026071,      20.796,    0.025091,  0.00082137,      601.15,      3.8133,      3.8981
      7.7002,      55.000,      10.000,     0.76137,     0.78471,      5.1804,      5.2432,      0.0000,      2.1400,     0.35564,      2.0000,    0.021528,      20.391,    0.021422,      24.435,    0.021695,      2.7136,    0.021528,  -0.0099412,    0.020980,      20.796,    0.020190,  -0.0082181,      1374.4,      3.8133,      3.8981
      7.7336,      60.000,      10.000,     0.72126,     0.77134,      5.2634,      5.4114,      2.9000,      2.1400,     0.36313,      2.0000,    0.034960,      20.383,    0.039643,      24.416,    0.038195,      2.6955,    0.035590,  -0.0099412,    0.033467,      20.787,    0.032735,   0.0098617,      684.15,      3.8723,      4.0563
      7.7669,      58.000,      10.000,     0.76535,     0.78508,      5.1911,      5.2442,      0.0000,      2.1400,     0.37099,      2.0000,    0.018479,      20.400,    0.018106,      24.426,    0.018559,      2.6955,    0.018611,   -0.019053,    0.018216,      20.787,    0.017519,   -0.017258,      1757.5,      3.8133,      3.8981
      7.8002,      53.000,      10.000,     0.76444,     0.78500,      5.1886,      5.2440,      0.0000,      2.1400,     0.37389,      2.0000,    0.019454,      20.400,    0.019178,      24.426,    0.019589,      2.7136,    0.019504,  -0.0099412,    0.019007,      20.796,    0.018299,   -0.017258,      864.21,      3.8133,      3.8981
      7.8336,      54.000,      10.000,     0.75390,     0.78401,      5.1603,      5.2413,      0.0000,      2.1400,     0.38141,      2.0000,    0.026296,      20.400,    0.026053,      24.426,    0.026338,      2.7136,    0.026157,  -0.0099412,    0.025585,      20.787,    0.024570,   0.0098617,      1168.9,      3.8133,      3.8981
      7.8669,      55.000,      10.000,     0.76421,     0.78498,      5.1880,      5.2439,      0.0000,      2.1400,     0.38157,      2.0000,    0.020033,      20.400,    0.019204,      24.426,    0.019762,      2.7136,    0.019897,  -0.0099412,    0.019658,      20.796,    0.018822,  0.00082137,      799.48,      3.8133,      3.8981
      7.9002,      54.000,      10.000,     0.75633,     0.78424,      5.1668,      5.2419,      0.0000,      2.1400,     0.38150,      2.0000,    0.023113,      20.407,    0.023237,      24.426,    0.023346,      2.7045,    0.023126,  -0.0099412,    0.022545,      20.796,    0.021675,   -0.026298,      1075.7,      3.8133,      3.8981
      7.9336,      55.000,      10.000,     0.76172,     0.78474,      5.1813,      5.2433,      0.0000,      2.1400,     0.38474,      2.0000,    0.021304,      20.416,    0.021207,      24.426,    0.021380,      2.7045,    0.021232,  -0.0099412,    0.020749,      20.796,    0.019946,  -0.0082181,      951.89,      3.8133,      3.8981
      7.9669,      53.000,      10.000,     0.75948,     0.78453,      5.1753,      5.2427,      0.0000,      2.1400,     0.38992,      2.0000,    0.023102,      20.391,    0.023112,      24.426,    0.023103,      2.7045,    0.022899,  -0.0099412,    0.022384,      20.796,    0.021511,  -0.0082181,      706.02,      3.8133,      3.8981
      8.0002,      59.000,      10.000,     0.73697,     0.78249,      5.1147,      5.2372,      0.0000,      2.1400,     0.39105,      2.0000,    0.035474,      20.400,    0.036071,      24.426,    0.035813,      2.7045,    0.035388,  -0.0099412,    0.034460,      20.796,    0.033090,   -0.017258,      609.67,      3.8133,      3.8981
      8.0336,      53.000,      10.000,     0.71089,     0.78029,      5.0446,      5.2313,      0.0000,      2.1400,     0.39237,      2.0000,    0.046014,      20.391,    0.046437,      24.416,    0.046335,      2.6955,    0.045961,  -0.0099412,    0.044787,      20.796,    0.042960,   0.0098617,      875.08,      3.8133,      3.8981
      8.0669,      53.000,      10.000,     0.73016,     0.78190,      5.0964,      5.2356,      0.0000,      2.1400,     0.39468,      2.0000,    0.027042,      20.367,    0.026949,      24.435,    0.027302,      2.7045,    0.027164, -0.00082880,    0.026483,      20.796,    0.025449,   0.0098617,      453.20,      3.8133,      3.8981
      8.1002,      54.000,      10.000,     0.74287,     0.78301,      5.1306,      5.2386,      0.0000,      2.1400,     0.39726,      2.0000,    0.029189,      20.375,    0.029383,      24.426,    0.029427,      2.7045,    0.029192,  -0.0099412,    0.028604,      20.796,    0.027427,  -0.0082181,      838.86,      3.8133,      3.8981
      8.1336,      55.000,      10.000,     0.73709,     0.78250,      5.1151,      5.2372,      0.0000,      2.1400,     0.39979,      2.0000,    0.036977,      20.383,    0.037640,      24.426,    0.037823,      2.7045,    0.037432,  -0.0099412,    0.036257,      20.796,    0.034864,   -0.017258,      713.83,      3.8133,      3.8981
      8.1669,      52.000,      10.000,     0.73675,     0.78247,      5.1141,      5.2372,      0.0000,      2.1400,     0.40079,      2.0000,    0.033357,      20.383,    0.034032,      24.435,    0.033974,      2.7136,    0.033417, -0.00082880,    0.032328,      20.805,    0.031136,   0.0098617,      613.55,      3.8133,      3.8981
      8.2002,      57.000,      10.000,     0.74574,     0.78327,      5.1383,      5.2393,      0.0000,      2.1400,     0.40381,      2.0000,    0.031438,      20.400,    0.031225,      24.426,    0.031704,      2.7136,    0.031609,  -0.0099412,    0.030795,      20.796,    0.029571,   -0.017258,      562.84,      3.8133,      3.8981
      8.2336,      54.000,      10.000,     0.75722,     0.78432,      5.1692,      5.2421,      0.0000,      2.1400,     0.40500,      2.0000,    0.024825,      20.375,    0.025125,      24.435,    0.025095,      2.7045,    0.024718, -0.00082880,    0.024042,      20.796,    0.023142,   0.0098617,      950.38,      3.8133,      3.8981
      8.2669,      53.000,      10.000,     0.75500,     0.78411,      5.1632,      5.2416,      0.0000,      2.1400,     0.40785,      2.0000,    0.026614,      20.400,    0.026208,      24.416,    0.026750,      2.6955,    0.026789,   -0.019053,    0.026129,      20.787,    0.025090,  0.00082137,      1301.1,      3.8133,      3.8981
      8.3002,      54.000,      10.000,     0.76998,     0.78553,      5.2036,      5.2454,      0.0000,      2.1400,     0.40947,      2.0000,    0.014808,      20.375,    0.014501,      24.435,    0.014840,      2.6957,    0.014809,  -0.0099412,    0.014501,      20.787,    0.013957,   -0.026212,      788.20,      3.8133,      3.8981
      8.3336,      56.000,      10.000,     0.75473,     0.78409,      5.1625,      5.2415,      0.0000,      2.1400,     0.40975,      2.0000,    0.025898,      20.375,    0.025322,      24.426,    0.025849,      2.6955,    0.025771,  -0.0099412,    0.025180,      20.796,    0.024188,    0.018901,      1490.2,      3.8133,      3.8981
      8.3669,      54.000,      10.000,     0.75485,     0.78410,      5.1628,      5.2415,      0.0000,      2.1400,     0.40973,      2.0000,    0.026798,      20.366,    0.027016,      24.426,    0.027237,      2.7045,    0.026978,  -0.0099412,    0.026265,      20.796,    0.025260,   -0.017258,      1590.7,      3.8133,      3.8981
      8.4002,      54.000,      10.000,     0.75535,     0.78415,      5.1642,      5.2417,      0.0000,      2.1400,     0.40919,      2.0000,    0.026889,      20.358,    0.026795,      24.426,    0.027055,      2.7045,    0.026797, -0.00082880,    0.026094,      20.796,    0.025095,    0.018901,      1055.2,      3.8133,      3.8981
      8.4336,      57.000,      10.000,     0.75701,     0.78430,      5.1686,      5.2421,      0.0000,      2.1400,     0.40988,      2.0000,    0.024586,      20.408,    0.024437,      24.426,    0.024686,      2.7136,    0.024579,  -0.0099412,    0.024086,      20.796,    0.023108,  -0.0082181,      957.89,      3.8133,      3.8981
      8.4669,      56.000,      10.000,     0.76050,     0.78462,      5.1780,      5.2429,      0.0000,      2.1400,     0.40553,      2.0000,    0.022012,      20.383,    0.021765,      24.426,    0.022060,      2.7136,    0.022026,  -0.0099412,    0.021549,      20.787,    0.020698,  0.00082137,      1612.4,      3.8133,      3.8981
      8.5002,      53.000,      10.000,     0.74704,     0.78339,      5.1418,      5.2396,      0.0000,      2.1400,     0.40379,      2.0000,    0.032212,      20.383,    0.032460,      24.416,    0.032628,      2.7045,    0.032241,  -0.0099412,    0.031221,      20.796,    0.030059,  0.00082137,      1623.1,      3.8133,      3.8981
      8.5336,      54.000,      10.000,     0.75211,     0.78385,      5.1555,      5.2409,      0.0000,      2.1400,     0.39824,      2.0000,    0.027818,      20.383,    0.028677,      24.416,    0.028537,      2.7045,    0.028023,  -0.0099412,    0.027111,      20.787,    0.026129,  -0.0082181,      655.00,      3.8133,      3.8981
      8.5669,      53.000,      10.000,     0.76026,     0.78460,      5.1774,      5.2429,      0.0000,      2.1400,     0.39554,      2.0000,    0.022989,      20.400,    0.022173,      24.426,    0.022721,      2.7045,    0.022778,  -0.0099412,    0.022410,      20.787,    0.021479,   -0.017258,      1157.5,      3.8133,      3.8981
      8.6002,      56.000,      10.000,     0.75785,     0.78438,      5.1709,      5.2423,      0.0000,      2.1400,     0.39224,      2.0000,    0.024565,      20.400,    0.024833,      24.426,    0.025078,      2.6955,    0.024712,  -0.0099412,    0.024004,      20.787,    0.023107,  -0.0082181,      1415.4,      3.8133,      3.8981
      8.6336,      55.000,      10.000,     0.74888,     0.78355,      5.1468,      5.2401,      0.0000,      2.1400,     0.39457,      2.0000,    0.028807,      20.391,    0.028813,      24.426,    0.028837,      2.7045,    0.028604,  -0.0099412,    0.027957,      20.787,    0.026844,   0.0098617,      975.04,      3.8133,      3.8981
      8.6669,      55.000,      10.000,     0.75865,     0.78445,      5.1731,      5.2425,      0.0000,      2.1400,     0.39288,      2.0000,    0.022623,      20.391,    0.021801,      24.426,    0.022472,      2.7045,    0.022565,  -0.0099412,    0.022132,      20.787,    0.021229,   -0.017258,      1190.7,      3.8133,      3.8981
      8.7002,      53.000,      10.000,     0.75499,     0.78411,      5.1632,      5.2416,      0.0000,      2.1400,     0.38900,      2.0000,    0.025365,      20.383,    0.025808,      24.435,    0.025892,      2.7136,    0.025438,  -0.0099412,    0.024674,      20.796,    0.023768,  -0.0082181,      1165.5,      3.8133,      3.8981
      8.7336,      55.000,      10.000,     0.75966,     0.78454,      5.1758,      5.2427,      0.0000,      2.1400,     0.38614,      2.0000,    0.023317,      20.408,    0.022981,      24.426,    0.023370,      2.7045,    0.023231,  -0.0099412,    0.022700,      20.787,    0.021825,  -0.0082181,      779.94,      3.8133,      3.8981
