# [Parameters]
# Name = tsmap_nel
# ShotNo = 163400
# Date = '07/05/2021 10:49'
# 
# DimNo = 1
# DimName = 'Time'
# DimSize = 172
# DimUnit = 's'
# 
# ValNo = 25
# ValName = 'laser', 'laser number', 'a99', 'a999', 'R99', 'R999', 'p0', 'pf', 'ip', 'ipf', 'nl_thomson_mid', 'nl_mmw_mid', 'nl_thomson_3579', 'nl_fir_3579', 'nl_thomson_3669', 'nl_fir_3669', 'nl_thomson_3759', 'nl_fir_3759', 'nl_thomson_3849', 'nl_fir_3849', 'nl_thomson_3939', 'nl_fir_3939', 'chi', 'geom_center', 'Rax_vmec'
# ValUnit = 'arb', 'arb', 'm', 'm', 'm', 'm', '%', 'arb', 'kA/T', 'arb', 'arb', 'e19m-2', 'arb', 'e19m-2', 'arb', 'e19m-2', 'arb', 'e19m-2', 'arb', 'e19m-2', 'arb', 'e19m-2', 'arb', 'm', 'm'
# 
# [Comments]
# Bt = -2.53850
# Rax = 3.90000
# Bq = 100.000
# Gamma = 1.25380
# phiedge = -2.8685000
# avac = 0.55800000
# ExpDate = 2.02011e+07
# Cycle = 22.0000
# t1 = 3.29900
# t2 = 9.01000
# density (ne) is only for very rough information
# Do not use data for ne_bar < 5*1-^12cm-3
# High Voltage is set at 0.90 times
# Te limit = 22keV
# Laser#1, #3, #5, 
# 
# [data]
    0.016944,     -409.00,      10.000,     0.77219,     0.78543,      5.2134,      5.2494,      0.0000,      2.1400,     -0.0000,      2.0000,    0.013320,  -0.0062714,    0.012240,  -0.0032872,    0.012933,      0.0000,    0.013218,  0.00082880,    0.013108, -8.6918E-07,    0.012570,   0.0041086,      9999.0,      3.8133,      3.8981
      3.3169,     -406.00,      10.000,     0.54438,     0.59294,      4.6258,      4.7420,     0.20000,      2.1400,    0.027291,      2.0000,    0.046350,     0.46566,    0.042376,     0.45774,    0.045509,     0.46286,    0.046375,     0.46553,    0.045352,     0.44295,    0.043376,     0.46514,      24.630,      3.8173,      3.9120
      3.3503,     -395.00,      10.000,     0.55803,     0.60519,      4.6722,      4.7908,     0.50000,      2.1400,     0.13397,      2.0000,    0.074803,     0.84631,    0.066500,     0.81933,    0.071788,     0.84404,    0.073554,     0.83912,    0.072771,     0.81358,    0.069474,     0.78153,      11.780,      3.8234,      3.9329
      3.3836,     -395.00,      10.000,     0.57813,     0.62092,      4.7110,      4.8208,     0.30000,      2.1400,     0.29070,      2.0000,     0.11132,      1.1197,     0.10465,      1.0815,     0.10879,      1.1163,     0.10978,      1.1125,     0.10764,      1.0848,     0.10281,      1.0527,      13.666,      3.8194,      3.9190
      3.4169,     -402.00,      10.000,     0.57647,     0.61821,      4.7230,      4.8311,     0.60000,      2.1400,     0.47549,      2.0000,     0.14612,      1.3846,     0.13939,      1.3346,     0.14409,      1.3795,     0.14403,      1.3767,     0.14052,      1.3379,     0.13434,      1.2968,      16.296,      3.8254,      3.9399
      3.4503,     -400.00,      10.000,     0.57353,     0.61443,      4.7220,      4.8283,     0.70000,      2.1400,     0.65689,      2.0000,     0.16965,      1.6661,     0.16180,      1.5877,     0.16667,      1.6336,     0.16619,      1.6318,     0.16219,      1.5820,     0.15523,      1.5318,      7.5079,      3.8279,      3.9465
      3.4836,     -409.00,      10.000,     0.57448,     0.61581,      4.7296,      4.8378,     0.80000,      2.1400,     0.82680,      2.0000,     0.19053,      1.9145,     0.18279,      1.7956,     0.18853,      1.8605,     0.18751,      1.8505,     0.18259,      1.7989,     0.17471,      1.7307,      6.9813,      3.8299,      3.9534
      3.5169,     -412.00,      10.000,     0.57141,     0.61217,      4.7272,      4.8340,     0.90000,      2.1400,      1.0064,      2.0000,     0.20336,      2.1795,     0.19691,      2.0939,     0.20252,      2.1328,     0.20065,      2.1057,     0.19373,      2.0792,     0.18499,      2.0381,      6.8595,      3.8319,      3.9603
      3.5503,     -407.00,      10.000,     0.57071,     0.61109,      4.7255,      4.8311,     0.90000,      2.1400,      1.1639,      2.0000,     0.23734,      2.5022,     0.22871,      2.5459,     0.23440,      2.5412,     0.23233,      2.6433,     0.22576,      2.5944,     0.21645,      2.5081,      4.6517,      3.8319,      3.9603
      3.5836,     -409.00,      10.000,     0.56888,     0.61106,      4.7262,      4.8370,      1.0000,      2.1400,      1.3305,      2.0000,     0.26488,      2.8170,     0.25097,      2.8623,     0.26171,      2.8679,     0.26164,      2.9804,     0.25404,      2.9379,     0.24283,      2.8245,      3.9627,      3.8339,      3.9672
      3.6169,     -401.00,      10.000,     0.56913,     0.61066,      4.7166,      4.8241,     0.80000,      2.1400,      1.4982,      2.0000,     0.29002,      3.1069,     0.27410,      3.0883,     0.28577,      3.1493,     0.28597,      3.2355,     0.27874,      3.2001,     0.26612,      3.0957,      5.9486,      3.8299,      3.9534
      3.6503,     -407.00,      10.000,     0.56857,     0.61106,      4.7213,      4.8324,     0.90000,      2.1400,      1.6569,      2.0000,     0.31740,      3.3636,     0.29532,      3.3143,     0.30997,      3.3943,     0.31106,      3.4815,     0.30375,      3.4261,     0.29135,      3.2946,      2.8793,      3.8324,      3.9599
      3.6836,     -396.00,      10.000,     0.56698,     0.60768,      4.7226,      4.8292,      1.0000,      2.1400,      1.8124,      2.0000,     0.34032,      3.6035,     0.31437,      3.4951,     0.32987,      3.5849,     0.33151,      3.6638,     0.32445,      3.5798,     0.31179,      3.4573,      5.6200,      3.8344,      3.9668
      3.7169,     -402.00,      10.000,     0.56864,     0.61128,      4.7266,      4.8389,      1.0000,      2.1400,      1.9719,      2.0000,     0.36863,      3.7527,     0.33735,      3.5765,     0.35430,      3.6756,     0.35797,      3.7549,     0.35231,      3.6521,     0.33935,      3.5296,      5.5255,      3.8344,      3.9668
      3.7503,     -394.00,      10.000,     0.56858,     0.61210,      4.7264,      4.8410,      1.0000,      2.1400,      2.1363,      2.0000,     0.37639,      3.8602,     0.34601,      3.6036,     0.36529,      3.7210,     0.36942,      3.8005,     0.36202,      3.7063,     0.34825,      3.5839,      2.9951,      3.8344,      3.9668
      3.7836,     -406.00,      10.000,     0.57503,     0.61780,      4.7372,      4.8503,     0.90000,      2.1400,      2.2942,      2.0000,     0.38130,      3.8933,     0.34884,      3.6307,     0.36858,      3.7664,     0.37384,      3.8460,     0.36811,      3.7334,     0.35327,      3.6019,      6.8544,      3.8324,      3.9599
      3.8169,     -382.00,      10.000,     0.57077,     0.61477,      4.7319,      4.8480,      1.0000,      2.1400,      2.4481,      2.0000,     0.38651,      3.9512,     0.35003,      3.6759,     0.37059,      3.8027,     0.37640,      3.8734,     0.37227,      3.7696,     0.35812,      3.6471,      4.7054,      3.8344,      3.9668
      3.8503,     -411.00,      10.000,     0.57623,     0.61817,      4.7360,      4.8469,     0.80000,      2.1400,      2.6024,      2.0000,     0.39493,      4.0092,     0.36085,      3.6849,     0.38031,      3.8299,     0.38582,      3.9007,     0.38029,      3.7967,     0.36537,      3.6923,      2.7585,      3.8308,      3.9527
      3.8836,     -403.00,      10.000,     0.57046,     0.61336,      4.7321,      4.8456,      1.0000,      2.1400,      2.7464,      2.0000,     0.38341,      4.0092,     0.34609,      3.7301,     0.36651,      3.8662,     0.37195,      3.9371,     0.36852,      3.8329,     0.35535,      3.7195,      3.8322,      3.8348,      3.9663
      3.9169,     -402.00,      10.000,     0.57060,     0.61356,      4.7324,      4.8462,      1.0000,      2.1400,      2.8865,      2.0000,     0.39108,      4.0504,     0.35524,      3.7663,     0.37605,      3.9207,     0.38177,      3.9827,     0.37587,      3.8781,     0.36110,      3.7466,      6.3671,      3.8348,      3.9663
      3.9503,     -396.00,      10.000,     0.56821,     0.61190,      4.7264,      4.8418,      1.0000,      2.1400,      3.0224,      2.0000,     0.39886,      4.1003,     0.35926,      3.8115,     0.38173,      3.9479,     0.38824,      4.0100,     0.38341,      3.9142,     0.36937,      3.8099,      5.6632,      3.8348,      3.9663
      3.9836,     -397.00,      10.000,     0.56886,     0.61178,      4.7280,      4.8415,      1.0000,      2.1400,      3.1501,      2.0000,     0.39111,      4.1748,     0.35265,      3.8567,     0.37489,      4.0024,     0.38049,      4.0738,     0.37533,      3.9685,     0.36144,      3.8460,      4.8868,      3.8348,      3.9663
      4.0169,     -411.00,      10.000,     0.57131,     0.61427,      4.7289,      4.8423,     0.90000,      2.1400,      3.2738,      2.0000,     0.39729,      4.2245,     0.35865,      3.9109,     0.38083,      4.0659,     0.38742,      4.1467,     0.38273,      4.0408,     0.36837,      3.9093,      3.2913,      3.8328,      3.9595
      4.0503,     -411.00,      10.000,     0.57020,     0.61389,      4.7314,      4.8470,      1.0000,      2.1400,      3.3884,      2.0000,     0.41129,      4.2741,     0.37388,      3.9833,     0.39450,      4.1294,     0.39922,      4.2105,     0.39445,      4.1221,     0.38084,      3.9545,      5.3585,      3.8348,      3.9663
      4.0836,     -409.00,      10.000,     0.56697,     0.61006,      4.7243,      4.8382,      1.0000,      2.1400,      3.5024,      2.0000,     0.40879,      4.3652,     0.36548,      4.0556,     0.38868,      4.2020,     0.39586,      4.2834,     0.39217,      4.2035,     0.37850,      4.0539,      3.5983,      3.8353,      3.9658
      4.1169,     -405.00,      10.000,     0.56856,     0.61213,      4.7330,      4.8489,      1.1000,      2.1400,      3.6066,      2.0000,     0.42194,      4.4480,     0.37848,      4.1550,     0.40192,      4.3019,     0.40883,      4.4018,     0.40525,      4.3210,     0.39232,      4.1805,      6.7110,      3.8373,      3.9710
      4.1503,     -410.00,      10.000,     0.56777,     0.61184,      4.7263,      4.8430,      1.0000,      2.1400,      3.7036,      2.0000,     0.43579,      4.5722,     0.39389,      4.2635,     0.41781,      4.4289,     0.42356,      4.5567,     0.41946,      4.4566,     0.40501,      4.2619,      3.7626,      3.8353,      3.9658
      4.1836,     -408.00,      10.000,     0.56635,     0.61099,      4.7274,      4.8458,      1.1000,      2.1400,      3.7921,      2.0000,     0.43744,      4.6550,     0.39280,      4.3810,     0.41671,      4.5923,     0.42341,      4.7025,     0.41963,      4.6374,     0.40690,      4.4969,      4.2914,      3.8373,      3.9710
      4.2169,     -408.00,      10.000,     0.56876,     0.61257,      4.7236,      4.8391,     0.90000,      2.1400,      3.8648,      2.0000,     0.45889,      4.8206,     0.41204,      4.5347,     0.43743,      4.7738,     0.44559,      5.0306,     0.44146,      4.9176,     0.42538,      4.6958,      3.7189,      3.8333,      3.9591
      4.2503,     -413.00,      10.000,     0.56317,     0.60827,      4.7152,      4.8334,      1.0000,      2.1400,      3.9165,      2.0000,     0.47132,      4.9448,     0.41979,      4.7607,     0.45085,      4.9916,     0.46025,      5.2584,     0.45502,      5.0894,     0.43818,      5.0664,      3.7510,      3.8353,      3.9658
      4.2836,     -405.00,      10.000,     0.56573,     0.61129,      4.7163,      4.8357,     0.90000,      2.1400,      3.9697,      2.0000,     0.49083,      5.1352,     0.43943,      4.9415,     0.46870,      5.2548,     0.47781,      5.4679,     0.47320,      5.3696,     0.45619,      5.2562,      3.0342,      3.8333,      3.9591
      4.3169,     -389.00,      10.000,     0.56086,     0.60589,      4.7039,      4.8210,     0.90000,      2.1400,      3.9587,      2.0000,     0.50661,      5.3264,     0.45813,      5.1313,     0.48924,      5.3819,     0.49713,      5.7139,     0.48914,      5.5956,     0.46942,      5.5274,      4.1973,      3.8333,      3.9591
      4.3503,     -408.00,      10.000,     0.55533,     0.60061,      4.6850,      4.8011,     0.80000,      2.1400,      3.9393,      2.0000,     0.50047,      5.4262,     0.43356,      5.3935,     0.47190,      5.6995,     0.48629,      5.9873,     0.48398,      5.7131,     0.46514,      5.6811,      3.1102,      3.8313,      3.9524
      4.3836,     -405.00,      10.000,     0.55328,     0.59832,      4.6902,      4.8064,      1.0000,      2.1400,      3.9178,      2.0000,     0.55937,      5.8224,     0.48504,      5.7099,     0.52581,      6.0082,     0.54038,      6.2969,     0.53856,      5.9843,     0.52001,      6.0157,      2.8886,      3.8353,      3.9658
      4.4169,     -404.00,      10.000,     0.56091,     0.60654,      4.7040,      4.8228,     0.90000,      2.1400,      4.0388,      2.0000,     0.57800,      5.9300,     0.48956,      5.8635,     0.53376,      6.1896,     0.55581,      6.6433,     0.55904,      6.4363,     0.54011,      6.3048,      4.6008,      3.8333,      3.9591
      4.4503,     -407.00,      10.000,     0.56140,     0.60689,      4.7107,      4.8296,      1.0000,      2.1400,      4.1684,      2.0000,     0.57997,      6.1039,     0.49373,      5.8545,     0.53764,      6.2713,     0.55628,      6.7345,     0.55868,      6.6171,     0.54206,      6.4766,      3.7150,      3.8353,      3.9658
      4.4836,     -407.00,      10.000,     0.55538,     0.60222,      4.6851,      4.8054,     0.80000,      2.1400,      4.1734,      2.0000,     0.58829,      6.2860,     0.49749,      6.0263,     0.54585,      6.4256,     0.56871,      6.6707,     0.57119,      6.5177,     0.54963,      6.5128,      6.4741,      3.8313,      3.9524
      4.5169,     -410.00,      10.000,     0.52601,     0.57044,      4.6198,      4.7226,     0.80000,      2.1400,      4.1350,      2.0000,     0.52374,      7.6190,     0.42823,      6.2432,     0.48553,      6.5889,     0.50872,      6.6160,     0.51038,      6.3911,     0.49107,      6.4043,      5.7559,      3.8313,      3.9524
      4.5503,     -395.00,      10.000,     0.51735,     0.56386,      4.6030,      4.7061,     0.80000,      2.1400,      4.0692,      2.0000,     0.61380,      23.928,     0.48188,      7.2828,     0.56723,      7.7415,     0.60326,      7.8188,     0.60584,      7.4940,     0.57980,      7.3806,      4.5063,      3.8313,      3.9524
      4.5836,     -392.00,      10.000,     0.51861,     0.56531,      4.6145,      4.7203,      1.0000,      2.1400,      4.0579,      2.0000,     0.70862,      20.079,     0.54904,      7.7257,     0.64381,      8.2679,     0.68739,      8.5933,     0.69422,      8.3166,     0.67011,      8.1128,      4.8130,      3.8353,      3.9658
      4.6169,     -393.00,      10.000,     0.54303,     0.58857,      4.6655,      4.7801,      1.0000,      2.1400,      3.7814,      2.0000,     0.86031,      5.4333,     0.68565,      8.2681,     0.77793,      8.9486,     0.82587,      9.4042,     0.83564,      9.2116,     0.80859,      8.8360,      4.0909,      3.8353,      3.9658
      4.6503,     -402.00,      10.000,     0.53515,     0.58387,      4.6529,      4.7726,      1.1000,      2.1400,      3.5027,      2.0000,     0.83998,      9.4985,     0.63058,      8.2591,     0.73864,      9.3661,     0.80126,      9.8234,     0.82107,      9.6003,     0.79792,      9.4236,      4.3211,      3.8373,      3.9710
      4.6836,     -400.00,      10.000,     0.53872,     0.58579,      4.6608,      4.7777,      1.1000,      2.1400,      3.5759,      2.0000,     0.83409,      12.139,     0.61568,      7.8523,     0.71740,      9.0757,     0.77875,      9.6958,     0.80825,      9.2748,     0.79359,      8.9987,      1.7848,      3.8373,      3.9710
      4.7169,     -394.00,      10.000,     0.53792,     0.58647,      4.6590,      4.7796,      1.1000,      2.1400,      3.7263,      2.0000,     0.81234,      14.640,     0.57987,      7.6173,     0.68693,      8.8034,     0.75744,      9.2038,     0.79135,      9.0579,     0.77719,      8.9897,      2.5244,      3.8373,      3.9710
      4.7503,     -418.00,      10.000,     0.54943,     0.59692,      4.6857,      4.8077,      1.1000,      2.1400,      3.7775,      2.0000,     0.85863,      14.151,     0.66300,      7.4636,     0.74708,      8.3950,     0.79744,      9.0671,     0.82702,      8.9223,     0.81484,      8.7275,      3.4090,      3.8373,      3.9710
      4.7836,     -410.00,      10.000,     0.54919,     0.59914,      4.6899,      4.8188,      1.2000,      2.1400,      3.8913,      2.0000,     0.77808,      12.520,     0.57843,      7.4455,     0.66624,      8.2770,     0.72292,      9.0215,     0.75119,      9.0308,     0.74078,      8.7456,      4.0201,      3.8394,      3.9761
      4.8169,     -402.00,      10.000,     0.54425,     0.59315,      4.6734,      4.7978,      1.1000,      2.1400,      3.9342,      2.0000,     0.75245,      10.243,     0.55906,      7.4093,     0.64437,      8.2589,     0.69833,      8.9760,     0.72637,      8.9675,     0.71497,      8.7908,      2.2561,      3.8373,      3.9710
      4.8503,     -394.00,      10.000,     0.51616,     0.56339,      4.6099,      4.7157,      1.0000,      2.1400,      4.1620,      2.0000,     0.69348,      11.320,     0.51738,      7.5269,     0.60298,      8.2044,     0.64867,      8.4475,     0.67271,      8.6330,     0.65882,      8.4654,      1.9122,      3.8353,      3.9658
      4.8836,     -411.00,      10.000,     0.51215,     0.55996,      4.6025,      4.7070,      1.0000,      2.1400,      4.0132,      2.0000,     0.72765,      6.6421,     0.53769,      8.7021,     0.64747,      9.3389,     0.70321,      9.3132,     0.71793,      9.1211,     0.69254,      9.0891,      1.9005,      3.8353,      3.9658
      4.9169,     -412.00,      10.000,     0.52698,     0.57448,      4.6310,      4.7433,      1.0000,      2.1400,      3.9807,      2.0000,     0.89228,      6.0603,     0.70441,      9.3981,     0.81681,      10.410,     0.86761,      10.434,     0.87362,      10.143,     0.84108,      9.8032,      3.5645,      3.8353,      3.9658
      4.9503,     -388.00,      10.000,     0.54238,     0.59118,      4.6691,      4.7926,      1.1000,      2.1400,      3.7237,      2.0000,     0.96160,      10.542,     0.73514,      9.3439,     0.85528,      10.464,     0.92271,      11.026,     0.93974,      10.884,     0.90996,      10.508,      1.9873,      3.8373,      3.9710
      4.9836,     -402.00,      10.000,     0.54953,     0.59841,      4.6907,      4.8168,      1.2000,      2.1400,      3.6048,      2.0000,     0.97652,      22.994,     0.73392,      9.4523,     0.85470,      10.637,     0.92466,      11.391,     0.95083,      11.390,     0.92814,      10.834,      1.7932,      3.8394,      3.9761
      5.0169,     -406.00,      10.000,     0.51492,     0.56151,      4.6127,      4.7156,      1.1000,      2.1400,      3.8637,      2.0000,     0.87585,      1.6082,     0.60947,      8.5845,     0.75124,      9.6747,     0.82958,      10.151,     0.86117,      10.052,     0.84068,      9.6767,      4.0443,      3.8373,      3.9710
      5.0503,     -398.00,      10.000,     0.53888,     0.58865,      4.6661,      4.7910,      1.2000,      2.1400,      3.7337,      2.0000,     0.92178,      6.5510,     0.64299,      8.1687,     0.77107,      9.6293,     0.85754,      10.561,     0.90265,      10.233,     0.88571,      10.029,      2.1320,      3.8394,      3.9761
      5.0836,     -398.00,      10.000,     0.53653,     0.58641,      4.6609,      4.7847,      1.2000,      2.1400,      3.8594,      2.0000,     0.87728,      5.2097,     0.59932,      7.6534,     0.72250,      9.0394,     0.80883,      10.151,     0.85674,      9.7539,     0.84471,      9.5773,      6.1394,      3.8394,      3.9761
      5.1169,     -390.00,      10.000,     0.54084,     0.59213,      4.6753,      4.8051,      1.3000,      2.1400,      4.0722,      2.0000,     0.82343,      4.6964,     0.53827,      7.1291,     0.65408,      8.2770,     0.73796,      9.1218,     0.79514,      9.2658,     0.79946,      8.9625,      2.5847,      3.8415,      3.9812
      5.1503,     -408.00,      10.000,     0.55363,     0.60423,      4.7054,      4.8382,      1.3000,      2.1400,      4.3062,      2.0000,     0.81563,      4.1996,     0.54877,      6.6229,     0.65390,      7.7052,     0.73120,      8.5022,     0.78754,      8.8228,     0.79148,      8.5377,      2.1266,      3.8415,      3.9812
      5.1836,     -392.00,      10.000,     0.54666,     0.59789,      4.6894,      4.8219,      1.3000,      2.1400,      4.6042,      2.0000,     0.74311,      3.6780,     0.48218,      6.0715,     0.58608,      7.0790,     0.66437,      7.7823,     0.71828,      8.1087,     0.72233,      7.9230,      3.4447,      3.8419,      3.9807
      5.2169,     -403.00,      10.000,     0.55376,     0.60589,      4.7112,      4.8490,      1.4000,      2.1400,      4.7651,      2.0000,     0.76564,      3.1895,     0.51117,      5.8003,     0.60138,      6.7795,     0.67361,      7.4634,     0.73550,      7.8556,     0.75027,      7.6337,      2.9125,      3.8440,      3.9858
      5.2503,     -393.00,      10.000,     0.54763,     0.59823,      4.6870,      4.8176,      1.2000,      2.1400,      4.9561,      2.0000,     0.68415,      2.7760,     0.45018,      5.5200,     0.53714,      6.4165,     0.60627,      6.9896,     0.65617,      7.3765,     0.66294,      7.2088,      3.1683,      3.8399,      3.9756
      5.2836,     -411.00,      10.000,     0.55139,     0.60134,      4.6960,      4.8262,      1.2000,      2.1400,      5.1338,      2.0000,     0.66696,      2.3864,     0.46296,      5.3121,     0.53997,      6.0716,     0.59659,      6.5887,     0.63779,      6.9154,     0.64409,      6.7840,      2.5111,      3.8399,      3.9756
      5.3169,     -397.00,      10.000,     0.55028,     0.59879,      4.6837,      4.8088,      1.0000,      2.1400,      5.2002,      2.0000,     0.60819,      1.9803,     0.41850,      5.1584,     0.48920,      5.8266,     0.54300,      6.3609,     0.58363,      6.6714,     0.58324,      6.5128,      4.1721,      3.8357,      3.9654
      5.3503,     -412.00,      10.000,     0.54092,     0.58896,      4.6520,      4.7710,     0.80000,      2.1400,      4.8980,      2.0000,     0.57929,      1.7738,     0.41709,      5.3302,     0.48499,      5.9809,     0.53110,      6.4247,     0.56134,      6.4635,     0.54979,      6.4043,      3.1286,      3.8317,      3.9520
      5.3836,     -386.00,      10.000,     0.49750,     0.54868,      4.5588,      4.6600,     0.60000,      2.1400,      4.5495,      2.0000,     0.50635,      2.2780,     0.34757,      6.0443,     0.43083,      6.5256,     0.47844,      6.6525,     0.50056,      6.6081,     0.48219,      6.4404,      5.2850,      3.8277,      3.9387
      5.4169,     -406.00,      10.000,     0.46861,     0.52946,      4.5171,      4.6221,     0.70000,      2.1400,      4.2323,      2.0000,     0.43769,      3.1399,     0.22956,      7.1472,     0.32771,      7.5237,     0.40365,      7.3996,     0.44100,      7.0149,     0.42574,      6.6212,      364.10,      3.8292,      3.9456
      5.4503,     -398.00,      10.000,     0.46657,     0.53854,      4.4812,      4.6105,     0.10000,      2.1400,      3.2613,      2.0000,     0.25234,      2.8166,     0.12350,      17.371,     0.18104,      7.6054,     0.23111,      9.1491,     0.25399,      8.7144,     0.23562,      8.4834,      802.67,      3.8167,      3.9052
      5.4836,     -403.00,      10.000,     0.77345,     0.78556,      5.2168,      5.2497,      0.0000,      2.1400,    -0.10579,      2.0000,   0.0080862,      2.0056,   0.0073346,      13.104,   0.0078563,      1.4884,   0.0080784,      15.281,   0.0079886,     0.70510,   0.0077108,     0.68209,      726.70,      3.8133,      3.8981
      5.5169,     -407.00,      10.000,     0.76193,     0.78079,      5.2158,      5.2672,     0.50000,      2.1400,   -0.091160,      2.0000,    0.013502,      1.9476,    0.010782,      13.421,    0.012175,      1.8514,    0.013055,      15.473,    0.013305,     0.83166,    0.012802,     0.85385,      1229.0,      3.8234,      3.9329
      5.5503,     -413.00,      10.000,     0.75953,     0.78422,      5.1789,      5.2461,      0.0000,      2.1400,   -0.090295,      2.0000,    0.020103,      4.1086,    0.016542,      14.723,    0.018865,      3.9388,    0.019963,      18.689,    0.019847,      4.2939,    0.018951,      3.7104,      1365.9,      3.8133,      3.8981
      5.5836,     -408.00,      10.000,     0.76931,     0.78515,      5.2055,      5.2486,      0.0000,      2.1400,   -0.095154,      2.0000,    0.018008,      4.6881,    0.014629,      14.578,    0.016526,      4.4198,    0.017692,      20.357,    0.017840,      6.4906,    0.016968,      5.3376,      1086.6,      3.8133,      3.8981
      5.6169,     -411.00,      10.000,     0.75492,     0.78086,      5.1914,      5.2621,     0.40000,      2.1400,   -0.095171,      2.0000,    0.018608,      4.6961,    0.013969,      14.045,    0.016444,      3.6212,    0.018071,      18.881,    0.018481,      4.7459,    0.017689,      4.0087,      1198.6,      3.8214,      3.9259
      5.6503,     -395.00,      10.000,     0.74464,     0.77138,      5.2417,      5.3144,      1.8000,      2.1400,    -0.10737,      2.0000,    0.018924,      3.6697,    0.014554,      13.629,    0.016804,      2.8951,    0.018200,      17.842,    0.018702,      3.7606,    0.018278,      3.0324,      198.88,      3.8502,      4.0098
      5.6836,     -404.00,      10.000,     0.77354,     0.78557,      5.2171,      5.2498,      0.0000,      2.1400,   -0.097693,      2.0000,    0.012910,      3.6118,    0.011174,      13.954,    0.012126,      2.8225,    0.012677,      17.414,    0.012715,      3.1549,    0.012151,      2.6437,      1092.4,      3.8133,      3.8981
      5.7169,     -411.00,      10.000,     0.76993,     0.78521,      5.2072,      5.2488,      0.0000,      2.1400,   -0.083645,      2.0000,    0.016720,      2.7259,    0.014560,      13.448,    0.015894,      2.2508,    0.016554,      16.685,    0.016448,      2.2961,    0.015740,      1.9205,      872.62,      3.8133,      3.8981
      5.7503,     -409.00,      10.000,     0.76779,     0.77770,      5.2630,      5.2901,      1.0000,      2.1400,   -0.081862,      2.0000,    0.010398,      1.5171,   0.0089768,      12.797,   0.0098301,      1.1889,    0.010221,      15.126,    0.010254,     0.64182,   0.0099333,     0.53746,      999.37,      3.8335,      3.9677
      5.7836,     -406.00,      10.000,     0.74377,     0.75604,      5.3380,      5.3583,      5.8000,      1.4100,   -0.077838,      2.0000,    0.010798,      1.2695,   0.0079161,      12.689,   0.0090105,     0.93479,    0.010144,      14.616,    0.012024,    0.036158,    0.010658,    0.031228,      366.55,      3.9578,      4.1363
      5.8169,     -404.00,      10.000,     0.77260,     0.78547,      5.2145,      5.2495,      0.0000,      2.1400,   -0.075286,      2.0000,    0.014004,      1.2853,    0.012148,      12.680,    0.013226,     0.91664,    0.013757,      14.589,    0.013775,   0.0090386,    0.013168,  -0.0049309,      1526.7,      3.8133,      3.8981
      5.8503,     -406.00,      10.000,     0.76659,     0.77978,      5.2415,      5.2775,     0.70000,      2.1400,   -0.073682,      2.0000,    0.014635,      1.2782,    0.012445,      12.680,    0.013826,     0.91664,    0.014447,      14.598,    0.014370,   0.0090386,    0.013803,    0.031228,      655.14,      3.8274,      3.9468
      5.8836,     -400.00,      10.000,     0.77278,     0.78548,      5.2150,      5.2495,      0.0000,      2.1400,   -0.070330,      2.0000,    0.014486,      1.2936,    0.012946,      12.671,    0.013954,     0.91664,    0.014416,      14.598,    0.014326,   0.0090816,    0.013713,    0.013191,      1280.8,      3.8133,      3.8981
      5.9169,     -415.00,      10.000,     0.77474,     0.78568,      5.2203,      5.2501,      0.0000,      2.1400,   -0.070629,      2.0000,    0.011732,      1.2853,    0.010347,      12.671,    0.011314,     0.90757,    0.011717,      14.598,    0.011581, -8.6918E-07,    0.011139,   0.0041086,      544.62,      3.8133,      3.8981
      5.9503,     -405.00,      10.000,     0.76750,     0.77768,      5.2622,      5.2900,      1.0000,      2.1400,   -0.068090,      2.0000,    0.011433,      1.2604,   0.0091947,      12.671,    0.010390,     0.90757,    0.011175,      14.598,    0.011335,   0.0090386,    0.010955,    0.013148,      194.33,      3.8335,      3.9677
      5.9836,     -389.00,      10.000,     0.77279,     0.78549,      5.2150,      5.2496,      0.0000,      2.1400,   -0.065641,      2.0000,    0.014282,      1.2778,    0.011962,      12.680,    0.013213,     0.92572,    0.013938,      14.598,    0.014100,    0.018079,    0.013419,  -0.0049309,      550.29,      3.8133,      3.8981
      6.0169,     -415.00,      10.000,     0.77359,     0.78557,      5.2172,      5.2498,      0.0000,      2.1400,   -0.063110,      2.0000,    0.012684,      1.3101,    0.011298,      12.680,    0.012208,     0.91664,    0.012648,      14.598,    0.012478,    0.018079,    0.012000,  -0.0049309,      1248.3,      3.8133,      3.8981
      6.0503,     -399.00,      10.000,     0.77367,     0.78265,      5.2425,      5.2670,     0.40000,      2.1400,   -0.060798,      2.0000,   0.0097885,      1.2936,   0.0082539,      12.671,   0.0091147,     0.90757,   0.0096149,      14.580,   0.0096644,   0.0090386,   0.0093063,   0.0041086,      778.54,      3.8214,      3.9259
      6.0836,     -416.00,      10.000,     0.77308,     0.78552,      5.2158,      5.2496,      0.0000,      2.1400,   -0.060779,      2.0000,    0.012983,      1.2522,    0.011650,      12.671,    0.012566,     0.91664,    0.012925,      14.598,    0.012767,    0.018079,    0.012264,    0.022188,      449.09,      3.8133,      3.8981
      6.1169,     -407.00,      10.000,     0.77257,     0.78547,      5.2144,      5.2495,      0.0000,      2.1400,   -0.057335,      2.0000,    0.014055,      1.2853,    0.011931,      12.680,    0.013216,     0.91664,    0.014045,      14.598,    0.013914,    0.018079,    0.013347,    0.013148,      1521.6,      3.8133,      3.8981
      6.1503,     -413.00,      10.000,     0.76801,     0.77992,      5.2454,      5.2779,     0.70000,      2.1400,   -0.055943,      2.0000,    0.012710,      1.2770,    0.011107,      12.680,    0.012087,     0.91664,    0.012554,      14.589,    0.012482,   0.0090386,    0.012017,    0.031228,      165.10,      3.8274,      3.9468
      6.1836,     -406.00,      10.000,     0.76840,     0.77749,      5.1531,      5.1645,      4.4000,      1.4100,   -0.053491,      2.0000,   0.0086787,      1.2770,   0.0069778,      12.671,   0.0075892,     0.90757,   0.0083203,      14.589,   0.0089876,   0.0090386,   0.0090090,   0.0041086,      331.94,      3.9283,      4.0929
      6.2169,     -402.00,      10.000,     0.77392,     0.78560,      5.2181,      5.2499,      0.0000,      2.1400,   -0.053943,      2.0000,    0.012641,      1.2687,    0.010880,      12.689,    0.011949,     0.91664,    0.012488,      14.598,    0.012478,    0.018079,    0.011945,    0.013148,      978.19,      3.8133,      3.8981
      6.2503,     -419.00,      10.000,     0.76335,     0.77317,      5.2926,      5.3193,      1.8000,      2.1400,   -0.054071,      2.0000,    0.010461,      1.2770,   0.0089068,      12.671,   0.0097083,     0.90757,    0.010075,      14.589,    0.010218,   0.0090386,    0.010034,   -0.013971,      544.99,      3.8502,      4.0098
      6.2836,     -404.00,      10.000,     0.76991,     0.78081,      5.1876,      5.2041,      4.1000,      1.4100,   -0.052515,      2.0000,    0.010424,      1.2766,   0.0087995,      12.671,   0.0092762,     0.90757,   0.0099196,      14.589,    0.010736,   0.0090386,    0.011040,  -0.0049309,      472.54,      3.9223,      4.0834
      6.3169,     -407.00,      10.000,     0.76946,     0.78006,      5.2493,      5.2782,     0.70000,      2.1400,   -0.051720,      2.0000,    0.011122,      1.2861,   0.0096399,      12.680,    0.010501,     0.91664,    0.011027,      14.589,    0.010978,    0.018079,    0.010576,  -0.0049309,      269.68,      3.8274,      3.9468
      6.3503,     -409.00,      10.000,     0.77243,     0.78546,      5.2140,      5.2495,      0.0000,      2.1400,   -0.051007,      2.0000,    0.013867,      1.2936,    0.012446,      12.680,    0.013393,     0.91664,    0.013745,      14.598,    0.013621,    0.018079,    0.013072,    0.022188,      756.55,      3.8133,      3.8981
      6.3836,     -401.00,      10.000,     0.77282,     0.78476,      5.2219,      5.2545,     0.10000,      2.1400,   -0.050112,      2.0000,    0.012836,      1.3018,    0.011181,      12.671,    0.012340,     0.91664,    0.012830,      14.589,    0.012671,    0.018036,    0.012167,   0.0041516,      1074.2,      3.8153,      3.9051
      6.4169,     -414.00,      10.000,     0.77148,     0.78390,      5.2236,      5.2574,     0.20000,      2.1400,   -0.051020,      2.0000,    0.013409,      1.2853,    0.011709,      12.671,    0.012853,     0.91664,    0.013423,      14.589,    0.013220,   0.0090386,    0.012698,  -0.0049309,      930.86,      3.8173,      3.9120
      6.4502,     -405.00,      10.000,     0.76587,     0.77863,      5.3270,      5.3623,      2.2000,      2.1400,   -0.052006,      2.0000,    0.013289,      1.2853,    0.011897,      12.671,    0.012764,     0.92572,    0.013061,      14.598,    0.013018,    0.018079,    0.012729,    0.013148,      309.79,      3.8584,      4.0283
      6.4836,     -415.00,      10.000,     0.75963,     0.77803,      5.3098,      5.3606,      2.2000,      2.1400,   -0.052536,      2.0000,    0.019689,      1.2936,    0.016873,      12.680,    0.018300,     0.91664,    0.018763,      14.598,    0.018976,    0.018079,    0.018933,    0.013148,      895.58,      3.8584,      4.0283
      6.5169,     -408.00,      10.000,     0.77251,     0.78473,      5.2211,      5.2544,     0.10000,      2.1400,   -0.052638,      2.0000,    0.013326,      1.2853,    0.011263,      12.671,    0.012522,     0.90757,    0.013178,      14.589,    0.013166,   0.0090386,    0.012606,    0.013148,      566.82,      3.8153,      3.9051
      6.5503,     -414.00,      10.000,     0.76277,     0.77833,      5.3184,      5.3614,      2.2000,      2.1400,   -0.050654,      2.0000,    0.016559,      1.2770,    0.014326,      12.680,    0.015808,     0.91664,    0.016246,      14.598,    0.016365,    0.018079,    0.015958,    0.013148,      584.02,      3.8584,      4.0283
      6.5836,     -419.00,      10.000,     0.77397,     0.78561,      5.2182,      5.2499,      0.0000,      2.1400,   -0.049865,      2.0000,    0.012400,      1.2853,    0.010877,      12.689,    0.011738,     0.93479,    0.012210,      14.607,    0.012213,    0.027118,    0.011684,    0.022188,      935.95,      3.8133,      3.8981
      6.6169,     -412.00,      10.000,     0.77178,     0.78539,      5.2123,      5.2493,      0.0000,      2.1400,   -0.047815,      2.0000,    0.014330,      1.3101,    0.012846,      12.671,    0.013838,     0.91664,    0.014234,      14.589,    0.014067,    0.018079,    0.013502,    0.013148,      974.51,      3.8133,      3.8981
      6.6502,     -410.00,      10.000,     0.76440,     0.78469,      5.1922,      5.2474,      0.0000,      2.1400,   -0.043643,      2.0000,    0.019087,      1.2853,    0.015935,      12.671,    0.017990,     0.91664,    0.018953,      14.589,    0.018860,   0.0090386,    0.018021,    0.022188,      1043.0,      3.8133,      3.8981
      6.6836,     -409.00,      10.000,     0.76229,     0.77408,      5.2800,      5.3121,      1.6000,      2.1400,   -0.041824,      2.0000,    0.012300,      1.3101,    0.010963,      12.680,    0.011898,     0.92572,    0.012192,      14.598,    0.012047,    0.018079,    0.011666,    0.022188,      980.39,      3.8460,      3.9993
      6.7169,     -415.00,      10.000,     0.76166,     0.77352,      5.2827,      5.3149,      1.7000,      2.1400,   -0.039468,      2.0000,    0.012514,      1.3101,    0.011116,      12.680,    0.012153,     0.92572,    0.012471,      14.598,    0.012282,    0.018079,    0.011818,   0.0041086,      694.11,      3.8481,      4.0045
      6.7502,     -413.00,      10.000,     0.77215,     0.78178,      5.2437,      5.2698,     0.50000,      2.1400,   -0.038688,      2.0000,   0.0098847,      1.2936,   0.0091322,      12.671,   0.0097703,     0.90757,   0.0099173,      14.589,   0.0096866,   0.0090386,   0.0093235,  -0.0049309,      246.42,      3.8234,      3.9329
      6.7836,     -413.00,      10.000,     0.76921,     0.78514,      5.2053,      5.2486,      0.0000,      2.1400,   -0.037372,      2.0000,    0.016846,      1.3101,    0.014657,      12.671,    0.016064,     0.91664,    0.016780,      14.598,    0.016677,    0.018079,    0.015938,    0.013148,      1191.5,      3.8133,      3.8981
      6.8169,     -400.00,      10.000,     0.76694,     0.78493,      5.1991,      5.2480,      0.0000,      2.1400,   -0.035031,      2.0000,    0.017542,      1.3026,    0.015066,      12.680,    0.016614,     0.91664,    0.017367,      14.598,    0.017285,    0.018079,    0.016517,    0.022188,      675.72,      3.8133,      3.8981
      6.8502,     -422.00,      10.000,     0.77327,     0.78554,      5.2163,      5.2497,      0.0000,      2.1400,   -0.032318,      2.0000,    0.013618,      1.2936,    0.011248,      12.671,    0.012359,     0.91664,    0.013240,      14.589,    0.013452,   0.0090386,    0.012795,   0.0041086,      1016.2,      3.8133,      3.8981
      6.8836,     -405.00,      10.000,     0.77354,     0.78557,      5.2170,      5.2498,      0.0000,      2.1400,   -0.028502,      2.0000,    0.013704,      1.3018,    0.011228,      12.671,    0.012641,     0.90757,    0.013411,      14.589,    0.013551,   0.0089956,    0.012903,    0.013148,      328.87,      3.8133,      3.8981
      6.9169,     -409.00,      10.000,     0.77173,     0.78539,      5.2121,      5.2493,      0.0000,      2.1400,   -0.027352,      2.0000,    0.014768,      1.3018,    0.012943,      12.680,    0.014182,     0.91664,    0.014653,      14.607,    0.014545,    0.018079,    0.013938,  -0.0049309,      105.12,      3.8133,      3.8981
      6.9502,     -402.00,      10.000,     0.77412,     0.78562,      5.2186,      5.2499,      0.0000,      2.1400,   -0.024690,      2.0000,    0.012476,      1.2857,    0.010886,      12.680,    0.011862,     0.92572,    0.012382,      14.589,    0.012311,    0.018079,    0.011806,  -0.0049309,      734.65,      3.8133,      3.8981
      6.9836,     -392.00,      10.000,     0.76695,     0.77979,      5.3130,      5.3479,      2.0000,      2.1400,   -0.021715,      2.0000,    0.013434,      1.3018,    0.012077,      12.680,    0.012991,     0.91664,    0.013290,      14.598,    0.013090,    0.018079,    0.012815,   0.0041086,      759.52,      3.8544,      4.0203
      7.0169,     -399.00,      10.000,     0.76762,     0.77666,      5.2732,      5.2979,      1.2000,      2.1400,   -0.019233,      2.0000,   0.0097374,      1.3101,   0.0081135,      12.680,   0.0089690,     0.91664,   0.0094589,      14.598,   0.0095736,   0.0090386,   0.0093298,    0.022188,      587.83,      3.8377,      3.9782
      7.0502,     -410.00,      10.000,     0.76494,     0.77589,      5.3721,      5.4038,      2.7000,      2.1400,   -0.016781,      2.0000,    0.011712,      1.3101,   0.0099107,      12.689,    0.010764,     0.92572,    0.011136,      14.589,    0.011316,   0.0090386,    0.011368,    0.022188,      1012.9,      3.8683,      4.0483
      7.0836,     -397.00,      10.000,     0.77606,     0.78581,      5.2239,      5.2504,      0.0000,      2.1400,   -0.014878,      2.0000,    0.010728,      1.3018,   0.0092249,      12.680,    0.010103,     0.91664,    0.010563,      14.598,    0.010599,    0.018079,    0.010139,  -0.0049309,      1502.8,      3.8133,      3.8981
      7.1169,     -390.00,      10.000,     0.77071,     0.78142,      5.4202,      5.4522,      3.0000,      2.1400,   -0.012546,      2.0000,    0.011986,      1.2853,   0.0095918,      12.671,    0.010675,     0.91664,    0.011307,      14.589,    0.011709,   0.0090386,    0.011804,    0.013148,      254.21,      3.8743,      4.0603
      7.1502,     -410.00,      10.000,     0.75750,     0.77260,      5.2767,      5.3177,      1.8000,      2.1400,  -0.0090333,      2.0000,    0.013559,      1.2936,    0.012421,      12.680,    0.013327,     0.91664,    0.013508,      14.607,    0.013261,    0.018079,    0.012796,    0.013148,      712.68,      3.8502,      4.0098
      7.1836,     -403.00,      10.000,     0.76710,     0.78494,      5.1995,      5.2481,      0.0000,      2.1400,  -0.0058764,      2.0000,    0.018566,      1.2687,    0.016792,      12.680,    0.017919,     0.90757,    0.018414,      14.589,    0.018219,   0.0090386,    0.017449,   0.0041086,      558.52,      3.8133,      3.8981
      7.2169,     -385.00,      10.000,     0.77188,     0.78540,      5.2125,      5.2493,      0.0000,      2.1400,  -0.0030419,      2.0000,    0.014702,      1.3018,    0.012599,      12.671,    0.013978,     0.90757,    0.014666,      14.589,    0.014521, -8.6918E-07,    0.013926,    0.022188,      554.85,      3.8133,      3.8981
      7.2502,     -395.00,      10.000,     0.77686,     0.78589,      5.2261,      5.2506,      0.0000,      2.1400,      0.0000,      2.0000,   0.0096422,      1.2853,   0.0084513,      12.680,   0.0091836,     0.91664,   0.0095312,      14.598,   0.0095208,    0.018079,   0.0091389,    0.031228,      982.84,      3.8133,      3.8981
      7.2836,     -402.00,      10.000,     0.77362,     0.78557,      5.2173,      5.2498,      0.0000,      2.1400,      0.0000,      2.0000,    0.012898,      1.2778,    0.011317,      12.689,    0.012271,     0.91664,    0.012705,      14.598,    0.012706,    0.018079,    0.012158,    0.013148,      682.33,      3.8133,      3.8981
      7.3169,     -394.00,      10.000,     0.76024,     0.77338,      5.2788,      5.3146,      1.7000,      2.1400,      0.0000,      2.0000,    0.014155,      1.3018,    0.012070,      12.680,    0.013277,     0.91664,    0.013615,      14.598,    0.013616,    0.018079,    0.013475,   0.0041086,      472.21,      3.8481,      4.0045
      7.3502,     -393.00,      10.000,     0.76033,     0.77236,      5.2897,      5.3224,      1.9000,      2.1400,      0.0000,      2.0000,    0.012392,      1.2853,    0.011061,      12.671,    0.011942,     0.91664,    0.012200,      14.589,    0.012107,   0.0090386,    0.011822,    0.022188,      1280.6,      3.8523,      4.0150
      7.3836,     -394.00,      10.000,     0.77356,     0.78557,      5.2171,      5.2498,      0.0000,      2.1400,      0.0000,      2.0000,    0.012835,      1.2936,    0.011297,      12.671,    0.012196,     0.91664,    0.012728,      14.589,    0.012655,   0.0090386,    0.012132,  -0.0047587,      1427.0,      3.8133,      3.8981
      7.4169,     -408.00,      10.000,     0.77440,     0.78492,      5.2262,      5.2549,     0.10000,      2.1400,      0.0000,      2.0000,    0.010668,      1.3018,   0.0096728,      12.680,    0.010385,     0.91664,    0.010641,      14.589,    0.010535,   0.0090386,    0.010133,   0.0041086,      1360.0,      3.8153,      3.9051
      7.4502,     -406.00,      10.000,     0.77368,     0.78558,      5.2174,      5.2498,      0.0000,      2.1400,      0.0000,      2.0000,    0.012671,      1.2853,    0.010614,      12.661,    0.011791,     0.90757,    0.012507,      14.589,    0.012519, -8.6918E-07,    0.011971,    0.022188,      1267.7,      3.8133,      3.8981
      7.4836,     -401.00,      10.000,     0.75875,     0.77323,      5.2748,      5.3142,      1.7000,      2.1400,      0.0000,      2.0000,    0.015298,      1.3018,    0.013061,      12.671,    0.014292,     0.90757,    0.014900,      14.598,    0.014928,    0.018079,    0.014590,  -0.0049309,      802.80,      3.8481,      4.0045
      7.5169,     -396.00,      10.000,     0.77162,     0.78538,      5.2118,      5.2493,      0.0000,      2.1400,      0.0000,      2.0000,    0.015451,      1.3018,    0.012747,      12.680,    0.014366,     0.91664,    0.015225,      14.598,    0.015254,    0.018079,    0.014550,   0.0041086,      774.52,      3.8133,      3.8981
      7.5502,     -416.00,      10.000,     0.77222,     0.78544,      5.2135,      5.2494,      0.0000,      2.1400,      0.0000,      2.0000,    0.014966,      1.3101,    0.012439,      12.661,    0.014001,     0.89849,    0.014803,      14.589,    0.014789, -8.6918E-07,    0.014127,  -0.0049309,      627.90,      3.8133,      3.8981
      7.5836,     -401.00,      10.000,     0.76874,     0.78123,      5.4143,      5.4516,      3.0000,      2.1400,      0.0000,      2.0000,    0.013108,      1.2770,    0.011912,      12.661,    0.012712,     0.89849,    0.012868,      14.580,    0.012778, -8.6918E-07,    0.012587,   -0.023011,      671.33,      3.8743,      4.0603
      7.6169,     -395.00,      10.000,     0.77464,     0.78567,      5.2200,      5.2501,      0.0000,      2.1400,      0.0000,      2.0000,    0.011921,      1.2687,    0.010414,      12.671,    0.011306,     0.90757,    0.011778,      14.589,    0.011740, -8.6918E-07,    0.011253,   0.0041086,      1419.3,      3.8133,      3.8981
      7.6502,     -406.00,      10.000,     0.77290,     0.78550,      5.2153,      5.2496,      0.0000,      2.1400,      0.0000,      2.0000,    0.013154,      1.2853,    0.011614,      12.671,    0.012533,     0.91664,    0.013008,      14.589,    0.012998,   0.0090386,    0.012444,  -0.0049309,      361.18,      3.8133,      3.8981
      7.6836,     -415.00,      10.000,     0.77533,     0.78574,      5.2219,      5.2502,      0.0000,      2.1400,      0.0000,      2.0000,    0.010778,      1.2687,   0.0091302,      12.661,    0.010104,     0.90757,    0.010603,      14.580,    0.010659, -8.6918E-07,    0.010190,   0.0041086,      753.95,      3.8133,      3.8981
      7.7169,     -402.00,      10.000,     0.76030,     0.77543,      5.2577,      5.2989,      1.3000,      2.1400,      0.0000,      2.0000,    0.015951,      1.2936,    0.013533,      12.661,    0.014942,     0.90757,    0.015626,      14.580,    0.015640, -8.6918E-07,    0.015269,   0.0041086,      486.23,      3.8398,      3.9835
      7.7502,     -388.00,      10.000,     0.76220,     0.77613,      5.2584,      5.2964,      1.2000,      2.1400,      0.0000,      2.0000,    0.014179,      1.2853,    0.012452,      12.661,    0.013518,     0.90757,    0.013949,      14.580,    0.013984, -8.6918E-07,    0.013541,   0.0041086,      126.32,      3.8377,      3.9782
      7.7836,     -409.00,      10.000,     0.76466,     0.77813,      5.2484,      5.2852,     0.90000,      2.1400,      0.0000,      2.0000,    0.013270,      1.3097,    0.012375,      12.671,    0.012955,     0.89849,    0.013230,      14.580,    0.013046, -8.6918E-07,    0.012538,    0.013148,      1011.5,      3.8315,      3.9607
      7.8169,     -411.00,      10.000,     0.77018,     0.78378,      5.2201,      5.2571,     0.20000,      2.1400,      0.0000,      2.0000,    0.014899,      1.2608,    0.012749,      12.661,    0.014072,     0.90757,    0.014806,      14.580,    0.014708, -8.6918E-07,    0.014105,   -0.013971,      992.56,      3.8173,      3.9120
      7.8502,     -406.00,      10.000,     0.77036,     0.78526,      5.2084,      5.2489,      0.0000,      2.1400,      0.0000,      2.0000,    0.016038,      1.2853,    0.013690,      12.671,    0.015069,     0.91664,    0.015826,      14.580,    0.015824,   0.0090386,    0.015103,    0.013148,      810.27,      3.8133,      3.8981
      7.8836,     -404.00,      10.000,     0.77344,     0.78556,      5.2168,      5.2497,      0.0000,      2.1400,      0.0000,      2.0000,    0.012975,      1.2770,    0.011310,      12.671,    0.012260,     0.91660,    0.012781,      14.580,    0.012770,   0.0090386,    0.012219,   0.0041516,      481.39,      3.8133,      3.8981
      7.9169,     -397.00,      10.000,     0.76930,     0.78369,      5.2177,      5.2568,     0.20000,      2.1400,      0.0000,      2.0000,    0.015231,      1.2762,    0.013356,      12.671,    0.014306,     0.90757,    0.014883,      14.580,    0.014925, -8.6918E-07,    0.014284,  -0.0049309,      1126.4,      3.8173,      3.9120
      7.9502,     -400.00,      10.000,     0.77504,     0.78425,      5.2333,      5.2583,     0.20000,      2.1400,      0.0000,      2.0000,   0.0095220,      1.2853,   0.0086101,      12.661,   0.0091765,     0.90757,   0.0094739,      14.580,   0.0093537, -8.6918E-07,   0.0090145,   0.0041086,      1067.6,      3.8173,      3.9120
      7.9836,     -419.00,      10.000,     0.77271,     0.78548,      5.2148,      5.2495,      0.0000,      2.1400,      0.0000,      2.0000,    0.012893,      1.2770,    0.011804,      12.671,    0.012493,     0.90757,    0.012780,      14.589,    0.012698, -8.6918E-07,    0.012174,   -0.013971,      1234.9,      3.8133,      3.8981
      8.0169,     -417.00,      10.000,     0.77117,     0.78533,      5.2106,      5.2491,      0.0000,      2.1400,      0.0000,      2.0000,    0.015734,      1.2770,    0.013179,      12.671,    0.014624,     0.90757,    0.015483,      14.580,    0.015573, -8.6918E-07,    0.014854,  -0.0049309,      290.92,      3.8133,      3.8981
      8.0502,     -397.00,      10.000,     0.77458,     0.78567,      5.2199,      5.2500,      0.0000,      2.1400,      0.0000,      2.0000,    0.012834,      1.2936,    0.010094,      12.671,    0.011561,     0.90757,    0.012563,      14.580,    0.012745, -8.6918E-07,    0.012124,   -0.014057,      1157.5,      3.8133,      3.8981
      8.0836,     -399.00,      10.000,     0.77509,     0.78572,      5.2213,      5.2502,      0.0000,      2.1400,      0.0000,      2.0000,    0.011683,      1.2936,   0.0098119,      12.671,    0.010965,     0.90757,    0.011545,      14.580,    0.011548, -8.6918E-07,    0.011060,   -0.013971,      1135.0,      3.8133,      3.8981
      8.1169,     -420.00,      10.000,     0.77316,     0.78553,      5.2160,      5.2497,      0.0000,      2.1400,      0.0000,      2.0000,    0.013263,      1.2936,    0.011680,      12.680,    0.012684,     0.91664,    0.013132,      14.589,    0.013054,   0.0090386,    0.012505,    0.022188,      1286.6,      3.8133,      3.8981
      8.1502,     -409.00,      10.000,     0.77277,     0.78549,      5.2150,      5.2496,      0.0000,      2.1400,      0.0000,      2.0000,    0.013821,      1.2687,    0.012193,      12.661,    0.013388,     0.90757,    0.013823,      14.580,    0.013636, -8.6918E-07,    0.013094,   -0.013971,      545.70,      3.8133,      3.8981
      8.1836,     -400.00,      10.000,     0.77320,     0.78553,      5.2161,      5.2497,      0.0000,      2.1400,      0.0000,      2.0000,    0.013202,      1.2853,    0.011859,      12.671,    0.012755,     0.90757,    0.013028,      14.589,    0.012964,   0.0090386,    0.012418,   -0.013971,      1641.4,      3.8133,      3.8981
      8.2169,     -400.00,      10.000,     0.77423,     0.78563,      5.2189,      5.2500,      0.0000,      2.1400,      0.0000,      2.0000,    0.012382,      1.2687,    0.010635,      12.671,    0.011694,     0.91664,    0.012200,      14.589,    0.012213,   0.0090386,    0.011679,  -0.0049309,      1786.7,      3.8133,      3.8981
      8.2502,     -412.00,      10.000,     0.77290,     0.78550,      5.2153,      5.2496,      0.0000,      2.1400,      0.0000,      2.0000,    0.013920,      1.2687,    0.011599,      12.671,    0.012779,     0.90757,    0.013608,      14.580,    0.013760, -8.6918E-07,    0.013104,  -0.0049309,      443.38,      3.8133,      3.8981
      8.2836,     -411.00,      10.000,     0.77571,     0.78578,      5.2229,      5.2503,      0.0000,      2.1400,      0.0000,      2.0000,    0.010957,      1.2687,   0.0092752,      12.661,    0.010240,     0.90757,    0.010772,      14.580,    0.010826,  -0.0090412,    0.010357,    0.013148,      344.59,      3.8133,      3.8981
      8.3169,     -407.00,      10.000,     0.76969,     0.78519,      5.2066,      5.2487,      0.0000,      2.1400,      0.0000,      2.0000,    0.014314,      1.2770,    0.012381,      12.661,    0.013566,     0.90757,    0.014168,      14.580,    0.014096, -8.6918E-07,    0.013498,   -0.013971,      845.28,      3.8133,      3.8981
      8.3502,     -421.00,      10.000,     0.77272,     0.78549,      5.2148,      5.2495,      0.0000,      2.1400,      0.0000,      2.0000,    0.014082,      1.2853,    0.011988,      12.671,    0.013181,     0.90757,    0.013789,      14.589,    0.013889, -8.6918E-07,    0.013239,   0.0041086,      992.40,      3.8133,      3.8981
      8.3836,     -407.00,      10.000,     0.77229,     0.78544,      5.2136,      5.2494,      0.0000,      2.1400,      0.0000,      2.0000,    0.014821,      1.2687,    0.012081,      12.671,    0.013459,     0.90757,    0.014428,      14.589,    0.014644, -8.6918E-07,    0.013934,  -0.0049309,      953.80,      3.8133,      3.8981
      8.4169,     -401.00,      10.000,     0.77391,     0.78560,      5.2181,      5.2499,      0.0000,      2.1400,      0.0000,      2.0000,    0.012233,      1.2770,    0.011170,      12.671,    0.011951,     0.90757,    0.012178,      14.589,    0.012010,   0.0090386,    0.011547,   0.0041086,      697.25,      3.8133,      3.8981
      8.4502,     -416.00,      10.000,     0.77461,     0.78567,      5.2200,      5.2501,      0.0000,      2.1400,      0.0000,      2.0000,    0.012084,      1.2853,    0.010414,      12.671,    0.011363,     0.90757,    0.011858,      14.589,    0.011910, -8.6918E-07,    0.011382,   0.0041086,      962.28,      3.8133,      3.8981
      8.4836,     -405.00,      10.000,     0.77206,     0.78542,      5.2130,      5.2494,      0.0000,      2.1400,      0.0000,      2.0000,    0.013754,      1.2687,    0.012349,      12.671,    0.013293,     0.90757,    0.013688,      14.580,    0.013549, -8.6918E-07,    0.012991,  -0.0049309,      1556.5,      3.8133,      3.8981
      8.5169,     -400.00,      10.000,     0.77122,     0.78534,      5.2107,      5.2492,      0.0000,      2.1400,      0.0000,      2.0000,    0.015342,      1.2853,    0.013053,      12.671,    0.014451,     0.89849,    0.015174,      14.580,    0.015124,  -0.0090412,    0.014456,    0.013148,      559.69,      3.8133,      3.8981
      8.5502,     -411.00,      10.000,     0.76902,     0.78513,      5.2047,      5.2486,      0.0000,      2.1400,      0.0000,      2.0000,    0.017125,      1.2695,    0.015224,      12.661,    0.016624,     0.90748,    0.017009,      14.580,    0.016873,  8.5221E-05,    0.016127,   0.0041947,      369.22,      3.8133,      3.8981
      8.5836,     -413.00,      10.000,     0.77710,     0.78591,      5.2267,      5.2507,      0.0000,      2.1400,      0.0000,      2.0000,   0.0097446,      1.2687,   0.0081008,      12.671,   0.0090258,     0.90757,   0.0095984,      14.580,   0.0096602,   0.0090386,   0.0092497,    0.013148,      881.13,      3.8133,      3.8981
      8.6169,     -412.00,      10.000,     0.77136,     0.78535,      5.2111,      5.2492,      0.0000,      2.1400,      0.0000,      2.0000,    0.014829,      1.2929,    0.013072,      12.671,    0.014151,     0.90757,    0.014713,      14.580,    0.014601,   0.0090386,    0.013992,    0.013148,      2541.2,      3.8133,      3.8981
      8.6503,     -408.00,      10.000,     0.77253,     0.78547,      5.2143,      5.2495,      0.0000,      2.1400,      0.0000,      2.0000,    0.014285,      1.2604,    0.012221,      12.661,    0.013415,     0.90757,    0.014007,      14.589,    0.014079, -8.6918E-07,    0.013428,   0.0041086,      348.46,      3.8133,      3.8981
      8.6836,     -412.00,      10.000,     0.77263,     0.78548,      5.2146,      5.2495,      0.0000,      2.1400,      0.0000,      2.0000,    0.014684,      1.2770,    0.012275,      12.671,    0.013615,     0.91664,    0.014460,      14.589,    0.014528, -8.6918E-07,    0.013876,  -0.0049309,      345.06,      3.8133,      3.8981
      8.7169,     -414.00,      10.000,     0.77665,     0.78587,      5.2255,      5.2506,      0.0000,      2.1400,      0.0000,      2.0000,   0.0096016,      1.2770,   0.0085964,      12.680,   0.0091282,     0.91664,   0.0094335,      14.580,   0.0094778,   0.0090386,   0.0090785,    0.013148,      1037.7,      3.8133,      3.8981
      8.7502,     -417.00,      10.000,     0.77498,     0.78571,      5.2210,      5.2502,      0.0000,      2.1400,      0.0000,      2.0000,    0.011407,      1.2687,    0.010114,      12.661,    0.010869,     0.91664,    0.011271,      14.580,    0.011233, -8.6918E-07,    0.010781,  -0.0049309,      727.47,      3.8133,      3.8981
      8.7836,     -390.00,      10.000,     0.77396,     0.78561,      5.2182,      5.2499,      0.0000,      2.1400,      0.0000,      2.0000,    0.012968,      1.2853,    0.011116,      12.661,    0.012269,     0.91664,    0.012803,      14.580,    0.012809,   0.0090386,    0.012247,   -0.013971,      808.99,      3.8133,      3.8981
      8.8169,     -392.00,      10.000,     0.77280,     0.78549,      5.2150,      5.2496,      0.0000,      2.1400,      0.0000,      2.0000,    0.014407,      1.2687,    0.012013,      12.671,    0.013529,     0.91664,    0.014193,      14.589,    0.014242, -8.6918E-07,    0.013590,    0.013148,      723.24,      3.8133,      3.8981
      8.8502,     -400.00,      10.000,     0.77303,     0.78552,      5.2156,      5.2496,      0.0000,      2.1400,      0.0000,      2.0000,    0.013260,      1.2936,    0.011436,      12.661,    0.012507,     0.89849,    0.013106,      14.580,    0.013095, -8.6918E-07,    0.012525,   -0.013971,      1356.2,      3.8133,      3.8981
      8.8836,     -410.00,      10.000,     0.76895,     0.78512,      5.2046,      5.2486,      0.0000,      2.1400,      0.0000,      2.0000,    0.018339,      1.2853,    0.015214,      12.661,    0.016985,     0.89849,    0.017997,      14.580,    0.018096, -8.6918E-07,    0.017229,   -0.013971,      917.64,      3.8133,      3.8981
      8.9169,     -406.00,      10.000,     0.76929,     0.78515,      5.2055,      5.2486,      0.0000,      2.1400,      0.0000,      2.0000,    0.017132,      1.2702,    0.015085,      12.680,    0.016348,     0.91664,    0.016945,      14.589,    0.016863,   0.0090386,    0.016122,  -0.0049309,      1140.9,      3.8133,      3.8981
      8.9502,     -401.00,      10.000,     0.77158,     0.78537,      5.2117,      5.2492,      0.0000,      2.1400,      0.0000,      2.0000,    0.014886,      1.2770,    0.013087,      12.671,    0.014225,     0.91664,    0.014735,      14.589,    0.014643,   0.0090386,    0.014030,    0.022188,      1166.9,      3.8133,      3.8981
      8.9836,     -396.00,      10.000,     0.77626,     0.78583,      5.2244,      5.2505,      0.0000,      2.1400,      0.0000,      2.0000,    0.010289,      1.2763,   0.0088374,      12.661,   0.0096311,     0.90757,    0.010107,      14.580,    0.010144, -8.6918E-07,   0.0097079,  -0.0049309,      1534.8,      3.8133,      3.8981
