func_func1, target_parameter
2.388435479877234968e+02,6.862940000000009207e-04
1.375093635362961975e-01,6.863740000000009877e-04
1.444658470607639629e+02,6.855560000000006848e-04
5.379837179433284291e+02,6.848830000000007134e-04
1.126141075913178691e+00,6.838520000000005263e-04
1.835268575750241871e+04,6.846340000000008044e-04
1.245491948487704832e+02,6.851750000000009742e-04
1.168572739930796706e+04,6.844650000000006371e-04
2.196152033922679493e+03,6.846940000000010986e-04
1.861691542288756318e+04,6.852900000000006165e-04
3.845745092095545381e+00,7.122350000000010574e-04
2.623334649990675782e+00,7.109820000000001937e-04
7.249818601364970583e+00,7.131400000000005616e-04
2.396547677078036998e+01,7.096020000000012335e-04
1.479401609640303832e+03,7.109380000000009104e-04
1.122467768153234715e+02,7.074440000000005403e-04
2.916652455456964617e+03,7.055960000000011502e-04
2.571824611249069130e+04,7.035230000000007112e-04
1.795602523888927919e+02,7.034150000000005286e-04
3.334734328824157274e+04,7.027510000000010242e-04
4.447911050053065196e+00,7.531050000000004407e-04
1.106442313593702522e+02,7.510249999999999999e-04
5.726468395948398893e+01,7.576880000000011522e-04
4.655215345208827848e+00,7.489170000000008529e-04
1.596265956548939471e+02,7.458220000000011273e-04
2.674266287281110266e+00,7.537170000000007527e-04
6.821316131348373801e+01,7.465590000000002632e-04
5.237405669185644541e+01,7.574720000000011123e-04
9.344811729022431956e-01,7.498920000000008088e-04
4.122103660156663807e+01,7.471030000000011308e-04
2.959437467045527570e-01,2.591280000000001794e-04
4.110878984454089391e+00,2.482369999999998935e-04
8.481115388426707646e-01,2.585510000000001475e-04
6.324414916954274046e-01,2.655500000000006813e-04
3.358471738582122779e+00,2.601300000000000183e-04
2.035606128983634133e-01,2.595360000000005319e-04
2.155747293971005174e+00,2.537440000000001916e-04
2.150128261239667271e+00,2.509049999999999432e-04
9.526877910247256054e+00,2.552790000000000202e-04
1.077159820745301033e+01,2.546360000000002502e-04
6.168081906833811009e-20,6.495400000000010757e-04
3.979341564336139251e-19,6.503480000000004622e-04
1.809213056156666663e-19,6.513930000000009782e-04
5.973989299815212813e-18,6.545870000000009615e-04
2.777541165290074069e-18,6.522630000000007987e-04
1.275861308011344224e-16,6.498300000000007629e-04
1.161360606998885321e-16,6.486310000000005327e-04
5.747262215004751139e-15,6.475870000000008998e-04
2.634808215502993725e-15,6.545179999999999835e-04
4.197615985753652642e-12,6.491260000000007371e-04
2.502506720153557971e-20,6.545960000000009948e-04
1.066194775074081016e-18,6.565220000000005288e-04
2.333898319290140767e-18,6.589720000000008323e-04
3.278037758751868120e-18,6.591340000000007809e-04
3.292008059465043618e-17,6.626610000000008032e-04
2.798863574173172337e-16,6.637090000000007159e-04
1.661400906285304378e-14,6.540260000000011273e-04
1.461159949677622934e-11,6.493630000000005656e-04
9.360955674440463830e-11,6.598010000000010915e-04
2.305025543509881852e-09,6.661210000000005295e-04
1.228498509302938466e-12,1.521350000000001451e-05
1.101384987825339212e-12,1.288980000000002014e-05
5.441597986117517208e-09,1.317690000000001778e-05
5.479168372435295689e-08,1.399280000000002297e-05
3.053841188295000614e-07,1.402050000000001933e-05
5.616524772046858092e-12,1.422920000000003310e-05
2.340719960173499723e-11,1.401220000000000113e-05
6.340867468552612748e-11,1.386950000000000163e-05
2.316512987774446810e-10,1.361480000000001744e-05
3.595117491642135263e-10,1.364360000000000097e-05
1.615755824172863601e-12,6.192700000000009742e-04
5.161371806285815831e-12,5.898260000000008678e-04
4.531672926817563824e-07,5.998230000000000879e-04
1.023946483844211554e-12,5.953790000000008060e-04
6.339500809812891298e-09,6.132810000000001342e-04
6.809032837082452050e-12,5.872950000000009153e-04
1.230383690841738511e-04,5.955030000000010237e-04
1.202662228991256209e-10,5.888310000000007054e-04
9.115755051585558448e-10,6.003620000000009851e-04
1.986112008721243280e-07,6.049310000000001752e-04
2.685520462166089510e-10,4.837300000000005202e-04
4.599476652926315188e-11,4.781840000000005838e-04
1.140730169240033583e-09,5.025980000000006926e-04
8.764040081495834963e-10,4.996110000000008244e-04
5.227704088590400889e-08,4.928580000000003149e-04
2.148958895891067049e-08,4.768890000000001973e-04
4.525466184130206300e-09,4.948350000000003267e-04
5.957644588941710793e-07,4.722470000000005626e-04
4.984414909676751620e-08,4.815210000000004877e-04
1.701794730084105183e-06,4.816090000000005180e-04
3.291413113927279874e-18,5.088920000000008055e-04
8.616751829971786843e-17,5.072800000000005777e-04
5.638543710622201994e-17,5.057310000000007997e-04
3.407631279679059121e-16,5.030480000000007307e-04
1.373491174883603204e-14,4.994520000000002725e-04
6.911127137089191149e-12,4.945450000000010731e-04
1.133085770523181334e-10,4.896559999999999888e-04
1.181279305767687854e-10,4.880929999999999904e-04
3.242548603130960369e-08,4.814660000000003806e-04
2.350380731557626060e-08,4.769840000000005005e-04
2.683477398083959065e-14,2.096760000000002741e-04
1.536305273225720058e-14,2.182530000000002836e-04
3.240549145430657400e-12,2.261790000000001531e-04
1.459525657574727629e-11,2.321390000000000758e-04
4.198381032216341188e-11,2.407280000000001658e-04
3.839943796543863676e-10,2.462200000000002277e-04
1.552175947559833345e-08,2.527660000000001884e-04
4.862700142264367591e-07,2.590930000000007667e-04
1.418333353641600895e-04,2.594610000000002726e-04
7.317298381480042075e-04,2.602950000000000142e-04
2.162830445423215286e-02,4.402630000000001993e-04
7.780544318679062654e-04,4.510620000000005003e-04
2.609190850282447696e-02,4.366620000000004755e-04
2.810644701052296413e-02,4.353690000000000663e-04
4.434899536321169726e-03,4.315500000000006505e-04
3.626824398018151063e-29,4.486610000000006973e-04
1.741728965236010481e+03,4.583660000000002528e-04
5.524252892736639069e+02,4.592380000000007554e-04
3.035930758097980500e-15,3.240920000000002167e-04
1.802340170460952847e-17,3.236069999999999528e-04
1.917057010274816638e-17,3.234650000000002107e-04
4.956246796635363386e-18,3.250099999999998715e-04
2.626709390400513014e-16,3.272210000000004234e-04
1.165675240746667289e-14,3.301250000000000690e-04
4.257292671386586684e-14,3.336040000000002029e-04
3.649454327545581649e-11,3.403070000000001419e-04
2.139122651784874202e-12,3.467410000000005618e-04
1.845037655289936800e-09,3.553380000000005610e-04
1.858756334804715632e-15,2.083450000000004049e-04
3.166244237157908001e-14,1.799779999999999631e-04
2.000264308756208039e-15,1.979690000000001505e-04
5.929822924902412118e-14,1.822990000000001870e-04
3.441106020693413179e-14,1.984740000000002414e-04
8.729103876438111453e-14,1.966780000000005859e-04
5.919840021058572795e-11,1.816460000000003408e-04
6.307606341617056608e-14,1.951269999999999361e-04
5.118723557526100004e-14,2.050910000000000732e-04
5.281139873978657675e-07,1.841289999999999442e-04
3.214496058648974302e-22,6.345680000000008267e-04
3.540602376923506542e-22,6.341660000000004602e-04
2.814163635182849722e-21,6.308660000000009763e-04
5.473884325238410786e-19,6.291640000000005241e-04
5.147356989720129286e-11,6.552320000000001667e-04
2.397139290353339583e-14,6.768360000000010800e-04
7.678115346101926454e-12,6.383470000000008053e-04
2.597805926901141220e-15,6.398030000000002031e-04
9.160109412776851753e-13,6.512440000000008005e-04
1.084593389421644276e-13,6.661750000000010545e-04
3.368215085509887178e-15,1.986469999999999566e-04
1.560302671962618528e-15,2.080340000000002515e-04
2.997468146603741472e-14,2.174230000000001170e-04
5.728447461211397330e-17,2.029810000000001357e-04
1.456288489579397627e-15,2.066090000000005828e-04
1.944703299749592350e-16,2.183030000000001764e-04
2.863782582132713080e-14,1.960870000000001980e-04
4.490636846473798569e-15,1.854340000000002443e-04
2.529829759600510163e-14,1.932160000000003944e-04
1.694920818037179449e-11,1.951670000000004846e-04
4.258119637030059153e-14,5.483240000000005323e-04
9.836118848691454082e-16,5.500730000000005320e-04
1.221741784422573818e-15,5.600990000000001003e-04
7.605934368872098787e-13,5.661480000000006924e-04
1.213355141894007862e-13,5.712810000000003059e-04
2.290661543491518946e-14,5.598930000000002178e-04
1.109526873345420628e-13,5.823030000000005944e-04
8.608106803036358423e-13,5.950990000000006257e-04
1.698063451558603870e-12,6.042690000000008107e-04
1.760229608449414318e-13,6.132870000000009876e-04
4.339878975098469577e-14,5.979770000000005125e-04
5.900743595953774661e-14,6.090980000000005166e-04
4.569441246453667248e-14,6.205530000000005755e-04
8.040811448981776536e-14,6.302110000000004210e-04
1.299821938311941553e-13,6.348290000000002741e-04
5.646189682936433673e-13,6.155010000000005026e-04
2.188251824674476796e-13,6.279270000000007797e-04
6.461046866945404752e-13,6.408480000000006107e-04
8.748886229018026933e-13,6.280889999999999694e-04
2.450788434451783915e-12,6.364870000000010094e-04
2.157715935950620854e-16,5.593590000000010255e-04
1.403399114729218623e-17,5.645050000000006269e-04
4.224706425025638448e-17,5.665280000000006040e-04
5.167368550285440103e-16,5.936290000000005737e-04
4.641808599155608455e-16,6.177070000000005421e-04
5.936489735013354522e-18,5.987480000000008342e-04
1.218361498567658615e-16,6.067200000000009131e-04
9.900252177097045015e-15,5.910050000000005663e-04
3.217920249553110855e-13,5.880890000000009487e-04
9.978329222454071990e-17,6.172720000000005234e-04
4.537834165651297427e-16,1.815009999999999551e-04
1.205893412224196280e-13,1.709570000000001184e-04
3.339097987478191676e-16,1.617740000000001896e-04
8.315913539047675148e-14,1.761180000000004439e-04
2.018089786715419810e-12,1.900459999999999487e-04
9.919275645767960648e-13,1.777430000000000362e-04
6.515942584426396299e-14,1.800940000000000819e-04
2.510652670350770318e-12,1.912500000000003119e-04
5.956081035892493275e-09,1.828350000000001155e-04
3.306286287440723622e-12,1.897199999999999386e-04
4.103578403808278655e-09,5.059630000000000074e-04
1.568108463144714084e-10,4.932460000000007862e-04
1.702815942802600699e-10,5.076550000000007359e-04
1.878254525317829555e-11,5.126550000000008574e-04
1.259047821865594240e-11,5.108960000000008087e-04
3.586783647552931537e-13,5.099980000000002220e-04
9.373254358593483104e+00,5.112960000000008184e-04
5.136771996117453654e+01,5.182260000000005369e-04
3.469798430209890008e+06,5.032940000000000504e-04
1.429712656764759827e+11,5.158000000000007197e-04
2.053710205133652151e-07,4.491570000000005922e-04
4.163609699802113273e-07,4.481440000000003090e-04
3.670176566800021603e-07,4.500950000000000198e-04
1.169551419237662039e-06,4.481880000000005681e-04
6.595391328501094401e-07,4.490240000000004497e-04
5.704760526931133320e-06,4.493600000000004817e-04
1.244007760049057879e-06,4.524470000000004608e-04
1.126949934734729734e-08,4.561810000000004355e-04
6.781065078791893320e+05,4.686510000000005923e-04
5.135274567587394714e+09,4.854870000000005375e-04
2.907844664689781229e-07,4.650320000000004767e-04
8.194763786745513305e-07,4.652600000000010850e-04
3.132595324938131511e-07,4.692440000000004424e-04
1.064157370673792544e-08,4.724610000000002458e-04
3.147620898914185209e-08,4.723090000000005630e-04
1.332833714882604814e-08,4.722850000000006730e-04
2.619684075940971263e+06,4.871440000000006607e-04
8.543357962849101257e+10,4.981770000000006887e-04
5.797182029898416406e+13,4.791450000000005904e-04
1.425099428513266250e+15,5.242110000000005550e-04
2.947035310037923045e-03,6.709620000000010749e-04
1.204045780201868851e-02,6.683740000000006586e-04
3.336087292143314604e-16,6.675990000000009243e-04
1.881801703083823928e-06,6.648350000000000136e-04
4.178884975721659309e-07,6.788630000000007948e-04
3.066597802858525948e-09,6.677290000000011281e-04
8.879455232563838566e-10,6.614509999999999661e-04
2.012119942156605863e-04,6.716280000000006108e-04
2.867334366794886895e-08,6.598590000000007037e-04
5.575838386859526617e-10,7.248560000000006101e-04
2.931764287973703732e-09,7.192780000000006035e-04
3.497312488271120787e-06,7.358390000000008266e-04
8.897724018715591043e-09,7.207410000000009790e-04
2.950241141272095299e-03,7.187780000000005371e-04
1.114240567891270668e-05,7.310870000000005984e-04
2.913476767149663586e-03,7.078940000000012289e-04
1.085138351502367149e+00,6.899090000000002686e-04
1.487555157238446869e-03,7.138420000000008812e-04
3.147700452471701738e+02,7.064400000000008867e-04
1.016734728204539448e-11,6.698380000000011582e-04
1.426602077478633514e-13,6.828410000000007625e-04
1.221892820218474161e-12,6.867940000000003365e-04
2.906081807992144662e-12,6.905060000000006696e-04
2.473110317064924174e-12,6.873070000000007160e-04
4.579790687702313875e-09,6.733040000000006537e-04
3.361140522520679448e-12,6.702670000000002151e-04
8.503039407956054224e-11,6.958090000000000325e-04
4.163673155626146657e-08,6.701690000000004067e-04
1.625162504941625107e-11,6.837090000000007684e-04
